28193056
28229700
37522626
42302097
43589051
48277248
48277249
50170965
50171180
81096071
81096072
81096073
81096075
85621568
96989059
100106777
122885008
122885009
132411285
132411286
132411287
132411288
132411289
151998826
154342592
166599593
166726425
171433366
172821574
172821575
173499702
174943522
179477507
179477510
179477511
182856676
183256345
183290605
190868886
191213082
192061508
192249388
199633913
226363021
253002379
253002380
253002381
253002382
257509756
257509757
286637399
304470092
304470095
336054159
336054162
336054163
350675225
350675232
359386524
359386525
385995292
471115525
473867068
486338326
513688938
513688939
521240679
527193637
540910615
540910616
561594672
595211289
595211290
595211291
595211292
605062396
657218255
683144968
683146172
683171691
683171692
683171693
683171694
683171696
683172841
683216643
683225304
693367775
693367777
704374554
706164325
706164328
706164329
730444945
748627481
748627483
748627486
748627487
748671317
748671318
748671322
748671326
748671328
748671329
748671333
748671335
748671337
748671345
748671346
748671349
748671350
750018458
750018460
780475472
863916238
875740387
875831999
875832000
875832005
875832007
878884282
887014222
904995671
904995672
905007282
906583466
906583467
919709050
919709051
943919637
943919638
953921804
1040536841
1062120740
1091926916
1093351159
1117153582
1137097010
1150724564
1150724566
1156266571
1156358486
1156358488
1156358489
1157919657
1160228730
1164654921
1164654922
1171326645
1181991876
1196719993
1196719994
1225602650
1240401681
1240401682
1240407396
1411139194
