id;codice_comune;foglio;particella;subalterno;superficie_di_riferimento_mq;natura_del_bene;indirizzo;numero_civico;latitudine;longitudine;tipologia_bene_immobile;epoca_costruzione;vincolo_culturale_paesaggistico;natura_giuridica_del_bene;utilizzo_del_bene;finalita;tipo_detenzione_a_terzi;canone_annuale;data_decorrenza;numero_immobili_per_catasto;meta_immobile
2757678;B894;95;;;260.0;TERRENO;ND;ND;44.8385147;7.6433997;Terreno agricolo;ND;Nessuno;Patrimonio disponibile;Non utilizzato;Non Dichiarato;;;;1;False
420306;L219;1253;153;3;90.0;FABBRICATO;Piazza Enrico Toti;11;45.0725893;7.7168352;Abitazione;Dal 1961 al 1970;Nessuno;Patrimonio disponibile;Non utilizzato;Non Dichiarato;;;;1;False
1065333;L219;87;;;9764.0;TERRENO;Strada Eremo;1;45.0361922;7.7297687;Terreno boscato o con vegetazione di vario tipo;ND;Nessuno;Patrimonio disponibile;Non utilizzato;Non Dichiarato;;;;1;False
2842876;H555;1;85;3;78.0;FABBRICATO;LOCALITA' JOUGLARD;snc;45.0467049;7.1078348;Abitazione;Dal 1946 al 1960;Nessuno;Patrimonio disponibile;Utilizzato direttamente;Attività produttiva (industriale, artigianale o agricola);;;;1;False
264;L219;1182;343;;2480.0;FABBRICATO;Lungo Dora Agrigento;94;45.0858433;7.6783862;Biblioteca, pinacoteca, museo, gallerie;Prima del 1919;Nessuno;Patrimonio indisponibile;Utilizzato direttamente;Attività artistica e culturale;;;;1;False
278;L219;1224;397;;7660.0;FABBRICATO;corso racconigi;29;45.07144708;7.6472494;Edificio scolastico (es.: scuola di ogni ordine e grado, università, scuola di formazione);Prima del 1919;Dichiarazione di interesse culturale;Demanio;Utilizzato direttamente;Attività didattica;;;;1;False
1115;L219;1186;167;351;70.0;FABBRICATO;Via Bioglio;30;45.0872881;7.6974772;Abitazione;Prima del 1919;Nessuno;Patrimonio indisponibile;Utilizzato direttamente;Altro;;;;1;False
1116;L219;1186;167;350;73.0;FABBRICATO;Via Bioglio;24;45.0872881;7.6974772;Abitazione;Prima del 1919;Nessuno;Patrimonio indisponibile;Utilizzato direttamente;Altro;;;;1;False
1129;L219;1245;55;8;3000.0;FABBRICATO;via s. domenico;9;45.0746886;7.6800884;Biblioteca, pinacoteca, museo, gallerie;Prima del 1919;Dichiarazione di interesse culturale;Demanio;Utilizzato direttamente;Attività artistica e culturale;;;;1;False
2331;L219;1399;6;7;465.2;FABBRICATO;Corso Galileo Ferraris;247;45.0412854;7.6552376;Struttura residenziale collettiva (es.: collegi e convitti, educandati, ricoveri, orfanotrofi, ospizi, conventi, seminari);Prima del 1919;Nessuno;Patrimonio indisponibile;;Non Dichiarato;in concessione a titolo oneroso;18920.0;01/10/2020;1;False
2748;L219;1218;120;2;226.0;FABBRICATO;Via Carlo Ignazio Giulio;21;45.0774127;7.6775912;Magazzino e locali di deposito;Dal 1946 al 1960;Nessuno;Patrimonio indisponibile;Utilizzato direttamente;Attività amministrativa/uffici pubblici;;;;1;False
2892;L219;120;396;1;4765.75;FABBRICATO;via nizza;395;45.017904;7.6622188;Edificio scolastico (es.: scuola di ogni ordine e grado, università, scuola di formazione);Dal 1919 al 1945;Nessuno;Patrimonio indisponibile;Utilizzato direttamente;Attività didattica;;;;1;False
3439;L219;1281;B;;1639.83;FABBRICATO;Via Accademia Albertina;11;45.0654592;7.6885606;Edificio di culto e assimilabili;Prima del 1919;Dichiarazione di interesse culturale;Demanio;Utilizzato direttamente;Attività di culto o assimilabili;;;;1;False
3464;L219;1111;299;3;108.0;FABBRICATO;via terraneo giovanni tommaso;1;45.09766737;7.64494121;Abitazione;Dal 1971 al 1980;Nessuno;Patrimonio indisponibile;Utilizzato direttamente;Alloggio di servizio, foresterie;;;;1;False
3468;L219;1185;256;6;10000.0;FABBRICATO;via bologna;47;45.0832735;7.6950233;Ufficio strutturato ed assimilabili;Prima del 1919;Dichiarazione di interesse culturale;Demanio;Utilizzato direttamente;Attività amministrativa/uffici pubblici;;;;1;False
3469;L219;1186;167;124;61.0;FABBRICATO;Via Bioglio;36;45.0872881;7.6974772;Abitazione;Prima del 1919;Nessuno;Patrimonio indisponibile;Utilizzato direttamente;Altro;;;;1;False
3898;L219;1301;349;6;9339.25;FABBRICATO;Via Cristoforo Colombo;36;45.05831817;7.66058969;Edificio scolastico (es.: scuola di ogni ordine e grado, università, scuola di formazione);Prima del 1919;Dichiarazione di interesse culturale;Demanio;Utilizzato direttamente;Attività didattica;;;;1;False
4204;L219;1186;167;105;50.0;FABBRICATO;Via Bioglio;32;45.0872881;7.6974772;Abitazione;Prima del 1919;Nessuno;Patrimonio indisponibile;Utilizzato direttamente;Altro;;;;1;False
4779;L219;1217;204;10;138.0;FABBRICATO;Via Franco Bonelli;4;45.0759132;7.6811059;Abitazione;Prima del 1919;Nessuno;Patrimonio indisponibile;Utilizzato direttamente;Altro;;;;1;False
5061;L219;1282;7;102;100.0;FABBRICATO;via roma;101 B;45.0687297;7.6835742;Magazzino e locali di deposito;Dal 1919 al 1945;Nessuno;Patrimonio indisponibile;Non utilizzato;Non Dichiarato;;;;1;False
5062;L219;1289;724;5;3294.29;FABBRICATO;via limone;24;45.06204;7.6430462;Ufficio strutturato ed assimilabili;Dal 2001 al 2010;Nessuno;Patrimonio indisponibile;Utilizzato direttamente;Altro;;;;1;False
5094;L219;1217;204;12;140.0;FABBRICATO;Via Franco Bonelli;4;45.0759132;7.6811059;Abitazione;Prima del 1919;Nessuno;Patrimonio indisponibile;Utilizzato direttamente;Altro;;;;1;False
5350;L219;1109;119;5;4315.0;FABBRICATO;Via Cardinal Massaia;113;45.1025828;7.6680988;Edificio scolastico (es.: scuola di ogni ordine e grado, università, scuola di formazione);Prima del 1919;Dichiarazione di interesse culturale;Demanio;Utilizzato direttamente;Attività didattica;;;;1;False
5757;L219;1386;71;1;6842.0;FABBRICATO;Via Filadelfia;205;45.0439696;7.6378994;Ufficio strutturato ed assimilabili;Prima del 1919;Dichiarazione di interesse culturale;Demanio;Utilizzato direttamente;Attività artistica e culturale;;;;1;False
6230;L219;1282;171;220;10.0;FABBRICATO;via roma;247;45.0666246;7.6824582;Cantina, soffitta, rimessa, box, garage, posto auto aperto/scoperto,;Dal 1919 al 1945;Nessuno;Patrimonio indisponibile;Utilizzato direttamente;Attività commerciale e di ristorazione;;;;1;False
6260;L219;1186;167;106;63.0;FABBRICATO;Via Bioglio;32;45.0872881;7.6974772;Abitazione;Prima del 1919;Nessuno;Patrimonio indisponibile;Utilizzato direttamente;Altro;;;;1;False
6655;L219;1308;3;2;2849.0;FABBRICATO;corso moncalieri;18;45.0595659;7.6943566;Impianto sportivo;Prima del 1919;Nessuno;Patrimonio indisponibile;Utilizzato direttamente;Altro;;;;1;False
6817;L219;1186;167;51;66.0;FABBRICATO;Via Bioglio;20;45.0872881;7.6974772;Abitazione;Prima del 1919;Nessuno;Patrimonio indisponibile;Utilizzato direttamente;Altro;;;;1;False
7267;L219;1161;166;2;987.5;FABBRICATO;via servais giovanni;62;45.0842325;7.6310376;Edificio scolastico (es.: scuola di ogni ordine e grado, università, scuola di formazione);Dal 1991 al 2000;Nessuno;Patrimonio indisponibile;Utilizzato direttamente;Attività didattica;;;;1;False
7904;L219;1459;49;6;4317.25;FABBRICATO;corso croce benedetto;26;45.02074573;7.64416338;Edificio scolastico (es.: scuola di ogni ordine e grado, università, scuola di formazione);Dal 1961 al 1970;Nessuno;Patrimonio indisponibile;Utilizzato direttamente;Attività didattica;;;;1;False
7948;L219;1245;157;2;7361.14;FABBRICATO;Via Giuseppe Barbaroux;32;45.0727492;7.6789317;Ufficio strutturato ed assimilabili;Dal 1919 al 1945;Nessuno;Patrimonio indisponibile;;Non Dichiarato;in concessione a titolo oneroso;52.0;04/12/1984;1;False
8387;L219;1111;300;2;100.0;FABBRICATO;via val della torre;169;45.0971732;7.6449621;Abitazione;Dal 1981 al 1990;Nessuno;Patrimonio indisponibile;Utilizzato direttamente;Alloggio di servizio, foresterie;;;;1;False
8411;L219;1282;55;154;10.0;FABBRICATO;via roma;247;45.0666246;7.6824582;Cantina, soffitta, rimessa, box, garage, posto auto aperto/scoperto,;Dal 1919 al 1945;Nessuno;Patrimonio indisponibile;Utilizzato direttamente;Attività commerciale e di ristorazione;;;;1;False
8412;L219;1282;55;151;11.0;FABBRICATO;via roma;247;45.0666246;7.6824582;Cantina, soffitta, rimessa, box, garage, posto auto aperto/scoperto,;Dal 1919 al 1945;Nessuno;Patrimonio indisponibile;Utilizzato direttamente;Attività commerciale e di ristorazione;;;;1;False
8901;L219;1282;55;155;10.0;FABBRICATO;via roma;247;45.0666246;7.6824582;Cantina, soffitta, rimessa, box, garage, posto auto aperto/scoperto,;Dal 1919 al 1945;Nessuno;Patrimonio indisponibile;Utilizzato direttamente;Attività commerciale e di ristorazione;;;;1;False
9289;L219;1179;259;1;1134.25;FABBRICATO;via livorno;14;45.0835992;7.6678697;Edificio scolastico (es.: scuola di ogni ordine e grado, università, scuola di formazione);Prima del 1919;Dichiarazione di interesse culturale;Demanio;Utilizzato direttamente;Attività didattica;;;;1;False
9296;L219;1355;75;2;606.0;FABBRICATO;Strada Comunale da San Vito a Revigliasco;65;45.0485998;7.6908539;Magazzino e locali di deposito;Prima del 1919;Nessuno;Patrimonio indisponibile;Utilizzato direttamente;Attività amministrativa/uffici pubblici;;;;1;False
9305;L219;1399;210;1;8597.5;FABBRICATO;via montevideo;17;45.0366602;7.6543006;Edificio scolastico (es.: scuola di ogni ordine e grado, università, scuola di formazione);Dal 1919 al 1945;Dichiarazione di interesse culturale;Demanio;Utilizzato direttamente;Attività didattica;;;;1;False
9799;L219;1282;55;153;10.0;FABBRICATO;via roma;247;45.0666246;7.6824582;Cantina, soffitta, rimessa, box, garage, posto auto aperto/scoperto,;Dal 1919 al 1945;Nessuno;Patrimonio indisponibile;Utilizzato direttamente;Attività commerciale e di ristorazione;;;;1;False
9836;L219;1219;37;10;72.0;FABBRICATO;via s. agostino;15;45.0752932;7.6798428;Abitazione;Prima del 1919;Nessuno;Patrimonio indisponibile;Utilizzato direttamente;Altro;;;;1;False
10308;L219;1373;60;2;120.0;FABBRICATO;Corso Sicilia;23;45.0419937;7.6830466;Abitazione;Prima del 1919;Nessuno;Patrimonio disponibile;Non utilizzato;Non Dichiarato;;;;1;False
10314;L219;1219;35;5;170.0;FABBRICATO;via s. chiara;9;45.0752932;7.6798428;Impianto sportivo;Dal 2001 al 2010;Dichiarazione di interesse culturale;Demanio;Utilizzato direttamente;Attività sportiva, ricreativa e di intrattenimento;;;;1;False
10768;L219;1281;149;8;256.0;FABBRICATO;Via Cavour;14;45.0639128;7.6901187;Ufficio strutturato ed assimilabili;Prima del 1919;Dichiarazione di interesse culturale;Demanio;Utilizzato direttamente;Attività amministrativa/uffici pubblici;;;;1;False
10804;L219;1186;167;356;65.0;FABBRICATO;Via Giovanni Pacini;6;45.0872881;7.6974772;Abitazione;Prima del 1919;Nessuno;Patrimonio indisponibile;Utilizzato direttamente;Altro;;;;1;False
11881;L219;1282;171;216;10.0;FABBRICATO;via roma;247;45.0666246;7.6824582;Cantina, soffitta, rimessa, box, garage, posto auto aperto/scoperto,;Dal 1919 al 1945;Nessuno;Patrimonio indisponibile;Utilizzato direttamente;Attività commerciale e di ristorazione;;;;1;False
11913;L219;1352;377;2;237.0;FABBRICATO;Via Pietro Giuria;56;45.0460512;7.6768958;Impianto sportivo;Dal 1946 al 1960;Nessuno;Patrimonio indisponibile;Utilizzato direttamente;Attività sportiva, ricreativa e di intrattenimento;;;;1;False
11920;L219;1213;13;;23.0;FABBRICATO;Lungo Dora Firenze;51;45.07863;7.6908369;Abitazione;Prima del 1919;Dichiarazione di interesse culturale;Demanio;Utilizzato direttamente;Alloggio di servizio, foresterie;;;;1;False
11936;L219;1443;647;6;72.0;FABBRICATO;corso traiano;143 A;45.0214049;7.6536208;Abitazione;Dal 2001 al 2010;Nessuno;Patrimonio indisponibile;Utilizzato direttamente;Altro;;;;1;False
11955;L219;1094;139;1;2337.5;FABBRICATO;Strada Comunale di Bertolla;50;45.0997236;7.7435053;Edificio scolastico (es.: scuola di ogni ordine e grado, università, scuola di formazione);Dal 1946 al 1960;Nessuno;Patrimonio indisponibile;Utilizzato direttamente;Attività didattica;;;;1;False
12042;L219;41;358;;2098.5;FABBRICATO;Via alla Chiesa;5;45.0899784;7.7138434;Edificio scolastico (es.: scuola di ogni ordine e grado, università, scuola di formazione);Dal 1919 al 1945;Dichiarazione di interesse culturale;Demanio;;Non Dichiarato;in concessione a titolo oneroso;4318.0;01/01/2010;1;False
12224;L219;1311;222;;3435.6;FABBRICATO;Via Maria Bricca;9;45.0651255;7.7075967;Ospedali, case di cura, cliniche e assimilabili;Prima del 1919;Nessuno;Patrimonio indisponibile;Utilizzato direttamente;Servizi assistenza socio-sanitaria (residenziali);;;;1;False
12233;L219;1219;37;2;80.0;FABBRICATO;via s. agostino;15;45.0751377;7.6801036;Locale commerciale, negozio;Prima del 1919;Nessuno;Patrimonio indisponibile;Utilizzato direttamente;Attività commerciale e di ristorazione;;;;1;False
12234;L219;1223;9;2;5000.0;FABBRICATO;corso francia;73;45.0747652;7.6544966;Struttura residenziale collettiva (es.: collegi e convitti, educandati, ricoveri, orfanotrofi, ospizi, conventi, seminari);Prima del 1919;Dichiarazione di interesse culturale;Demanio;Utilizzato direttamente;Altro;in concessione a titolo oneroso;20402.0;01/01/2012;1;False
12263;L219;1059;322;1;178.0;FABBRICATO;Via Refrancore;28;45.10657368;7.65931293;Struttura residenziale collettiva (es.: collegi e convitti, educandati, ricoveri, orfanotrofi, ospizi, conventi, seminari);Dal 1919 al 1945;Nessuno;Patrimonio indisponibile;Non utilizzato;Non Dichiarato;;;;1;False
12478;L219;1281;140;3;391.0;FABBRICATO;PIAZZALE FUSI VALDO;SNC;45.0646244;7.686777;Locale commerciale, negozio;Dal 2001 al 2010;Nessuno;Patrimonio indisponibile;;Non Dichiarato;in concessione a titolo oneroso;8970.0;01/06/2007;1;False
12615;L219;1212;145;2;90.0;FABBRICATO;Via Carlo Michele Buscalioni;21;45.0763222;7.7011639;Impianto sportivo;Dal 1991 al 2000;Nessuno;Patrimonio indisponibile;Utilizzato direttamente;Attività sportiva, ricreativa e di intrattenimento;;;;1;False
12624;L219;1220;212;92;190.0;FABBRICATO;Via Cernaia;30;45.0723838;7.6726557;Abitazione;Dal 1919 al 1945;Nessuno;Patrimonio indisponibile;Utilizzato direttamente;Altro;;;;1;False
12942;L219;1245;132;7;4102.0;FABBRICATO;piazza palazzo di citta';1;45.0733744;7.680619;Ufficio strutturato ed assimilabili;Prima del 1919;Dichiarazione di interesse culturale;Demanio;Utilizzato direttamente;Attività amministrativa/uffici pubblici;;;;1;False
13464;L219;1186;167;69;67.0;FABBRICATO;Via Bioglio;24;45.0872881;7.6974772;Abitazione;Prima del 1919;Nessuno;Patrimonio indisponibile;Utilizzato direttamente;Altro;;;;1;False
13478;L219;1257;134;20;322.0;FABBRICATO;via garelli federico;3;45.0713917;7.7269684;Magazzino e locali di deposito;Prima del 1919;Nessuno;Patrimonio indisponibile;Utilizzato direttamente;Altro;;;;1;False
14085;L219;1276;309;1;1171.25;FABBRICATO;via varallo;33;45.0713321;7.7128461;Edificio scolastico (es.: scuola di ogni ordine e grado, università, scuola di formazione);Dal 1971 al 1980;Nessuno;Patrimonio indisponibile;Utilizzato direttamente;Attività didattica;;;;1;False
14393;L219;1207;438;1;402.0;FABBRICATO;Strada Alta di Mongreno;72;45.0767279;7.7382279;Edificio scolastico (es.: scuola di ogni ordine e grado, università, scuola di formazione);Prima del 1919;Dichiarazione di interesse culturale;Demanio;Utilizzato direttamente;Attività didattica;;;;1;False
14602;L219;1402;172;;483.8;FABBRICATO;via biglieri giulio;23;45.03433684;7.67188173;Ospedali, case di cura, cliniche e assimilabili;Dal 1919 al 1945;Nessuno;Patrimonio indisponibile;Utilizzato direttamente;Altro;;;;1;False
14929;L219;1174;599;1;7395.0;FABBRICATO;corso svizzera;53;45.0810057;7.6498672;Edificio scolastico (es.: scuola di ogni ordine e grado, università, scuola di formazione);Prima del 1919;Dichiarazione di interesse culturale;Demanio;Utilizzato direttamente;Attività didattica;;;;1;False
14979;L219;1336;11;;1049.0;FABBRICATO;PARCO VALENTINO;SNC;45.05471882;7.6878793;Impianto sportivo;Prima del 1919;Dichiarazione di interesse culturale;Demanio;Utilizzato direttamente;Attività sportiva, ricreativa e di intrattenimento;;;;1;False
15000;L219;1279;170;3;136.0;FABBRICATO;via vanchiglia;3;45.0666005;7.6963094;Abitazione;Prima del 1919;Dichiarazione di interesse culturale;Demanio;Utilizzato direttamente;Altro;;;;1;False
15206;L219;1145;38;;47.0;FABBRICATO;via ghedini giorgio;21;45.0908662;7.7090707;Locale commerciale, negozio;Dal 1919 al 1945;Nessuno;Patrimonio indisponibile;Utilizzato direttamente;Altro;;;;1;False
15274;L219;1186;167;348;50.0;FABBRICATO;Via Bioglio;20;45.0872881;7.6974772;Abitazione;Prima del 1919;Nessuno;Patrimonio indisponibile;Utilizzato direttamente;Altro;;;;1;False
15291;L219;1217;204;6;138.0;FABBRICATO;Via Franco Bonelli;4;45.0759132;7.6811059;Abitazione;Prima del 1919;Nessuno;Patrimonio indisponibile;Utilizzato direttamente;Altro;;;;1;False
15609;L219;1176;172;1;7022.0;FABBRICATO;via galvani luigi;7;45.0812754;7.6600871;Edificio scolastico (es.: scuola di ogni ordine e grado, università, scuola di formazione);Prima del 1919;Dichiarazione di interesse culturale;Demanio;Utilizzato direttamente;Attività didattica;;;;1;False
15630;L219;1208;22;1;101.0;FABBRICATO;Viale Suor Giovanna Francesca Michelotti;262;45.0792516;7.727324;Abitazione;Dal 1946 al 1960;Nessuno;Patrimonio disponibile;Utilizzato direttamente;Altro;;;;1;False
15762;L219;1082;266;4;3638.5;FABBRICATO;via scotellaro rocco;7;45.1063616;7.7004232;Edificio scolastico (es.: scuola di ogni ordine e grado, università, scuola di formazione);Dal 1971 al 1980;Nessuno;Patrimonio indisponibile;Utilizzato direttamente;Attività didattica;;;;1;False
16133;L219;123;220;;1518.0;FABBRICATO;via nuova;2;45.02966;7.68779;Edificio scolastico (es.: scuola di ogni ordine e grado, università, scuola di formazione);Prima del 1919;Nessuno;Patrimonio indisponibile;Utilizzato direttamente;Attività didattica;;;;1;False
16187;L219;1186;167;85;66.0;FABBRICATO;Via Bioglio;30;45.0872881;7.6974772;Abitazione;Prima del 1919;Nessuno;Patrimonio indisponibile;Utilizzato direttamente;Altro;;;;1;False
16188;L219;1186;167;357;54.0;FABBRICATO;Via Giovanni Pacini;6;45.0872881;7.6974772;Abitazione;Prima del 1919;Nessuno;Patrimonio indisponibile;Utilizzato direttamente;Altro;;;;1;False
16213;L219;1228;117;3;5109.25;FABBRICATO;via marsigli luigi ferdinando;25;45.0705123;7.628937;Edificio scolastico (es.: scuola di ogni ordine e grado, università, scuola di formazione);Dal 1971 al 1980;Nessuno;Patrimonio indisponibile;Utilizzato direttamente;Attività didattica;;;;1;False
16250;L219;1235;102;4;3394.5;FABBRICATO;Via Lorenzo Delleani;25;45.0671209;7.6341167;Edificio scolastico (es.: scuola di ogni ordine e grado, università, scuola di formazione);Dal 1991 al 2000;Nessuno;Patrimonio indisponibile;Utilizzato direttamente;Attività didattica;;;;1;False
19833;L219;1311;146;7;310.2;FABBRICATO;via moncalvo;47;45.0646643;7.7079691;Struttura residenziale collettiva (es.: collegi e convitti, educandati, ricoveri, orfanotrofi, ospizi, conventi, seminari);Prima del 1919;Nessuno;Patrimonio indisponibile;Utilizzato direttamente;Attività commerciale e di ristorazione;;;;1;False
20159;L219;1186;167;346;54.0;FABBRICATO;Via Bioglio;18;45.0872881;7.6974772;Abitazione;Prima del 1919;Nessuno;Patrimonio indisponibile;Utilizzato direttamente;Altro;;;;1;False
20229;L219;1222;347;;4949.0;FABBRICATO;via palmieri pietro;56;45.0725604;7.6595633;Edificio scolastico (es.: scuola di ogni ordine e grado, università, scuola di formazione);Prima del 1919;Dichiarazione di interesse culturale;Demanio;Utilizzato direttamente;Attività didattica;;;;1;False
20970;L219;1443;646;356;95.0;FABBRICATO;corso traiano;143 A;45.0214049;7.6536208;Abitazione;Dal 2001 al 2010;Nessuno;Patrimonio indisponibile;Utilizzato direttamente;Altro;;;;1;False
21163;L219;1176;172;2;4194.25;FABBRICATO;via le chiuse;80;45.0811779;7.6598264;Edificio scolastico (es.: scuola di ogni ordine e grado, università, scuola di formazione);Prima del 1919;Dichiarazione di interesse culturale;Demanio;Utilizzato direttamente;Attività didattica;;;;1;False
22185;L219;1217;207;20;138.0;FABBRICATO;Via Franco Bonelli;4;45.0759132;7.6811059;Abitazione;Prima del 1919;Nessuno;Patrimonio indisponibile;Utilizzato direttamente;Altro;;;;1;False
22354;L219;1217;207;18;138.0;FABBRICATO;Via Franco Bonelli;4;45.0759132;7.6811059;Abitazione;Prima del 1919;Nessuno;Patrimonio indisponibile;Utilizzato direttamente;Altro;;;;1;False
22406;L219;1178;225;4;460.0;FABBRICATO;via saccarelli gaspare;20;45.0806128;7.6669068;Struttura residenziale collettiva (es.: collegi e convitti, educandati, ricoveri, orfanotrofi, ospizi, conventi, seminari);Prima del 1919;Dichiarazione di interesse culturale;Demanio;Utilizzato direttamente;Attività artistica e culturale;;;;1;False
22489;L219;1244;264;;288.0;FABBRICATO;CORSO MATTEOTTI GIACOMO;SNC;45.0691211;7.6732595;Biblioteca, pinacoteca, museo, gallerie;Prima del 1919;Dichiarazione di interesse culturale;Demanio;Utilizzato direttamente;Attività artistica e culturale;;;;1;False
22565;L219;1291;127;2;159.0;FABBRICATO;Viale Burdin;10;45.0570562;7.6325505;Abitazione;Dal 1961 al 1970;Nessuno;Patrimonio indisponibile;Utilizzato direttamente;Alloggio di servizio, foresterie;;;;1;False
22979;L219;1416;243;1;625.0;FABBRICATO;Strada dei Ronchi;29;45.0293835;7.6905532;Edificio scolastico (es.: scuola di ogni ordine e grado, università, scuola di formazione);Prima del 1919;Nessuno;Patrimonio indisponibile;Utilizzato direttamente;Attività didattica;;;;1;False
23346;L219;1218;45;10;60.0;FABBRICATO;Via San Giuseppe Benedetto Cottolengo;25;45.0797746;7.6778351;Abitazione;Prima del 1919;Nessuno;Patrimonio indisponibile;Utilizzato direttamente;Altro;;;;1;False
23347;L219;1218;45;6;86.0;FABBRICATO;Via San Giuseppe Benedetto Cottolengo;25;45.0797746;7.6778351;Abitazione;Prima del 1919;Nessuno;Patrimonio indisponibile;Utilizzato direttamente;Altro;;;;1;False
23476;L219;1405;35;;686.0;FABBRICATO;corso sicilia;50;45.03889621;7.67941668;Impianto sportivo;Dal 1946 al 1960;Nessuno;Patrimonio indisponibile;Non utilizzato;Non Dichiarato;;;;1;False
23524;L219;1180;252;;7419.14;FABBRICATO;Corso Principe Eugenio;26;45.0797925;7.6722794;Ufficio strutturato ed assimilabili;Prima del 1919;Dichiarazione di interesse culturale;Patrimonio indisponibile;;Non Dichiarato;in concessione a titolo oneroso;160280.0;01/01/2019;1;False
23646;L219;1160;34;4;176.0;FABBRICATO;Corso Appio Claudio;176;45.0858188;7.6349071;Abitazione;Prima del 1919;Nessuno;Patrimonio indisponibile;Utilizzato direttamente;Attività amministrativa/uffici pubblici;;;;1;False
23657;L219;1132;99;;257.0;FABBRICATO;via tartini giuseppe;36;45.0970416;7.7064023;Magazzino e locali di deposito;Dal 2001 al 2010;Nessuno;Patrimonio indisponibile;Utilizzato direttamente;Attività sportiva, ricreativa e di intrattenimento;;;;1;False
23949;L219;1375;311;;5000.0;FABBRICATO;via nizza;151;45.04352551;7.67227169;Struttura residenziale collettiva (es.: collegi e convitti, educandati, ricoveri, orfanotrofi, ospizi, conventi, seminari);Prima del 1919;Nessuno;Patrimonio indisponibile;;Non Dichiarato;in concessione a titolo oneroso;5237.0;01/11/2019;1;False
24376;L219;1280;14;;3633.25;FABBRICATO;Via Sant'Ottavio;7;45.0678683;7.6926684;Edificio scolastico (es.: scuola di ogni ordine e grado, università, scuola di formazione);Dal 1919 al 1945;Dichiarazione di interesse culturale;Demanio;Utilizzato direttamente;Attività didattica;;;;1;False
24496;L219;1148;426;;11229.75;FABBRICATO;via monte rosa;54;45.0909134;7.6956216;Edificio scolastico (es.: scuola di ogni ordine e grado, università, scuola di formazione);Dal 1991 al 2000;Dichiarazione di interesse culturale;Demanio;Utilizzato direttamente;Attività didattica;;;;1;False
24497;L219;1174;271;8;58.0;FABBRICATO;Corso Svizzera;63;45.0821922;7.6507202;Abitazione;Dal 1946 al 1960;Nessuno;Patrimonio disponibile;Utilizzato direttamente;Altro;;;;1;False
24506;L219;1033;17;2;76.0;FABBRICATO;Strada Bellacomba;138;45.1247425;7.672253;Abitazione;Prima del 1919;Nessuno;Patrimonio indisponibile;Utilizzato direttamente;Attività amministrativa/uffici pubblici;;;;1;False
24636;L219;1217;210;19;108.0;FABBRICATO;Via Franco Bonelli;0;45.0760111;7.6817108;Abitazione;Prima del 1919;Nessuno;Patrimonio indisponibile;Utilizzato direttamente;Altro;;;;1;False
24637;L219;1218;43;75;42.0;FABBRICATO;Via Sigismondo Gerdil;7;45.0797746;7.6778351;Abitazione;Prima del 1919;Nessuno;Patrimonio indisponibile;Utilizzato direttamente;Altro;;;;1;False
24764;L219;1171;446;101;1614.5;FABBRICATO;via valgioie;10;45.0771244;7.6346415;Edificio scolastico (es.: scuola di ogni ordine e grado, università, scuola di formazione);Prima del 1919;Dichiarazione di interesse culturale;Demanio;Utilizzato direttamente;Attività didattica;;;;1;False
24899;L219;1217;211;43;111.0;FABBRICATO;Via Franco Bonelli;0;45.0760111;7.6817108;Abitazione;Prima del 1919;Nessuno;Patrimonio indisponibile;Utilizzato direttamente;Altro;;;;1;False
24907;L219;1191;1;;1072.0;FABBRICATO;Via Friedrich Nietzsche;154;45.0883715;7.7220411;Struttura residenziale collettiva (es.: collegi e convitti, educandati, ricoveri, orfanotrofi, ospizi, conventi, seminari);Prima del 1919;Nessuno;Patrimonio indisponibile;Non utilizzato;Non Dichiarato;;;;1;False
25122;L219;1033;17;1;100.0;FABBRICATO;Strada Bellacomba;138;45.1247425;7.672253;Fabbricato per attività produttiva (industriale, artigianale o agricola);Prima del 1919;Nessuno;Patrimonio indisponibile;Utilizzato direttamente;Attività amministrativa/uffici pubblici;;;;1;False
25247;L219;1174;296;1;5228.0;FABBRICATO;Corso Svizzera;59;45.0812209;7.6497705;Edificio scolastico (es.: scuola di ogni ordine e grado, università, scuola di formazione);Dal 1991 al 2000;Nessuno;Patrimonio indisponibile;Utilizzato direttamente;Attività didattica;;;;1;False
26000;L219;1218;43;78;48.0;FABBRICATO;Via San Giuseppe Benedetto Cottolengo;25;45.0797746;7.6778351;Abitazione;Prima del 1919;Nessuno;Patrimonio indisponibile;Utilizzato direttamente;Altro;;;;1;False
26231;L219;1217;210;25;110.0;FABBRICATO;Via Franco Bonelli;0;45.0760111;7.6817108;Abitazione;Prima del 1919;Nessuno;Patrimonio indisponibile;Utilizzato direttamente;Altro;;;;1;False
26341;L219;1177;55;;39.0;FABBRICATO;corso umbria;53;45.087521;7.6647145;Abitazione;Prima del 1919;Nessuno;Patrimonio indisponibile;Utilizzato direttamente;Alloggio di servizio, foresterie;;;;1;False
26534;L219;1218;125;;108.0;FABBRICATO;Via Bligny;19;45.0769325;7.6772792;Abitazione;Dal 1946 al 1960;Nessuno;Patrimonio indisponibile;Utilizzato direttamente;Attività amministrativa/uffici pubblici;;;;1;False
26535;L219;1218;95;;16640.0;FABBRICATO;via giulio carlo ignazio;22;45.0785511;7.6770856;Ospedali, case di cura, cliniche e assimilabili;Prima del 1919;Dichiarazione di interesse culturale;Demanio;Utilizzato direttamente;Attività amministrativa/uffici pubblici;;;;1;False
26538;L219;134;42;1;2840.25;FABBRICATO;Via Aquileia;1;45.0415879;7.682662;Edificio scolastico (es.: scuola di ogni ordine e grado, università, scuola di formazione);Dal 1919 al 1945;Dichiarazione di interesse culturale;Demanio;Utilizzato direttamente;Attività didattica;;;;1;False
26539;L219;1353;3;22;114.0;FABBRICATO;Viale Virgilio;107;45.0493583;7.6852271;Locale commerciale, negozio;Prima del 1919;Dichiarazione di interesse culturale;Demanio;Utilizzato direttamente;Attività commerciale e di ristorazione;;;;1;False
26653;L219;1217;211;41;110.0;FABBRICATO;Via Franco Bonelli;0;45.0760111;7.6817108;Abitazione;Prima del 1919;Nessuno;Patrimonio indisponibile;Utilizzato direttamente;Altro;;;;1;False
26672;L219;1180;255;;10000.0;FABBRICATO;Corso Principe Eugenio;26;45.0798385;7.6726279;Ufficio strutturato ed assimilabili;Prima del 1919;Dichiarazione di interesse culturale;Patrimonio indisponibile;;Non Dichiarato;in concessione a titolo oneroso;160281.0;01/01/2019;1;False
26841;L219;1218;43;74;63.0;FABBRICATO;Via Sigismondo Gerdil;7;45.0797746;7.6778351;Abitazione;Prima del 1919;Nessuno;Patrimonio indisponibile;Utilizzato direttamente;Altro;;;;1;False
27069;L219;1218;45;8;64.0;FABBRICATO;Via San Giuseppe Benedetto Cottolengo;25;45.0797746;7.6778351;Abitazione;Prima del 1919;Nessuno;Patrimonio indisponibile;Utilizzato direttamente;Altro;;;;1;False
28522;L219;1353;9;;1149.0;FABBRICATO;Viale Virgilio;107;45.0488786;7.6848158;Palazzo storico, castello;Prima del 1919;Dichiarazione di interesse culturale;Demanio;Utilizzato direttamente;Attività artistica e culturale;;;;1;False
28523;L219;1185;256;7;1587.43;FABBRICATO;Via Bologna;51;45.0832735;7.6950233;Ufficio strutturato ed assimilabili;Prima del 1919;Dichiarazione di interesse culturale;Demanio;Utilizzato direttamente;Attività amministrativa/uffici pubblici;;;;1;False
43004;L219;1420;20;3;29.0;FABBRICATO;corso unita' d'italia;86;45.0268099;7.6710944;Cantina, soffitta, rimessa, box, garage, posto auto aperto/scoperto,;Dal 1946 al 1960;Nessuno;Patrimonio disponibile;;Non Dichiarato;in concessione a titolo oneroso;0.0;01/01/2019;1;False
43005;L219;1420;20;4;104.0;FABBRICATO;corso unita' d'italia;86;45.0268099;7.6710944;Abitazione;Dal 1946 al 1960;Nessuno;Patrimonio disponibile;;Non Dichiarato;in concessione a titolo oneroso;0.0;01/01/2019;1;False
43006;L219;1420;20;5;4642.5;FABBRICATO;corso unita' d'italia;86;45.0268099;7.6710944;Edificio scolastico (es.: scuola di ogni ordine e grado, università, scuola di formazione);Dal 1946 al 1960;Nessuno;Patrimonio disponibile;;Non Dichiarato;in concessione a titolo oneroso;158036.0;01/01/2019;1;False
43009;L219;1397;83;11;5000.0;FABBRICATO;corso unione sovietica;220;45.037298;7.6499811;Struttura residenziale collettiva (es.: collegi e convitti, educandati, ricoveri, orfanotrofi, ospizi, conventi, seminari);Prima del 1919;Dichiarazione di interesse culturale;Demanio;Utilizzato direttamente;Servizi assistenza socio-sanitaria (residenziali);;;;1;False
43011;L219;1397;83;23;1160.2;FABBRICATO;Via San Marino;10;45.037298;7.6499811;Struttura residenziale collettiva (es.: collegi e convitti, educandati, ricoveri, orfanotrofi, ospizi, conventi, seminari);Prima del 1919;Dichiarazione di interesse culturale;Demanio;Utilizzato direttamente;Servizi assistenza socio-sanitaria (residenziali);;;;1;False
43012;L219;1405;37;;64.0;FABBRICATO;corso sicilia;50;45.0386222;7.6788063;Abitazione;Dal 1946 al 1960;Nessuno;Patrimonio indisponibile;Non utilizzato;Non Dichiarato;;;;1;False
43206;L219;1280;85;21;125.0;FABBRICATO;via po;18;45.0681388;7.6897004;Locale commerciale, negozio;Prima del 1919;Dichiarazione di interesse culturale;Patrimonio disponibile;Utilizzato direttamente;Attività commerciale e di ristorazione;;;;1;False
43207;L219;1280;85;22;61.0;FABBRICATO;via po;18;45.0681388;7.6897004;Locale commerciale, negozio;Prima del 1919;Dichiarazione di interesse culturale;Patrimonio disponibile;Utilizzato direttamente;Attività commerciale e di ristorazione;;;;1;False
43208;L219;1280;85;3;43.0;FABBRICATO;via po;18;45.0681388;7.6897004;Locale commerciale, negozio;Prima del 1919;Dichiarazione di interesse culturale;Patrimonio disponibile;Utilizzato direttamente;Attività commerciale e di ristorazione;;;;1;False
43211;L219;1280;85;6;161.0;FABBRICATO;via po;18;45.0681388;7.6897004;Locale commerciale, negozio;Prima del 1919;Dichiarazione di interesse culturale;Patrimonio disponibile;Utilizzato direttamente;Attività commerciale e di ristorazione;;;;1;False
43212;L219;1280;85;25;142.0;FABBRICATO;via po;18;45.0681388;7.6897004;Magazzino e locali di deposito;Prima del 1919;Dichiarazione di interesse culturale;Demanio;Utilizzato direttamente;Attività commerciale e di ristorazione;;;;1;False
44210;L219;1281;140;191;196.0;FABBRICATO;Via Giovanni Giolitti;32;45.0646244;7.686777;Teatro, cinematografo, struttura per concerti e spettacoli e assimilabili;Dal 2001 al 2010;Nessuno;Patrimonio indisponibile;Utilizzato direttamente;Attività commerciale e di ristorazione;;;;1;False
44211;L219;1281;140;195;248.0;FABBRICATO;Via San Francesco da Paola;16;45.0646244;7.686777;Locale commerciale, negozio;Dal 2001 al 2010;Nessuno;Patrimonio indisponibile;;Non Dichiarato;in concessione a titolo oneroso;43855.0;01/10/2012;1;False
44226;L219;1281;140;4;163.0;FABBRICATO;Via Cavour;25;45.0646244;7.686777;Ufficio strutturato ed assimilabili;Dal 2001 al 2010;Nessuno;Patrimonio indisponibile;Utilizzato direttamente;Attività amministrativa/uffici pubblici;;;;1;False
44227;L219;1281;140;5;193.0;FABBRICATO;PIAZZALE FUSI VALDO;SNC;45.0646244;7.686777;Locale commerciale, negozio;Dal 2001 al 2010;Nessuno;Patrimonio indisponibile;Utilizzato direttamente;Attività commerciale e di ristorazione;;;;1;False
54201;L219;1222;435;;10000.0;FABBRICATO;corso vittorio emanuele ii;130;45.071259;7.658087;Ufficio strutturato ed assimilabili;Dal 1991 al 2000;Nessuno;Patrimonio indisponibile;;Non Dichiarato;in concessione a titolo oneroso;20224.0;01/07/2015;1;False
54202;L219;1302;305;2;324.0;FABBRICATO;via s. secondo;43;45.0569757;7.6723545;Abitazione;Prima del 1919;Nessuno;Patrimonio indisponibile;Utilizzato direttamente;Attività giudiziaria;;;;1;False
54203;L219;1302;305;3;105.0;FABBRICATO;via s. secondo;43;45.0569757;7.6723545;Parcheggio collettivo;Prima del 1919;Nessuno;Patrimonio indisponibile;Utilizzato direttamente;Attività giudiziaria;;;;1;False
54205;L219;1240;99;4;10000.0;FABBRICATO;corso vittorio emanuele ii;127;45.0683157;7.6604391;Ufficio strutturato ed assimilabili;Prima del 1919;Dichiarazione di interesse culturale;Demanio;;Non Dichiarato;in concessione a titolo oneroso;633.0;01/10/2020;1;False
54207;L219;1219;80;4;10000.0;FABBRICATO;Via Corte d'Appello;16;45.0746584;7.679317;Ufficio strutturato ed assimilabili;Prima del 1919;Dichiarazione di interesse culturale;Demanio;Utilizzato direttamente;Attività amministrativa/uffici pubblici;;;;1;False
69712;L219;1280;24;24;76.0;FABBRICATO;via po;2;45.0697803;7.6872855;Abitazione;Prima del 1919;Nessuno;Patrimonio indisponibile;Utilizzato direttamente;Altro;;;;1;False
69714;L219;1280;24;36;83.0;FABBRICATO;via po;2;45.0697803;7.6872855;Abitazione;Prima del 1919;Nessuno;Patrimonio indisponibile;Utilizzato direttamente;Altro;;;;1;False
88451;L219;1404;58;15;2728.0;FABBRICATO;corso dogliotti;44/a;45.038093;7.6753699;Parcheggio collettivo;Dal 2001 al 2010;Nessuno;ND;Non utilizzato;Non Dichiarato;;;;1;False
248449;L219;1237;45;9;84.0;FABBRICATO;Via Cenischia;50;45.0680734;7.642807;Abitazione;Dal 1919 al 1945;Nessuno;Patrimonio indisponibile;Utilizzato direttamente;Altro;;;;1;False
251960;L219;57;61;42;71.0;FABBRICATO;Corso Ferrara;3;45.1063747;7.6371566;Abitazione;Dal 1961 al 1970;Nessuno;Patrimonio indisponibile;Utilizzato direttamente;Altro;;;;1;False
257494;L219;1069;151;1;98.0;FABBRICATO;Via delle Primule;28;45.101346;7.6257195;Abitazione;Dal 1946 al 1960;Nessuno;Patrimonio indisponibile;Utilizzato direttamente;Altro;;;;1;False
257495;L219;1069;151;10;99.0;FABBRICATO;Via delle Primule;28;45.101346;7.6257195;Abitazione;Dal 1946 al 1960;Nessuno;Patrimonio indisponibile;Utilizzato direttamente;Altro;;;;1;False
257496;L219;1069;151;11;97.0;FABBRICATO;Via delle Primule;28;45.101346;7.6257195;Abitazione;Dal 1946 al 1960;Nessuno;Patrimonio indisponibile;Utilizzato direttamente;Altro;;;;1;False
257497;L219;1069;151;12;98.0;FABBRICATO;Via delle Primule;28;45.101346;7.6257195;Abitazione;Dal 1946 al 1960;Nessuno;Patrimonio indisponibile;Utilizzato direttamente;Altro;;;;1;False
257498;L219;1069;151;13;105.0;FABBRICATO;Via delle Primule;28;45.1015414;7.6258345;Abitazione;Dal 1946 al 1960;Nessuno;Patrimonio indisponibile;Utilizzato direttamente;Altro;;;;1;False
257499;L219;1069;151;14;75.0;FABBRICATO;Via delle Primule;28;45.101346;7.6257195;Abitazione;Dal 1946 al 1960;Nessuno;Patrimonio indisponibile;Utilizzato direttamente;Altro;;;;1;False
257500;L219;1069;151;15;105.0;FABBRICATO;Via delle Primule;28;45.1015414;7.6258345;Abitazione;Dal 1946 al 1960;Nessuno;Patrimonio indisponibile;Utilizzato direttamente;Altro;;;;1;False
257501;L219;1069;151;16;87.0;FABBRICATO;Via delle Primule;28;45.1015414;7.6258345;Abitazione;Dal 1946 al 1960;Nessuno;Patrimonio indisponibile;Utilizzato direttamente;Altro;;;;1;False
257502;L219;1069;151;17;104.0;FABBRICATO;Via delle Primule;28;45.1015414;7.6258345;Abitazione;Dal 1946 al 1960;Nessuno;Patrimonio indisponibile;Utilizzato direttamente;Altro;;;;1;False
257503;L219;1069;151;18;87.0;FABBRICATO;Via delle Primule;28;45.1015414;7.6258345;Abitazione;Dal 1946 al 1960;Nessuno;Patrimonio indisponibile;Utilizzato direttamente;Altro;;;;1;False
257504;L219;1069;151;19;106.0;FABBRICATO;Via delle Primule;28;45.1015414;7.6258345;Abitazione;Dal 1946 al 1960;Nessuno;Patrimonio indisponibile;Utilizzato direttamente;Altro;;;;1;False
257505;L219;1069;151;2;93.0;FABBRICATO;Via delle Primule;28;45.101346;7.6257195;Abitazione;Dal 1946 al 1960;Nessuno;Patrimonio indisponibile;Utilizzato direttamente;Altro;;;;1;False
257506;L219;1069;151;20;87.0;FABBRICATO;Via delle Primule;28;45.1015414;7.6258345;Abitazione;Dal 1946 al 1960;Nessuno;Patrimonio indisponibile;Utilizzato direttamente;Altro;;;;1;False
257512;L219;1069;151;3;93.0;FABBRICATO;Via delle Primule;28;45.101346;7.6257195;Abitazione;Dal 1946 al 1960;Nessuno;Patrimonio indisponibile;Utilizzato direttamente;Altro;;;;1;False
257521;L219;1069;151;4;97.0;FABBRICATO;Via delle Primule;28;45.1015414;7.6258345;Abitazione;Dal 1946 al 1960;Nessuno;Patrimonio indisponibile;Utilizzato direttamente;Altro;;;;1;False
257529;L219;1069;151;5;100.0;FABBRICATO;Via delle Primule;28;45.101346;7.6257195;Abitazione;Dal 1946 al 1960;Nessuno;Patrimonio indisponibile;Utilizzato direttamente;Altro;;;;1;False
257539;L219;1069;151;6;97.0;FABBRICATO;Via delle Primule;28;45.101346;7.6257195;Abitazione;Dal 1946 al 1960;Nessuno;Patrimonio indisponibile;Utilizzato direttamente;Altro;;;;1;False
257543;L219;1069;151;7;94.0;FABBRICATO;Via delle Primule;28;45.101346;7.6257195;Abitazione;Dal 1946 al 1960;Nessuno;Patrimonio indisponibile;Utilizzato direttamente;Altro;;;;1;False
257544;L219;1069;151;8;99.0;FABBRICATO;Via delle Primule;28;45.101346;7.6257195;Abitazione;Dal 1946 al 1960;Nessuno;Patrimonio indisponibile;Utilizzato direttamente;Altro;;;;1;False
257545;L219;1069;151;9;98.0;FABBRICATO;Via delle Primule;28;45.101346;7.6257195;Abitazione;Dal 1946 al 1960;Nessuno;Patrimonio indisponibile;Utilizzato direttamente;Altro;;;;1;False
292655;L219;1127;63;14;125.0;FABBRICATO;via palestrina pier luigi;43;45.0942259;7.688735;Abitazione;Dal 1919 al 1945;Nessuno;Patrimonio indisponibile;Utilizzato direttamente;Altro;;;;1;False
292657;L219;1127;63;18;11.0;FABBRICATO;via palestrina pier luigi;43;45.0942259;7.688735;Cantina, soffitta, rimessa, box, garage, posto auto aperto/scoperto,;Dal 1919 al 1945;Nessuno;Patrimonio indisponibile;Utilizzato direttamente;Altro;;;;1;False
293553;L219;1236;259;10;86.0;FABBRICATO;via issiglio;34;45.0646476;7.6398669;Abitazione;Dal 1961 al 1970;Nessuno;Patrimonio indisponibile;Utilizzato direttamente;Altro;;;;1;False
293554;L219;1236;259;11;54.0;FABBRICATO;via issiglio;34;45.0646476;7.6398669;Abitazione;Dal 1961 al 1970;Nessuno;Patrimonio indisponibile;Utilizzato direttamente;Altro;;;;1;False
293556;L219;1236;259;14;58.0;FABBRICATO;via issiglio;34;45.0646476;7.6398669;Abitazione;Dal 1961 al 1970;Nessuno;Patrimonio indisponibile;Utilizzato direttamente;Altro;;;;1;False
293557;L219;1236;259;15;75.0;FABBRICATO;via issiglio;34;45.0646476;7.6398669;Abitazione;Dal 1961 al 1970;Nessuno;Patrimonio indisponibile;Utilizzato direttamente;Altro;;;;1;False
293558;L219;1236;259;4;65.0;FABBRICATO;via issiglio;34;45.0646476;7.6398669;Abitazione;Dal 1961 al 1970;Nessuno;Patrimonio indisponibile;Utilizzato direttamente;Altro;;;;1;False
293559;L219;1236;259;5;72.0;FABBRICATO;via issiglio;34;45.0646476;7.6398669;Abitazione;Dal 1961 al 1970;Nessuno;Patrimonio indisponibile;Utilizzato direttamente;Altro;;;;1;False
293560;L219;1236;259;6;85.0;FABBRICATO;via issiglio;34;45.0646476;7.6398669;Abitazione;Dal 1961 al 1970;Nessuno;Patrimonio indisponibile;Utilizzato direttamente;Altro;;;;1;False
293561;L219;1236;259;7;72.0;FABBRICATO;via issiglio;34;45.0646476;7.6398669;Abitazione;Dal 1961 al 1970;Nessuno;Patrimonio indisponibile;Utilizzato direttamente;Altro;;;;1;False
293562;L219;1236;259;8;84.0;FABBRICATO;via issiglio;34;45.0646476;7.6398669;Abitazione;Dal 1961 al 1970;Nessuno;Patrimonio indisponibile;Utilizzato direttamente;Altro;;;;1;False
293563;L219;1236;259;9;99.0;FABBRICATO;via issiglio;34;45.0646476;7.6398669;Abitazione;Dal 1961 al 1970;Nessuno;Patrimonio indisponibile;Utilizzato direttamente;Altro;;;;1;False
295000;L219;1481;440;4;135.0;FABBRICATO;Via Arturo Farinelli;22;45.0150404;7.6310601;Abitazione;Dal 1961 al 1970;Nessuno;Patrimonio indisponibile;Utilizzato direttamente;Altro;;;;1;False
301849;L219;1184;10;152;56.0;FABBRICATO;Via Aosta;29;45.0844539;7.690713;Abitazione;Dal 1946 al 1960;Nessuno;Patrimonio indisponibile;Utilizzato direttamente;Altro;;;;1;False
301851;L219;1184;10;3;72.0;FABBRICATO;via lodi;9;45.0844539;7.690713;Abitazione;Dal 1946 al 1960;Nessuno;Patrimonio indisponibile;Utilizzato direttamente;Altro;;;;1;False
301852;L219;1184;10;306;71.0;FABBRICATO;Via Lodi;11;45.0844539;7.690713;Abitazione;Dal 1946 al 1960;Nessuno;Patrimonio indisponibile;Utilizzato direttamente;Altro;;;;1;False
301853;L219;1184;10;314;72.0;FABBRICATO;Via Lodi;13;45.0844539;7.690713;Abitazione;Dal 1946 al 1960;Nessuno;Patrimonio indisponibile;Utilizzato direttamente;Altro;;;;1;False
301854;L219;1184;10;315;72.0;FABBRICATO;Via Lodi;13;45.0844539;7.690713;Abitazione;Dal 1946 al 1960;Nessuno;Patrimonio indisponibile;Utilizzato direttamente;Altro;;;;1;False
301855;L219;1184;10;41;72.0;FABBRICATO;Via Lodi;13;45.0844539;7.690713;Abitazione;Dal 1946 al 1960;Nessuno;Patrimonio indisponibile;Utilizzato direttamente;Altro;;;;1;False
301856;L219;1184;10;51;72.0;FABBRICATO;Via Lodi;13;45.0844539;7.690713;Abitazione;Dal 1946 al 1960;Nessuno;Patrimonio indisponibile;Utilizzato direttamente;Altro;;;;1;False
301857;L219;1184;10;52;72.0;FABBRICATO;Via Lodi;13;45.0844539;7.690713;Abitazione;Dal 1946 al 1960;Nessuno;Patrimonio indisponibile;Utilizzato direttamente;Altro;;;;1;False
303849;L219;1175;721;10;133.0;FABBRICATO;via medici giacomo;12;45.0768656;7.6553383;Abitazione;Dal 1961 al 1970;Nessuno;Patrimonio indisponibile;Utilizzato direttamente;Alloggio di servizio, foresterie;;;;1;False
303853;L219;1175;721;9;969.75;FABBRICATO;via medici giacomo;12;45.0768656;7.6553383;Edificio scolastico (es.: scuola di ogni ordine e grado, università, scuola di formazione);Dal 1961 al 1970;Nessuno;Patrimonio indisponibile;Utilizzato direttamente;Attività didattica;;;;1;False
338610;L219;1422;185;271;13.0;FABBRICATO;Via Giordano Bruno;189;45.0306089;7.6562613;Cantina, soffitta, rimessa, box, garage, posto auto aperto/scoperto,;Dal 2001 al 2010;Nessuno;Patrimonio indisponibile;Utilizzato direttamente;Alloggio di servizio, foresterie;;;;1;False
338611;L219;1422;185;272;12.0;FABBRICATO;Via Giordano Bruno;189;45.0306089;7.6562613;Cantina, soffitta, rimessa, box, garage, posto auto aperto/scoperto,;Dal 2001 al 2010;Nessuno;Patrimonio indisponibile;Utilizzato direttamente;Alloggio di servizio, foresterie;;;;1;False
338612;L219;1422;185;273;13.0;FABBRICATO;Via Giordano Bruno;189;45.0306089;7.6562613;Cantina, soffitta, rimessa, box, garage, posto auto aperto/scoperto,;Dal 2001 al 2010;Nessuno;Patrimonio indisponibile;Utilizzato direttamente;Alloggio di servizio, foresterie;;;;1;False
338613;L219;1422;185;274;12.0;FABBRICATO;Via Giordano Bruno;189;45.0306089;7.6562613;Cantina, soffitta, rimessa, box, garage, posto auto aperto/scoperto,;Dal 2001 al 2010;Nessuno;Patrimonio indisponibile;Utilizzato direttamente;Alloggio di servizio, foresterie;;;;1;False
338614;L219;1422;185;275;13.0;FABBRICATO;Via Giordano Bruno;189;45.0306089;7.6562613;Cantina, soffitta, rimessa, box, garage, posto auto aperto/scoperto,;Dal 2001 al 2010;Nessuno;Patrimonio indisponibile;Utilizzato direttamente;Alloggio di servizio, foresterie;;;;1;False
338624;L219;1422;185;331;12.0;FABBRICATO;Via Giordano Bruno;189;45.0306089;7.6562613;Cantina, soffitta, rimessa, box, garage, posto auto aperto/scoperto,;Dal 2001 al 2010;Nessuno;Patrimonio indisponibile;Utilizzato direttamente;Alloggio di servizio, foresterie;;;;1;False
338625;L219;1422;185;332;12.0;FABBRICATO;Via Giordano Bruno;189;45.0306089;7.6562613;Cantina, soffitta, rimessa, box, garage, posto auto aperto/scoperto,;Dal 2001 al 2010;Nessuno;Patrimonio indisponibile;Utilizzato direttamente;Alloggio di servizio, foresterie;;;;1;False
338626;L219;1422;185;333;12.0;FABBRICATO;Via Giordano Bruno;189;45.0306089;7.6562613;Cantina, soffitta, rimessa, box, garage, posto auto aperto/scoperto,;Dal 2001 al 2010;Nessuno;Patrimonio indisponibile;Utilizzato direttamente;Alloggio di servizio, foresterie;;;;1;False
338627;L219;1422;185;334;13.0;FABBRICATO;Via Giordano Bruno;189;45.0306089;7.6562613;Cantina, soffitta, rimessa, box, garage, posto auto aperto/scoperto,;Dal 2001 al 2010;Nessuno;Patrimonio indisponibile;Utilizzato direttamente;Alloggio di servizio, foresterie;;;;1;False
338628;L219;1422;185;335;12.0;FABBRICATO;Via Giordano Bruno;189;45.0306089;7.6562613;Cantina, soffitta, rimessa, box, garage, posto auto aperto/scoperto,;Dal 2001 al 2010;Nessuno;Patrimonio indisponibile;Utilizzato direttamente;Alloggio di servizio, foresterie;;;;1;False
338629;L219;1422;185;336;12.0;FABBRICATO;Via Giordano Bruno;189;45.0306089;7.6562613;Cantina, soffitta, rimessa, box, garage, posto auto aperto/scoperto,;Dal 2001 al 2010;Nessuno;Patrimonio indisponibile;Utilizzato direttamente;Alloggio di servizio, foresterie;;;;1;False
338630;L219;1422;185;337;12.0;FABBRICATO;Via Giordano Bruno;189;45.0306089;7.6562613;Cantina, soffitta, rimessa, box, garage, posto auto aperto/scoperto,;Dal 2001 al 2010;Nessuno;Patrimonio indisponibile;Utilizzato direttamente;Alloggio di servizio, foresterie;;;;1;False
338631;L219;1422;185;338;12.0;FABBRICATO;Via Giordano Bruno;189;45.0306089;7.6562613;Cantina, soffitta, rimessa, box, garage, posto auto aperto/scoperto,;Dal 2001 al 2010;Nessuno;Patrimonio indisponibile;Utilizzato direttamente;Alloggio di servizio, foresterie;;;;1;False
338632;L219;1422;185;339;12.0;FABBRICATO;Via Giordano Bruno;189;45.0306089;7.6562613;Cantina, soffitta, rimessa, box, garage, posto auto aperto/scoperto,;Dal 2001 al 2010;Nessuno;Patrimonio indisponibile;Utilizzato direttamente;Alloggio di servizio, foresterie;;;;1;False
338659;L219;1422;185;462;1208.0;FABBRICATO;Corso Eusebio Giambone;87;45.0306089;7.6562613;Struttura residenziale collettiva (es.: collegi e convitti, educandati, ricoveri, orfanotrofi, ospizi, conventi, seminari);Dal 2001 al 2010;Nessuno;Patrimonio indisponibile;Utilizzato direttamente;Alloggio di servizio, foresterie;;;;1;False
338703;L219;1133;65;2;5000.0;FABBRICATO;Via Botticelli Sandro;130;45.0973318;7.7115029;Struttura residenziale collettiva (es.: collegi e convitti, educandati, ricoveri, orfanotrofi, ospizi, conventi, seminari);Dal 1991 al 2000;Nessuno;Patrimonio indisponibile;Non utilizzato;Non Dichiarato;;;;1;False
338704;L219;1133;65;3;26.0;FABBRICATO;via sandro botticelli;130;45.0973318;7.7115029;Cantina, soffitta, rimessa, box, garage, posto auto aperto/scoperto,;Dal 1991 al 2000;Nessuno;Patrimonio indisponibile;Non utilizzato;Non Dichiarato;;;;1;False
338705;L219;1133;65;4;26.0;FABBRICATO;via sandro botticelli;130;45.0973318;7.7115029;Cantina, soffitta, rimessa, box, garage, posto auto aperto/scoperto,;Dal 1991 al 2000;Nessuno;Patrimonio indisponibile;Non utilizzato;Non Dichiarato;;;;1;False
338706;L219;1133;65;5;26.0;FABBRICATO;via sandro botticelli;130;45.0973318;7.7115029;Cantina, soffitta, rimessa, box, garage, posto auto aperto/scoperto,;Dal 1991 al 2000;Nessuno;Patrimonio indisponibile;Non utilizzato;Non Dichiarato;;;;1;False
338707;L219;1133;65;6;142.18;FABBRICATO;via sandro botticelli;130;45.0973318;7.7115029;Fabbricato per attività produttiva (industriale, artigianale o agricola);Dal 1991 al 2000;Nessuno;Patrimonio indisponibile;Non utilizzato;Non Dichiarato;;;;1;False
338714;L219;1183;199;1;721.0;FABBRICATO;via schio;1;45.0875777;7.6834118;Ospedali, case di cura, cliniche e assimilabili;Dal 1971 al 1980;Nessuno;Patrimonio indisponibile;Non utilizzato;Non Dichiarato;;;;1;False
338749;L219;1386;163;;200.0;FABBRICATO;Via Gorizia;116;45.0446306;7.6391028;Ufficio strutturato ed assimilabili;Dopo il 2010;Nessuno;Patrimonio indisponibile;;Non Dichiarato;in concessione a titolo oneroso;4116.0;01/09/2017;1;False
338751;L219;1440;50;5;908.6;FABBRICATO;Corso Corsica;55;45.0278086;7.6508088;Biblioteca, pinacoteca, museo, gallerie;Dal 1981 al 1990;Nessuno;Patrimonio indisponibile;Utilizzato direttamente;Attività artistica e culturale;;;;1;False
338752;L219;1440;50;7;94.0;FABBRICATO;Corso Corsica;55;45.0278086;7.6508088;Abitazione;Dal 1981 al 1990;Nessuno;Patrimonio indisponibile;Utilizzato direttamente;Alloggio di servizio, foresterie;;;;1;False
338753;L219;1440;50;9;1959.43;FABBRICATO;Corso Corsica;55;45.0278086;7.6508088;Ufficio strutturato ed assimilabili;Dal 1981 al 1990;Nessuno;Patrimonio indisponibile;Utilizzato direttamente;Attività amministrativa/uffici pubblici;;;;1;False
373568;L219;1280;167;5024;5514.29;FABBRICATO;Via Principe Amedeo;19;45.0677537;7.6888571;Ufficio strutturato ed assimilabili;Prima del 1919;Dichiarazione di interesse culturale;Patrimonio indisponibile;;Non Dichiarato;in concessione a titolo oneroso;1000.0;17/03/2016;1;False
381821;L219;1150;333;1;2097.6;FABBRICATO;VIA BANFO ANTONIO;SNC;45.0903857;7.6864074;Caserma;Dopo il 2010;Nessuno;Patrimonio disponibile;;Non Dichiarato;in locazione;0.0;01/01/2019;1;False
381822;L219;1150;333;2;212.0;FABBRICATO;VIA BANFO ANTONIO;SNC;45.0903857;7.6864074;Abitazione;Dopo il 2010;Nessuno;Patrimonio disponibile;Utilizzato direttamente;Servizi ordine pubblico, sicurezza nazionale e militare;;;;1;False
381823;L219;1150;333;3;161.0;FABBRICATO;VIA BANFO ANTONIO;SNC;45.0903857;7.6864074;Abitazione;Dopo il 2010;Nessuno;Patrimonio disponibile;Utilizzato direttamente;Servizi ordine pubblico, sicurezza nazionale e militare;;;;1;False
381824;L219;1150;333;4;167.0;FABBRICATO;VIA BANFO ANTONIO;SNC;45.0903857;7.6864074;Abitazione;Dopo il 2010;Nessuno;Patrimonio disponibile;Utilizzato direttamente;Servizi ordine pubblico, sicurezza nazionale e militare;;;;1;False
381825;L219;1150;333;5;209.0;FABBRICATO;VIA BANFO ANTONIO;SNC;45.0903857;7.6864074;Abitazione;Dopo il 2010;Nessuno;Patrimonio disponibile;Utilizzato direttamente;Servizi ordine pubblico, sicurezza nazionale e militare;;;;1;False
381826;L219;1150;333;6;157.0;FABBRICATO;VIA BANFO ANTONIO;SNC;45.0903857;7.6864074;Abitazione;Dopo il 2010;Nessuno;Patrimonio disponibile;Utilizzato direttamente;Servizi ordine pubblico, sicurezza nazionale e militare;;;;1;False
381827;L219;1150;333;7;168.0;FABBRICATO;VIA BANFO ANTONIO;SNC;45.0903857;7.6864074;Abitazione;Dopo il 2010;Nessuno;Patrimonio disponibile;Utilizzato direttamente;Servizi ordine pubblico, sicurezza nazionale e militare;;;;1;False
381828;L219;1150;333;9;166.0;FABBRICATO;VIA BANFO ANTONIO;SNC;45.0903857;7.6864074;Parcheggio collettivo;Dopo il 2010;Nessuno;Patrimonio disponibile;Utilizzato direttamente;Servizi ordine pubblico, sicurezza nazionale e militare;;;;1;False
381839;L219;1349;199;2;2010.6;FABBRICATO;Via Massena;105;45.05289149;7.6674511;Caserma;Dal 1946 al 1960;Nessuno;Patrimonio disponibile;;Non Dichiarato;in locazione;95044.0;05/01/2006;1;False
382042;L219;1337;380;3;156.57;FABBRICATO;Via Federico Campana;30;45.05362793;7.68213638;Ufficio strutturato ed assimilabili;Prima del 1919;Nessuno;Patrimonio indisponibile;Utilizzato direttamente;Attività amministrativa/uffici pubblici;;;;1;False
382043;L219;1337;380;5;154.0;FABBRICATO;Via Ormea;47;45.05362793;7.68213638;Parcheggio collettivo;Prima del 1919;Nessuno;Patrimonio indisponibile;;Non Dichiarato;in locazione;19754.0;01/01/2022;1;False
382044;L219;1337;380;6;1051.2;FABBRICATO;Via Ormea;47;45.05362793;7.68213638;Struttura residenziale collettiva (es.: collegi e convitti, educandati, ricoveri, orfanotrofi, ospizi, conventi, seminari);Prima del 1919;Nessuno;Patrimonio indisponibile;Utilizzato direttamente;Attività amministrativa/uffici pubblici;;;;1;False
382050;L219;1346;104;3;295.0;FABBRICATO;corso monte lungo;51;45.0484196;7.6558198;Caserma;Dal 1971 al 1980;Nessuno;Patrimonio disponibile;;Non Dichiarato;in locazione;26778.0;01/01/2019;1;False
382051;L219;1346;104;4;108.0;FABBRICATO;corso monte lungo;51;45.0484196;7.6558198;Abitazione;Dal 1971 al 1980;Nessuno;Patrimonio disponibile;Utilizzato direttamente;Servizi ordine pubblico, sicurezza nazionale e militare;;;;1;False
382052;L219;1346;104;5;125.0;FABBRICATO;corso monte lungo;51;45.0484196;7.6558198;Abitazione;Dal 1971 al 1980;Nessuno;Patrimonio disponibile;Utilizzato direttamente;Servizi ordine pubblico, sicurezza nazionale e militare;;;;1;False
382053;L219;1346;104;6;40.0;FABBRICATO;corso monte lungo;51;45.0484196;7.6558198;Parcheggio collettivo;Dal 1971 al 1980;Nessuno;Patrimonio disponibile;Utilizzato direttamente;Servizi ordine pubblico, sicurezza nazionale e militare;;;;1;False
382054;L219;1346;104;7;16.0;FABBRICATO;corso monte lungo;51;45.0484196;7.6558198;Cantina, soffitta, rimessa, box, garage, posto auto aperto/scoperto,;Dal 1971 al 1980;Nessuno;Patrimonio disponibile;Utilizzato direttamente;Servizi ordine pubblico, sicurezza nazionale e militare;;;;1;False
382055;L219;1346;104;8;16.0;FABBRICATO;corso monte lungo;51;45.0484196;7.6558198;Cantina, soffitta, rimessa, box, garage, posto auto aperto/scoperto,;Dal 1971 al 1980;Nessuno;Patrimonio disponibile;Utilizzato direttamente;Servizi ordine pubblico, sicurezza nazionale e militare;;;;1;False
382493;L219;1180;319;31;101.0;FABBRICATO;corso principe eugenio;36;45.0783209;7.6706855;Abitazione;Dal 1971 al 1980;Nessuno;Patrimonio disponibile;Non utilizzato;Non Dichiarato;;;;1;False
388058;L219;1145;131;2;164.0;FABBRICATO;via bologna;185;45.089604;7.7097084;Magazzino e locali di deposito;Dal 1919 al 1945;Nessuno;Patrimonio disponibile;Utilizzato direttamente;Altro;;;;1;False
388059;L219;1187;63;1;4150.0;FABBRICATO;Corso Novara;63;45.0841026;7.6979067;Edificio scolastico (es.: scuola di ogni ordine e grado, università, scuola di formazione);Dal 1919 al 1945;Nessuno;Patrimonio indisponibile;Utilizzato direttamente;Attività didattica;;;;1;False
388082;L219;1215;136;10;4725.0;FABBRICATO;Piazza Borgo Dora;61;45.0817319;7.6829121;Edificio scolastico (es.: scuola di ogni ordine e grado, università, scuola di formazione);Prima del 1919;Dichiarazione di interesse culturale;Demanio;;Non Dichiarato;in concessione a titolo oneroso;142.0;01/03/1997;1;False
388085;L219;1215;136;24;47.0;FABBRICATO;Via Vittorio Andreis;18;45.0817319;7.6829121;Locale commerciale, negozio;Prima del 1919;Dichiarazione di interesse culturale;Demanio;Utilizzato direttamente;Attività commerciale e di ristorazione;;;;1;False
388086;L219;1215;136;46;60.0;FABBRICATO;Via Vittorio Andreis;18;45.0817319;7.6829121;Locale commerciale, negozio;Prima del 1919;Dichiarazione di interesse culturale;Demanio;Utilizzato direttamente;Attività commerciale e di ristorazione;;;;1;False
388087;L219;1215;136;48;60.0;FABBRICATO;Via Vittorio Andreis;18;45.0817319;7.6829121;Locale commerciale, negozio;Prima del 1919;Dichiarazione di interesse culturale;Demanio;Utilizzato direttamente;Attività commerciale e di ristorazione;;;;1;False
388088;L219;1215;136;51;169.25;FABBRICATO;Piazza Borgo Dora;61;45.0817319;7.6829121;Edificio scolastico (es.: scuola di ogni ordine e grado, università, scuola di formazione);Prima del 1919;Dichiarazione di interesse culturale;Demanio;Utilizzato direttamente;Attività didattica;;;;1;False
388089;L219;1215;136;52;313.8;FABBRICATO;Piazza Borgo Dora;61;45.0817319;7.6829121;Struttura residenziale collettiva (es.: collegi e convitti, educandati, ricoveri, orfanotrofi, ospizi, conventi, seminari);Prima del 1919;Dichiarazione di interesse culturale;Demanio;Utilizzato direttamente;Altro;;;;1;False
388090;L219;1215;136;53;173.0;FABBRICATO;Piazza Borgo Dora;61;45.0817319;7.6829121;Struttura residenziale collettiva (es.: collegi e convitti, educandati, ricoveri, orfanotrofi, ospizi, conventi, seminari);Prima del 1919;Dichiarazione di interesse culturale;Demanio;Utilizzato direttamente;Altro;;;;1;False
388091;L219;1215;136;54;332.6;FABBRICATO;Piazza Borgo Dora;61;45.0817319;7.6829121;Ospedali, case di cura, cliniche e assimilabili;Prima del 1919;Dichiarazione di interesse culturale;Demanio;Utilizzato direttamente;Attività didattica;;;;1;False
388095;L219;1215;136;65;6300.0;FABBRICATO;Via Borgo Dora;49;45.0817319;7.6829121;Edificio scolastico (es.: scuola di ogni ordine e grado, università, scuola di formazione);Prima del 1919;Dichiarazione di interesse culturale;Demanio;;Non Dichiarato;in concessione a titolo oneroso;28901.0;28/09/2012;1;False
388100;L219;1247;127;1;2919.25;FABBRICATO;Via Gianfrancesco Fiochetto;29;45.0758634;7.6894159;Edificio scolastico (es.: scuola di ogni ordine e grado, università, scuola di formazione);Dal 1961 al 1970;Nessuno;Patrimonio indisponibile;Utilizzato direttamente;Attività didattica;;;;1;False
388102;L219;1247;127;2;90.0;FABBRICATO;Via Gianfrancesco Fiochetto;29;45.0758634;7.6894159;Abitazione;Dal 1961 al 1970;Nessuno;Patrimonio indisponibile;Utilizzato direttamente;Alloggio di servizio, foresterie;;;;1;False
388124;L219;1112;136;11;385.0;FABBRICATO;Corso Lucio Quinzio Cincinnato;115;45.0982077;7.639026;Parcheggio collettivo;Dal 1971 al 1980;Nessuno;Patrimonio indisponibile;Utilizzato direttamente;Attività didattica;;;;1;False
388125;L219;1112;136;12;834.86;FABBRICATO;Corso Lucio Quinzio Cincinnato;115;45.0982077;7.639026;Ufficio strutturato ed assimilabili;Dal 1971 al 1980;Nessuno;Patrimonio indisponibile;Utilizzato direttamente;Attività amministrativa/uffici pubblici;;;;1;False
388126;L219;1112;136;6;1365.71;FABBRICATO;Corso Lucio Quinzio Cincinnato;115;45.0982077;7.639026;Ufficio strutturato ed assimilabili;Dal 1971 al 1980;Nessuno;Patrimonio indisponibile;Utilizzato direttamente;Attività artistica e culturale;;;;1;False
388129;L219;1112;136;9;2477.75;FABBRICATO;corso cincinnato l. quinzio;121;45.0982077;7.639026;Edificio scolastico (es.: scuola di ogni ordine e grado, università, scuola di formazione);Dal 1991 al 2000;Nessuno;Patrimonio indisponibile;Utilizzato direttamente;Attività didattica;;;;1;False
388140;L219;1078;338;2;77.0;FABBRICATO;via paolo della cella;3;45.10513776;7.67861554;Abitazione;Dal 1946 al 1960;Nessuno;Patrimonio indisponibile;;Non Dichiarato;in locazione;0.0;01/01/2019;1;False
388141;L219;1078;338;3;75.0;FABBRICATO;via paolo della cella;3;45.10513776;7.67861554;Abitazione;Dal 1946 al 1960;Nessuno;Patrimonio indisponibile;;Non Dichiarato;in locazione;0.0;01/01/2019;1;False
388181;L219;1288;310;1;11289.5;FABBRICATO;Via Paolo Braccini;70;45.0610521;7.6477574;Edificio scolastico (es.: scuola di ogni ordine e grado, università, scuola di formazione);Prima del 1919;Dichiarazione di interesse culturale;Demanio;Utilizzato direttamente;Attività didattica;;;;1;False
388182;L219;1288;310;2;84.0;FABBRICATO;Via Paolo Braccini;70;45.0610521;7.6477574;Abitazione;Prima del 1919;Dichiarazione di interesse culturale;Demanio;Utilizzato direttamente;Alloggio di servizio, foresterie;;;;1;False
388183;L219;1288;310;3;76.0;FABBRICATO;Via Paolo Braccini;70;45.0610521;7.6477574;Abitazione;Prima del 1919;Dichiarazione di interesse culturale;Demanio;Utilizzato direttamente;Alloggio di servizio, foresterie;;;;1;False
388185;L219;1224;536;3;367.43;FABBRICATO;via moretta;55 Bis;45.06943207;7.64844938;Ufficio strutturato ed assimilabili;Prima del 1919;Nessuno;Patrimonio indisponibile;Utilizzato direttamente;Attività amministrativa/uffici pubblici;;;;1;False
388187;L219;1224;536;5;1708.5;FABBRICATO;via revello;18;45.06943207;7.64844938;Edificio scolastico (es.: scuola di ogni ordine e grado, università, scuola di formazione);Prima del 1919;Nessuno;Patrimonio indisponibile;Utilizzato direttamente;Attività didattica;;;;1;False
388188;L219;1224;546;10;38.0;FABBRICATO;corso racconigi;51;45.06986552;7.64782467;Locale commerciale, negozio;Dal 1991 al 2000;Nessuno;Patrimonio disponibile;Utilizzato direttamente;Attività commerciale e di ristorazione;;;;1;False
388189;L219;1224;546;11;31.0;FABBRICATO;corso racconigi;51;45.06986552;7.64782467;Locale commerciale, negozio;Dal 1991 al 2000;Nessuno;Patrimonio disponibile;Utilizzato direttamente;Attività commerciale e di ristorazione;;;;1;False
388190;L219;1224;546;12;35.0;FABBRICATO;corso racconigi;51;45.06986552;7.64782467;Locale commerciale, negozio;Dal 1991 al 2000;Nessuno;Patrimonio disponibile;Utilizzato direttamente;Attività commerciale e di ristorazione;;;;1;False
388191;L219;1224;546;17;28.0;FABBRICATO;corso racconigi;51;45.06986552;7.64782467;Locale commerciale, negozio;Dal 1991 al 2000;Nessuno;Patrimonio disponibile;Utilizzato direttamente;Attività commerciale e di ristorazione;;;;1;False
388192;L219;1224;546;18;36.0;FABBRICATO;corso racconigi;51;45.06986552;7.64782467;Locale commerciale, negozio;Dal 1991 al 2000;Nessuno;Patrimonio disponibile;Utilizzato direttamente;Attività commerciale e di ristorazione;;;;1;False
388193;L219;1224;546;2;32.0;FABBRICATO;corso racconigi;51;45.06986552;7.64782467;Locale commerciale, negozio;Dal 1991 al 2000;Nessuno;Patrimonio disponibile;Utilizzato direttamente;Attività commerciale e di ristorazione;;;;1;False
388194;L219;1224;546;21;30.0;FABBRICATO;corso racconigi;51;45.06986552;7.64782467;Locale commerciale, negozio;Dal 1991 al 2000;Nessuno;Patrimonio disponibile;Utilizzato direttamente;Attività commerciale e di ristorazione;;;;1;False
388195;L219;1224;546;28;34.0;FABBRICATO;corso racconigi;51;45.06986552;7.64782467;Locale commerciale, negozio;Dal 1991 al 2000;Nessuno;Patrimonio disponibile;Utilizzato direttamente;Attività commerciale e di ristorazione;;;;1;False
388196;L219;1224;546;29;28.0;FABBRICATO;corso racconigi;51;45.06986552;7.64782467;Locale commerciale, negozio;Dal 1991 al 2000;Nessuno;Patrimonio disponibile;Utilizzato direttamente;Attività commerciale e di ristorazione;;;;1;False
388197;L219;1224;546;3;35.0;FABBRICATO;corso racconigi;51;45.06986552;7.64782467;Locale commerciale, negozio;Dal 1991 al 2000;Nessuno;Patrimonio disponibile;Utilizzato direttamente;Attività commerciale e di ristorazione;;;;1;False
388198;L219;1224;546;32;37.0;FABBRICATO;corso racconigi;51;45.06986552;7.64782467;Locale commerciale, negozio;Dal 1991 al 2000;Nessuno;Patrimonio disponibile;Utilizzato direttamente;Attività commerciale e di ristorazione;;;;1;False
388199;L219;1224;546;33;20.0;FABBRICATO;corso racconigi;51;45.06986552;7.64782467;Locale commerciale, negozio;Dal 1991 al 2000;Nessuno;Patrimonio disponibile;Utilizzato direttamente;Attività commerciale e di ristorazione;;;;1;False
388200;L219;1224;546;34;28.0;FABBRICATO;corso racconigi;51;45.06986552;7.64782467;Locale commerciale, negozio;Dal 1991 al 2000;Nessuno;Patrimonio disponibile;Utilizzato direttamente;Attività commerciale e di ristorazione;;;;1;False
388201;L219;1224;546;35;20.0;FABBRICATO;corso racconigi;51;45.06986552;7.64782467;Locale commerciale, negozio;Dal 1991 al 2000;Nessuno;Patrimonio disponibile;Utilizzato direttamente;Attività commerciale e di ristorazione;;;;1;False
388202;L219;1224;546;36;30.0;FABBRICATO;corso racconigi;51;45.06986552;7.64782467;Locale commerciale, negozio;Dal 1991 al 2000;Nessuno;Patrimonio disponibile;Utilizzato direttamente;Attività commerciale e di ristorazione;;;;1;False
388203;L219;1224;546;37;23.0;FABBRICATO;corso racconigi;51;45.06986552;7.64782467;Locale commerciale, negozio;Dal 1991 al 2000;Nessuno;Patrimonio disponibile;Utilizzato direttamente;Attività commerciale e di ristorazione;;;;1;False
388204;L219;1224;546;38;21.0;FABBRICATO;corso racconigi;51;45.06986552;7.64782467;Locale commerciale, negozio;Dal 1991 al 2000;Nessuno;Patrimonio disponibile;Utilizzato direttamente;Attività commerciale e di ristorazione;;;;1;False
388205;L219;1224;546;39;17.0;FABBRICATO;corso racconigi;51;45.06986552;7.64782467;Locale commerciale, negozio;Dal 1991 al 2000;Nessuno;Patrimonio disponibile;Utilizzato direttamente;Attività commerciale e di ristorazione;;;;1;False
388206;L219;1224;546;40;23.0;FABBRICATO;corso racconigi;51;45.06986552;7.64782467;Locale commerciale, negozio;Dal 1991 al 2000;Nessuno;Patrimonio disponibile;Utilizzato direttamente;Attività commerciale e di ristorazione;;;;1;False
388207;L219;1224;546;41;27.0;FABBRICATO;corso racconigi;51;45.06986552;7.64782467;Locale commerciale, negozio;Dal 1991 al 2000;Nessuno;Patrimonio disponibile;Utilizzato direttamente;Attività commerciale e di ristorazione;;;;1;False
388209;L219;1224;546;44;59.0;FABBRICATO;corso racconigi;51;45.06986552;7.64782467;Locale commerciale, negozio;Dal 1991 al 2000;Nessuno;Patrimonio disponibile;Utilizzato direttamente;Attività commerciale e di ristorazione;;;;1;False
388210;L219;1224;546;45;60.0;FABBRICATO;corso racconigi;51;45.06986552;7.64782467;Locale commerciale, negozio;Dal 1991 al 2000;Nessuno;Patrimonio disponibile;Utilizzato direttamente;Attività commerciale e di ristorazione;;;;1;False
388211;L219;1224;546;46;55.0;FABBRICATO;corso racconigi;51;45.06986552;7.64782467;Locale commerciale, negozio;Dal 1991 al 2000;Nessuno;Patrimonio disponibile;Utilizzato direttamente;Attività commerciale e di ristorazione;;;;1;False
388212;L219;1224;546;47;156.0;FABBRICATO;corso racconigi;51;45.06986552;7.64782467;Locale commerciale, negozio;Dal 1991 al 2000;Nessuno;Patrimonio disponibile;Utilizzato direttamente;Attività commerciale e di ristorazione;;;;1;False
388213;L219;1224;546;48;63.0;FABBRICATO;corso racconigi;51;45.06986552;7.64782467;Locale commerciale, negozio;Dal 1991 al 2000;Nessuno;Patrimonio disponibile;Utilizzato direttamente;Attività commerciale e di ristorazione;;;;1;False
388214;L219;1224;546;49;58.0;FABBRICATO;corso racconigi;51;45.06986552;7.64782467;Locale commerciale, negozio;Dal 1991 al 2000;Nessuno;Patrimonio disponibile;Utilizzato direttamente;Attività commerciale e di ristorazione;;;;1;False
388215;L219;1224;546;50;62.0;FABBRICATO;corso racconigi;51;45.06986552;7.64782467;Locale commerciale, negozio;Dal 1991 al 2000;Nessuno;Patrimonio disponibile;Utilizzato direttamente;Attività commerciale e di ristorazione;;;;1;False
388216;L219;1224;546;51;66.0;FABBRICATO;corso racconigi;51;45.06986552;7.64782467;Locale commerciale, negozio;Dal 1991 al 2000;Nessuno;Patrimonio disponibile;Utilizzato direttamente;Attività commerciale e di ristorazione;;;;1;False
388217;L219;1224;546;58;3137.5;FABBRICATO;Via Moretta;57;45.06986552;7.64782467;Edificio scolastico (es.: scuola di ogni ordine e grado, università, scuola di formazione);Dal 1971 al 1980;Nessuno;Patrimonio indisponibile;Utilizzato direttamente;Attività didattica;;;;1;False
388218;L219;1224;546;59;388.0;FABBRICATO;via moretta;57 A;45.06986552;7.64782467;Impianto sportivo;Dal 1971 al 1980;Nessuno;Patrimonio indisponibile;Utilizzato direttamente;Altro;;;;1;False
388223;L219;1224;546;8;29.0;FABBRICATO;corso racconigi;51;45.06986552;7.64782467;Locale commerciale, negozio;Dal 1991 al 2000;Nessuno;Patrimonio disponibile;Utilizzato direttamente;Attività commerciale e di ristorazione;;;;1;False
388224;L219;1224;546;9;30.0;FABBRICATO;corso racconigi;51;45.06986552;7.64782467;Locale commerciale, negozio;Dal 1991 al 2000;Nessuno;Patrimonio disponibile;Utilizzato direttamente;Attività commerciale e di ristorazione;;;;1;False
388241;L219;1342;167;5;923.25;FABBRICATO;via reni guido;53;45.0515873;7.6310427;Edificio scolastico (es.: scuola di ogni ordine e grado, università, scuola di formazione);Dal 1971 al 1980;Nessuno;Patrimonio indisponibile;Utilizzato direttamente;Attività didattica;;;;1;False
388242;L219;1342;167;6;84.0;FABBRICATO;via reni guido;53;45.0515873;7.6310427;Abitazione;Dal 1971 al 1980;Nessuno;Patrimonio indisponibile;Utilizzato direttamente;Alloggio di servizio, foresterie;;;;1;False
388244;L219;1342;167;8;86.0;FABBRICATO;via castelgomberto;20;45.0515873;7.6310427;Locale commerciale, negozio;Dal 1971 al 1980;Nessuno;Patrimonio indisponibile;Utilizzato direttamente;Attività commerciale e di ristorazione;;;;1;False
388250;L219;1440;53;2;4770.0;FABBRICATO;via sidoli giuditta;10;45.0277206;7.6457842;Edificio scolastico (es.: scuola di ogni ordine e grado, università, scuola di formazione);Dal 1981 al 1990;Nessuno;Patrimonio indisponibile;Utilizzato direttamente;Attività didattica;;;;1;False
388254;L219;1439;63;109;193.8;FABBRICATO;via sidoli giuditta;18;45.0266335;7.6462298;Struttura residenziale collettiva (es.: collegi e convitti, educandati, ricoveri, orfanotrofi, ospizi, conventi, seminari);Dal 1946 al 1960;Nessuno;Patrimonio indisponibile;Utilizzato direttamente;Servizi assistenza socio-sanitaria (non residenziali);;;;1;False
388273;L219;1312;1;;5000.0;FABBRICATO;via figlie dei militari;25;45.0645265;7.7102464;Struttura residenziale collettiva (es.: collegi e convitti, educandati, ricoveri, orfanotrofi, ospizi, conventi, seminari);Prima del 1919;Dichiarazione di interesse culturale;Demanio;Non utilizzato;Non Dichiarato;;;;1;False
388279;L219;1287;133;2;82.0;FABBRICATO;Via Giuseppe Peano;3;45.061543;7.6611668;Abitazione;Dal 1946 al 1960;Nessuno;Patrimonio indisponibile;Utilizzato direttamente;Altro;;;;1;False
388299;L219;1402;253;1;8280.5;FABBRICATO;via finalmarina;5;45.03286742;7.66898614;Edificio scolastico (es.: scuola di ogni ordine e grado, università, scuola di formazione);Prima del 1919;Dichiarazione di interesse culturale;Demanio;Utilizzato direttamente;Attività didattica;;;;1;False
388300;L219;1402;253;2;72.0;FABBRICATO;Via Finalmarina;7;45.03286742;7.66898614;Abitazione;Prima del 1919;Dichiarazione di interesse culturale;Demanio;Utilizzato direttamente;Alloggio di servizio, foresterie;;;;1;False
388301;L219;1402;253;3;72.0;FABBRICATO;Via Finalmarina;7;45.03286742;7.66898614;Abitazione;Prima del 1919;Dichiarazione di interesse culturale;Demanio;Utilizzato direttamente;Alloggio di servizio, foresterie;;;;1;False
388306;L219;1421;299;3;108.0;FABBRICATO;Corso Caduti sul Lavoro;11;45.0269004;7.6681843;Abitazione;Dal 1961 al 1970;Nessuno;Patrimonio indisponibile;;Non Dichiarato;in locazione;0.0;01/01/2019;1;False
388307;L219;1337;329;5;10952.0;FABBRICATO;Via Giorgio Bidone;9;45.05321819;7.67728328;Edificio scolastico (es.: scuola di ogni ordine e grado, università, scuola di formazione);Prima del 1919;Nessuno;Patrimonio indisponibile;Utilizzato direttamente;Attività didattica;;;;1;False
388309;L219;1337;329;7;139.0;FABBRICATO;Via Belfiore;46;45.05321819;7.67728328;Abitazione;Prima del 1919;Nessuno;Patrimonio indisponibile;Utilizzato direttamente;Alloggio di servizio, foresterie;;;;1;False
388314;L219;1280;19;2;5834.25;FABBRICATO;Via Sant'Ottavio;7;45.0677133;7.6931356;Edificio scolastico (es.: scuola di ogni ordine e grado, università, scuola di formazione);Dal 1919 al 1945;Dichiarazione di interesse culturale;Demanio;Utilizzato direttamente;Attività didattica;;;;1;False
388315;L219;1280;19;3;56.0;FABBRICATO;Via Sant'Ottavio;7;45.0677133;7.6931356;Abitazione;Dal 1919 al 1945;Dichiarazione di interesse culturale;Demanio;Utilizzato direttamente;Alloggio di servizio, foresterie;;;;1;False
388316;L219;1280;19;4;56.0;FABBRICATO;Via Sant'Ottavio;7;45.0677133;7.6931356;Abitazione;Dal 1919 al 1945;Dichiarazione di interesse culturale;Demanio;Utilizzato direttamente;Alloggio di servizio, foresterie;;;;1;False
388317;L219;1280;19;5;48.0;FABBRICATO;Via Sant'Ottavio;7;45.0677133;7.6931356;Abitazione;Dal 1919 al 1945;Dichiarazione di interesse culturale;Demanio;Utilizzato direttamente;Alloggio di servizio, foresterie;;;;1;False
388319;L219;1307;46;10;62.0;FABBRICATO;Via della Rocca;7;45.0637825;7.6938129;Parcheggio collettivo;Prima del 1919;Dichiarazione di interesse culturale;Demanio;Utilizzato direttamente;Attività didattica;;;;1;False
388320;L219;1307;46;11;344.0;FABBRICATO;Via della Rocca;7;45.0637825;7.6938129;Abitazione;Prima del 1919;Dichiarazione di interesse culturale;Demanio;Utilizzato direttamente;Alloggio di servizio, foresterie;;;;1;False
388321;L219;1307;46;12;32.0;FABBRICATO;Via della Rocca;7;45.0637825;7.6938129;Abitazione;Prima del 1919;Dichiarazione di interesse culturale;Demanio;Utilizzato direttamente;Alloggio di servizio, foresterie;;;;1;False
388322;L219;1307;46;13;15.0;FABBRICATO;Via della Rocca;7;45.0637825;7.6938129;Cantina, soffitta, rimessa, box, garage, posto auto aperto/scoperto,;Prima del 1919;Dichiarazione di interesse culturale;Demanio;Utilizzato direttamente;Attività didattica;;;;1;False
388323;L219;1307;46;14;48.0;FABBRICATO;Via della Rocca;7;45.0637825;7.6938129;Abitazione;Prima del 1919;Dichiarazione di interesse culturale;Demanio;Utilizzato direttamente;Alloggio di servizio, foresterie;;;;1;False
388324;L219;1307;46;15;56.0;FABBRICATO;Via della Rocca;7;45.0637825;7.6938129;Abitazione;Prima del 1919;Dichiarazione di interesse culturale;Demanio;Utilizzato direttamente;Alloggio di servizio, foresterie;;;;1;False
388325;L219;1307;46;16;56.0;FABBRICATO;Via della Rocca;7;45.0637825;7.6938129;Abitazione;Prima del 1919;Dichiarazione di interesse culturale;Demanio;Utilizzato direttamente;Alloggio di servizio, foresterie;;;;1;False
388326;L219;1307;46;2;248.0;FABBRICATO;Via della Rocca;5;45.0637825;7.6938129;Abitazione;Prima del 1919;Dichiarazione di interesse culturale;Demanio;Utilizzato direttamente;Alloggio di servizio, foresterie;;;;1;False
388327;L219;1307;46;3;96.0;FABBRICATO;Via della Rocca;5;45.0637825;7.6938129;Abitazione;Prima del 1919;Dichiarazione di interesse culturale;Demanio;Utilizzato direttamente;Alloggio di servizio, foresterie;;;;1;False
388328;L219;1307;46;4;144.0;FABBRICATO;Via della Rocca;5;45.0637825;7.6938129;Abitazione;Prima del 1919;Dichiarazione di interesse culturale;Demanio;Utilizzato direttamente;Alloggio di servizio, foresterie;;;;1;False
388329;L219;1307;46;5;240.0;FABBRICATO;Via della Rocca;5;45.0637825;7.6938129;Abitazione;Prima del 1919;Dichiarazione di interesse culturale;Demanio;Utilizzato direttamente;Alloggio di servizio, foresterie;;;;1;False
388330;L219;1307;46;6;72.0;FABBRICATO;Via della Rocca;7;45.0637825;7.6938129;Abitazione;Prima del 1919;Dichiarazione di interesse culturale;Demanio;Utilizzato direttamente;Alloggio di servizio, foresterie;;;;1;False
388331;L219;1307;46;7;20.0;FABBRICATO;Via della Rocca;7;45.0637825;7.6938129;Cantina, soffitta, rimessa, box, garage, posto auto aperto/scoperto,;Prima del 1919;Dichiarazione di interesse culturale;Demanio;Utilizzato direttamente;Attività didattica;;;;1;False
388332;L219;1307;46;8;38.0;FABBRICATO;Via della Rocca;7;45.0637825;7.6938129;Parcheggio collettivo;Prima del 1919;Dichiarazione di interesse culturale;Demanio;Utilizzato direttamente;Attività didattica;;;;1;False
388333;L219;1307;46;9;26.0;FABBRICATO;Via della Rocca;7;45.0637825;7.6938129;Cantina, soffitta, rimessa, box, garage, posto auto aperto/scoperto,;Prima del 1919;Dichiarazione di interesse culturale;Demanio;Utilizzato direttamente;Attività didattica;;;;1;False
388344;L219;1242;28;7;646.0;FABBRICATO;via valfre' beato sebastiano;8;45.0704485;7.6709685;Magazzino e locali di deposito;Prima del 1919;Dichiarazione di interesse culturale;Demanio;Utilizzato direttamente;Attività didattica;;;;1;False
388345;L219;1244;42;13;4830.57;FABBRICATO;Via Davide Bertolotti;10;45.0695279;7.6744748;Ufficio strutturato ed assimilabili;Prima del 1919;Nessuno;Patrimonio indisponibile;Utilizzato direttamente;Attività amministrativa/uffici pubblici;;;;1;False
388346;L219;1244;42;14;8015.0;FABBRICATO;Via Antonio Meucci;9;45.0695279;7.6744748;Edificio scolastico (es.: scuola di ogni ordine e grado, università, scuola di formazione);Prima del 1919;Nessuno;Patrimonio indisponibile;Utilizzato direttamente;Attività didattica;;;;1;False
392799;L219;1239;269;4;13651.75;FABBRICATO;Via Paolo Borsellino;38;45.0673423;7.656643;Edificio scolastico (es.: scuola di ogni ordine e grado, università, scuola di formazione);Dopo il 2010;Nessuno;ND;;Non Dichiarato;in concessione a titolo oneroso;0.0;01/01/2019;1;False
440181;L219;1245;446;1;12.0;FABBRICATO;VIA S. DOMENICO;SNC;45.0750577;7.6810784;Cantina, soffitta, rimessa, box, garage, posto auto aperto/scoperto,;Dal 2001 al 2010;Nessuno;Patrimonio indisponibile;Utilizzato direttamente;Attività didattica;;;;1;False
440182;L219;1245;446;10;10.0;FABBRICATO;VIA S. DOMENICO;SNC;45.0750577;7.6810784;Cantina, soffitta, rimessa, box, garage, posto auto aperto/scoperto,;Dal 2001 al 2010;Nessuno;Patrimonio indisponibile;Utilizzato direttamente;Attività didattica;;;;1;False
440183;L219;1245;446;11;13.0;FABBRICATO;VIA S. DOMENICO;SNC;45.0750577;7.6810784;Cantina, soffitta, rimessa, box, garage, posto auto aperto/scoperto,;Dal 2001 al 2010;Nessuno;Patrimonio indisponibile;Utilizzato direttamente;Attività didattica;;;;1;False
440184;L219;1245;446;15;14.0;FABBRICATO;VIA S. DOMENICO;SNC;45.0750577;7.6810784;Cantina, soffitta, rimessa, box, garage, posto auto aperto/scoperto,;Dal 2001 al 2010;Nessuno;Patrimonio indisponibile;Utilizzato direttamente;Attività didattica;;;;1;False
440185;L219;1245;446;16;12.0;FABBRICATO;VIA S. DOMENICO;SNC;45.0750577;7.6810784;Cantina, soffitta, rimessa, box, garage, posto auto aperto/scoperto,;Dal 2001 al 2010;Nessuno;Patrimonio indisponibile;Utilizzato direttamente;Attività didattica;;;;1;False
440186;L219;1245;446;17;12.0;FABBRICATO;VIA S. DOMENICO;SNC;45.0750577;7.6810784;Cantina, soffitta, rimessa, box, garage, posto auto aperto/scoperto,;Dal 2001 al 2010;Nessuno;Patrimonio indisponibile;Utilizzato direttamente;Attività didattica;;;;1;False
440187;L219;1245;446;18;11.0;FABBRICATO;VIA S. DOMENICO;SNC;45.0750577;7.6810784;Cantina, soffitta, rimessa, box, garage, posto auto aperto/scoperto,;Dal 2001 al 2010;Nessuno;Patrimonio indisponibile;Utilizzato direttamente;Attività didattica;;;;1;False
440189;L219;1245;446;2;15.0;FABBRICATO;VIA S. DOMENICO;SNC;45.0750577;7.6810784;Cantina, soffitta, rimessa, box, garage, posto auto aperto/scoperto,;Dal 2001 al 2010;Nessuno;Patrimonio indisponibile;Utilizzato direttamente;Attività didattica;;;;1;False
440190;L219;1245;446;21;516.25;FABBRICATO;Via Gian Francesco Bellezia;21;45.0750577;7.6810784;Edificio scolastico (es.: scuola di ogni ordine e grado, università, scuola di formazione);Dal 2001 al 2010;Nessuno;Patrimonio indisponibile;Utilizzato direttamente;Attività didattica;;;;1;False
440191;L219;1245;446;6;13.0;FABBRICATO;VIA S. DOMENICO;SNC;45.0750577;7.6810784;Cantina, soffitta, rimessa, box, garage, posto auto aperto/scoperto,;Dal 2001 al 2010;Nessuno;Patrimonio indisponibile;Utilizzato direttamente;Attività didattica;;;;1;False
440192;L219;1245;446;7;12.0;FABBRICATO;VIA S. DOMENICO;SNC;45.0750577;7.6810784;Cantina, soffitta, rimessa, box, garage, posto auto aperto/scoperto,;Dal 2001 al 2010;Nessuno;Patrimonio indisponibile;Utilizzato direttamente;Attività didattica;;;;1;False
440193;L219;1245;446;8;12.0;FABBRICATO;VIA S. DOMENICO;SNC;45.0750577;7.6810784;Cantina, soffitta, rimessa, box, garage, posto auto aperto/scoperto,;Dal 2001 al 2010;Nessuno;Patrimonio indisponibile;Utilizzato direttamente;Attività didattica;;;;1;False
440194;L219;1245;446;9;12.0;FABBRICATO;VIA S. DOMENICO;SNC;45.0750577;7.6810784;Cantina, soffitta, rimessa, box, garage, posto auto aperto/scoperto,;Dal 2001 al 2010;Nessuno;Patrimonio indisponibile;Utilizzato direttamente;Attività didattica;;;;1;False
572845;L219;1073;54;2;47.0;FABBRICATO;via pirano;1 3;45.1014813;7.6452793;Abitazione;Dal 1946 al 1960;Nessuno;Patrimonio indisponibile;Utilizzato direttamente;Altro;;;;1;False
572846;L219;1073;54;20;42.0;FABBRICATO;via pirano;5 5;45.1014813;7.6452793;Abitazione;Dal 1946 al 1960;Nessuno;Patrimonio indisponibile;Utilizzato direttamente;Altro;;;;1;False
572847;L219;1073;54;24;46.0;FABBRICATO;via pirano;5 5;45.1014813;7.6452793;Abitazione;Dal 1946 al 1960;Nessuno;Patrimonio indisponibile;Utilizzato direttamente;Altro;;;;1;False
572848;L219;1073;54;34;52.0;FABBRICATO;via pirano;9 7;45.1014813;7.6452793;Abitazione;Dal 1946 al 1960;Nessuno;Patrimonio indisponibile;Utilizzato direttamente;Altro;;;;1;False
572849;L219;1073;54;35;48.0;FABBRICATO;via pirano;9 7;45.1014813;7.6452793;Abitazione;Dal 1946 al 1960;Nessuno;Patrimonio indisponibile;Utilizzato direttamente;Altro;;;;1;False
572850;L219;1073;54;44;51.0;FABBRICATO;via pirano;9 8;45.1014813;7.6452793;Abitazione;Dal 1946 al 1960;Nessuno;Patrimonio indisponibile;Utilizzato direttamente;Altro;;;;1;False
572851;L219;1073;54;45;54.0;FABBRICATO;via pirano;9 8;45.1014813;7.6452793;Abitazione;Dal 1946 al 1960;Nessuno;Patrimonio indisponibile;Utilizzato direttamente;Altro;;;;1;False
572852;L219;1073;54;48;52.0;FABBRICATO;via pirano;9 8;45.1014813;7.6452793;Abitazione;Dal 1946 al 1960;Nessuno;Patrimonio indisponibile;Utilizzato direttamente;Altro;;;;1;False
572853;L219;1073;54;77;80.0;FABBRICATO;via pirano;9 9;45.1014813;7.6452793;Abitazione;Dal 1946 al 1960;Nessuno;Patrimonio indisponibile;Utilizzato direttamente;Altro;;;;1;False
572854;L219;1073;54;61;48.0;FABBRICATO;via pirano;9 10;45.1014813;7.6452793;Abitazione;Dal 1946 al 1960;Nessuno;Patrimonio indisponibile;Utilizzato direttamente;Altro;;;;1;False
572856;L219;1073;54;70;53.0;FABBRICATO;via pirano;9 11;45.1014813;7.6452793;Abitazione;Dal 1946 al 1960;Nessuno;Patrimonio indisponibile;Utilizzato direttamente;Altro;;;;1;False
573650;L219;1426;96;1;830.75;FABBRICATO;Via Eleonora d'Arborea 9;9;45.034763;7.6404952;Edificio scolastico (es.: scuola di ogni ordine e grado, università, scuola di formazione);Dal 1971 al 1980;Nessuno;Patrimonio indisponibile;Utilizzato direttamente;Attività didattica;;;;1;False
573651;L219;1426;96;2;102.0;FABBRICATO;Via Eleonora d'Arborea 9;9;45.034763;7.6404952;Abitazione;Dal 1971 al 1980;Nessuno;Patrimonio indisponibile;Utilizzato direttamente;Alloggio di servizio, foresterie;;;;1;False
573936;L219;1444;190;16;83.0;FABBRICATO;Via Passo Buole;7;45.0221533;7.662;Abitazione;Dal 1946 al 1960;Nessuno;Patrimonio indisponibile;Utilizzato direttamente;Altro;;;;1;False
574562;L219;52;6;407;17.0;FABBRICATO;via orvieto;1 21A;45.0934097;7.6689561;Cantina, soffitta, rimessa, box, garage, posto auto aperto/scoperto,;Dal 2001 al 2010;Nessuno;Patrimonio indisponibile;Utilizzato direttamente;Altro;;;;1;False
574563;L219;52;6;408;15.0;FABBRICATO;via orvieto;1 21A;45.0934097;7.6689561;Cantina, soffitta, rimessa, box, garage, posto auto aperto/scoperto,;Dal 2001 al 2010;Nessuno;Patrimonio indisponibile;Utilizzato direttamente;Altro;;;;1;False
574564;L219;52;6;409;16.0;FABBRICATO;via orvieto;1 21A;45.0934097;7.6689561;Cantina, soffitta, rimessa, box, garage, posto auto aperto/scoperto,;Dal 2001 al 2010;Nessuno;Patrimonio indisponibile;Utilizzato direttamente;Altro;;;;1;False
574565;L219;52;6;410;17.0;FABBRICATO;via orvieto;1 21A;45.0934097;7.6689561;Cantina, soffitta, rimessa, box, garage, posto auto aperto/scoperto,;Dal 2001 al 2010;Nessuno;Patrimonio indisponibile;Utilizzato direttamente;Altro;;;;1;False
574566;L219;52;6;411;16.0;FABBRICATO;via orvieto;1 21A;45.0934097;7.6689561;Cantina, soffitta, rimessa, box, garage, posto auto aperto/scoperto,;Dal 2001 al 2010;Nessuno;Patrimonio indisponibile;Utilizzato direttamente;Altro;;;;1;False
574567;L219;52;6;412;15.0;FABBRICATO;via orvieto;1 21A;45.0934097;7.6689561;Cantina, soffitta, rimessa, box, garage, posto auto aperto/scoperto,;Dal 2001 al 2010;Nessuno;Patrimonio indisponibile;Utilizzato direttamente;Altro;;;;1;False
574568;L219;52;6;413;16.0;FABBRICATO;via orvieto;1 21A;45.0934097;7.6689561;Cantina, soffitta, rimessa, box, garage, posto auto aperto/scoperto,;Dal 2001 al 2010;Nessuno;Patrimonio indisponibile;Utilizzato direttamente;Altro;;;;1;False
574569;L219;52;6;414;16.0;FABBRICATO;via orvieto;1 21A;45.0934097;7.6689561;Cantina, soffitta, rimessa, box, garage, posto auto aperto/scoperto,;Dal 2001 al 2010;Nessuno;Patrimonio indisponibile;Utilizzato direttamente;Altro;;;;1;False
574570;L219;52;6;415;15.0;FABBRICATO;via orvieto;1 21A;45.0934097;7.6689561;Cantina, soffitta, rimessa, box, garage, posto auto aperto/scoperto,;Dal 2001 al 2010;Nessuno;Patrimonio indisponibile;Utilizzato direttamente;Altro;;;;1;False
574571;L219;52;6;416;16.0;FABBRICATO;via orvieto;1 21A;45.0934097;7.6689561;Cantina, soffitta, rimessa, box, garage, posto auto aperto/scoperto,;Dal 2001 al 2010;Nessuno;Patrimonio indisponibile;Utilizzato direttamente;Altro;;;;1;False
574572;L219;52;6;417;16.0;FABBRICATO;via orvieto;1 21A;45.0934097;7.6689561;Cantina, soffitta, rimessa, box, garage, posto auto aperto/scoperto,;Dal 2001 al 2010;Nessuno;Patrimonio indisponibile;Utilizzato direttamente;Altro;;;;1;False
574573;L219;52;6;418;15.0;FABBRICATO;via orvieto;1 21A;45.0934097;7.6689561;Cantina, soffitta, rimessa, box, garage, posto auto aperto/scoperto,;Dal 2001 al 2010;Nessuno;Patrimonio indisponibile;Utilizzato direttamente;Altro;;;;1;False
574574;L219;52;6;419;14.0;FABBRICATO;via orvieto;1 21A;45.0934097;7.6689561;Cantina, soffitta, rimessa, box, garage, posto auto aperto/scoperto,;Dal 2001 al 2010;Nessuno;Patrimonio indisponibile;Utilizzato direttamente;Altro;;;;1;False
574575;L219;52;6;420;15.0;FABBRICATO;via orvieto;1 21A;45.0934097;7.6689561;Cantina, soffitta, rimessa, box, garage, posto auto aperto/scoperto,;Dal 2001 al 2010;Nessuno;Patrimonio indisponibile;Utilizzato direttamente;Altro;;;;1;False
574576;L219;52;6;421;15.0;FABBRICATO;via orvieto;1 21A;45.0934097;7.6689561;Cantina, soffitta, rimessa, box, garage, posto auto aperto/scoperto,;Dal 2001 al 2010;Nessuno;Patrimonio indisponibile;Utilizzato direttamente;Altro;;;;1;False
574577;L219;52;6;422;15.0;FABBRICATO;via orvieto;1 21A;45.0934097;7.6689561;Cantina, soffitta, rimessa, box, garage, posto auto aperto/scoperto,;Dal 2001 al 2010;Nessuno;Patrimonio indisponibile;Utilizzato direttamente;Altro;;;;1;False
574578;L219;52;6;423;15.0;FABBRICATO;via orvieto;1 21A;45.0934097;7.6689561;Cantina, soffitta, rimessa, box, garage, posto auto aperto/scoperto,;Dal 2001 al 2010;Nessuno;Patrimonio indisponibile;Utilizzato direttamente;Altro;;;;1;False
574579;L219;52;6;424;15.0;FABBRICATO;via orvieto;1 21A;45.0934097;7.6689561;Cantina, soffitta, rimessa, box, garage, posto auto aperto/scoperto,;Dal 2001 al 2010;Nessuno;Patrimonio indisponibile;Utilizzato direttamente;Altro;;;;1;False
574580;L219;52;6;425;14.0;FABBRICATO;via orvieto;1 21A;45.0934097;7.6689561;Cantina, soffitta, rimessa, box, garage, posto auto aperto/scoperto,;Dal 2001 al 2010;Nessuno;Patrimonio indisponibile;Utilizzato direttamente;Altro;;;;1;False
574581;L219;52;6;426;14.0;FABBRICATO;via orvieto;1 21A;45.0934097;7.6689561;Cantina, soffitta, rimessa, box, garage, posto auto aperto/scoperto,;Dal 2001 al 2010;Nessuno;Patrimonio indisponibile;Utilizzato direttamente;Altro;;;;1;False
574582;L219;52;6;427;15.0;FABBRICATO;via orvieto;1 21A;45.0934097;7.6689561;Cantina, soffitta, rimessa, box, garage, posto auto aperto/scoperto,;Dal 2001 al 2010;Nessuno;Patrimonio indisponibile;Utilizzato direttamente;Altro;;;;1;False
574583;L219;52;6;428;15.0;FABBRICATO;via orvieto;1 21A;45.0934097;7.6689561;Cantina, soffitta, rimessa, box, garage, posto auto aperto/scoperto,;Dal 2001 al 2010;Nessuno;Patrimonio indisponibile;Utilizzato direttamente;Altro;;;;1;False
574584;L219;52;6;429;15.0;FABBRICATO;via orvieto;1 21A;45.0934097;7.6689561;Cantina, soffitta, rimessa, box, garage, posto auto aperto/scoperto,;Dal 2001 al 2010;Nessuno;Patrimonio indisponibile;Utilizzato direttamente;Altro;;;;1;False
574585;L219;52;6;430;15.0;FABBRICATO;via orvieto;1 21A;45.0934097;7.6689561;Cantina, soffitta, rimessa, box, garage, posto auto aperto/scoperto,;Dal 2001 al 2010;Nessuno;Patrimonio indisponibile;Utilizzato direttamente;Altro;;;;1;False
574586;L219;52;6;431;15.0;FABBRICATO;via orvieto;1 21A;45.0934097;7.6689561;Cantina, soffitta, rimessa, box, garage, posto auto aperto/scoperto,;Dal 2001 al 2010;Nessuno;Patrimonio indisponibile;Utilizzato direttamente;Altro;;;;1;False
574587;L219;52;6;432;14.0;FABBRICATO;via orvieto;1 21A;45.0934097;7.6689561;Cantina, soffitta, rimessa, box, garage, posto auto aperto/scoperto,;Dal 2001 al 2010;Nessuno;Patrimonio indisponibile;Utilizzato direttamente;Altro;;;;1;False
574588;L219;52;6;433;17.0;FABBRICATO;via orvieto;1 21A;45.0934097;7.6689561;Cantina, soffitta, rimessa, box, garage, posto auto aperto/scoperto,;Dal 2001 al 2010;Nessuno;Patrimonio indisponibile;Utilizzato direttamente;Altro;;;;1;False
574589;L219;52;6;434;16.0;FABBRICATO;via orvieto;1 21A;45.0934097;7.6689561;Cantina, soffitta, rimessa, box, garage, posto auto aperto/scoperto,;Dal 2001 al 2010;Nessuno;Patrimonio indisponibile;Utilizzato direttamente;Altro;;;;1;False
574590;L219;52;6;435;16.0;FABBRICATO;via orvieto;1 21A;45.0934097;7.6689561;Cantina, soffitta, rimessa, box, garage, posto auto aperto/scoperto,;Dal 2001 al 2010;Nessuno;Patrimonio indisponibile;Utilizzato direttamente;Altro;;;;1;False
574591;L219;52;6;436;16.0;FABBRICATO;via orvieto;1 21A;45.0934097;7.6689561;Cantina, soffitta, rimessa, box, garage, posto auto aperto/scoperto,;Dal 2001 al 2010;Nessuno;Patrimonio indisponibile;Utilizzato direttamente;Altro;;;;1;False
574592;L219;52;6;437;16.0;FABBRICATO;via orvieto;1 21A;45.0934097;7.6689561;Cantina, soffitta, rimessa, box, garage, posto auto aperto/scoperto,;Dal 2001 al 2010;Nessuno;Patrimonio indisponibile;Utilizzato direttamente;Altro;;;;1;False
574593;L219;52;6;438;16.0;FABBRICATO;via orvieto;1 21A;45.0934097;7.6689561;Cantina, soffitta, rimessa, box, garage, posto auto aperto/scoperto,;Dal 2001 al 2010;Nessuno;Patrimonio indisponibile;Utilizzato direttamente;Altro;;;;1;False
574594;L219;52;6;439;16.0;FABBRICATO;via orvieto;1 21A;45.0934097;7.6689561;Cantina, soffitta, rimessa, box, garage, posto auto aperto/scoperto,;Dal 2001 al 2010;Nessuno;Patrimonio indisponibile;Utilizzato direttamente;Altro;;;;1;False
574595;L219;52;6;440;16.0;FABBRICATO;via orvieto;1 21A;45.0934097;7.6689561;Cantina, soffitta, rimessa, box, garage, posto auto aperto/scoperto,;Dal 2001 al 2010;Nessuno;Patrimonio indisponibile;Utilizzato direttamente;Altro;;;;1;False
574596;L219;52;6;441;16.0;FABBRICATO;via orvieto;1 21A;45.0934097;7.6689561;Cantina, soffitta, rimessa, box, garage, posto auto aperto/scoperto,;Dal 2001 al 2010;Nessuno;Patrimonio indisponibile;Utilizzato direttamente;Altro;;;;1;False
574597;L219;52;6;442;16.0;FABBRICATO;via orvieto;1 21A;45.0934097;7.6689561;Cantina, soffitta, rimessa, box, garage, posto auto aperto/scoperto,;Dal 2001 al 2010;Nessuno;Patrimonio indisponibile;Utilizzato direttamente;Altro;;;;1;False
574598;L219;52;6;443;16.0;FABBRICATO;via orvieto;1 21A;45.0934097;7.6689561;Cantina, soffitta, rimessa, box, garage, posto auto aperto/scoperto,;Dal 2001 al 2010;Nessuno;Patrimonio indisponibile;Utilizzato direttamente;Altro;;;;1;False
574599;L219;52;6;444;16.0;FABBRICATO;via orvieto;1 21A;45.0934097;7.6689561;Cantina, soffitta, rimessa, box, garage, posto auto aperto/scoperto,;Dal 2001 al 2010;Nessuno;Patrimonio indisponibile;Utilizzato direttamente;Altro;;;;1;False
574600;L219;52;6;445;16.0;FABBRICATO;via orvieto;1 21A;45.0934097;7.6689561;Cantina, soffitta, rimessa, box, garage, posto auto aperto/scoperto,;Dal 2001 al 2010;Nessuno;Patrimonio indisponibile;Utilizzato direttamente;Altro;;;;1;False
574601;L219;52;6;446;17.0;FABBRICATO;via orvieto;1 21B;45.0934097;7.6689561;Cantina, soffitta, rimessa, box, garage, posto auto aperto/scoperto,;Dal 2001 al 2010;Nessuno;Patrimonio indisponibile;Utilizzato direttamente;Altro;;;;1;False
574602;L219;52;6;447;15.0;FABBRICATO;via orvieto;1 21B;45.0934097;7.6689561;Cantina, soffitta, rimessa, box, garage, posto auto aperto/scoperto,;Dal 2001 al 2010;Nessuno;Patrimonio indisponibile;Utilizzato direttamente;Altro;;;;1;False
574603;L219;52;6;448;16.0;FABBRICATO;via orvieto;1 21B;45.0934097;7.6689561;Cantina, soffitta, rimessa, box, garage, posto auto aperto/scoperto,;Dal 2001 al 2010;Nessuno;Patrimonio indisponibile;Utilizzato direttamente;Altro;;;;1;False
574604;L219;52;6;449;17.0;FABBRICATO;via orvieto;1 21B;45.0934097;7.6689561;Cantina, soffitta, rimessa, box, garage, posto auto aperto/scoperto,;Dal 2001 al 2010;Nessuno;Patrimonio indisponibile;Utilizzato direttamente;Altro;;;;1;False
574605;L219;52;6;450;16.0;FABBRICATO;via orvieto;1 21B;45.0934097;7.6689561;Cantina, soffitta, rimessa, box, garage, posto auto aperto/scoperto,;Dal 2001 al 2010;Nessuno;Patrimonio indisponibile;Utilizzato direttamente;Altro;;;;1;False
574606;L219;52;6;451;15.0;FABBRICATO;via orvieto;1 21B;45.0934097;7.6689561;Cantina, soffitta, rimessa, box, garage, posto auto aperto/scoperto,;Dal 2001 al 2010;Nessuno;Patrimonio indisponibile;Utilizzato direttamente;Altro;;;;1;False
574607;L219;52;6;452;16.0;FABBRICATO;via orvieto;1 21B;45.0934097;7.6689561;Cantina, soffitta, rimessa, box, garage, posto auto aperto/scoperto,;Dal 2001 al 2010;Nessuno;Patrimonio indisponibile;Utilizzato direttamente;Altro;;;;1;False
574608;L219;52;6;453;15.0;FABBRICATO;via orvieto;1 21B;45.0934097;7.6689561;Cantina, soffitta, rimessa, box, garage, posto auto aperto/scoperto,;Dal 2001 al 2010;Nessuno;Patrimonio indisponibile;Utilizzato direttamente;Altro;;;;1;False
574609;L219;52;6;454;15.0;FABBRICATO;via orvieto;1 21B;45.0934097;7.6689561;Cantina, soffitta, rimessa, box, garage, posto auto aperto/scoperto,;Dal 2001 al 2010;Nessuno;Patrimonio indisponibile;Utilizzato direttamente;Altro;;;;1;False
574610;L219;52;6;455;16.0;FABBRICATO;via orvieto;1 21B;45.0934097;7.6689561;Cantina, soffitta, rimessa, box, garage, posto auto aperto/scoperto,;Dal 2001 al 2010;Nessuno;Patrimonio indisponibile;Utilizzato direttamente;Altro;;;;1;False
574611;L219;52;6;456;16.0;FABBRICATO;via orvieto;1 21B;45.0934097;7.6689561;Cantina, soffitta, rimessa, box, garage, posto auto aperto/scoperto,;Dal 2001 al 2010;Nessuno;Patrimonio indisponibile;Utilizzato direttamente;Altro;;;;1;False
574612;L219;52;6;457;15.0;FABBRICATO;via orvieto;1 21B;45.0934097;7.6689561;Cantina, soffitta, rimessa, box, garage, posto auto aperto/scoperto,;Dal 2001 al 2010;Nessuno;Patrimonio indisponibile;Utilizzato direttamente;Altro;;;;1;False
574613;L219;52;6;458;16.0;FABBRICATO;via orvieto;1 21B;45.0934097;7.6689561;Cantina, soffitta, rimessa, box, garage, posto auto aperto/scoperto,;Dal 2001 al 2010;Nessuno;Patrimonio indisponibile;Utilizzato direttamente;Altro;;;;1;False
574614;L219;52;6;459;16.0;FABBRICATO;via orvieto;1 21B;45.0934097;7.6689561;Cantina, soffitta, rimessa, box, garage, posto auto aperto/scoperto,;Dal 2001 al 2010;Nessuno;Patrimonio indisponibile;Utilizzato direttamente;Altro;;;;1;False
574615;L219;52;6;460;15.0;FABBRICATO;via orvieto;1 21B;45.0934097;7.6689561;Cantina, soffitta, rimessa, box, garage, posto auto aperto/scoperto,;Dal 2001 al 2010;Nessuno;Patrimonio indisponibile;Utilizzato direttamente;Altro;;;;1;False
574616;L219;52;6;461;14.0;FABBRICATO;via orvieto;1 21B;45.0934097;7.6689561;Cantina, soffitta, rimessa, box, garage, posto auto aperto/scoperto,;Dal 2001 al 2010;Nessuno;Patrimonio indisponibile;Utilizzato direttamente;Altro;;;;1;False
574617;L219;52;6;462;15.0;FABBRICATO;via orvieto;1 21B;45.0934097;7.6689561;Cantina, soffitta, rimessa, box, garage, posto auto aperto/scoperto,;Dal 2001 al 2010;Nessuno;Patrimonio indisponibile;Utilizzato direttamente;Altro;;;;1;False
574618;L219;52;6;463;15.0;FABBRICATO;via orvieto;1 21B;45.0934097;7.6689561;Cantina, soffitta, rimessa, box, garage, posto auto aperto/scoperto,;Dal 2001 al 2010;Nessuno;Patrimonio indisponibile;Utilizzato direttamente;Altro;;;;1;False
574619;L219;52;6;464;15.0;FABBRICATO;via orvieto;1 21B;45.0934097;7.6689561;Cantina, soffitta, rimessa, box, garage, posto auto aperto/scoperto,;Dal 2001 al 2010;Nessuno;Patrimonio indisponibile;Utilizzato direttamente;Altro;;;;1;False
574620;L219;52;6;465;15.0;FABBRICATO;via orvieto;1 21B;45.0934097;7.6689561;Cantina, soffitta, rimessa, box, garage, posto auto aperto/scoperto,;Dal 2001 al 2010;Nessuno;Patrimonio indisponibile;Utilizzato direttamente;Altro;;;;1;False
574621;L219;52;6;466;15.0;FABBRICATO;via orvieto;1 21B;45.0934097;7.6689561;Cantina, soffitta, rimessa, box, garage, posto auto aperto/scoperto,;Dal 2001 al 2010;Nessuno;Patrimonio indisponibile;Utilizzato direttamente;Altro;;;;1;False
574622;L219;52;6;467;14.0;FABBRICATO;via orvieto;1 21B;45.0934097;7.6689561;Cantina, soffitta, rimessa, box, garage, posto auto aperto/scoperto,;Dal 2001 al 2010;Nessuno;Patrimonio indisponibile;Utilizzato direttamente;Altro;;;;1;False
574623;L219;52;6;468;14.0;FABBRICATO;via orvieto;1 21B;45.0934097;7.6689561;Cantina, soffitta, rimessa, box, garage, posto auto aperto/scoperto,;Dal 2001 al 2010;Nessuno;Patrimonio indisponibile;Utilizzato direttamente;Altro;;;;1;False
574624;L219;52;6;469;15.0;FABBRICATO;via orvieto;1 21B;45.0934097;7.6689561;Cantina, soffitta, rimessa, box, garage, posto auto aperto/scoperto,;Dal 2001 al 2010;Nessuno;Patrimonio indisponibile;Utilizzato direttamente;Altro;;;;1;False
574625;L219;52;6;470;15.0;FABBRICATO;via orvieto;1 21B;45.0934097;7.6689561;Cantina, soffitta, rimessa, box, garage, posto auto aperto/scoperto,;Dal 2001 al 2010;Nessuno;Patrimonio indisponibile;Utilizzato direttamente;Altro;;;;1;False
574626;L219;52;6;471;15.0;FABBRICATO;via orvieto;1 21B;45.0934097;7.6689561;Cantina, soffitta, rimessa, box, garage, posto auto aperto/scoperto,;Dal 2001 al 2010;Nessuno;Patrimonio indisponibile;Utilizzato direttamente;Altro;;;;1;False
574627;L219;52;6;472;15.0;FABBRICATO;via orvieto;1 21B;45.0934097;7.6689561;Cantina, soffitta, rimessa, box, garage, posto auto aperto/scoperto,;Dal 2001 al 2010;Nessuno;Patrimonio indisponibile;Utilizzato direttamente;Altro;;;;1;False
574628;L219;52;6;473;15.0;FABBRICATO;via orvieto;1 21B;45.0934097;7.6689561;Cantina, soffitta, rimessa, box, garage, posto auto aperto/scoperto,;Dal 2001 al 2010;Nessuno;Patrimonio indisponibile;Utilizzato direttamente;Altro;;;;1;False
574629;L219;52;6;474;14.0;FABBRICATO;via orvieto;1 21B;45.0934097;7.6689561;Cantina, soffitta, rimessa, box, garage, posto auto aperto/scoperto,;Dal 2001 al 2010;Nessuno;Patrimonio indisponibile;Utilizzato direttamente;Altro;;;;1;False
574630;L219;52;6;475;17.0;FABBRICATO;via orvieto;1 21B;45.0934097;7.6689561;Cantina, soffitta, rimessa, box, garage, posto auto aperto/scoperto,;Dal 2001 al 2010;Nessuno;Patrimonio indisponibile;Utilizzato direttamente;Altro;;;;1;False
574631;L219;52;6;476;16.0;FABBRICATO;via orvieto;1 21B;45.0934097;7.6689561;Cantina, soffitta, rimessa, box, garage, posto auto aperto/scoperto,;Dal 2001 al 2010;Nessuno;Patrimonio indisponibile;Utilizzato direttamente;Altro;;;;1;False
574632;L219;52;6;477;16.0;FABBRICATO;via orvieto;1 21B;45.0934097;7.6689561;Cantina, soffitta, rimessa, box, garage, posto auto aperto/scoperto,;Dal 2001 al 2010;Nessuno;Patrimonio indisponibile;Utilizzato direttamente;Altro;;;;1;False
574633;L219;52;6;478;16.0;FABBRICATO;via orvieto;1 21B;45.0934097;7.6689561;Cantina, soffitta, rimessa, box, garage, posto auto aperto/scoperto,;Dal 2001 al 2010;Nessuno;Patrimonio indisponibile;Utilizzato direttamente;Altro;;;;1;False
574634;L219;52;6;479;16.0;FABBRICATO;via orvieto;1 21B;45.0934097;7.6689561;Cantina, soffitta, rimessa, box, garage, posto auto aperto/scoperto,;Dal 2001 al 2010;Nessuno;Patrimonio indisponibile;Utilizzato direttamente;Altro;;;;1;False
574635;L219;52;6;480;16.0;FABBRICATO;via orvieto;1 21B;45.0934097;7.6689561;Cantina, soffitta, rimessa, box, garage, posto auto aperto/scoperto,;Dal 2001 al 2010;Nessuno;Patrimonio indisponibile;Utilizzato direttamente;Altro;;;;1;False
574636;L219;52;6;481;16.0;FABBRICATO;via orvieto;1 21B;45.0934097;7.6689561;Cantina, soffitta, rimessa, box, garage, posto auto aperto/scoperto,;Dal 2001 al 2010;Nessuno;Patrimonio indisponibile;Utilizzato direttamente;Altro;;;;1;False
574637;L219;52;6;482;16.0;FABBRICATO;via orvieto;1 21B;45.0934097;7.6689561;Cantina, soffitta, rimessa, box, garage, posto auto aperto/scoperto,;Dal 2001 al 2010;Nessuno;Patrimonio indisponibile;Utilizzato direttamente;Altro;;;;1;False
574638;L219;52;6;483;16.0;FABBRICATO;via orvieto;1 21B;45.0934097;7.6689561;Cantina, soffitta, rimessa, box, garage, posto auto aperto/scoperto,;Dal 2001 al 2010;Nessuno;Patrimonio indisponibile;Utilizzato direttamente;Altro;;;;1;False
574639;L219;52;6;484;16.0;FABBRICATO;via orvieto;1 21B;45.0934097;7.6689561;Cantina, soffitta, rimessa, box, garage, posto auto aperto/scoperto,;Dal 2001 al 2010;Nessuno;Patrimonio indisponibile;Utilizzato direttamente;Altro;;;;1;False
574640;L219;52;6;485;16.0;FABBRICATO;via orvieto;1 21B;45.0934097;7.6689561;Cantina, soffitta, rimessa, box, garage, posto auto aperto/scoperto,;Dal 2001 al 2010;Nessuno;Patrimonio indisponibile;Utilizzato direttamente;Altro;;;;1;False
574641;L219;52;6;486;16.0;FABBRICATO;via orvieto;1 21B;45.0934097;7.6689561;Cantina, soffitta, rimessa, box, garage, posto auto aperto/scoperto,;Dal 2001 al 2010;Nessuno;Patrimonio indisponibile;Utilizzato direttamente;Altro;;;;1;False
574642;L219;52;6;487;16.0;FABBRICATO;via orvieto;1 21B;45.0934097;7.6689561;Cantina, soffitta, rimessa, box, garage, posto auto aperto/scoperto,;Dal 2001 al 2010;Nessuno;Patrimonio indisponibile;Utilizzato direttamente;Altro;;;;1;False
574643;L219;52;6;488;86.0;FABBRICATO;via orvieto;1 23;45.0934097;7.6689561;Abitazione;Dal 2001 al 2010;Nessuno;Patrimonio indisponibile;Utilizzato direttamente;Altro;;;;1;False
574644;L219;52;6;489;53.0;FABBRICATO;via orvieto;1 23;45.0934097;7.6689561;Abitazione;Dal 2001 al 2010;Nessuno;Patrimonio indisponibile;Utilizzato direttamente;Altro;;;;1;False
574645;L219;52;6;490;94.0;FABBRICATO;via orvieto;1 23;45.0934097;7.6689561;Abitazione;Dal 2001 al 2010;Nessuno;Patrimonio indisponibile;Utilizzato direttamente;Altro;;;;1;False
574646;L219;52;6;491;71.0;FABBRICATO;via orvieto;1 23;45.0934097;7.6689561;Abitazione;Dal 2001 al 2010;Nessuno;Patrimonio indisponibile;Utilizzato direttamente;Altro;;;;1;False
574647;L219;52;6;492;92.0;FABBRICATO;via orvieto;1 23;45.0934097;7.6689561;Abitazione;Dal 2001 al 2010;Nessuno;Patrimonio indisponibile;Utilizzato direttamente;Altro;;;;1;False
574648;L219;52;6;493;71.0;FABBRICATO;via orvieto;1 23;45.0934097;7.6689561;Abitazione;Dal 2001 al 2010;Nessuno;Patrimonio indisponibile;Utilizzato direttamente;Altro;;;;1;False
574649;L219;52;6;494;94.0;FABBRICATO;via orvieto;1 23;45.0934097;7.6689561;Abitazione;Dal 2001 al 2010;Nessuno;Patrimonio indisponibile;Utilizzato direttamente;Altro;;;;1;False
574650;L219;52;6;495;71.0;FABBRICATO;via orvieto;1 23;45.0934097;7.6689561;Abitazione;Dal 2001 al 2010;Nessuno;Patrimonio indisponibile;Utilizzato direttamente;Altro;;;;1;False
574651;L219;52;6;496;92.0;FABBRICATO;via orvieto;1 23;45.0934097;7.6689561;Abitazione;Dal 2001 al 2010;Nessuno;Patrimonio indisponibile;Utilizzato direttamente;Altro;;;;1;False
574652;L219;52;6;497;88.0;FABBRICATO;via orvieto;1 23;45.0934097;7.6689561;Abitazione;Dal 2001 al 2010;Nessuno;Patrimonio indisponibile;Utilizzato direttamente;Altro;;;;1;False
574653;L219;52;6;498;94.0;FABBRICATO;via orvieto;1 23;45.0934097;7.6689561;Abitazione;Dal 2001 al 2010;Nessuno;Patrimonio indisponibile;Utilizzato direttamente;Altro;;;;1;False
574654;L219;52;6;499;88.0;FABBRICATO;via orvieto;1 23;45.0934097;7.6689561;Abitazione;Dal 2001 al 2010;Nessuno;Patrimonio indisponibile;Utilizzato direttamente;Altro;;;;1;False
574655;L219;52;6;500;91.0;FABBRICATO;via orvieto;1 23;45.0934097;7.6689561;Abitazione;Dal 2001 al 2010;Nessuno;Patrimonio indisponibile;Utilizzato direttamente;Altro;;;;1;False
574656;L219;52;6;501;87.0;FABBRICATO;via orvieto;1 23;45.0934097;7.6689561;Abitazione;Dal 2001 al 2010;Nessuno;Patrimonio indisponibile;Utilizzato direttamente;Altro;;;;1;False
574657;L219;52;6;502;92.0;FABBRICATO;via orvieto;1 23;45.0934097;7.6689561;Abitazione;Dal 2001 al 2010;Nessuno;Patrimonio indisponibile;Utilizzato direttamente;Altro;;;;1;False
574658;L219;52;6;503;90.0;FABBRICATO;via orvieto;1 23;45.0934097;7.6689561;Abitazione;Dal 2001 al 2010;Nessuno;Patrimonio indisponibile;Utilizzato direttamente;Altro;;;;1;False
574659;L219;52;6;504;99.0;FABBRICATO;via orvieto;1 27;45.0934097;7.6689561;Abitazione;Dal 2001 al 2010;Nessuno;Patrimonio indisponibile;Utilizzato direttamente;Altro;;;;1;False
574660;L219;52;6;505;47.0;FABBRICATO;via orvieto;1 27;45.0934097;7.6689561;Abitazione;Dal 2001 al 2010;Nessuno;Patrimonio indisponibile;Utilizzato direttamente;Altro;;;;1;False
574661;L219;52;6;506;54.0;FABBRICATO;via orvieto;1 27;45.0934097;7.6689561;Abitazione;Dal 2001 al 2010;Nessuno;Patrimonio indisponibile;Utilizzato direttamente;Altro;;;;1;False
574662;L219;52;6;507;101.0;FABBRICATO;via orvieto;1 27;45.0934097;7.6689561;Abitazione;Dal 2001 al 2010;Nessuno;Patrimonio indisponibile;Utilizzato direttamente;Altro;;;;1;False
574663;L219;52;6;508;75.0;FABBRICATO;via orvieto;1 27;45.0934097;7.6689561;Abitazione;Dal 2001 al 2010;Nessuno;Patrimonio indisponibile;Utilizzato direttamente;Altro;;;;1;False
574664;L219;52;6;509;53.0;FABBRICATO;via orvieto;1 27;45.0934097;7.6689561;Abitazione;Dal 2001 al 2010;Nessuno;Patrimonio indisponibile;Utilizzato direttamente;Altro;;;;1;False
574665;L219;52;6;510;101.0;FABBRICATO;via orvieto;1 27;45.0934097;7.6689561;Abitazione;Dal 2001 al 2010;Nessuno;Patrimonio indisponibile;Utilizzato direttamente;Altro;;;;1;False
574666;L219;52;6;511;76.0;FABBRICATO;via orvieto;1 27;45.0934097;7.6689561;Abitazione;Dal 2001 al 2010;Nessuno;Patrimonio indisponibile;Utilizzato direttamente;Altro;;;;1;False
574667;L219;52;6;512;53.0;FABBRICATO;via orvieto;1 27;45.0934097;7.6689561;Abitazione;Dal 2001 al 2010;Nessuno;Patrimonio indisponibile;Utilizzato direttamente;Altro;;;;1;False
574668;L219;52;6;513;101.0;FABBRICATO;via orvieto;1 27;45.0934097;7.6689561;Abitazione;Dal 2001 al 2010;Nessuno;Patrimonio indisponibile;Utilizzato direttamente;Altro;;;;1;False
574669;L219;52;6;514;77.0;FABBRICATO;via orvieto;1 27;45.0934097;7.6689561;Abitazione;Dal 2001 al 2010;Nessuno;Patrimonio indisponibile;Utilizzato direttamente;Altro;;;;1;False
574670;L219;52;6;515;53.0;FABBRICATO;via orvieto;1 27;45.0934097;7.6689561;Abitazione;Dal 2001 al 2010;Nessuno;Patrimonio indisponibile;Utilizzato direttamente;Altro;;;;1;False
574671;L219;52;6;516;85.0;FABBRICATO;via orvieto;1 27;45.0934097;7.6689561;Abitazione;Dal 2001 al 2010;Nessuno;Patrimonio indisponibile;Utilizzato direttamente;Altro;;;;1;False
574672;L219;52;6;517;76.0;FABBRICATO;via orvieto;1 27;45.0934097;7.6689561;Abitazione;Dal 2001 al 2010;Nessuno;Patrimonio indisponibile;Utilizzato direttamente;Altro;;;;1;False
574673;L219;52;6;518;53.0;FABBRICATO;via orvieto;1 27;45.0934097;7.6689561;Abitazione;Dal 2001 al 2010;Nessuno;Patrimonio indisponibile;Utilizzato direttamente;Altro;;;;1;False
574674;L219;52;6;519;85.0;FABBRICATO;via orvieto;1 27;45.0934097;7.6689561;Abitazione;Dal 2001 al 2010;Nessuno;Patrimonio indisponibile;Utilizzato direttamente;Altro;;;;1;False
574675;L219;52;6;520;76.0;FABBRICATO;via orvieto;1 27;45.0934097;7.6689561;Abitazione;Dal 2001 al 2010;Nessuno;Patrimonio indisponibile;Utilizzato direttamente;Altro;;;;1;False
574676;L219;52;6;521;53.0;FABBRICATO;via orvieto;1 27;45.0934097;7.6689561;Abitazione;Dal 2001 al 2010;Nessuno;Patrimonio indisponibile;Utilizzato direttamente;Altro;;;;1;False
574677;L219;52;6;522;84.0;FABBRICATO;via orvieto;1 27;45.0934097;7.6689561;Abitazione;Dal 2001 al 2010;Nessuno;Patrimonio indisponibile;Utilizzato direttamente;Altro;;;;1;False
574678;L219;52;6;523;73.0;FABBRICATO;via orvieto;1 27;45.0934097;7.6689561;Abitazione;Dal 2001 al 2010;Nessuno;Patrimonio indisponibile;Utilizzato direttamente;Altro;;;;1;False
574679;L219;52;6;524;55.0;FABBRICATO;via orvieto;1 27;45.0934097;7.6689561;Abitazione;Dal 2001 al 2010;Nessuno;Patrimonio indisponibile;Utilizzato direttamente;Altro;;;;1;False
574680;L219;52;6;525;74.0;FABBRICATO;via orvieto;1 27;45.0934097;7.6689561;Abitazione;Dal 2001 al 2010;Nessuno;Patrimonio indisponibile;Utilizzato direttamente;Altro;;;;1;False
574681;L219;52;6;526;60.0;FABBRICATO;via orvieto;1 27;45.0934097;7.6689561;Abitazione;Dal 2001 al 2010;Nessuno;Patrimonio indisponibile;Utilizzato direttamente;Altro;;;;1;False
574682;L219;52;6;527;73.0;FABBRICATO;via orvieto;1 27;45.0934097;7.6689561;Abitazione;Dal 2001 al 2010;Nessuno;Patrimonio indisponibile;Utilizzato direttamente;Altro;;;;1;False
574683;L219;52;6;528;61.0;FABBRICATO;via orvieto;1 27;45.0934097;7.6689561;Abitazione;Dal 2001 al 2010;Nessuno;Patrimonio indisponibile;Utilizzato direttamente;Altro;;;;1;False
574684;L219;52;6;529;75.0;FABBRICATO;via orvieto;1 27;45.0934097;7.6689561;Abitazione;Dal 2001 al 2010;Nessuno;Patrimonio indisponibile;Utilizzato direttamente;Altro;;;;1;False
574685;L219;52;6;530;61.0;FABBRICATO;via orvieto;1 27;45.0934097;7.6689561;Abitazione;Dal 2001 al 2010;Nessuno;Patrimonio indisponibile;Utilizzato direttamente;Altro;;;;1;False
574686;L219;52;6;531;56.0;FABBRICATO;via orvieto;1 29;45.0934097;7.6689561;Abitazione;Dal 2001 al 2010;Nessuno;Patrimonio indisponibile;Utilizzato direttamente;Altro;;;;1;False
574687;L219;52;6;532;72.0;FABBRICATO;via orvieto;1 29;45.0934097;7.6689561;Abitazione;Dal 2001 al 2010;Nessuno;Patrimonio indisponibile;Utilizzato direttamente;Altro;;;;1;False
574688;L219;52;6;533;55.0;FABBRICATO;via orvieto;1 29;45.0934097;7.6689561;Abitazione;Dal 2001 al 2010;Nessuno;Patrimonio indisponibile;Utilizzato direttamente;Altro;;;;1;False
574689;L219;52;6;534;48.0;FABBRICATO;via orvieto;1 29;45.0934097;7.6689561;Abitazione;Dal 2001 al 2010;Nessuno;Patrimonio indisponibile;Utilizzato direttamente;Altro;;;;1;False
574690;L219;52;6;535;46.0;FABBRICATO;via orvieto;1 29;45.0934097;7.6689561;Abitazione;Dal 2001 al 2010;Nessuno;Patrimonio indisponibile;Utilizzato direttamente;Altro;;;;1;False
574691;L219;52;6;536;56.0;FABBRICATO;via orvieto;1 29;45.0934097;7.6689561;Abitazione;Dal 2001 al 2010;Nessuno;Patrimonio indisponibile;Utilizzato direttamente;Altro;;;;1;False
574692;L219;52;6;537;49.0;FABBRICATO;via orvieto;1 29;45.0934097;7.6689561;Abitazione;Dal 2001 al 2010;Nessuno;Patrimonio indisponibile;Utilizzato direttamente;Altro;;;;1;False
574693;L219;52;6;538;46.0;FABBRICATO;via orvieto;1 29;45.0934097;7.6689561;Abitazione;Dal 2001 al 2010;Nessuno;Patrimonio indisponibile;Utilizzato direttamente;Altro;;;;1;False
574694;L219;52;6;539;55.0;FABBRICATO;via orvieto;1 29;45.0934097;7.6689561;Abitazione;Dal 2001 al 2010;Nessuno;Patrimonio indisponibile;Utilizzato direttamente;Altro;;;;1;False
574695;L219;52;6;540;48.0;FABBRICATO;via orvieto;1 29;45.0934097;7.6689561;Abitazione;Dal 2001 al 2010;Nessuno;Patrimonio indisponibile;Utilizzato direttamente;Altro;;;;1;False
574696;L219;52;6;541;45.0;FABBRICATO;via orvieto;1 29;45.0934097;7.6689561;Abitazione;Dal 2001 al 2010;Nessuno;Patrimonio indisponibile;Utilizzato direttamente;Altro;;;;1;False
574697;L219;52;6;542;56.0;FABBRICATO;via orvieto;1 29;45.0934097;7.6689561;Abitazione;Dal 2001 al 2010;Nessuno;Patrimonio indisponibile;Utilizzato direttamente;Altro;;;;1;False
574698;L219;52;6;543;48.0;FABBRICATO;via orvieto;1 29;45.0934097;7.6689561;Abitazione;Dal 2001 al 2010;Nessuno;Patrimonio indisponibile;Utilizzato direttamente;Altro;;;;1;False
574699;L219;52;6;544;46.0;FABBRICATO;via orvieto;1 29;45.0934097;7.6689561;Abitazione;Dal 2001 al 2010;Nessuno;Patrimonio indisponibile;Utilizzato direttamente;Altro;;;;1;False
574700;L219;52;6;545;55.0;FABBRICATO;via orvieto;1 29;45.0934097;7.6689561;Abitazione;Dal 2001 al 2010;Nessuno;Patrimonio indisponibile;Utilizzato direttamente;Altro;;;;1;False
574701;L219;52;6;546;48.0;FABBRICATO;via orvieto;1 29;45.0934097;7.6689561;Abitazione;Dal 2001 al 2010;Nessuno;Patrimonio indisponibile;Utilizzato direttamente;Altro;;;;1;False
574702;L219;52;6;547;45.0;FABBRICATO;via orvieto;1 29;45.0934097;7.6689561;Abitazione;Dal 2001 al 2010;Nessuno;Patrimonio indisponibile;Utilizzato direttamente;Altro;;;;1;False
574703;L219;52;6;548;56.0;FABBRICATO;via orvieto;1 29;45.0934097;7.6689561;Abitazione;Dal 2001 al 2010;Nessuno;Patrimonio indisponibile;Utilizzato direttamente;Altro;;;;1;False
574704;L219;52;6;549;46.0;FABBRICATO;via orvieto;1 29;45.0934097;7.6689561;Abitazione;Dal 2001 al 2010;Nessuno;Patrimonio indisponibile;Utilizzato direttamente;Altro;;;;1;False
574705;L219;52;6;550;46.0;FABBRICATO;via orvieto;1 29;45.0934097;7.6689561;Abitazione;Dal 2001 al 2010;Nessuno;Patrimonio indisponibile;Utilizzato direttamente;Altro;;;;1;False
574706;L219;52;6;551;67.0;FABBRICATO;via orvieto;1 31;45.0934097;7.6689561;Abitazione;Dal 2001 al 2010;Nessuno;Patrimonio indisponibile;Utilizzato direttamente;Altro;;;;1;False
574707;L219;52;6;552;82.0;FABBRICATO;via orvieto;1 31;45.0934097;7.6689561;Abitazione;Dal 2001 al 2010;Nessuno;Patrimonio indisponibile;Utilizzato direttamente;Altro;;;;1;False
574708;L219;52;6;553;82.0;FABBRICATO;via orvieto;1 31;45.0934097;7.6689561;Abitazione;Dal 2001 al 2010;Nessuno;Patrimonio indisponibile;Utilizzato direttamente;Altro;;;;1;False
574709;L219;52;6;554;84.0;FABBRICATO;via orvieto;1 31;45.0934097;7.6689561;Abitazione;Dal 2001 al 2010;Nessuno;Patrimonio indisponibile;Utilizzato direttamente;Altro;;;;1;False
574710;L219;52;6;555;84.0;FABBRICATO;via orvieto;1 31;45.0934097;7.6689561;Abitazione;Dal 2001 al 2010;Nessuno;Patrimonio indisponibile;Utilizzato direttamente;Altro;;;;1;False
574711;L219;52;6;556;86.0;FABBRICATO;via orvieto;1 31;45.0934097;7.6689561;Abitazione;Dal 2001 al 2010;Nessuno;Patrimonio indisponibile;Utilizzato direttamente;Altro;;;;1;False
574712;L219;52;6;557;82.0;FABBRICATO;via orvieto;1 31;45.0934097;7.6689561;Abitazione;Dal 2001 al 2010;Nessuno;Patrimonio indisponibile;Utilizzato direttamente;Altro;;;;1;False
574713;L219;52;6;558;84.0;FABBRICATO;via orvieto;1 31;45.0934097;7.6689561;Abitazione;Dal 2001 al 2010;Nessuno;Patrimonio indisponibile;Utilizzato direttamente;Altro;;;;1;False
574714;L219;52;6;559;83.0;FABBRICATO;via orvieto;1 31;45.0934097;7.6689561;Abitazione;Dal 2001 al 2010;Nessuno;Patrimonio indisponibile;Utilizzato direttamente;Altro;;;;1;False
574715;L219;52;6;560;85.0;FABBRICATO;via orvieto;1 31;45.0934097;7.6689561;Abitazione;Dal 2001 al 2010;Nessuno;Patrimonio indisponibile;Utilizzato direttamente;Altro;;;;1;False
574716;L219;52;6;561;82.0;FABBRICATO;via orvieto;1 31;45.0934097;7.6689561;Abitazione;Dal 2001 al 2010;Nessuno;Patrimonio indisponibile;Utilizzato direttamente;Altro;;;;1;False
574717;L219;52;6;562;84.0;FABBRICATO;via orvieto;1 31;45.0934097;7.6689561;Abitazione;Dal 2001 al 2010;Nessuno;Patrimonio indisponibile;Utilizzato direttamente;Altro;;;;1;False
574718;L219;52;6;563;84.0;FABBRICATO;via orvieto;1 31;45.0934097;7.6689561;Abitazione;Dal 2001 al 2010;Nessuno;Patrimonio indisponibile;Utilizzato direttamente;Altro;;;;1;False
574719;L219;52;6;564;85.0;FABBRICATO;via orvieto;1 31;45.0934097;7.6689561;Abitazione;Dal 2001 al 2010;Nessuno;Patrimonio indisponibile;Utilizzato direttamente;Altro;;;;1;False
574720;L219;52;6;565;85.0;FABBRICATO;via orvieto;1 31;45.0934097;7.6689561;Abitazione;Dal 2001 al 2010;Nessuno;Patrimonio indisponibile;Utilizzato direttamente;Altro;;;;1;False
574721;L219;52;6;566;82.0;FABBRICATO;via orvieto;1 31;45.0934097;7.6689561;Abitazione;Dal 2001 al 2010;Nessuno;Patrimonio indisponibile;Utilizzato direttamente;Altro;;;;1;False
574722;L219;52;6;567;85.0;FABBRICATO;via orvieto;1 31;45.0934097;7.6689561;Abitazione;Dal 2001 al 2010;Nessuno;Patrimonio indisponibile;Utilizzato direttamente;Altro;;;;1;False
574723;L219;52;6;568;82.0;FABBRICATO;via orvieto;1 31;45.0934097;7.6689561;Abitazione;Dal 2001 al 2010;Nessuno;Patrimonio indisponibile;Utilizzato direttamente;Altro;;;;1;False
574724;L219;52;6;580;14.0;FABBRICATO;via orvieto;1 21A;45.0934097;7.6689561;Cantina, soffitta, rimessa, box, garage, posto auto aperto/scoperto,;Dal 2001 al 2010;Nessuno;Patrimonio indisponibile;Utilizzato direttamente;Altro;;;;1;False
574725;L219;52;6;581;15.0;FABBRICATO;via orvieto;1 21A;45.0934097;7.6689561;Cantina, soffitta, rimessa, box, garage, posto auto aperto/scoperto,;Dal 2001 al 2010;Nessuno;Patrimonio indisponibile;Utilizzato direttamente;Altro;;;;1;False
574726;L219;52;6;582;16.0;FABBRICATO;via orvieto;1 21A;45.0934097;7.6689561;Cantina, soffitta, rimessa, box, garage, posto auto aperto/scoperto,;Dal 2001 al 2010;Nessuno;Patrimonio indisponibile;Utilizzato direttamente;Altro;;;;1;False
574727;L219;52;6;583;16.0;FABBRICATO;via orvieto;1 21A;45.0934097;7.6689561;Cantina, soffitta, rimessa, box, garage, posto auto aperto/scoperto,;Dal 2001 al 2010;Nessuno;Patrimonio indisponibile;Utilizzato direttamente;Altro;;;;1;False
574728;L219;52;6;584;16.0;FABBRICATO;via orvieto;1 21A;45.0934097;7.6689561;Cantina, soffitta, rimessa, box, garage, posto auto aperto/scoperto,;Dal 2001 al 2010;Nessuno;Patrimonio indisponibile;Utilizzato direttamente;Altro;;;;1;False
574729;L219;52;6;585;13.0;FABBRICATO;via orvieto;1 21A;45.0934097;7.6689561;Cantina, soffitta, rimessa, box, garage, posto auto aperto/scoperto,;Dal 2001 al 2010;Nessuno;Patrimonio indisponibile;Utilizzato direttamente;Altro;;;;1;False
574730;L219;52;6;586;14.0;FABBRICATO;via orvieto;1 21A;45.0934097;7.6689561;Cantina, soffitta, rimessa, box, garage, posto auto aperto/scoperto,;Dal 2001 al 2010;Nessuno;Patrimonio indisponibile;Utilizzato direttamente;Altro;;;;1;False
574731;L219;52;6;587;16.0;FABBRICATO;via orvieto;1 21A;45.0934097;7.6689561;Cantina, soffitta, rimessa, box, garage, posto auto aperto/scoperto,;Dal 2001 al 2010;Nessuno;Patrimonio indisponibile;Utilizzato direttamente;Altro;;;;1;False
574732;L219;52;6;588;16.0;FABBRICATO;via orvieto;1 21A;45.0934097;7.6689561;Cantina, soffitta, rimessa, box, garage, posto auto aperto/scoperto,;Dal 2001 al 2010;Nessuno;Patrimonio indisponibile;Utilizzato direttamente;Altro;;;;1;False
574733;L219;52;6;589;13.0;FABBRICATO;via orvieto;1 21A;45.0934097;7.6689561;Cantina, soffitta, rimessa, box, garage, posto auto aperto/scoperto,;Dal 2001 al 2010;Nessuno;Patrimonio indisponibile;Utilizzato direttamente;Altro;;;;1;False
574734;L219;52;6;590;16.0;FABBRICATO;via orvieto;1 21A;45.0934097;7.6689561;Cantina, soffitta, rimessa, box, garage, posto auto aperto/scoperto,;Dal 2001 al 2010;Nessuno;Patrimonio indisponibile;Utilizzato direttamente;Altro;;;;1;False
574735;L219;52;6;591;16.0;FABBRICATO;via orvieto;1 21A;45.0934097;7.6689561;Cantina, soffitta, rimessa, box, garage, posto auto aperto/scoperto,;Dal 2001 al 2010;Nessuno;Patrimonio indisponibile;Utilizzato direttamente;Altro;;;;1;False
574736;L219;52;6;592;16.0;FABBRICATO;via orvieto;1 21A;45.0934097;7.6689561;Cantina, soffitta, rimessa, box, garage, posto auto aperto/scoperto,;Dal 2001 al 2010;Nessuno;Patrimonio indisponibile;Utilizzato direttamente;Altro;;;;1;False
574737;L219;52;6;593;16.0;FABBRICATO;via orvieto;1 21A;45.0934097;7.6689561;Cantina, soffitta, rimessa, box, garage, posto auto aperto/scoperto,;Dal 2001 al 2010;Nessuno;Patrimonio indisponibile;Utilizzato direttamente;Altro;;;;1;False
574738;L219;52;6;594;16.0;FABBRICATO;via orvieto;1 21A;45.0934097;7.6689561;Cantina, soffitta, rimessa, box, garage, posto auto aperto/scoperto,;Dal 2001 al 2010;Nessuno;Patrimonio indisponibile;Utilizzato direttamente;Altro;;;;1;False
574739;L219;52;6;595;16.0;FABBRICATO;via orvieto;1 21A;45.0934097;7.6689561;Cantina, soffitta, rimessa, box, garage, posto auto aperto/scoperto,;Dal 2001 al 2010;Nessuno;Patrimonio indisponibile;Utilizzato direttamente;Altro;;;;1;False
574740;L219;52;6;596;16.0;FABBRICATO;via orvieto;1 21A;45.0934097;7.6689561;Cantina, soffitta, rimessa, box, garage, posto auto aperto/scoperto,;Dal 2001 al 2010;Nessuno;Patrimonio indisponibile;Utilizzato direttamente;Altro;;;;1;False
574741;L219;52;6;597;16.0;FABBRICATO;via orvieto;1 21A;45.0934097;7.6689561;Cantina, soffitta, rimessa, box, garage, posto auto aperto/scoperto,;Dal 2001 al 2010;Nessuno;Patrimonio indisponibile;Utilizzato direttamente;Altro;;;;1;False
574742;L219;52;6;598;16.0;FABBRICATO;via orvieto;1 21A;45.0934097;7.6689561;Cantina, soffitta, rimessa, box, garage, posto auto aperto/scoperto,;Dal 2001 al 2010;Nessuno;Patrimonio indisponibile;Utilizzato direttamente;Altro;;;;1;False
574743;L219;52;6;599;14.0;FABBRICATO;via orvieto;1 21A;45.0934097;7.6689561;Cantina, soffitta, rimessa, box, garage, posto auto aperto/scoperto,;Dal 2001 al 2010;Nessuno;Patrimonio indisponibile;Utilizzato direttamente;Altro;;;;1;False
574744;L219;52;6;600;14.0;FABBRICATO;via orvieto;1 21A;45.0934097;7.6689561;Cantina, soffitta, rimessa, box, garage, posto auto aperto/scoperto,;Dal 2001 al 2010;Nessuno;Patrimonio indisponibile;Utilizzato direttamente;Altro;;;;1;False
574745;L219;52;6;601;14.0;FABBRICATO;via orvieto;1 21A;45.0934097;7.6689561;Cantina, soffitta, rimessa, box, garage, posto auto aperto/scoperto,;Dal 2001 al 2010;Nessuno;Patrimonio indisponibile;Utilizzato direttamente;Altro;;;;1;False
574746;L219;52;6;602;14.0;FABBRICATO;via orvieto;1 21A;45.0934097;7.6689561;Cantina, soffitta, rimessa, box, garage, posto auto aperto/scoperto,;Dal 2001 al 2010;Nessuno;Patrimonio indisponibile;Utilizzato direttamente;Altro;;;;1;False
574747;L219;52;6;603;14.0;FABBRICATO;via orvieto;1 21A;45.0934097;7.6689561;Cantina, soffitta, rimessa, box, garage, posto auto aperto/scoperto,;Dal 2001 al 2010;Nessuno;Patrimonio indisponibile;Utilizzato direttamente;Altro;;;;1;False
574748;L219;52;6;604;15.0;FABBRICATO;via orvieto;1 21A;45.0934097;7.6689561;Cantina, soffitta, rimessa, box, garage, posto auto aperto/scoperto,;Dal 2001 al 2010;Nessuno;Patrimonio indisponibile;Utilizzato direttamente;Altro;;;;1;False
574749;L219;52;6;605;14.0;FABBRICATO;via orvieto;1 21B;45.0934097;7.6689561;Cantina, soffitta, rimessa, box, garage, posto auto aperto/scoperto,;Dal 2001 al 2010;Nessuno;Patrimonio indisponibile;Utilizzato direttamente;Altro;;;;1;False
574750;L219;52;6;606;15.0;FABBRICATO;via orvieto;1 21B;45.0934097;7.6689561;Cantina, soffitta, rimessa, box, garage, posto auto aperto/scoperto,;Dal 2001 al 2010;Nessuno;Patrimonio indisponibile;Utilizzato direttamente;Altro;;;;1;False
574751;L219;52;6;607;16.0;FABBRICATO;via orvieto;1 21B;45.0934097;7.6689561;Cantina, soffitta, rimessa, box, garage, posto auto aperto/scoperto,;Dal 2001 al 2010;Nessuno;Patrimonio indisponibile;Utilizzato direttamente;Altro;;;;1;False
574752;L219;52;6;608;16.0;FABBRICATO;via orvieto;1 21B;45.0934097;7.6689561;Cantina, soffitta, rimessa, box, garage, posto auto aperto/scoperto,;Dal 2001 al 2010;Nessuno;Patrimonio indisponibile;Utilizzato direttamente;Altro;;;;1;False
574753;L219;52;6;609;15.0;FABBRICATO;via orvieto;1 21B;45.0934097;7.6689561;Cantina, soffitta, rimessa, box, garage, posto auto aperto/scoperto,;Dal 2001 al 2010;Nessuno;Patrimonio indisponibile;Utilizzato direttamente;Altro;;;;1;False
574754;L219;52;6;610;13.0;FABBRICATO;via orvieto;1 21B;45.0934097;7.6689561;Cantina, soffitta, rimessa, box, garage, posto auto aperto/scoperto,;Dal 2001 al 2010;Nessuno;Patrimonio indisponibile;Utilizzato direttamente;Altro;;;;1;False
574755;L219;52;6;611;14.0;FABBRICATO;via orvieto;1 21B;45.0934097;7.6689561;Cantina, soffitta, rimessa, box, garage, posto auto aperto/scoperto,;Dal 2001 al 2010;Nessuno;Patrimonio indisponibile;Utilizzato direttamente;Altro;;;;1;False
574756;L219;52;6;612;14.0;FABBRICATO;via orvieto;1 21B;45.0934097;7.6689561;Cantina, soffitta, rimessa, box, garage, posto auto aperto/scoperto,;Dal 2001 al 2010;Nessuno;Patrimonio indisponibile;Utilizzato direttamente;Altro;;;;1;False
574757;L219;52;6;613;16.0;FABBRICATO;via orvieto;1 21B;45.0934097;7.6689561;Cantina, soffitta, rimessa, box, garage, posto auto aperto/scoperto,;Dal 2001 al 2010;Nessuno;Patrimonio indisponibile;Utilizzato direttamente;Altro;;;;1;False
574758;L219;52;6;614;13.0;FABBRICATO;via orvieto;1 21B;45.0934097;7.6689561;Cantina, soffitta, rimessa, box, garage, posto auto aperto/scoperto,;Dal 2001 al 2010;Nessuno;Patrimonio indisponibile;Utilizzato direttamente;Altro;;;;1;False
574759;L219;52;6;615;16.0;FABBRICATO;via orvieto;1 21B;45.0934097;7.6689561;Cantina, soffitta, rimessa, box, garage, posto auto aperto/scoperto,;Dal 2001 al 2010;Nessuno;Patrimonio indisponibile;Utilizzato direttamente;Altro;;;;1;False
574760;L219;52;6;616;16.0;FABBRICATO;via orvieto;1 21B;45.0934097;7.6689561;Cantina, soffitta, rimessa, box, garage, posto auto aperto/scoperto,;Dal 2001 al 2010;Nessuno;Patrimonio indisponibile;Utilizzato direttamente;Altro;;;;1;False
574761;L219;52;6;617;16.0;FABBRICATO;via orvieto;1 21B;45.0934097;7.6689561;Cantina, soffitta, rimessa, box, garage, posto auto aperto/scoperto,;Dal 2001 al 2010;Nessuno;Patrimonio indisponibile;Utilizzato direttamente;Altro;;;;1;False
574762;L219;52;6;618;16.0;FABBRICATO;via orvieto;1 21B;45.0934097;7.6689561;Cantina, soffitta, rimessa, box, garage, posto auto aperto/scoperto,;Dal 2001 al 2010;Nessuno;Patrimonio indisponibile;Utilizzato direttamente;Altro;;;;1;False
574763;L219;52;6;619;16.0;FABBRICATO;via orvieto;1 21B;45.0934097;7.6689561;Cantina, soffitta, rimessa, box, garage, posto auto aperto/scoperto,;Dal 2001 al 2010;Nessuno;Patrimonio indisponibile;Utilizzato direttamente;Altro;;;;1;False
574764;L219;52;6;620;16.0;FABBRICATO;via orvieto;1 21B;45.0934097;7.6689561;Cantina, soffitta, rimessa, box, garage, posto auto aperto/scoperto,;Dal 2001 al 2010;Nessuno;Patrimonio indisponibile;Utilizzato direttamente;Altro;;;;1;False
574765;L219;52;6;621;16.0;FABBRICATO;via orvieto;1 21B;45.0934097;7.6689561;Cantina, soffitta, rimessa, box, garage, posto auto aperto/scoperto,;Dal 2001 al 2010;Nessuno;Patrimonio indisponibile;Utilizzato direttamente;Altro;;;;1;False
574766;L219;52;6;622;16.0;FABBRICATO;via orvieto;1 21B;45.0934097;7.6689561;Cantina, soffitta, rimessa, box, garage, posto auto aperto/scoperto,;Dal 2001 al 2010;Nessuno;Patrimonio indisponibile;Utilizzato direttamente;Altro;;;;1;False
574767;L219;52;6;623;16.0;FABBRICATO;via orvieto;1 21B;45.0934097;7.6689561;Cantina, soffitta, rimessa, box, garage, posto auto aperto/scoperto,;Dal 2001 al 2010;Nessuno;Patrimonio indisponibile;Utilizzato direttamente;Altro;;;;1;False
574768;L219;52;6;624;14.0;FABBRICATO;via orvieto;1 21B;45.0934097;7.6689561;Cantina, soffitta, rimessa, box, garage, posto auto aperto/scoperto,;Dal 2001 al 2010;Nessuno;Patrimonio indisponibile;Utilizzato direttamente;Altro;;;;1;False
574769;L219;52;6;625;14.0;FABBRICATO;via orvieto;1 21B;45.0934097;7.6689561;Cantina, soffitta, rimessa, box, garage, posto auto aperto/scoperto,;Dal 2001 al 2010;Nessuno;Patrimonio indisponibile;Utilizzato direttamente;Altro;;;;1;False
574770;L219;52;6;626;14.0;FABBRICATO;via orvieto;1 21B;45.0934097;7.6689561;Cantina, soffitta, rimessa, box, garage, posto auto aperto/scoperto,;Dal 2001 al 2010;Nessuno;Patrimonio indisponibile;Utilizzato direttamente;Altro;;;;1;False
574771;L219;52;6;627;14.0;FABBRICATO;via orvieto;1 21B;45.0934097;7.6689561;Cantina, soffitta, rimessa, box, garage, posto auto aperto/scoperto,;Dal 2001 al 2010;Nessuno;Patrimonio indisponibile;Utilizzato direttamente;Altro;;;;1;False
574772;L219;52;6;628;14.0;FABBRICATO;via orvieto;1 21B;45.0934097;7.6689561;Cantina, soffitta, rimessa, box, garage, posto auto aperto/scoperto,;Dal 2001 al 2010;Nessuno;Patrimonio indisponibile;Utilizzato direttamente;Altro;;;;1;False
574773;L219;52;6;629;15.0;FABBRICATO;via orvieto;1 21B;45.0934097;7.6689561;Cantina, soffitta, rimessa, box, garage, posto auto aperto/scoperto,;Dal 2001 al 2010;Nessuno;Patrimonio indisponibile;Utilizzato direttamente;Altro;;;;1;False
574774;L219;52;6;632;92.0;FABBRICATO;via orvieto;1 5;45.0934097;7.6689561;Abitazione;Dal 2001 al 2010;Nessuno;Patrimonio indisponibile;Utilizzato direttamente;Altro;;;;1;False
574775;L219;52;6;633;57.0;FABBRICATO;via orvieto;1 5;45.0934097;7.6689561;Abitazione;Dal 2001 al 2010;Nessuno;Patrimonio indisponibile;Utilizzato direttamente;Altro;;;;1;False
574776;L219;52;6;634;93.0;FABBRICATO;via orvieto;1 5;45.0934097;7.6689561;Abitazione;Dal 2001 al 2010;Nessuno;Patrimonio indisponibile;Utilizzato direttamente;Altro;;;;1;False
574777;L219;52;6;635;57.0;FABBRICATO;via orvieto;1 5;45.0934097;7.6689561;Abitazione;Dal 2001 al 2010;Nessuno;Patrimonio indisponibile;Utilizzato direttamente;Altro;;;;1;False
574778;L219;52;6;636;93.0;FABBRICATO;via orvieto;1 5;45.0934097;7.6689561;Abitazione;Dal 2001 al 2010;Nessuno;Patrimonio indisponibile;Utilizzato direttamente;Altro;;;;1;False
574779;L219;52;6;637;57.0;FABBRICATO;via orvieto;1 5;45.0934097;7.6689561;Abitazione;Dal 2001 al 2010;Nessuno;Patrimonio indisponibile;Utilizzato direttamente;Altro;;;;1;False
574780;L219;52;6;638;92.0;FABBRICATO;via orvieto;1 5;45.0934097;7.6689561;Abitazione;Dal 2001 al 2010;Nessuno;Patrimonio indisponibile;Utilizzato direttamente;Altro;;;;1;False
574781;L219;52;6;639;57.0;FABBRICATO;via orvieto;1 5;45.0934097;7.6689561;Abitazione;Dal 2001 al 2010;Nessuno;Patrimonio indisponibile;Utilizzato direttamente;Altro;;;;1;False
574782;L219;52;6;640;92.0;FABBRICATO;via orvieto;1 5;45.0934097;7.6689561;Abitazione;Dal 2001 al 2010;Nessuno;Patrimonio indisponibile;Utilizzato direttamente;Altro;;;;1;False
574783;L219;52;6;641;57.0;FABBRICATO;via orvieto;1 5;45.0934097;7.6689561;Abitazione;Dal 2001 al 2010;Nessuno;Patrimonio indisponibile;Utilizzato direttamente;Altro;;;;1;False
574784;L219;52;6;642;92.0;FABBRICATO;via orvieto;1 5;45.0934097;7.6689561;Abitazione;Dal 2001 al 2010;Nessuno;Patrimonio indisponibile;Utilizzato direttamente;Altro;;;;1;False
574785;L219;52;6;643;56.0;FABBRICATO;via orvieto;1 5;45.0934097;7.6689561;Abitazione;Dal 2001 al 2010;Nessuno;Patrimonio indisponibile;Utilizzato direttamente;Altro;;;;1;False
574786;L219;52;6;644;54.0;FABBRICATO;via orvieto;1 5;45.0934097;7.6689561;Abitazione;Dal 2001 al 2010;Nessuno;Patrimonio indisponibile;Utilizzato direttamente;Altro;;;;1;False
574787;L219;52;6;645;58.0;FABBRICATO;via orvieto;1 5;45.0934097;7.6689561;Abitazione;Dal 2001 al 2010;Nessuno;Patrimonio indisponibile;Utilizzato direttamente;Altro;;;;1;False
574788;L219;52;6;649;55.0;FABBRICATO;via orvieto;1 7;45.0934097;7.6689561;Abitazione;Dal 2001 al 2010;Nessuno;Patrimonio indisponibile;Utilizzato direttamente;Altro;;;;1;False
574789;L219;52;6;650;75.0;FABBRICATO;via orvieto;1 7;45.0934097;7.6689561;Abitazione;Dal 2001 al 2010;Nessuno;Patrimonio indisponibile;Utilizzato direttamente;Altro;;;;1;False
574790;L219;52;6;651;48.0;FABBRICATO;via orvieto;1 7;45.0934097;7.6689561;Abitazione;Dal 2001 al 2010;Nessuno;Patrimonio indisponibile;Utilizzato direttamente;Altro;;;;1;False
574791;L219;52;6;652;55.0;FABBRICATO;via orvieto;1 7;45.0934097;7.6689561;Abitazione;Dal 2001 al 2010;Nessuno;Patrimonio indisponibile;Utilizzato direttamente;Altro;;;;1;False
574792;L219;52;6;653;74.0;FABBRICATO;via orvieto;1 7;45.0934097;7.6689561;Abitazione;Dal 2001 al 2010;Nessuno;Patrimonio indisponibile;Utilizzato direttamente;Altro;;;;1;False
574793;L219;52;6;654;57.0;FABBRICATO;via orvieto;1 7;45.0934097;7.6689561;Abitazione;Dal 2001 al 2010;Nessuno;Patrimonio indisponibile;Utilizzato direttamente;Altro;;;;1;False
574794;L219;52;6;655;55.0;FABBRICATO;via orvieto;1 7;45.0934097;7.6689561;Abitazione;Dal 2001 al 2010;Nessuno;Patrimonio indisponibile;Utilizzato direttamente;Altro;;;;1;False
574795;L219;52;6;656;75.0;FABBRICATO;via orvieto;1 7;45.0934097;7.6689561;Abitazione;Dal 2001 al 2010;Nessuno;Patrimonio indisponibile;Utilizzato direttamente;Altro;;;;1;False
574796;L219;52;6;657;57.0;FABBRICATO;via orvieto;1 7;45.0934097;7.6689561;Abitazione;Dal 2001 al 2010;Nessuno;Patrimonio indisponibile;Utilizzato direttamente;Altro;;;;1;False
574797;L219;52;6;658;55.0;FABBRICATO;via orvieto;1 7;45.0934097;7.6689561;Abitazione;Dal 2001 al 2010;Nessuno;Patrimonio indisponibile;Utilizzato direttamente;Altro;;;;1;False
574798;L219;52;6;659;74.0;FABBRICATO;via orvieto;1 7;45.0934097;7.6689561;Abitazione;Dal 2001 al 2010;Nessuno;Patrimonio indisponibile;Utilizzato direttamente;Altro;;;;1;False
574799;L219;52;6;660;57.0;FABBRICATO;via orvieto;1 7;45.0934097;7.6689561;Abitazione;Dal 2001 al 2010;Nessuno;Patrimonio indisponibile;Utilizzato direttamente;Altro;;;;1;False
574800;L219;52;6;661;55.0;FABBRICATO;via orvieto;1 7;45.0934097;7.6689561;Abitazione;Dal 2001 al 2010;Nessuno;Patrimonio indisponibile;Utilizzato direttamente;Altro;;;;1;False
574801;L219;52;6;662;75.0;FABBRICATO;via orvieto;1 7;45.0934097;7.6689561;Abitazione;Dal 2001 al 2010;Nessuno;Patrimonio indisponibile;Utilizzato direttamente;Altro;;;;1;False
574802;L219;52;6;663;56.0;FABBRICATO;via orvieto;1 7;45.0934097;7.6689561;Abitazione;Dal 2001 al 2010;Nessuno;Patrimonio indisponibile;Utilizzato direttamente;Altro;;;;1;False
574803;L219;52;6;664;55.0;FABBRICATO;via orvieto;1 7;45.0934097;7.6689561;Abitazione;Dal 2001 al 2010;Nessuno;Patrimonio indisponibile;Utilizzato direttamente;Altro;;;;1;False
574804;L219;52;6;665;70.0;FABBRICATO;via orvieto;1 7;45.0934097;7.6689561;Abitazione;Dal 2001 al 2010;Nessuno;Patrimonio indisponibile;Utilizzato direttamente;Altro;;;;1;False
574805;L219;52;6;666;57.0;FABBRICATO;via orvieto;1 7;45.0934097;7.6689561;Abitazione;Dal 2001 al 2010;Nessuno;Patrimonio indisponibile;Utilizzato direttamente;Altro;;;;1;False
574806;L219;52;6;667;54.0;FABBRICATO;via orvieto;1 7;45.0934097;7.6689561;Abitazione;Dal 2001 al 2010;Nessuno;Patrimonio indisponibile;Utilizzato direttamente;Altro;;;;1;False
574807;L219;52;6;668;71.0;FABBRICATO;via orvieto;1 7;45.0934097;7.6689561;Abitazione;Dal 2001 al 2010;Nessuno;Patrimonio indisponibile;Utilizzato direttamente;Altro;;;;1;False
574808;L219;52;6;669;52.0;FABBRICATO;via orvieto;1 7;45.0934097;7.6689561;Abitazione;Dal 2001 al 2010;Nessuno;Patrimonio indisponibile;Utilizzato direttamente;Altro;;;;1;False
574809;L219;52;6;670;56.0;FABBRICATO;via orvieto;1 7;45.0934097;7.6689561;Abitazione;Dal 2001 al 2010;Nessuno;Patrimonio indisponibile;Utilizzato direttamente;Altro;;;;1;False
574810;L219;52;6;671;72.0;FABBRICATO;via orvieto;1 7;45.0934097;7.6689561;Abitazione;Dal 2001 al 2010;Nessuno;Patrimonio indisponibile;Utilizzato direttamente;Altro;;;;1;False
574811;L219;52;6;672;51.0;FABBRICATO;via orvieto;1 7;45.0934097;7.6689561;Abitazione;Dal 2001 al 2010;Nessuno;Patrimonio indisponibile;Utilizzato direttamente;Altro;;;;1;False
574812;L219;52;6;673;56.0;FABBRICATO;via orvieto;1 7;45.0934097;7.6689561;Abitazione;Dal 2001 al 2010;Nessuno;Patrimonio indisponibile;Utilizzato direttamente;Altro;;;;1;False
574813;L219;52;6;674;71.0;FABBRICATO;via orvieto;1 7;45.0934097;7.6689561;Abitazione;Dal 2001 al 2010;Nessuno;Patrimonio indisponibile;Utilizzato direttamente;Altro;;;;1;False
574814;L219;52;6;675;52.0;FABBRICATO;via orvieto;1 7;45.0934097;7.6689561;Abitazione;Dal 2001 al 2010;Nessuno;Patrimonio indisponibile;Utilizzato direttamente;Altro;;;;1;False
574815;L219;52;6;678;108.0;FABBRICATO;via orvieto;1 9;45.0934097;7.6689561;Abitazione;Dal 2001 al 2010;Nessuno;Patrimonio indisponibile;Utilizzato direttamente;Altro;;;;1;False
574816;L219;52;6;679;83.0;FABBRICATO;via orvieto;1 9;45.0934097;7.6689561;Abitazione;Dal 2001 al 2010;Nessuno;Patrimonio indisponibile;Utilizzato direttamente;Altro;;;;1;False
574817;L219;52;6;680;101.0;FABBRICATO;via orvieto;1 9;45.0934097;7.6689561;Abitazione;Dal 2001 al 2010;Nessuno;Patrimonio indisponibile;Utilizzato direttamente;Altro;;;;1;False
574818;L219;52;6;681;86.0;FABBRICATO;via orvieto;1 9;45.0934097;7.6689561;Abitazione;Dal 2001 al 2010;Nessuno;Patrimonio indisponibile;Utilizzato direttamente;Altro;;;;1;False
574819;L219;52;6;682;99.0;FABBRICATO;via orvieto;1 9;45.0934097;7.6689561;Abitazione;Dal 2001 al 2010;Nessuno;Patrimonio indisponibile;Utilizzato direttamente;Altro;;;;1;False
574820;L219;52;6;683;83.0;FABBRICATO;via orvieto;1 9;45.0934097;7.6689561;Abitazione;Dal 2001 al 2010;Nessuno;Patrimonio indisponibile;Utilizzato direttamente;Altro;;;;1;False
574821;L219;52;6;684;101.0;FABBRICATO;via orvieto;1 9;45.0934097;7.6689561;Abitazione;Dal 2001 al 2010;Nessuno;Patrimonio indisponibile;Utilizzato direttamente;Altro;;;;1;False
574822;L219;52;6;685;87.0;FABBRICATO;via orvieto;1 9;45.0934097;7.6689561;Abitazione;Dal 2001 al 2010;Nessuno;Patrimonio indisponibile;Utilizzato direttamente;Altro;;;;1;False
574823;L219;52;6;686;99.0;FABBRICATO;via orvieto;1 9;45.0934097;7.6689561;Abitazione;Dal 2001 al 2010;Nessuno;Patrimonio indisponibile;Utilizzato direttamente;Altro;;;;1;False
574824;L219;52;6;687;83.0;FABBRICATO;via orvieto;1 9;45.0934097;7.6689561;Abitazione;Dal 2001 al 2010;Nessuno;Patrimonio indisponibile;Utilizzato direttamente;Altro;;;;1;False
574825;L219;52;6;688;99.0;FABBRICATO;via orvieto;1 9;45.0934097;7.6689561;Abitazione;Dal 2001 al 2010;Nessuno;Patrimonio indisponibile;Utilizzato direttamente;Altro;;;;1;False
574826;L219;52;6;689;84.0;FABBRICATO;via orvieto;1 9;45.0934097;7.6689561;Abitazione;Dal 2001 al 2010;Nessuno;Patrimonio indisponibile;Utilizzato direttamente;Altro;;;;1;False
574827;L219;52;6;690;59.0;FABBRICATO;via orvieto;1 9;45.0934097;7.6689561;Abitazione;Dal 2001 al 2010;Nessuno;Patrimonio indisponibile;Utilizzato direttamente;Altro;;;;1;False
574828;L219;52;6;691;81.0;FABBRICATO;via orvieto;1 9;45.0934097;7.6689561;Abitazione;Dal 2001 al 2010;Nessuno;Patrimonio indisponibile;Utilizzato direttamente;Altro;;;;1;False
574829;L219;52;6;692;59.0;FABBRICATO;via orvieto;1 9;45.0934097;7.6689561;Abitazione;Dal 2001 al 2010;Nessuno;Patrimonio indisponibile;Utilizzato direttamente;Altro;;;;1;False
574830;L219;52;6;693;81.0;FABBRICATO;via orvieto;1 9;45.0934097;7.6689561;Abitazione;Dal 2001 al 2010;Nessuno;Patrimonio indisponibile;Utilizzato direttamente;Altro;;;;1;False
574831;L219;52;6;700;19.0;FABBRICATO;via orvieto;1 21A;45.0934097;7.6689561;Cantina, soffitta, rimessa, box, garage, posto auto aperto/scoperto,;Dal 2001 al 2010;Nessuno;Patrimonio indisponibile;Utilizzato direttamente;Altro;;;;1;False
574832;L219;52;6;701;14.0;FABBRICATO;via orvieto;1 21A;45.0934097;7.6689561;Cantina, soffitta, rimessa, box, garage, posto auto aperto/scoperto,;Dal 2001 al 2010;Nessuno;Patrimonio indisponibile;Utilizzato direttamente;Altro;;;;1;False
574833;L219;52;6;702;14.0;FABBRICATO;via orvieto;1 21A;45.0934097;7.6689561;Cantina, soffitta, rimessa, box, garage, posto auto aperto/scoperto,;Dal 2001 al 2010;Nessuno;Patrimonio indisponibile;Utilizzato direttamente;Altro;;;;1;False
574834;L219;52;6;703;14.0;FABBRICATO;via orvieto;1 21A;45.0934097;7.6689561;Cantina, soffitta, rimessa, box, garage, posto auto aperto/scoperto,;Dal 2001 al 2010;Nessuno;Patrimonio indisponibile;Utilizzato direttamente;Altro;;;;1;False
574835;L219;52;6;704;14.0;FABBRICATO;via orvieto;1 21A;45.0934097;7.6689561;Cantina, soffitta, rimessa, box, garage, posto auto aperto/scoperto,;Dal 2001 al 2010;Nessuno;Patrimonio indisponibile;Utilizzato direttamente;Altro;;;;1;False
574836;L219;52;6;705;14.0;FABBRICATO;via orvieto;1 21A;45.0934097;7.6689561;Cantina, soffitta, rimessa, box, garage, posto auto aperto/scoperto,;Dal 2001 al 2010;Nessuno;Patrimonio indisponibile;Utilizzato direttamente;Altro;;;;1;False
574837;L219;52;6;706;14.0;FABBRICATO;via orvieto;1 21A;45.0934097;7.6689561;Cantina, soffitta, rimessa, box, garage, posto auto aperto/scoperto,;Dal 2001 al 2010;Nessuno;Patrimonio indisponibile;Utilizzato direttamente;Altro;;;;1;False
574838;L219;52;6;707;14.0;FABBRICATO;via orvieto;1 21A;45.0934097;7.6689561;Cantina, soffitta, rimessa, box, garage, posto auto aperto/scoperto,;Dal 2001 al 2010;Nessuno;Patrimonio indisponibile;Utilizzato direttamente;Altro;;;;1;False
574839;L219;52;6;708;28.0;FABBRICATO;via orvieto;1 21A;45.0934097;7.6689561;Cantina, soffitta, rimessa, box, garage, posto auto aperto/scoperto,;Dal 2001 al 2010;Nessuno;Patrimonio indisponibile;Utilizzato direttamente;Altro;;;;1;False
574840;L219;52;6;709;14.0;FABBRICATO;via orvieto;1 21A;45.0934097;7.6689561;Cantina, soffitta, rimessa, box, garage, posto auto aperto/scoperto,;Dal 2001 al 2010;Nessuno;Patrimonio indisponibile;Utilizzato direttamente;Altro;;;;1;False
574841;L219;52;6;710;15.0;FABBRICATO;via orvieto;1 21A;45.0934097;7.6689561;Cantina, soffitta, rimessa, box, garage, posto auto aperto/scoperto,;Dal 2001 al 2010;Nessuno;Patrimonio indisponibile;Utilizzato direttamente;Altro;;;;1;False
574842;L219;52;6;711;15.0;FABBRICATO;via orvieto;1 21A;45.0934097;7.6689561;Cantina, soffitta, rimessa, box, garage, posto auto aperto/scoperto,;Dal 2001 al 2010;Nessuno;Patrimonio indisponibile;Utilizzato direttamente;Altro;;;;1;False
574843;L219;52;6;712;20.0;FABBRICATO;via orvieto;1 21A;45.0934097;7.6689561;Cantina, soffitta, rimessa, box, garage, posto auto aperto/scoperto,;Dal 2001 al 2010;Nessuno;Patrimonio indisponibile;Utilizzato direttamente;Altro;;;;1;False
574844;L219;52;6;713;14.0;FABBRICATO;via orvieto;1 21A;45.0934097;7.6689561;Cantina, soffitta, rimessa, box, garage, posto auto aperto/scoperto,;Dal 2001 al 2010;Nessuno;Patrimonio indisponibile;Utilizzato direttamente;Altro;;;;1;False
574845;L219;52;6;714;14.0;FABBRICATO;via orvieto;1 21A;45.0934097;7.6689561;Cantina, soffitta, rimessa, box, garage, posto auto aperto/scoperto,;Dal 2001 al 2010;Nessuno;Patrimonio indisponibile;Utilizzato direttamente;Altro;;;;1;False
574846;L219;52;6;715;14.0;FABBRICATO;via orvieto;1 21A;45.0934097;7.6689561;Cantina, soffitta, rimessa, box, garage, posto auto aperto/scoperto,;Dal 2001 al 2010;Nessuno;Patrimonio indisponibile;Utilizzato direttamente;Altro;;;;1;False
574847;L219;52;6;716;15.0;FABBRICATO;via orvieto;1 21A;45.0934097;7.6689561;Cantina, soffitta, rimessa, box, garage, posto auto aperto/scoperto,;Dal 2001 al 2010;Nessuno;Patrimonio indisponibile;Utilizzato direttamente;Altro;;;;1;False
574848;L219;52;6;717;14.0;FABBRICATO;via orvieto;1 21A;45.0934097;7.6689561;Cantina, soffitta, rimessa, box, garage, posto auto aperto/scoperto,;Dal 2001 al 2010;Nessuno;Patrimonio indisponibile;Utilizzato direttamente;Altro;;;;1;False
574849;L219;52;6;718;14.0;FABBRICATO;via orvieto;1 21A;45.0934097;7.6689561;Cantina, soffitta, rimessa, box, garage, posto auto aperto/scoperto,;Dal 2001 al 2010;Nessuno;Patrimonio indisponibile;Utilizzato direttamente;Altro;;;;1;False
574850;L219;52;6;719;14.0;FABBRICATO;via orvieto;1 21A;45.0934097;7.6689561;Cantina, soffitta, rimessa, box, garage, posto auto aperto/scoperto,;Dal 2001 al 2010;Nessuno;Patrimonio indisponibile;Utilizzato direttamente;Altro;;;;1;False
574851;L219;52;6;720;14.0;FABBRICATO;via orvieto;1 21A;45.0934097;7.6689561;Cantina, soffitta, rimessa, box, garage, posto auto aperto/scoperto,;Dal 2001 al 2010;Nessuno;Patrimonio indisponibile;Utilizzato direttamente;Altro;;;;1;False
574852;L219;52;6;721;14.0;FABBRICATO;via orvieto;1 21A;45.0934097;7.6689561;Cantina, soffitta, rimessa, box, garage, posto auto aperto/scoperto,;Dal 2001 al 2010;Nessuno;Patrimonio indisponibile;Utilizzato direttamente;Altro;;;;1;False
574853;L219;52;6;722;16.0;FABBRICATO;via orvieto;1 21A;45.0934097;7.6689561;Cantina, soffitta, rimessa, box, garage, posto auto aperto/scoperto,;Dal 2001 al 2010;Nessuno;Patrimonio indisponibile;Utilizzato direttamente;Altro;;;;1;False
574854;L219;52;6;723;14.0;FABBRICATO;via orvieto;1 21A;45.0934097;7.6689561;Cantina, soffitta, rimessa, box, garage, posto auto aperto/scoperto,;Dal 2001 al 2010;Nessuno;Patrimonio indisponibile;Utilizzato direttamente;Altro;;;;1;False
574855;L219;52;6;724;14.0;FABBRICATO;via orvieto;1 21A;45.0934097;7.6689561;Cantina, soffitta, rimessa, box, garage, posto auto aperto/scoperto,;Dal 2001 al 2010;Nessuno;Patrimonio indisponibile;Utilizzato direttamente;Altro;;;;1;False
574856;L219;52;6;725;14.0;FABBRICATO;via orvieto;1 21A;45.0934097;7.6689561;Cantina, soffitta, rimessa, box, garage, posto auto aperto/scoperto,;Dal 2001 al 2010;Nessuno;Patrimonio indisponibile;Utilizzato direttamente;Altro;;;;1;False
574857;L219;52;6;726;14.0;FABBRICATO;via orvieto;1 21A;45.0934097;7.6689561;Cantina, soffitta, rimessa, box, garage, posto auto aperto/scoperto,;Dal 2001 al 2010;Nessuno;Patrimonio indisponibile;Utilizzato direttamente;Altro;;;;1;False
574858;L219;52;6;727;14.0;FABBRICATO;via orvieto;1 21A;45.0934097;7.6689561;Cantina, soffitta, rimessa, box, garage, posto auto aperto/scoperto,;Dal 2001 al 2010;Nessuno;Patrimonio indisponibile;Utilizzato direttamente;Altro;;;;1;False
574859;L219;52;6;728;15.0;FABBRICATO;via orvieto;1 21A;45.0934097;7.6689561;Cantina, soffitta, rimessa, box, garage, posto auto aperto/scoperto,;Dal 2001 al 2010;Nessuno;Patrimonio indisponibile;Utilizzato direttamente;Altro;;;;1;False
574860;L219;52;6;729;14.0;FABBRICATO;via orvieto;1 21A;45.0934097;7.6689561;Cantina, soffitta, rimessa, box, garage, posto auto aperto/scoperto,;Dal 2001 al 2010;Nessuno;Patrimonio indisponibile;Utilizzato direttamente;Altro;;;;1;False
574861;L219;52;6;730;14.0;FABBRICATO;via orvieto;1 21A;45.0934097;7.6689561;Cantina, soffitta, rimessa, box, garage, posto auto aperto/scoperto,;Dal 2001 al 2010;Nessuno;Patrimonio indisponibile;Utilizzato direttamente;Altro;;;;1;False
574862;L219;52;6;731;14.0;FABBRICATO;via orvieto;1 21A;45.0934097;7.6689561;Cantina, soffitta, rimessa, box, garage, posto auto aperto/scoperto,;Dal 2001 al 2010;Nessuno;Patrimonio indisponibile;Utilizzato direttamente;Altro;;;;1;False
574863;L219;52;6;732;14.0;FABBRICATO;via orvieto;1 21A;45.0934097;7.6689561;Cantina, soffitta, rimessa, box, garage, posto auto aperto/scoperto,;Dal 2001 al 2010;Nessuno;Patrimonio indisponibile;Utilizzato direttamente;Altro;;;;1;False
574864;L219;52;6;733;14.0;FABBRICATO;via orvieto;1 21A;45.0934097;7.6689561;Cantina, soffitta, rimessa, box, garage, posto auto aperto/scoperto,;Dal 2001 al 2010;Nessuno;Patrimonio indisponibile;Utilizzato direttamente;Altro;;;;1;False
574865;L219;52;6;734;14.0;FABBRICATO;via orvieto;1 21A;45.0934097;7.6689561;Cantina, soffitta, rimessa, box, garage, posto auto aperto/scoperto,;Dal 2001 al 2010;Nessuno;Patrimonio indisponibile;Utilizzato direttamente;Altro;;;;1;False
574866;L219;52;6;735;15.0;FABBRICATO;via orvieto;1 21A;45.0934097;7.6689561;Cantina, soffitta, rimessa, box, garage, posto auto aperto/scoperto,;Dal 2001 al 2010;Nessuno;Patrimonio indisponibile;Utilizzato direttamente;Altro;;;;1;False
574867;L219;52;6;736;14.0;FABBRICATO;via orvieto;1 21A;45.0934097;7.6689561;Cantina, soffitta, rimessa, box, garage, posto auto aperto/scoperto,;Dal 2001 al 2010;Nessuno;Patrimonio indisponibile;Utilizzato direttamente;Altro;;;;1;False
574868;L219;52;6;737;14.0;FABBRICATO;via orvieto;1 21A;45.0934097;7.6689561;Cantina, soffitta, rimessa, box, garage, posto auto aperto/scoperto,;Dal 2001 al 2010;Nessuno;Patrimonio indisponibile;Utilizzato direttamente;Altro;;;;1;False
574869;L219;52;6;738;14.0;FABBRICATO;via orvieto;1 21A;45.0934097;7.6689561;Cantina, soffitta, rimessa, box, garage, posto auto aperto/scoperto,;Dal 2001 al 2010;Nessuno;Patrimonio indisponibile;Utilizzato direttamente;Altro;;;;1;False
574870;L219;52;6;739;14.0;FABBRICATO;via orvieto;1 21A;45.0934097;7.6689561;Cantina, soffitta, rimessa, box, garage, posto auto aperto/scoperto,;Dal 2001 al 2010;Nessuno;Patrimonio indisponibile;Utilizzato direttamente;Altro;;;;1;False
574871;L219;52;6;740;14.0;FABBRICATO;via orvieto;1 21A;45.0934097;7.6689561;Cantina, soffitta, rimessa, box, garage, posto auto aperto/scoperto,;Dal 2001 al 2010;Nessuno;Patrimonio indisponibile;Utilizzato direttamente;Altro;;;;1;False
574872;L219;52;6;741;14.0;FABBRICATO;via orvieto;1 21A;45.0934097;7.6689561;Cantina, soffitta, rimessa, box, garage, posto auto aperto/scoperto,;Dal 2001 al 2010;Nessuno;Patrimonio indisponibile;Utilizzato direttamente;Altro;;;;1;False
574873;L219;52;6;742;15.0;FABBRICATO;via orvieto;1 21A;45.0934097;7.6689561;Cantina, soffitta, rimessa, box, garage, posto auto aperto/scoperto,;Dal 2001 al 2010;Nessuno;Patrimonio indisponibile;Utilizzato direttamente;Altro;;;;1;False
574874;L219;52;6;743;14.0;FABBRICATO;via orvieto;1 21A;45.0934097;7.6689561;Cantina, soffitta, rimessa, box, garage, posto auto aperto/scoperto,;Dal 2001 al 2010;Nessuno;Patrimonio indisponibile;Utilizzato direttamente;Altro;;;;1;False
574875;L219;52;6;744;14.0;FABBRICATO;via orvieto;1 21A;45.0934097;7.6689561;Cantina, soffitta, rimessa, box, garage, posto auto aperto/scoperto,;Dal 2001 al 2010;Nessuno;Patrimonio indisponibile;Utilizzato direttamente;Altro;;;;1;False
574876;L219;52;6;745;14.0;FABBRICATO;via orvieto;1 21A;45.0934097;7.6689561;Cantina, soffitta, rimessa, box, garage, posto auto aperto/scoperto,;Dal 2001 al 2010;Nessuno;Patrimonio indisponibile;Utilizzato direttamente;Altro;;;;1;False
574877;L219;52;6;746;15.0;FABBRICATO;via orvieto;1 21A;45.0934097;7.6689561;Cantina, soffitta, rimessa, box, garage, posto auto aperto/scoperto,;Dal 2001 al 2010;Nessuno;Patrimonio indisponibile;Utilizzato direttamente;Altro;;;;1;False
574878;L219;52;6;747;16.0;FABBRICATO;via orvieto;1 21A;45.0934097;7.6689561;Cantina, soffitta, rimessa, box, garage, posto auto aperto/scoperto,;Dal 2001 al 2010;Nessuno;Patrimonio indisponibile;Utilizzato direttamente;Altro;;;;1;False
574879;L219;52;6;748;19.0;FABBRICATO;via orvieto;1 21B;45.0934097;7.6689561;Cantina, soffitta, rimessa, box, garage, posto auto aperto/scoperto,;Dal 2001 al 2010;Nessuno;Patrimonio indisponibile;Utilizzato direttamente;Altro;;;;1;False
574880;L219;52;6;749;14.0;FABBRICATO;via orvieto;1 21B;45.0934097;7.6689561;Cantina, soffitta, rimessa, box, garage, posto auto aperto/scoperto,;Dal 2001 al 2010;Nessuno;Patrimonio indisponibile;Utilizzato direttamente;Altro;;;;1;False
574881;L219;52;6;750;14.0;FABBRICATO;via orvieto;1 21B;45.0934097;7.6689561;Cantina, soffitta, rimessa, box, garage, posto auto aperto/scoperto,;Dal 2001 al 2010;Nessuno;Patrimonio indisponibile;Utilizzato direttamente;Altro;;;;1;False
574882;L219;52;6;751;14.0;FABBRICATO;via orvieto;1 21B;45.0934097;7.6689561;Cantina, soffitta, rimessa, box, garage, posto auto aperto/scoperto,;Dal 2001 al 2010;Nessuno;Patrimonio indisponibile;Utilizzato direttamente;Altro;;;;1;False
574883;L219;52;6;752;14.0;FABBRICATO;via orvieto;1 21B;45.0934097;7.6689561;Cantina, soffitta, rimessa, box, garage, posto auto aperto/scoperto,;Dal 2001 al 2010;Nessuno;Patrimonio indisponibile;Utilizzato direttamente;Altro;;;;1;False
574884;L219;52;6;753;14.0;FABBRICATO;via orvieto;1 21B;45.0934097;7.6689561;Cantina, soffitta, rimessa, box, garage, posto auto aperto/scoperto,;Dal 2001 al 2010;Nessuno;Patrimonio indisponibile;Utilizzato direttamente;Altro;;;;1;False
574885;L219;52;6;754;14.0;FABBRICATO;via orvieto;1 21B;45.0934097;7.6689561;Cantina, soffitta, rimessa, box, garage, posto auto aperto/scoperto,;Dal 2001 al 2010;Nessuno;Patrimonio indisponibile;Utilizzato direttamente;Altro;;;;1;False
574886;L219;52;6;755;14.0;FABBRICATO;via orvieto;1 21B;45.0934097;7.6689561;Cantina, soffitta, rimessa, box, garage, posto auto aperto/scoperto,;Dal 2001 al 2010;Nessuno;Patrimonio indisponibile;Utilizzato direttamente;Altro;;;;1;False
574887;L219;52;6;756;29.0;FABBRICATO;via orvieto;1 21B;45.0934097;7.6689561;Cantina, soffitta, rimessa, box, garage, posto auto aperto/scoperto,;Dal 2001 al 2010;Nessuno;Patrimonio indisponibile;Utilizzato direttamente;Altro;;;;1;False
574888;L219;52;6;757;14.0;FABBRICATO;via orvieto;1 21B;45.0934097;7.6689561;Cantina, soffitta, rimessa, box, garage, posto auto aperto/scoperto,;Dal 2001 al 2010;Nessuno;Patrimonio indisponibile;Utilizzato direttamente;Altro;;;;1;False
574889;L219;52;6;758;15.0;FABBRICATO;via orvieto;1 21B;45.0934097;7.6689561;Cantina, soffitta, rimessa, box, garage, posto auto aperto/scoperto,;Dal 2001 al 2010;Nessuno;Patrimonio indisponibile;Utilizzato direttamente;Altro;;;;1;False
574890;L219;52;6;759;15.0;FABBRICATO;via orvieto;1 21B;45.0934097;7.6689561;Cantina, soffitta, rimessa, box, garage, posto auto aperto/scoperto,;Dal 2001 al 2010;Nessuno;Patrimonio indisponibile;Utilizzato direttamente;Altro;;;;1;False
574891;L219;52;6;760;20.0;FABBRICATO;via orvieto;1 21B;45.0934097;7.6689561;Cantina, soffitta, rimessa, box, garage, posto auto aperto/scoperto,;Dal 2001 al 2010;Nessuno;Patrimonio indisponibile;Utilizzato direttamente;Altro;;;;1;False
574892;L219;52;6;761;13.0;FABBRICATO;via orvieto;1 21B;45.0934097;7.6689561;Cantina, soffitta, rimessa, box, garage, posto auto aperto/scoperto,;Dal 2001 al 2010;Nessuno;Patrimonio indisponibile;Utilizzato direttamente;Altro;;;;1;False
574893;L219;52;6;762;14.0;FABBRICATO;via orvieto;1 21B;45.0934097;7.6689561;Cantina, soffitta, rimessa, box, garage, posto auto aperto/scoperto,;Dal 2001 al 2010;Nessuno;Patrimonio indisponibile;Utilizzato direttamente;Altro;;;;1;False
574894;L219;52;6;763;14.0;FABBRICATO;via orvieto;1 21B;45.0934097;7.6689561;Cantina, soffitta, rimessa, box, garage, posto auto aperto/scoperto,;Dal 2001 al 2010;Nessuno;Patrimonio indisponibile;Utilizzato direttamente;Altro;;;;1;False
574895;L219;52;6;764;15.0;FABBRICATO;via orvieto;1 21B;45.0934097;7.6689561;Cantina, soffitta, rimessa, box, garage, posto auto aperto/scoperto,;Dal 2001 al 2010;Nessuno;Patrimonio indisponibile;Utilizzato direttamente;Altro;;;;1;False
574896;L219;52;6;765;14.0;FABBRICATO;via orvieto;1 21B;45.0934097;7.6689561;Cantina, soffitta, rimessa, box, garage, posto auto aperto/scoperto,;Dal 2001 al 2010;Nessuno;Patrimonio indisponibile;Utilizzato direttamente;Altro;;;;1;False
574897;L219;52;6;766;14.0;FABBRICATO;via orvieto;1 21B;45.0934097;7.6689561;Cantina, soffitta, rimessa, box, garage, posto auto aperto/scoperto,;Dal 2001 al 2010;Nessuno;Patrimonio indisponibile;Utilizzato direttamente;Altro;;;;1;False
574898;L219;52;6;767;14.0;FABBRICATO;via orvieto;1 21B;45.0934097;7.6689561;Cantina, soffitta, rimessa, box, garage, posto auto aperto/scoperto,;Dal 2001 al 2010;Nessuno;Patrimonio indisponibile;Utilizzato direttamente;Altro;;;;1;False
574899;L219;52;6;768;14.0;FABBRICATO;via orvieto;1 21B;45.0934097;7.6689561;Cantina, soffitta, rimessa, box, garage, posto auto aperto/scoperto,;Dal 2001 al 2010;Nessuno;Patrimonio indisponibile;Utilizzato direttamente;Altro;;;;1;False
574900;L219;52;6;769;14.0;FABBRICATO;via orvieto;1 21B;45.0934097;7.6689561;Cantina, soffitta, rimessa, box, garage, posto auto aperto/scoperto,;Dal 2001 al 2010;Nessuno;Patrimonio indisponibile;Utilizzato direttamente;Altro;;;;1;False
574901;L219;52;6;770;16.0;FABBRICATO;via orvieto;1 21B;45.0934097;7.6689561;Cantina, soffitta, rimessa, box, garage, posto auto aperto/scoperto,;Dal 2001 al 2010;Nessuno;Patrimonio indisponibile;Utilizzato direttamente;Altro;;;;1;False
574902;L219;52;6;771;14.0;FABBRICATO;via orvieto;1 21B;45.0934097;7.6689561;Cantina, soffitta, rimessa, box, garage, posto auto aperto/scoperto,;Dal 2001 al 2010;Nessuno;Patrimonio indisponibile;Utilizzato direttamente;Altro;;;;1;False
574903;L219;52;6;772;14.0;FABBRICATO;via orvieto;1 21B;45.0934097;7.6689561;Cantina, soffitta, rimessa, box, garage, posto auto aperto/scoperto,;Dal 2001 al 2010;Nessuno;Patrimonio indisponibile;Utilizzato direttamente;Altro;;;;1;False
574904;L219;52;6;773;14.0;FABBRICATO;via orvieto;1 21B;45.0934097;7.6689561;Cantina, soffitta, rimessa, box, garage, posto auto aperto/scoperto,;Dal 2001 al 2010;Nessuno;Patrimonio indisponibile;Utilizzato direttamente;Altro;;;;1;False
574905;L219;52;6;774;14.0;FABBRICATO;via orvieto;1 21B;45.0934097;7.6689561;Cantina, soffitta, rimessa, box, garage, posto auto aperto/scoperto,;Dal 2001 al 2010;Nessuno;Patrimonio indisponibile;Utilizzato direttamente;Altro;;;;1;False
574906;L219;52;6;775;14.0;FABBRICATO;via orvieto;1 21B;45.0934097;7.6689561;Cantina, soffitta, rimessa, box, garage, posto auto aperto/scoperto,;Dal 2001 al 2010;Nessuno;Patrimonio indisponibile;Utilizzato direttamente;Altro;;;;1;False
574907;L219;52;6;776;15.0;FABBRICATO;via orvieto;1 21B;45.0934097;7.6689561;Cantina, soffitta, rimessa, box, garage, posto auto aperto/scoperto,;Dal 2001 al 2010;Nessuno;Patrimonio indisponibile;Utilizzato direttamente;Altro;;;;1;False
574908;L219;52;6;777;14.0;FABBRICATO;via orvieto;1 21B;45.0934097;7.6689561;Cantina, soffitta, rimessa, box, garage, posto auto aperto/scoperto,;Dal 2001 al 2010;Nessuno;Patrimonio indisponibile;Utilizzato direttamente;Altro;;;;1;False
574909;L219;52;6;778;14.0;FABBRICATO;via orvieto;1 21B;45.0934097;7.6689561;Cantina, soffitta, rimessa, box, garage, posto auto aperto/scoperto,;Dal 2001 al 2010;Nessuno;Patrimonio indisponibile;Utilizzato direttamente;Altro;;;;1;False
574910;L219;52;6;779;14.0;FABBRICATO;via orvieto;1 21B;45.0934097;7.6689561;Cantina, soffitta, rimessa, box, garage, posto auto aperto/scoperto,;Dal 2001 al 2010;Nessuno;Patrimonio indisponibile;Utilizzato direttamente;Altro;;;;1;False
574911;L219;52;6;780;14.0;FABBRICATO;via orvieto;1 21B;45.0934097;7.6689561;Cantina, soffitta, rimessa, box, garage, posto auto aperto/scoperto,;Dal 2001 al 2010;Nessuno;Patrimonio indisponibile;Utilizzato direttamente;Altro;;;;1;False
574912;L219;52;6;781;14.0;FABBRICATO;via orvieto;1 21B;45.0934097;7.6689561;Cantina, soffitta, rimessa, box, garage, posto auto aperto/scoperto,;Dal 2001 al 2010;Nessuno;Patrimonio indisponibile;Utilizzato direttamente;Altro;;;;1;False
574913;L219;52;6;782;14.0;FABBRICATO;via orvieto;1 21B;45.0934097;7.6689561;Cantina, soffitta, rimessa, box, garage, posto auto aperto/scoperto,;Dal 2001 al 2010;Nessuno;Patrimonio indisponibile;Utilizzato direttamente;Altro;;;;1;False
574914;L219;52;6;783;15.0;FABBRICATO;via orvieto;1 21B;45.0934097;7.6689561;Cantina, soffitta, rimessa, box, garage, posto auto aperto/scoperto,;Dal 2001 al 2010;Nessuno;Patrimonio indisponibile;Utilizzato direttamente;Altro;;;;1;False
574915;L219;52;6;784;14.0;FABBRICATO;via orvieto;1 21B;45.0934097;7.6689561;Cantina, soffitta, rimessa, box, garage, posto auto aperto/scoperto,;Dal 2001 al 2010;Nessuno;Patrimonio indisponibile;Utilizzato direttamente;Altro;;;;1;False
574916;L219;52;6;785;14.0;FABBRICATO;via orvieto;1 21B;45.0934097;7.6689561;Cantina, soffitta, rimessa, box, garage, posto auto aperto/scoperto,;Dal 2001 al 2010;Nessuno;Patrimonio indisponibile;Utilizzato direttamente;Altro;;;;1;False
574917;L219;52;6;786;14.0;FABBRICATO;via orvieto;1 21B;45.0934097;7.6689561;Cantina, soffitta, rimessa, box, garage, posto auto aperto/scoperto,;Dal 2001 al 2010;Nessuno;Patrimonio indisponibile;Utilizzato direttamente;Altro;;;;1;False
574918;L219;52;6;787;14.0;FABBRICATO;via orvieto;1 21B;45.0934097;7.6689561;Cantina, soffitta, rimessa, box, garage, posto auto aperto/scoperto,;Dal 2001 al 2010;Nessuno;Patrimonio indisponibile;Utilizzato direttamente;Altro;;;;1;False
574919;L219;52;6;788;14.0;FABBRICATO;via orvieto;1 21B;45.0934097;7.6689561;Cantina, soffitta, rimessa, box, garage, posto auto aperto/scoperto,;Dal 2001 al 2010;Nessuno;Patrimonio indisponibile;Utilizzato direttamente;Altro;;;;1;False
574920;L219;52;6;789;14.0;FABBRICATO;via orvieto;1 21B;45.0934097;7.6689561;Cantina, soffitta, rimessa, box, garage, posto auto aperto/scoperto,;Dal 2001 al 2010;Nessuno;Patrimonio indisponibile;Utilizzato direttamente;Altro;;;;1;False
574921;L219;52;6;790;15.0;FABBRICATO;via orvieto;1 21B;45.0934097;7.6689561;Cantina, soffitta, rimessa, box, garage, posto auto aperto/scoperto,;Dal 2001 al 2010;Nessuno;Patrimonio indisponibile;Utilizzato direttamente;Altro;;;;1;False
574922;L219;52;6;791;14.0;FABBRICATO;via orvieto;1 21B;45.0934097;7.6689561;Cantina, soffitta, rimessa, box, garage, posto auto aperto/scoperto,;Dal 2001 al 2010;Nessuno;Patrimonio indisponibile;Utilizzato direttamente;Altro;;;;1;False
574923;L219;52;6;792;14.0;FABBRICATO;via orvieto;1 21B;45.0934097;7.6689561;Cantina, soffitta, rimessa, box, garage, posto auto aperto/scoperto,;Dal 2001 al 2010;Nessuno;Patrimonio indisponibile;Utilizzato direttamente;Altro;;;;1;False
574924;L219;52;6;793;14.0;FABBRICATO;via orvieto;1 21B;45.0934097;7.6689561;Cantina, soffitta, rimessa, box, garage, posto auto aperto/scoperto,;Dal 2001 al 2010;Nessuno;Patrimonio indisponibile;Utilizzato direttamente;Altro;;;;1;False
574925;L219;52;6;794;14.0;FABBRICATO;via orvieto;1 21B;45.0934097;7.6689561;Cantina, soffitta, rimessa, box, garage, posto auto aperto/scoperto,;Dal 2001 al 2010;Nessuno;Patrimonio indisponibile;Utilizzato direttamente;Altro;;;;1;False
574926;L219;52;6;795;16.0;FABBRICATO;via orvieto;1 21B;45.0934097;7.6689561;Cantina, soffitta, rimessa, box, garage, posto auto aperto/scoperto,;Dal 2001 al 2010;Nessuno;Patrimonio indisponibile;Utilizzato direttamente;Altro;;;;1;False
574927;L219;52;6;798;83.0;FABBRICATO;via orvieto;1 11;45.0934097;7.6689561;Abitazione;Dal 2001 al 2010;Nessuno;Patrimonio indisponibile;Utilizzato direttamente;Altro;;;;1;False
574928;L219;52;6;799;80.0;FABBRICATO;via orvieto;1 11;45.0934097;7.6689561;Abitazione;Dal 2001 al 2010;Nessuno;Patrimonio indisponibile;Utilizzato direttamente;Altro;;;;1;False
574929;L219;52;6;800;85.0;FABBRICATO;via orvieto;1 11;45.0934097;7.6689561;Abitazione;Dal 2001 al 2010;Nessuno;Patrimonio indisponibile;Utilizzato direttamente;Altro;;;;1;False
574930;L219;52;6;801;83.0;FABBRICATO;via orvieto;1 11;45.0934097;7.6689561;Abitazione;Dal 2001 al 2010;Nessuno;Patrimonio indisponibile;Utilizzato direttamente;Altro;;;;1;False
574931;L219;52;6;802;84.0;FABBRICATO;via orvieto;1 11;45.0934097;7.6689561;Abitazione;Dal 2001 al 2010;Nessuno;Patrimonio indisponibile;Utilizzato direttamente;Altro;;;;1;False
574932;L219;52;6;803;80.0;FABBRICATO;via orvieto;1 11;45.0934097;7.6689561;Abitazione;Dal 2001 al 2010;Nessuno;Patrimonio indisponibile;Utilizzato direttamente;Altro;;;;1;False
574933;L219;52;6;804;84.0;FABBRICATO;via orvieto;1 11;45.0934097;7.6689561;Abitazione;Dal 2001 al 2010;Nessuno;Patrimonio indisponibile;Utilizzato direttamente;Altro;;;;1;False
574934;L219;52;6;805;81.0;FABBRICATO;via orvieto;1 11;45.0934097;7.6689561;Abitazione;Dal 2001 al 2010;Nessuno;Patrimonio indisponibile;Utilizzato direttamente;Altro;;;;1;False
574935;L219;52;6;806;83.0;FABBRICATO;via orvieto;1 11;45.0934097;7.6689561;Abitazione;Dal 2001 al 2010;Nessuno;Patrimonio indisponibile;Utilizzato direttamente;Altro;;;;1;False
574936;L219;52;6;807;81.0;FABBRICATO;via orvieto;1 11;45.0934097;7.6689561;Abitazione;Dal 2001 al 2010;Nessuno;Patrimonio indisponibile;Utilizzato direttamente;Altro;;;;1;False
574937;L219;52;6;808;84.0;FABBRICATO;via orvieto;1 11;45.0934097;7.6689561;Abitazione;Dal 2001 al 2010;Nessuno;Patrimonio indisponibile;Utilizzato direttamente;Altro;;;;1;False
574938;L219;52;6;809;81.0;FABBRICATO;via orvieto;1 11;45.0934097;7.6689561;Abitazione;Dal 2001 al 2010;Nessuno;Patrimonio indisponibile;Utilizzato direttamente;Altro;;;;1;False
574939;L219;52;6;810;80.0;FABBRICATO;via orvieto;1 11;45.0934097;7.6689561;Abitazione;Dal 2001 al 2010;Nessuno;Patrimonio indisponibile;Utilizzato direttamente;Altro;;;;1;False
574940;L219;52;6;811;82.0;FABBRICATO;via orvieto;1 11;45.0934097;7.6689561;Abitazione;Dal 2001 al 2010;Nessuno;Patrimonio indisponibile;Utilizzato direttamente;Altro;;;;1;False
574941;L219;52;6;812;80.0;FABBRICATO;via orvieto;1 11;45.0934097;7.6689561;Abitazione;Dal 2001 al 2010;Nessuno;Patrimonio indisponibile;Utilizzato direttamente;Altro;;;;1;False
574942;L219;52;6;813;85.0;FABBRICATO;via orvieto;1 11;45.0934097;7.6689561;Abitazione;Dal 2001 al 2010;Nessuno;Patrimonio indisponibile;Utilizzato direttamente;Altro;;;;1;False
574943;L219;52;6;816;46.0;FABBRICATO;via orvieto;1 13;45.0934097;7.6689561;Abitazione;Dal 2001 al 2010;Nessuno;Patrimonio indisponibile;Utilizzato direttamente;Altro;;;;1;False
574944;L219;52;6;817;47.0;FABBRICATO;via orvieto;1 13;45.0934097;7.6689561;Abitazione;Dal 2001 al 2010;Nessuno;Patrimonio indisponibile;Utilizzato direttamente;Altro;;;;1;False
574945;L219;52;6;818;56.0;FABBRICATO;via orvieto;1 13;45.0934097;7.6689561;Abitazione;Dal 2001 al 2010;Nessuno;Patrimonio indisponibile;Utilizzato direttamente;Altro;;;;1;False
574946;L219;52;6;819;47.0;FABBRICATO;via orvieto;1 13;45.0934097;7.6689561;Abitazione;Dal 2001 al 2010;Nessuno;Patrimonio indisponibile;Utilizzato direttamente;Altro;;;;1;False
574947;L219;52;6;820;47.0;FABBRICATO;via orvieto;1 13;45.0934097;7.6689561;Abitazione;Dal 2001 al 2010;Nessuno;Patrimonio indisponibile;Utilizzato direttamente;Altro;;;;1;False
574948;L219;52;6;821;57.0;FABBRICATO;via orvieto;1 13;45.0934097;7.6689561;Abitazione;Dal 2001 al 2010;Nessuno;Patrimonio indisponibile;Utilizzato direttamente;Altro;;;;1;False
574949;L219;52;6;822;46.0;FABBRICATO;via orvieto;1 13;45.0934097;7.6689561;Abitazione;Dal 2001 al 2010;Nessuno;Patrimonio indisponibile;Utilizzato direttamente;Altro;;;;1;False
574950;L219;52;6;823;47.0;FABBRICATO;via orvieto;1 13;45.0934097;7.6689561;Abitazione;Dal 2001 al 2010;Nessuno;Patrimonio indisponibile;Utilizzato direttamente;Altro;;;;1;False
574951;L219;52;6;824;56.0;FABBRICATO;via orvieto;1 13;45.0934097;7.6689561;Abitazione;Dal 2001 al 2010;Nessuno;Patrimonio indisponibile;Utilizzato direttamente;Altro;;;;1;False
574952;L219;52;6;825;47.0;FABBRICATO;via orvieto;1 13;45.0934097;7.6689561;Abitazione;Dal 2001 al 2010;Nessuno;Patrimonio indisponibile;Utilizzato direttamente;Altro;;;;1;False
574953;L219;52;6;826;47.0;FABBRICATO;via orvieto;1 13;45.0934097;7.6689561;Abitazione;Dal 2001 al 2010;Nessuno;Patrimonio indisponibile;Utilizzato direttamente;Altro;;;;1;False
574954;L219;52;6;827;57.0;FABBRICATO;via orvieto;1 13;45.0934097;7.6689561;Abitazione;Dal 2001 al 2010;Nessuno;Patrimonio indisponibile;Utilizzato direttamente;Altro;;;;1;False
574955;L219;52;6;828;46.0;FABBRICATO;via orvieto;1 13;45.0934097;7.6689561;Abitazione;Dal 2001 al 2010;Nessuno;Patrimonio indisponibile;Utilizzato direttamente;Altro;;;;1;False
574956;L219;52;6;829;47.0;FABBRICATO;via orvieto;1 13;45.0934097;7.6689561;Abitazione;Dal 2001 al 2010;Nessuno;Patrimonio indisponibile;Utilizzato direttamente;Altro;;;;1;False
574957;L219;52;6;830;56.0;FABBRICATO;via orvieto;1 13;45.0934097;7.6689561;Abitazione;Dal 2001 al 2010;Nessuno;Patrimonio indisponibile;Utilizzato direttamente;Altro;;;;1;False
574958;L219;52;6;831;47.0;FABBRICATO;via orvieto;1 13;45.0934097;7.6689561;Abitazione;Dal 2001 al 2010;Nessuno;Patrimonio indisponibile;Utilizzato direttamente;Altro;;;;1;False
574959;L219;52;6;832;44.0;FABBRICATO;via orvieto;1 13;45.0934097;7.6689561;Abitazione;Dal 2001 al 2010;Nessuno;Patrimonio indisponibile;Utilizzato direttamente;Altro;;;;1;False
574960;L219;52;6;833;55.0;FABBRICATO;via orvieto;1 13;45.0934097;7.6689561;Abitazione;Dal 2001 al 2010;Nessuno;Patrimonio indisponibile;Utilizzato direttamente;Altro;;;;1;False
574961;L219;52;6;837;53.0;FABBRICATO;via orvieto;1 17;45.0934097;7.6689561;Abitazione;Dal 2001 al 2010;Nessuno;Patrimonio indisponibile;Utilizzato direttamente;Altro;;;;1;False
574962;L219;52;6;838;75.0;FABBRICATO;via orvieto;1 17;45.0934097;7.6689561;Abitazione;Dal 2001 al 2010;Nessuno;Patrimonio indisponibile;Utilizzato direttamente;Altro;;;;1;False
574963;L219;52;6;839;50.0;FABBRICATO;via orvieto;1 17;45.0934097;7.6689561;Abitazione;Dal 2001 al 2010;Nessuno;Patrimonio indisponibile;Utilizzato direttamente;Altro;;;;1;False
574964;L219;52;6;840;53.0;FABBRICATO;via orvieto;1 17;45.0934097;7.6689561;Abitazione;Dal 2001 al 2010;Nessuno;Patrimonio indisponibile;Utilizzato direttamente;Altro;;;;1;False
574965;L219;52;6;841;75.0;FABBRICATO;via orvieto;1 17;45.0934097;7.6689561;Abitazione;Dal 2001 al 2010;Nessuno;Patrimonio indisponibile;Utilizzato direttamente;Altro;;;;1;False
574966;L219;52;6;842;59.0;FABBRICATO;via orvieto;1 17;45.0934097;7.6689561;Abitazione;Dal 2001 al 2010;Nessuno;Patrimonio indisponibile;Utilizzato direttamente;Altro;;;;1;False
574967;L219;52;6;843;53.0;FABBRICATO;via orvieto;1 17;45.0934097;7.6689561;Abitazione;Dal 2001 al 2010;Nessuno;Patrimonio indisponibile;Utilizzato direttamente;Altro;;;;1;False
574968;L219;52;6;844;75.0;FABBRICATO;via orvieto;1 17;45.0934097;7.6689561;Abitazione;Dal 2001 al 2010;Nessuno;Patrimonio indisponibile;Utilizzato direttamente;Altro;;;;1;False
574969;L219;52;6;845;58.0;FABBRICATO;via orvieto;1 17;45.0934097;7.6689561;Abitazione;Dal 2001 al 2010;Nessuno;Patrimonio indisponibile;Utilizzato direttamente;Altro;;;;1;False
574970;L219;52;6;846;53.0;FABBRICATO;via orvieto;1 17;45.0934097;7.6689561;Abitazione;Dal 2001 al 2010;Nessuno;Patrimonio indisponibile;Utilizzato direttamente;Altro;;;;1;False
574971;L219;52;6;847;75.0;FABBRICATO;via orvieto;1 17;45.0934097;7.6689561;Abitazione;Dal 2001 al 2010;Nessuno;Patrimonio indisponibile;Utilizzato direttamente;Altro;;;;1;False
574972;L219;52;6;848;59.0;FABBRICATO;via orvieto;1 17;45.0934097;7.6689561;Abitazione;Dal 2001 al 2010;Nessuno;Patrimonio indisponibile;Utilizzato direttamente;Altro;;;;1;False
574973;L219;52;6;849;54.0;FABBRICATO;via orvieto;1 17;45.0934097;7.6689561;Abitazione;Dal 2001 al 2010;Nessuno;Patrimonio indisponibile;Utilizzato direttamente;Altro;;;;1;False
574974;L219;52;6;850;75.0;FABBRICATO;via orvieto;1 17;45.0934097;7.6689561;Abitazione;Dal 2001 al 2010;Nessuno;Patrimonio indisponibile;Utilizzato direttamente;Altro;;;;1;False
574975;L219;52;6;851;58.0;FABBRICATO;via orvieto;1 17;45.0934097;7.6689561;Abitazione;Dal 2001 al 2010;Nessuno;Patrimonio indisponibile;Utilizzato direttamente;Altro;;;;1;False
574976;L219;52;6;852;54.0;FABBRICATO;via orvieto;1 17;45.0934097;7.6689561;Abitazione;Dal 2001 al 2010;Nessuno;Patrimonio indisponibile;Utilizzato direttamente;Altro;;;;1;False
574977;L219;52;6;853;70.0;FABBRICATO;via orvieto;1 17;45.0934097;7.6689561;Abitazione;Dal 2001 al 2010;Nessuno;Patrimonio indisponibile;Utilizzato direttamente;Altro;;;;1;False
574978;L219;52;6;854;56.0;FABBRICATO;via orvieto;1 17;45.0934097;7.6689561;Abitazione;Dal 2001 al 2010;Nessuno;Patrimonio indisponibile;Utilizzato direttamente;Altro;;;;1;False
574979;L219;52;6;855;61.0;FABBRICATO;via orvieto;1 17;45.0934097;7.6689561;Abitazione;Dal 2001 al 2010;Nessuno;Patrimonio indisponibile;Utilizzato direttamente;Altro;;;;1;False
574980;L219;52;6;856;73.0;FABBRICATO;via orvieto;1 17;45.0934097;7.6689561;Abitazione;Dal 2001 al 2010;Nessuno;Patrimonio indisponibile;Utilizzato direttamente;Altro;;;;1;False
574981;L219;52;6;857;79.0;FABBRICATO;via orvieto;1 17;45.0934097;7.6689561;Abitazione;Dal 2001 al 2010;Nessuno;Patrimonio indisponibile;Utilizzato direttamente;Altro;;;;1;False
574982;L219;52;6;858;62.0;FABBRICATO;via orvieto;1 17;45.0934097;7.6689561;Abitazione;Dal 2001 al 2010;Nessuno;Patrimonio indisponibile;Utilizzato direttamente;Altro;;;;1;False
574983;L219;52;6;859;71.0;FABBRICATO;via orvieto;1 17;45.0934097;7.6689561;Abitazione;Dal 2001 al 2010;Nessuno;Patrimonio indisponibile;Utilizzato direttamente;Altro;;;;1;False
574984;L219;52;6;860;82.0;FABBRICATO;via orvieto;1 17;45.0934097;7.6689561;Abitazione;Dal 2001 al 2010;Nessuno;Patrimonio indisponibile;Utilizzato direttamente;Altro;;;;1;False
574985;L219;52;6;861;61.0;FABBRICATO;via orvieto;1 17;45.0934097;7.6689561;Abitazione;Dal 2001 al 2010;Nessuno;Patrimonio indisponibile;Utilizzato direttamente;Altro;;;;1;False
574986;L219;52;6;862;73.0;FABBRICATO;via orvieto;1 17;45.0934097;7.6689561;Abitazione;Dal 2001 al 2010;Nessuno;Patrimonio indisponibile;Utilizzato direttamente;Altro;;;;1;False
574987;L219;52;6;863;79.0;FABBRICATO;via orvieto;1 17;45.0934097;7.6689561;Abitazione;Dal 2001 al 2010;Nessuno;Patrimonio indisponibile;Utilizzato direttamente;Altro;;;;1;False
574988;L219;52;6;866;106.0;FABBRICATO;via orvieto;1 19;45.0934097;7.6689561;Abitazione;Dal 2001 al 2010;Nessuno;Patrimonio indisponibile;Utilizzato direttamente;Altro;;;;1;False
574989;L219;52;6;867;88.0;FABBRICATO;via orvieto;1 19;45.0934097;7.6689561;Abitazione;Dal 2001 al 2010;Nessuno;Patrimonio indisponibile;Utilizzato direttamente;Altro;;;;1;False
574990;L219;52;6;868;100.0;FABBRICATO;via orvieto;1 19;45.0934097;7.6689561;Abitazione;Dal 2001 al 2010;Nessuno;Patrimonio indisponibile;Utilizzato direttamente;Altro;;;;1;False
574991;L219;52;6;869;88.0;FABBRICATO;via orvieto;1 19;45.0934097;7.6689561;Abitazione;Dal 2001 al 2010;Nessuno;Patrimonio indisponibile;Utilizzato direttamente;Altro;;;;1;False
574992;L219;52;6;870;99.0;FABBRICATO;via orvieto;1 19;45.0934097;7.6689561;Abitazione;Dal 2001 al 2010;Nessuno;Patrimonio indisponibile;Utilizzato direttamente;Altro;;;;1;False
574993;L219;52;6;871;88.0;FABBRICATO;via orvieto;1 19;45.0934097;7.6689561;Abitazione;Dal 2001 al 2010;Nessuno;Patrimonio indisponibile;Utilizzato direttamente;Altro;;;;1;False
574994;L219;52;6;872;100.0;FABBRICATO;via orvieto;1 19;45.0934097;7.6689561;Abitazione;Dal 2001 al 2010;Nessuno;Patrimonio indisponibile;Utilizzato direttamente;Altro;;;;1;False
574995;L219;52;6;873;89.0;FABBRICATO;via orvieto;1 19;45.0934097;7.6689561;Abitazione;Dal 2001 al 2010;Nessuno;Patrimonio indisponibile;Utilizzato direttamente;Altro;;;;1;False
574996;L219;52;6;874;99.0;FABBRICATO;via orvieto;1 19;45.0934097;7.6689561;Abitazione;Dal 2001 al 2010;Nessuno;Patrimonio indisponibile;Utilizzato direttamente;Altro;;;;1;False
574997;L219;52;6;875;88.0;FABBRICATO;via orvieto;1 19;45.0934097;7.6689561;Abitazione;Dal 2001 al 2010;Nessuno;Patrimonio indisponibile;Utilizzato direttamente;Altro;;;;1;False
574998;L219;52;6;876;98.0;FABBRICATO;via orvieto;1 19;45.0934097;7.6689561;Abitazione;Dal 2001 al 2010;Nessuno;Patrimonio indisponibile;Utilizzato direttamente;Altro;;;;1;False
574999;L219;52;6;877;86.0;FABBRICATO;via orvieto;1 19;45.0934097;7.6689561;Abitazione;Dal 2001 al 2010;Nessuno;Patrimonio indisponibile;Utilizzato direttamente;Altro;;;;1;False
575000;L219;52;6;887;316.75;FABBRICATO;via orvieto;1 5;45.0934097;7.6689561;Edificio scolastico (es.: scuola di ogni ordine e grado, università, scuola di formazione);Dal 2001 al 2010;Nessuno;Patrimonio indisponibile;Utilizzato direttamente;Attività didattica;;;;1;False
575001;L219;52;6;888;394.25;FABBRICATO;via orvieto;1 11;45.0934097;7.6689561;Edificio scolastico (es.: scuola di ogni ordine e grado, università, scuola di formazione);Dal 2001 al 2010;Nessuno;Patrimonio indisponibile;Utilizzato direttamente;Attività didattica;;;;1;False
683211;L219;1009;38;8;541.6;FABBRICATO;Strada Comunale del Villaretto;187;45.1311683;7.6844567;Struttura residenziale collettiva (es.: collegi e convitti, educandati, ricoveri, orfanotrofi, ospizi, conventi, seminari);Prima del 1919;Dichiarazione di interesse culturale;Demanio;Utilizzato direttamente;Altro;;;;1;False
683218;L219;1013;128;;882.0;FABBRICATO;Via degli Abeti;12;45.130731;7.7120398;Ospedali, case di cura, cliniche e assimilabili;Prima del 1919;Nessuno;Patrimonio indisponibile;Utilizzato direttamente;Servizi assistenza socio-sanitaria (non residenziali);;;;1;False
683219;L219;1013;132;2;4115.8;FABBRICATO;Via degli Abeti;12;45.1301395;7.7119154;Struttura residenziale collettiva (es.: collegi e convitti, educandati, ricoveri, orfanotrofi, ospizi, conventi, seminari);Dal 1961 al 1970;Nessuno;Patrimonio indisponibile;Utilizzato direttamente;Altro;;;;1;False
683279;L219;1013;136;3;5123.0;FABBRICATO;Via degli Abeti;13;45.1312655;7.7090528;Edificio scolastico (es.: scuola di ogni ordine e grado, università, scuola di formazione);Dal 1981 al 1990;Nessuno;Patrimonio indisponibile;Utilizzato direttamente;Attività didattica;;;;1;False
683280;L219;1013;136;4;186.0;FABBRICATO;Via degli Abeti;13;45.1312655;7.7090528;Edificio scolastico (es.: scuola di ogni ordine e grado, università, scuola di formazione);Dal 1981 al 1990;Nessuno;Patrimonio indisponibile;Utilizzato direttamente;Attività didattica;;;;1;False
683281;L219;1013;136;5;135.0;FABBRICATO;Via degli Abeti;13;45.1312655;7.7090528;Abitazione;Dal 1981 al 1990;Nessuno;Patrimonio indisponibile;Utilizzato direttamente;Alloggio di servizio, foresterie;;;;1;False
683282;L219;1013;137;5;312.0;FABBRICATO;Via delle Querce;23;45.1304989;7.7075375;Fabbricato per attività produttiva (industriale, artigianale o agricola);Dal 1971 al 1980;Nessuno;Patrimonio indisponibile;Utilizzato direttamente;Altro;;;;1;False
683283;L219;1013;137;6;291.0;FABBRICATO;Via delle Querce;23;45.1304989;7.7075375;Impianto sportivo;Dal 1971 al 1980;Nessuno;Patrimonio indisponibile;Utilizzato direttamente;Altro;;;;1;False
683284;L219;1013;137;7;87.0;FABBRICATO;Via delle Querce;23;45.1304989;7.7075375;Abitazione;Dal 1971 al 1980;Nessuno;Patrimonio indisponibile;Utilizzato direttamente;Alloggio di servizio, foresterie;;;;1;False
683285;L219;1013;137;8;15.0;FABBRICATO;Via delle Querce;23;45.1304989;7.7075375;Cantina, soffitta, rimessa, box, garage, posto auto aperto/scoperto,;Dal 1971 al 1980;Nessuno;Patrimonio indisponibile;Utilizzato direttamente;Altro;;;;1;False
683286;L219;1013;137;9;15.0;FABBRICATO;Via delle Querce;23;45.1304989;7.7075375;Cantina, soffitta, rimessa, box, garage, posto auto aperto/scoperto,;Dal 1971 al 1980;Nessuno;Patrimonio indisponibile;Utilizzato direttamente;Altro;;;;1;False
683288;L219;1013;35;2;102.0;FABBRICATO;Via degli Abeti;15;45.1310566;7.7099316;Abitazione;Dal 1971 al 1980;Nessuno;Patrimonio indisponibile;Utilizzato direttamente;Alloggio di servizio, foresterie;;;;1;False
683289;L219;1013;35;3;1253.25;FABBRICATO;Via degli Abeti;15;45.1310566;7.7099316;Edificio scolastico (es.: scuola di ogni ordine e grado, università, scuola di formazione);Dal 1971 al 1980;Nessuno;Patrimonio indisponibile;;Non Dichiarato;in concessione a titolo oneroso;5512.0;01/12/2013;1;False
683428;L219;1145;2;1;48.0;FABBRICATO;via gallina giacinto;3 16;45.091958;7.7088881;Abitazione;Dal 1919 al 1945;Nessuno;Patrimonio indisponibile;Utilizzato direttamente;Altro;;;;1;False
683429;L219;1145;2;10;30.0;FABBRICATO;via gallina giacinto;3 15;45.091958;7.7088881;Abitazione;Dal 1919 al 1945;Nessuno;Patrimonio indisponibile;Utilizzato direttamente;Altro;;;;1;False
683430;L219;1145;2;11;31.0;FABBRICATO;via gallina giacinto;3 15;45.091958;7.7088881;Abitazione;Dal 1919 al 1945;Nessuno;Patrimonio indisponibile;Utilizzato direttamente;Altro;;;;1;False
683431;L219;1145;2;13;64.0;FABBRICATO;via gallina giacinto;3 14;45.091958;7.7088881;Abitazione;Dal 1919 al 1945;Nessuno;Patrimonio indisponibile;Utilizzato direttamente;Altro;;;;1;False
683432;L219;1145;2;14;48.0;FABBRICATO;via gallina giacinto;3 14;45.091958;7.7088881;Abitazione;Dal 1919 al 1945;Nessuno;Patrimonio indisponibile;Utilizzato direttamente;Altro;;;;1;False
683433;L219;1145;2;15;64.0;FABBRICATO;via gallina giacinto;3 14;45.091958;7.7088881;Abitazione;Dal 1919 al 1945;Nessuno;Patrimonio indisponibile;Utilizzato direttamente;Altro;;;;1;False
683434;L219;1145;2;16;48.0;FABBRICATO;via gallina giacinto;3 14;45.091958;7.7088881;Abitazione;Dal 1919 al 1945;Nessuno;Patrimonio indisponibile;Utilizzato direttamente;Altro;;;;1;False
683435;L219;1145;2;17;48.0;FABBRICATO;via gallina giacinto;3 13;45.091958;7.7088881;Abitazione;Dal 1919 al 1945;Nessuno;Patrimonio indisponibile;Utilizzato direttamente;Altro;;;;1;False
683436;L219;1145;2;19;48.0;FABBRICATO;via gallina giacinto;3 13;45.091958;7.7088881;Abitazione;Dal 1919 al 1945;Nessuno;Patrimonio indisponibile;Utilizzato direttamente;Altro;;;;1;False
683437;L219;1145;2;2;48.0;FABBRICATO;via gallina giacinto;3 16;45.091958;7.7088881;Abitazione;Dal 1919 al 1945;Nessuno;Patrimonio indisponibile;Utilizzato direttamente;Altro;;;;1;False
683438;L219;1145;2;20;64.0;FABBRICATO;via gallina giacinto;3 13;45.091958;7.7088881;Abitazione;Dal 1919 al 1945;Nessuno;Patrimonio indisponibile;Utilizzato direttamente;Altro;;;;1;False
683439;L219;1145;2;21;48.0;FABBRICATO;via gallina giacinto;3 12;45.091958;7.7088881;Abitazione;Dal 1919 al 1945;Nessuno;Patrimonio indisponibile;Utilizzato direttamente;Altro;;;;1;False
683440;L219;1145;2;22;48.0;FABBRICATO;via gallina giacinto;3 12;45.091958;7.7088881;Abitazione;Dal 1919 al 1945;Nessuno;Patrimonio indisponibile;Utilizzato direttamente;Altro;;;;1;False
683441;L219;1145;2;23;48.0;FABBRICATO;via gallina giacinto;3 12;45.091958;7.7088881;Abitazione;Dal 1919 al 1945;Nessuno;Patrimonio indisponibile;Utilizzato direttamente;Altro;;;;1;False
683442;L219;1145;2;24;48.0;FABBRICATO;via gallina giacinto;3 12;45.091958;7.7088881;Abitazione;Dal 1919 al 1945;Nessuno;Patrimonio indisponibile;Utilizzato direttamente;Altro;;;;1;False
683443;L219;1145;2;25;48.0;FABBRICATO;via gallina giacinto;3 12;45.091958;7.7088881;Abitazione;Dal 1919 al 1945;Nessuno;Patrimonio indisponibile;Utilizzato direttamente;Altro;;;;1;False
683444;L219;1145;2;26;48.0;FABBRICATO;via gallina giacinto;3 12;45.091958;7.7088881;Abitazione;Dal 1919 al 1945;Nessuno;Patrimonio indisponibile;Utilizzato direttamente;Altro;;;;1;False
683445;L219;1145;2;27;48.0;FABBRICATO;via gallina giacinto;3 11;45.091958;7.7088881;Abitazione;Dal 1919 al 1945;Nessuno;Patrimonio indisponibile;Utilizzato direttamente;Altro;;;;1;False
683446;L219;1145;2;28;48.0;FABBRICATO;via gallina giacinto;3 11;45.091958;7.7088881;Abitazione;Dal 1919 al 1945;Nessuno;Patrimonio indisponibile;Utilizzato direttamente;Altro;;;;1;False
683447;L219;1145;2;3;35.0;FABBRICATO;via gallina giacinto;3 16;45.091958;7.7088881;Abitazione;Dal 1919 al 1945;Nessuno;Patrimonio indisponibile;Utilizzato direttamente;Altro;;;;1;False
683448;L219;1145;2;30;48.0;FABBRICATO;via gallina giacinto;3 11;45.091958;7.7088881;Abitazione;Dal 1919 al 1945;Nessuno;Patrimonio indisponibile;Utilizzato direttamente;Altro;;;;1;False
683449;L219;1145;2;31;48.0;FABBRICATO;via gallina giacinto;3 11;45.091958;7.7088881;Abitazione;Dal 1919 al 1945;Nessuno;Patrimonio indisponibile;Utilizzato direttamente;Altro;;;;1;False
683450;L219;1145;2;32;48.0;FABBRICATO;via gallina giacinto;3 11;45.091958;7.7088881;Abitazione;Dal 1919 al 1945;Nessuno;Patrimonio indisponibile;Utilizzato direttamente;Altro;;;;1;False
683451;L219;1145;2;33;59.0;FABBRICATO;via gallina giacinto;3 11;45.091958;7.7088881;Abitazione;Dal 1919 al 1945;Nessuno;Patrimonio indisponibile;Utilizzato direttamente;Altro;;;;1;False
683452;L219;1145;2;34;58.0;FABBRICATO;via gallina giacinto;3 11;45.091958;7.7088881;Abitazione;Dal 1919 al 1945;Nessuno;Patrimonio indisponibile;Utilizzato direttamente;Altro;;;;1;False
683453;L219;1145;2;35;53.0;FABBRICATO;via gallina giacinto;3 13;45.091958;7.7088881;Abitazione;Dal 1919 al 1945;Nessuno;Patrimonio indisponibile;Utilizzato direttamente;Altro;;;;1;False
683454;L219;1145;2;36;73.0;FABBRICATO;via gallina giacinto;3 13;45.091958;7.7088881;Abitazione;Dal 1919 al 1945;Nessuno;Patrimonio indisponibile;Utilizzato direttamente;Altro;;;;1;False
683455;L219;1145;2;37;75.0;FABBRICATO;via gallina giacinto;3 14;45.091958;7.7088881;Abitazione;Dal 1919 al 1945;Nessuno;Patrimonio indisponibile;Utilizzato direttamente;Altro;;;;1;False
683456;L219;1145;2;38;53.0;FABBRICATO;via gallina giacinto;3 14;45.091958;7.7088881;Abitazione;Dal 1919 al 1945;Nessuno;Patrimonio indisponibile;Utilizzato direttamente;Altro;;;;1;False
683457;L219;1145;2;39;55.0;FABBRICATO;via gallina giacinto;3 15;45.091958;7.7088881;Abitazione;Dal 1919 al 1945;Nessuno;Patrimonio indisponibile;Utilizzato direttamente;Altro;;;;1;False
683458;L219;1145;2;4;35.0;FABBRICATO;via gallina giacinto;3 16;45.091958;7.7088881;Abitazione;Dal 1919 al 1945;Nessuno;Patrimonio indisponibile;Utilizzato direttamente;Altro;;;;1;False
683459;L219;1145;2;40;55.0;FABBRICATO;via gallina giacinto;3 15;45.091958;7.7088881;Abitazione;Dal 1919 al 1945;Nessuno;Patrimonio indisponibile;Utilizzato direttamente;Altro;;;;1;False
683460;L219;1145;2;41;56.0;FABBRICATO;via gallina giacinto;3 16;45.091958;7.7088881;Abitazione;Dal 1919 al 1945;Nessuno;Patrimonio indisponibile;Utilizzato direttamente;Altro;;;;1;False
683461;L219;1145;2;6;34.0;FABBRICATO;via gallina giacinto;3 16;45.091958;7.7088881;Abitazione;Dal 1919 al 1945;Nessuno;Patrimonio indisponibile;Utilizzato direttamente;Altro;;;;1;False
683462;L219;1145;2;7;35.0;FABBRICATO;via gallina giacinto;3 16;45.091958;7.7088881;Abitazione;Dal 1919 al 1945;Nessuno;Patrimonio indisponibile;Utilizzato direttamente;Altro;;;;1;False
683463;L219;1145;2;8;42.0;FABBRICATO;via gallina giacinto;3 15;45.091958;7.7088881;Abitazione;Dal 1919 al 1945;Nessuno;Patrimonio indisponibile;Utilizzato direttamente;Altro;;;;1;False
683464;L219;1145;2;9;31.0;FABBRICATO;via gallina giacinto;3 15;45.091958;7.7088881;Abitazione;Dal 1919 al 1945;Nessuno;Patrimonio indisponibile;Utilizzato direttamente;Altro;;;;1;False
683465;L219;1024;65;1;2246.75;FABBRICATO;Via dei Pioppi;45;45.1264153;7.7124527;Edificio scolastico (es.: scuola di ogni ordine e grado, università, scuola di formazione);Dal 1946 al 1960;Nessuno;Patrimonio indisponibile;Utilizzato direttamente;Attività didattica;;;;1;False
683466;L219;1024;65;2;1604.25;FABBRICATO;Via dei Pioppi;43;45.1264153;7.7124527;Edificio scolastico (es.: scuola di ogni ordine e grado, università, scuola di formazione);Dal 1946 al 1960;Nessuno;Patrimonio indisponibile;Utilizzato direttamente;Attività artistica e culturale;;;;1;False
683469;L219;1025;95;2;67.0;FABBRICATO;Strada Vicinale dell'Abbadia di Stura;9;45.123516;7.7059064;Abitazione;Dal 1961 al 1970;Nessuno;Patrimonio indisponibile;Utilizzato direttamente;Alloggio di servizio, foresterie;;;;1;False
683470;L219;1026;37;3;592.0;FABBRICATO;Strada Cuorgnè;109;45.1260897;7.7006839;Magazzino e locali di deposito;Prima del 1919;Nessuno;Demanio;Utilizzato direttamente;Attività didattica;;;;1;False
683471;L219;1026;37;4;147.0;FABBRICATO;Strada Cuorgnè;109;45.1260897;7.7006839;Abitazione;Prima del 1919;Nessuno;Demanio;Utilizzato direttamente;Attività didattica;;;;1;False
683472;L219;1026;37;5;113.0;FABBRICATO;Strada Cuorgnè;109;45.1260897;7.7006839;Abitazione;Prima del 1919;Nessuno;Demanio;Utilizzato direttamente;Attività didattica;;;;1;False
683473;L219;1026;37;6;323.0;FABBRICATO;Strada Cuorgnè;109;45.1260897;7.7006839;Magazzino e locali di deposito;Prima del 1919;Nessuno;Demanio;Utilizzato direttamente;Attività didattica;;;;1;False
683474;L219;1026;37;8;887.5;FABBRICATO;Strada Cuorgnè;109;45.1260897;7.7006839;Edificio scolastico (es.: scuola di ogni ordine e grado, università, scuola di formazione);Prima del 1919;Nessuno;Demanio;Utilizzato direttamente;Attività didattica;;;;1;False
683475;L219;1026;37;9;236.25;FABBRICATO;Strada Cuorgnè;109;45.1260897;7.7006839;Edificio scolastico (es.: scuola di ogni ordine e grado, università, scuola di formazione);Prima del 1919;Nessuno;Demanio;Utilizzato direttamente;Attività didattica;;;;1;False
683476;L219;1145;39;1;28.0;FABBRICATO;via ghedini giorgio;21;45.0911078;7.709733;Locale commerciale, negozio;Dal 1919 al 1945;Nessuno;Patrimonio indisponibile;Utilizzato direttamente;Attività commerciale e di ristorazione;;;;1;False
683477;L219;1145;39;10;101.0;FABBRICATO;via ghedini giorgio;21;45.0911078;7.709733;Abitazione;Dal 1919 al 1945;Nessuno;Patrimonio indisponibile;Utilizzato direttamente;Altro;;;;1;False
683478;L219;1145;39;11;64.0;FABBRICATO;via ghedini giorgio;21;45.0911078;7.709733;Abitazione;Dal 1919 al 1945;Nessuno;Patrimonio indisponibile;Utilizzato direttamente;Altro;;;;1;False
683479;L219;1145;39;12;186.0;FABBRICATO;via ghedini giorgio;21;45.0911078;7.709733;Abitazione;Dal 1919 al 1945;Nessuno;Patrimonio indisponibile;Utilizzato direttamente;Altro;;;;1;False
683480;L219;1145;39;13;145.0;FABBRICATO;via ghedini giorgio;21;45.0911078;7.709733;Abitazione;Dal 1919 al 1945;Nessuno;Patrimonio indisponibile;Utilizzato direttamente;Altro;;;;1;False
683481;L219;1145;39;14;86.0;FABBRICATO;via ghedini giorgio;21;45.0911078;7.709733;Abitazione;Dal 1919 al 1945;Nessuno;Patrimonio indisponibile;Utilizzato direttamente;Altro;;;;1;False
683482;L219;1145;39;15;92.0;FABBRICATO;via ghedini giorgio;21;45.0911078;7.709733;Abitazione;Dal 1919 al 1945;Nessuno;Patrimonio indisponibile;Utilizzato direttamente;Altro;;;;1;False
683483;L219;1145;39;16;88.0;FABBRICATO;via ghedini giorgio;21;45.0911078;7.709733;Abitazione;Dal 1919 al 1945;Nessuno;Patrimonio indisponibile;Utilizzato direttamente;Altro;;;;1;False
683484;L219;1145;39;17;64.0;FABBRICATO;via ghedini giorgio;21;45.0911078;7.709733;Abitazione;Dal 1919 al 1945;Nessuno;Patrimonio indisponibile;Utilizzato direttamente;Altro;;;;1;False
683485;L219;1145;39;18;184.0;FABBRICATO;via ghedini giorgio;21;45.0911078;7.709733;Abitazione;Dal 1919 al 1945;Nessuno;Patrimonio indisponibile;Utilizzato direttamente;Altro;;;;1;False
683486;L219;1145;39;19;47.0;FABBRICATO;via ghedini giorgio;21;45.0911078;7.709733;Abitazione;Dal 1919 al 1945;Nessuno;Patrimonio indisponibile;Utilizzato direttamente;Altro;;;;1;False
683487;L219;1145;39;2;72.0;FABBRICATO;via ghedini giorgio;21;45.0911078;7.709733;Abitazione;Dal 1919 al 1945;Nessuno;Patrimonio indisponibile;Utilizzato direttamente;Altro;;;;1;False
683488;L219;1145;39;20;104.0;FABBRICATO;via ghedini giorgio;21;45.0911078;7.709733;Abitazione;Dal 1919 al 1945;Nessuno;Patrimonio indisponibile;Utilizzato direttamente;Altro;;;;1;False
683489;L219;1145;39;21;124.0;FABBRICATO;via ghedini giorgio;21;45.0911078;7.709733;Abitazione;Dal 1919 al 1945;Nessuno;Patrimonio indisponibile;Utilizzato direttamente;Altro;;;;1;False
683490;L219;1145;39;22;110.0;FABBRICATO;via ghedini giorgio;21;45.0911078;7.709733;Abitazione;Dal 1919 al 1945;Nessuno;Patrimonio indisponibile;Utilizzato direttamente;Altro;;;;1;False
683491;L219;1145;39;23;48.0;FABBRICATO;via ghedini giorgio;21;45.0911078;7.709733;Abitazione;Dal 1919 al 1945;Nessuno;Patrimonio indisponibile;Utilizzato direttamente;Altro;;;;1;False
683492;L219;1145;39;24;48.0;FABBRICATO;via ghedini giorgio;21;45.0911078;7.709733;Abitazione;Dal 1919 al 1945;Nessuno;Patrimonio indisponibile;Utilizzato direttamente;Altro;;;;1;False
683493;L219;1145;39;25;185.0;FABBRICATO;via ghedini giorgio;21;45.0911078;7.709733;Abitazione;Dal 1919 al 1945;Nessuno;Patrimonio indisponibile;Utilizzato direttamente;Altro;;;;1;False
683494;L219;1145;39;26;92.0;FABBRICATO;via ghedini giorgio;21;45.0911078;7.709733;Abitazione;Dal 1919 al 1945;Nessuno;Patrimonio indisponibile;Utilizzato direttamente;Altro;;;;1;False
683495;L219;1145;39;27;135.0;FABBRICATO;via ghedini giorgio;21;45.0911078;7.709733;Abitazione;Dal 1919 al 1945;Nessuno;Patrimonio indisponibile;Utilizzato direttamente;Altro;;;;1;False
683496;L219;1145;39;28;46.0;FABBRICATO;via ghedini giorgio;21;45.0911078;7.709733;Abitazione;Dal 1919 al 1945;Nessuno;Patrimonio indisponibile;Utilizzato direttamente;Altro;;;;1;False
683497;L219;1145;39;29;51.0;FABBRICATO;via ghedini giorgio;21;45.0911078;7.709733;Abitazione;Dal 1919 al 1945;Nessuno;Patrimonio indisponibile;Utilizzato direttamente;Altro;;;;1;False
683498;L219;1145;39;3;141.0;FABBRICATO;via ghedini giorgio;21;45.0911078;7.709733;Abitazione;Dal 1919 al 1945;Nessuno;Patrimonio indisponibile;Utilizzato direttamente;Altro;;;;1;False
683499;L219;1145;39;30;64.0;FABBRICATO;via ghedini giorgio;21;45.0911078;7.709733;Abitazione;Dal 1919 al 1945;Nessuno;Patrimonio indisponibile;Utilizzato direttamente;Altro;;;;1;False
683500;L219;1145;39;31;139.0;FABBRICATO;via ghedini giorgio;21;45.0911078;7.709733;Abitazione;Dal 1919 al 1945;Nessuno;Patrimonio indisponibile;Utilizzato direttamente;Altro;;;;1;False
683501;L219;1145;39;32;59.0;FABBRICATO;via ghedini giorgio;21;45.0911078;7.709733;Abitazione;Dal 1919 al 1945;Nessuno;Patrimonio indisponibile;Utilizzato direttamente;Altro;;;;1;False
683502;L219;1145;39;34;6.0;FABBRICATO;via ghedini giorgio;21;45.0911078;7.709733;Abitazione;Dal 1919 al 1945;Nessuno;Patrimonio indisponibile;Utilizzato direttamente;Altro;;;;1;False
683503;L219;1145;39;35;160.0;FABBRICATO;via ghedini giorgio;21;45.0911078;7.709733;Abitazione;Dal 1919 al 1945;Nessuno;Patrimonio indisponibile;Utilizzato direttamente;Altro;;;;1;False
683504;L219;1145;39;36;13.0;FABBRICATO;via ghedini giorgio;21;45.0911078;7.709733;Abitazione;Dal 1919 al 1945;Nessuno;Patrimonio indisponibile;Utilizzato direttamente;Altro;;;;1;False
683505;L219;1145;39;37;98.0;FABBRICATO;via ghedini giorgio;21;45.0911078;7.709733;Abitazione;Dal 1919 al 1945;Nessuno;Patrimonio indisponibile;Utilizzato direttamente;Altro;;;;1;False
683506;L219;1145;39;38;79.0;FABBRICATO;via ghedini giorgio;21;45.0911078;7.709733;Abitazione;Dal 1919 al 1945;Nessuno;Patrimonio indisponibile;Utilizzato direttamente;Altro;;;;1;False
683507;L219;1145;39;39;123.0;FABBRICATO;via ghedini giorgio;21;45.0911078;7.709733;Abitazione;Dal 1919 al 1945;Nessuno;Patrimonio indisponibile;Utilizzato direttamente;Altro;;;;1;False
683508;L219;1145;39;4;48.0;FABBRICATO;via ghedini giorgio;21;45.0911078;7.709733;Abitazione;Dal 1919 al 1945;Nessuno;Patrimonio indisponibile;Utilizzato direttamente;Altro;;;;1;False
683509;L219;1145;39;40;87.0;FABBRICATO;via ghedini giorgio;21;45.0911078;7.709733;Abitazione;Dal 1919 al 1945;Nessuno;Patrimonio indisponibile;Utilizzato direttamente;Altro;;;;1;False
683510;L219;1145;39;41;170.0;FABBRICATO;via ghedini giorgio;21;45.0911078;7.709733;Abitazione;Dal 1919 al 1945;Nessuno;Patrimonio indisponibile;Utilizzato direttamente;Altro;;;;1;False
683511;L219;1145;39;42;68.0;FABBRICATO;via ghedini giorgio;21;45.0911078;7.709733;Abitazione;Dal 1919 al 1945;Nessuno;Patrimonio indisponibile;Utilizzato direttamente;Altro;;;;1;False
683512;L219;1145;39;43;65.0;FABBRICATO;via ghedini giorgio;21;45.0911078;7.709733;Abitazione;Dal 1919 al 1945;Nessuno;Patrimonio indisponibile;Utilizzato direttamente;Altro;;;;1;False
683513;L219;1145;39;44;270.0;FABBRICATO;via ghedini giorgio;21;45.0911078;7.709733;Abitazione;Dal 1919 al 1945;Nessuno;Patrimonio indisponibile;Utilizzato direttamente;Altro;;;;1;False
683514;L219;1145;39;45;66.0;FABBRICATO;via ghedini giorgio;21;45.0911078;7.709733;Abitazione;Dal 1919 al 1945;Nessuno;Patrimonio indisponibile;Utilizzato direttamente;Altro;;;;1;False
683515;L219;1145;39;46;29.0;FABBRICATO;via ghedini giorgio;21;45.0911078;7.709733;Abitazione;Dal 1919 al 1945;Nessuno;Patrimonio indisponibile;Utilizzato direttamente;Altro;;;;1;False
683516;L219;1145;39;48;59.0;FABBRICATO;via ghedini giorgio;21;45.0911078;7.709733;Abitazione;Dal 1919 al 1945;Nessuno;Patrimonio indisponibile;Utilizzato direttamente;Altro;;;;1;False
683517;L219;1145;39;49;242.0;FABBRICATO;via ghedini giorgio;21;45.0911078;7.709733;Abitazione;Dal 1919 al 1945;Nessuno;Patrimonio indisponibile;Utilizzato direttamente;Altro;;;;1;False
683518;L219;1145;39;5;9.0;FABBRICATO;via ghedini giorgio;21;45.0911078;7.709733;Abitazione;Dal 1919 al 1945;Nessuno;Patrimonio indisponibile;Utilizzato direttamente;Altro;;;;1;False
683519;L219;1145;39;50;236.0;FABBRICATO;via ghedini giorgio;21;45.0911078;7.709733;Abitazione;Dal 1919 al 1945;Nessuno;Patrimonio indisponibile;Utilizzato direttamente;Altro;;;;1;False
683520;L219;1145;39;51;48.0;FABBRICATO;via ghedini giorgio;21;45.0911078;7.709733;Abitazione;Dal 1919 al 1945;Nessuno;Patrimonio indisponibile;Utilizzato direttamente;Altro;;;;1;False
683521;L219;1145;39;52;64.0;FABBRICATO;via ghedini giorgio;21;45.0911078;7.709733;Abitazione;Dal 1919 al 1945;Nessuno;Patrimonio indisponibile;Utilizzato direttamente;Altro;;;;1;False
683522;L219;1145;39;53;48.0;FABBRICATO;via ghedini giorgio;21;45.0911078;7.709733;Abitazione;Dal 1919 al 1945;Nessuno;Patrimonio indisponibile;Utilizzato direttamente;Altro;;;;1;False
683523;L219;1145;39;54;16.0;FABBRICATO;via ghedini giorgio;21;45.0911078;7.709733;Abitazione;Dal 1919 al 1945;Nessuno;Patrimonio indisponibile;Utilizzato direttamente;Altro;;;;1;False
683524;L219;1145;39;55;48.0;FABBRICATO;via ghedini giorgio;21;45.0911078;7.709733;Abitazione;Dal 1919 al 1945;Nessuno;Patrimonio indisponibile;Utilizzato direttamente;Altro;;;;1;False
683525;L219;1145;39;56;64.0;FABBRICATO;via ghedini giorgio;21;45.0911078;7.709733;Abitazione;Dal 1919 al 1945;Nessuno;Patrimonio indisponibile;Utilizzato direttamente;Altro;;;;1;False
683526;L219;1145;39;57;64.0;FABBRICATO;via ghedini giorgio;21;45.0911078;7.709733;Abitazione;Dal 1919 al 1945;Nessuno;Patrimonio indisponibile;Utilizzato direttamente;Altro;;;;1;False
683527;L219;1145;39;58;101.0;FABBRICATO;via ghedini giorgio;21;45.0911078;7.709733;Abitazione;Dal 1919 al 1945;Nessuno;Patrimonio indisponibile;Utilizzato direttamente;Altro;;;;1;False
683528;L219;1145;39;6;257.0;FABBRICATO;via ghedini giorgio;21;45.0911078;7.709733;Abitazione;Dal 1919 al 1945;Nessuno;Patrimonio indisponibile;Utilizzato direttamente;Altro;;;;1;False
683529;L219;1145;39;60;149.0;FABBRICATO;Via Giorgio Ghedini;19;45.0911078;7.709733;Abitazione;Dal 1919 al 1945;Nessuno;Patrimonio indisponibile;Utilizzato direttamente;Altro;;;;1;False
683530;L219;1145;39;7;208.0;FABBRICATO;via ghedini giorgio;21;45.0911078;7.709733;Abitazione;Dal 1919 al 1945;Nessuno;Patrimonio indisponibile;Utilizzato direttamente;Altro;;;;1;False
683531;L219;1145;39;8;70.0;FABBRICATO;via ghedini giorgio;21;45.0911078;7.709733;Abitazione;Dal 1919 al 1945;Nessuno;Patrimonio indisponibile;Utilizzato direttamente;Altro;;;;1;False
683532;L219;1145;39;9;74.0;FABBRICATO;via ghedini giorgio;21;45.0911078;7.709733;Abitazione;Dal 1919 al 1945;Nessuno;Patrimonio indisponibile;Utilizzato direttamente;Altro;;;;1;False
683534;L219;1027;143;3;626.57;FABBRICATO;Strada Cuorgnè;81;45.1234107;7.7033776;Ufficio strutturato ed assimilabili;Prima del 1919;Nessuno;Patrimonio indisponibile;Utilizzato direttamente;Altro;;;;1;False
683535;L219;1027;143;4;701.71;FABBRICATO;Strada Cuorgnè;81;45.1234107;7.7033776;Ufficio strutturato ed assimilabili;Prima del 1919;Nessuno;Patrimonio indisponibile;Utilizzato direttamente;Altro;;;;1;False
683629;L219;1145;42;1;86.0;FABBRICATO;via maddalene;2;45.0904066;7.7059706;Abitazione;Dal 1961 al 1970;Nessuno;Patrimonio indisponibile;Utilizzato direttamente;Altro;;;;1;False
683630;L219;1145;42;10;85.0;FABBRICATO;via maddalene;2;45.0904066;7.7059706;Abitazione;Dal 1961 al 1970;Nessuno;Patrimonio indisponibile;Utilizzato direttamente;Altro;;;;1;False
683631;L219;1145;42;11;113.0;FABBRICATO;via maddalene;2;45.0904066;7.7059706;Abitazione;Dal 1961 al 1970;Nessuno;Patrimonio indisponibile;Utilizzato direttamente;Altro;;;;1;False
683632;L219;1145;42;12;84.0;FABBRICATO;via maddalene;2;45.0904066;7.7059706;Abitazione;Dal 1961 al 1970;Nessuno;Patrimonio indisponibile;Utilizzato direttamente;Altro;;;;1;False
683633;L219;1145;42;13;85.0;FABBRICATO;via maddalene;2;45.0904066;7.7059706;Abitazione;Dal 1961 al 1970;Nessuno;Patrimonio indisponibile;Utilizzato direttamente;Altro;;;;1;False
683634;L219;1145;42;14;116.0;FABBRICATO;via maddalene;2;45.0904066;7.7059706;Abitazione;Dal 1961 al 1970;Nessuno;Patrimonio indisponibile;Utilizzato direttamente;Altro;;;;1;False
683635;L219;1145;42;15;83.0;FABBRICATO;via maddalene;2;45.0904066;7.7059706;Abitazione;Dal 1961 al 1970;Nessuno;Patrimonio indisponibile;Utilizzato direttamente;Altro;;;;1;False
683636;L219;1145;42;16;85.0;FABBRICATO;via maddalene;2;45.0904066;7.7059706;Abitazione;Dal 1961 al 1970;Nessuno;Patrimonio indisponibile;Utilizzato direttamente;Altro;;;;1;False
683637;L219;1145;42;17;111.0;FABBRICATO;via maddalene;2;45.0904066;7.7059706;Abitazione;Dal 1961 al 1970;Nessuno;Patrimonio indisponibile;Utilizzato direttamente;Altro;;;;1;False
683638;L219;1145;42;18;86.0;FABBRICATO;via maddalene;2;45.0904066;7.7059706;Abitazione;Dal 1961 al 1970;Nessuno;Patrimonio indisponibile;Utilizzato direttamente;Altro;;;;1;False
683639;L219;1145;42;19;85.0;FABBRICATO;via maddalene;2;45.0904066;7.7059706;Abitazione;Dal 1961 al 1970;Nessuno;Patrimonio indisponibile;Utilizzato direttamente;Altro;;;;1;False
683640;L219;1145;42;2;113.0;FABBRICATO;via maddalene;2;45.0904066;7.7059706;Abitazione;Dal 1961 al 1970;Nessuno;Patrimonio indisponibile;Utilizzato direttamente;Altro;;;;1;False
683641;L219;1145;42;20;113.0;FABBRICATO;via maddalene;2;45.0904066;7.7059706;Abitazione;Dal 1961 al 1970;Nessuno;Patrimonio indisponibile;Utilizzato direttamente;Altro;;;;1;False
683642;L219;1145;42;21;83.0;FABBRICATO;via maddalene;2;45.0904066;7.7059706;Abitazione;Dal 1961 al 1970;Nessuno;Patrimonio indisponibile;Utilizzato direttamente;Altro;;;;1;False
683643;L219;1145;42;22;85.0;FABBRICATO;via maddalene;2;45.0904066;7.7059706;Abitazione;Dal 1961 al 1970;Nessuno;Patrimonio indisponibile;Utilizzato direttamente;Altro;;;;1;False
683644;L219;1145;42;23;113.0;FABBRICATO;via maddalene;2;45.0904066;7.7059706;Abitazione;Dal 1961 al 1970;Nessuno;Patrimonio indisponibile;Utilizzato direttamente;Altro;;;;1;False
683645;L219;1145;42;24;82.0;FABBRICATO;via maddalene;2;45.0904066;7.7059706;Abitazione;Dal 1961 al 1970;Nessuno;Patrimonio indisponibile;Utilizzato direttamente;Altro;;;;1;False
683646;L219;1145;42;3;87.0;FABBRICATO;via maddalene;2;45.0904066;7.7059706;Abitazione;Dal 1961 al 1970;Nessuno;Patrimonio indisponibile;Utilizzato direttamente;Altro;;;;1;False
683647;L219;1145;42;4;86.0;FABBRICATO;via maddalene;2;45.0904066;7.7059706;Abitazione;Dal 1961 al 1970;Nessuno;Patrimonio indisponibile;Utilizzato direttamente;Altro;;;;1;False
683648;L219;1145;42;5;113.0;FABBRICATO;via maddalene;2;45.0904066;7.7059706;Abitazione;Dal 1961 al 1970;Nessuno;Patrimonio indisponibile;Utilizzato direttamente;Altro;;;;1;False
683649;L219;1145;42;6;84.0;FABBRICATO;via maddalene;2;45.0904066;7.7059706;Abitazione;Dal 1961 al 1970;Nessuno;Patrimonio indisponibile;Utilizzato direttamente;Altro;;;;1;False
683650;L219;1145;42;7;84.0;FABBRICATO;via maddalene;2;45.0904066;7.7059706;Abitazione;Dal 1961 al 1970;Nessuno;Patrimonio indisponibile;Utilizzato direttamente;Altro;;;;1;False
683651;L219;1145;42;8;113.0;FABBRICATO;via maddalene;2;45.0904066;7.7059706;Abitazione;Dal 1961 al 1970;Nessuno;Patrimonio indisponibile;Utilizzato direttamente;Altro;;;;1;False
683652;L219;1145;42;9;84.0;FABBRICATO;via maddalene;2;45.0904066;7.7059706;Abitazione;Dal 1961 al 1970;Nessuno;Patrimonio indisponibile;Utilizzato direttamente;Altro;;;;1;False
683653;L219;1145;43;1;54.0;FABBRICATO;via maddalene;6;45.0904443;7.7065946;Abitazione;Dal 1961 al 1970;Nessuno;Patrimonio indisponibile;Utilizzato direttamente;Altro;;;;1;False
683654;L219;1145;43;10;79.0;FABBRICATO;via maddalene;6;45.0904443;7.7065946;Abitazione;Dal 1961 al 1970;Nessuno;Patrimonio indisponibile;Utilizzato direttamente;Altro;;;;1;False
683655;L219;1145;43;11;52.0;FABBRICATO;via maddalene;6;45.0904443;7.7065946;Abitazione;Dal 1961 al 1970;Nessuno;Patrimonio indisponibile;Utilizzato direttamente;Altro;;;;1;False
683656;L219;1145;43;12;81.0;FABBRICATO;via maddalene;6;45.0904443;7.7065946;Abitazione;Dal 1961 al 1970;Nessuno;Patrimonio indisponibile;Utilizzato direttamente;Altro;;;;1;False
683657;L219;1145;43;14;84.0;FABBRICATO;via maddalene;6;45.0904443;7.7065946;Abitazione;Dal 1961 al 1970;Nessuno;Patrimonio indisponibile;Utilizzato direttamente;Altro;;;;1;False
683658;L219;1145;43;15;82.0;FABBRICATO;via maddalene;6;45.0904443;7.7065946;Abitazione;Dal 1961 al 1970;Nessuno;Patrimonio indisponibile;Utilizzato direttamente;Altro;;;;1;False
683659;L219;1145;43;16;84.0;FABBRICATO;via maddalene;6;45.0904443;7.7065946;Abitazione;Dal 1961 al 1970;Nessuno;Patrimonio indisponibile;Utilizzato direttamente;Altro;;;;1;False
683660;L219;1145;43;17;83.0;FABBRICATO;via maddalene;6;45.0904443;7.7065946;Abitazione;Dal 1961 al 1970;Nessuno;Patrimonio indisponibile;Utilizzato direttamente;Altro;;;;1;False
683661;L219;1145;43;18;82.0;FABBRICATO;via maddalene;6;45.0904443;7.7065946;Abitazione;Dal 1961 al 1970;Nessuno;Patrimonio indisponibile;Utilizzato direttamente;Altro;;;;1;False
683662;L219;1145;43;19;81.0;FABBRICATO;via maddalene;6;45.0904443;7.7065946;Abitazione;Dal 1961 al 1970;Nessuno;Patrimonio indisponibile;Utilizzato direttamente;Altro;;;;1;False
683663;L219;1145;43;2;78.0;FABBRICATO;via maddalene;6;45.0904443;7.7065946;Abitazione;Dal 1961 al 1970;Nessuno;Patrimonio indisponibile;Utilizzato direttamente;Altro;;;;1;False
683664;L219;1145;43;20;81.0;FABBRICATO;via maddalene;6;45.0904443;7.7065946;Abitazione;Dal 1961 al 1970;Nessuno;Patrimonio indisponibile;Utilizzato direttamente;Altro;;;;1;False
683665;L219;1145;43;21;85.0;FABBRICATO;via maddalene;6;45.0904443;7.7065946;Abitazione;Dal 1961 al 1970;Nessuno;Patrimonio indisponibile;Utilizzato direttamente;Altro;;;;1;False
683666;L219;1145;43;22;84.0;FABBRICATO;via maddalene;6;45.0904443;7.7065946;Abitazione;Dal 1961 al 1970;Nessuno;Patrimonio indisponibile;Utilizzato direttamente;Altro;;;;1;False
683667;L219;1145;43;23;79.0;FABBRICATO;via maddalene;6;45.0904443;7.7065946;Abitazione;Dal 1961 al 1970;Nessuno;Patrimonio indisponibile;Utilizzato direttamente;Altro;;;;1;False
683668;L219;1145;43;24;83.0;FABBRICATO;via maddalene;6;45.0904443;7.7065946;Abitazione;Dal 1961 al 1970;Nessuno;Patrimonio indisponibile;Utilizzato direttamente;Altro;;;;1;False
683669;L219;1145;43;25;80.0;FABBRICATO;via maddalene;6;45.0904443;7.7065946;Abitazione;Dal 1961 al 1970;Nessuno;Patrimonio indisponibile;Utilizzato direttamente;Altro;;;;1;False
683670;L219;1145;43;26;63.0;FABBRICATO;via maddalene;6;45.0904443;7.7065946;Abitazione;Dal 1961 al 1970;Nessuno;Patrimonio indisponibile;Utilizzato direttamente;Altro;;;;1;False
683671;L219;1145;43;27;61.0;FABBRICATO;via maddalene;6;45.0904443;7.7065946;Abitazione;Dal 1961 al 1970;Nessuno;Patrimonio indisponibile;Utilizzato direttamente;Altro;;;;1;False
683672;L219;1145;43;28;61.0;FABBRICATO;via maddalene;6;45.0904443;7.7065946;Abitazione;Dal 1961 al 1970;Nessuno;Patrimonio indisponibile;Utilizzato direttamente;Altro;;;;1;False
683673;L219;1145;43;29;58.0;FABBRICATO;via maddalene;6;45.0904443;7.7065946;Abitazione;Dal 1961 al 1970;Nessuno;Patrimonio indisponibile;Utilizzato direttamente;Altro;;;;1;False
683674;L219;1145;43;3;56.0;FABBRICATO;via maddalene;6;45.0904443;7.7065946;Abitazione;Dal 1961 al 1970;Nessuno;Patrimonio indisponibile;Utilizzato direttamente;Altro;;;;1;False
683675;L219;1145;43;30;60.0;FABBRICATO;via maddalene;6;45.0904443;7.7065946;Abitazione;Dal 1961 al 1970;Nessuno;Patrimonio indisponibile;Utilizzato direttamente;Altro;;;;1;False
683676;L219;1145;43;31;63.0;FABBRICATO;via maddalene;6;45.0904443;7.7065946;Abitazione;Dal 1961 al 1970;Nessuno;Patrimonio indisponibile;Utilizzato direttamente;Altro;;;;1;False
683677;L219;1145;43;32;62.0;FABBRICATO;via maddalene;6;45.0904443;7.7065946;Abitazione;Dal 1961 al 1970;Nessuno;Patrimonio indisponibile;Utilizzato direttamente;Altro;;;;1;False
683678;L219;1145;43;33;57.0;FABBRICATO;via maddalene;6;45.0904443;7.7065946;Abitazione;Dal 1961 al 1970;Nessuno;Patrimonio indisponibile;Utilizzato direttamente;Altro;;;;1;False
683679;L219;1145;43;34;63.0;FABBRICATO;via maddalene;6;45.0904443;7.7065946;Abitazione;Dal 1961 al 1970;Nessuno;Patrimonio indisponibile;Utilizzato direttamente;Altro;;;;1;False
683680;L219;1145;43;35;62.0;FABBRICATO;via maddalene;6;45.0904443;7.7065946;Abitazione;Dal 1961 al 1970;Nessuno;Patrimonio indisponibile;Utilizzato direttamente;Altro;;;;1;False
683681;L219;1145;43;36;59.0;FABBRICATO;via maddalene;6;45.0904443;7.7065946;Abitazione;Dal 1961 al 1970;Nessuno;Patrimonio indisponibile;Utilizzato direttamente;Altro;;;;1;False
683682;L219;1145;43;37;63.0;FABBRICATO;via maddalene;6;45.0904443;7.7065946;Abitazione;Dal 1961 al 1970;Nessuno;Patrimonio indisponibile;Utilizzato direttamente;Altro;;;;1;False
683683;L219;1145;43;38;80.0;FABBRICATO;via maddalene;6;45.0904443;7.7065946;Abitazione;Dal 1961 al 1970;Nessuno;Patrimonio indisponibile;Utilizzato direttamente;Altro;;;;1;False
683684;L219;1145;43;39;79.0;FABBRICATO;via maddalene;6;45.0904443;7.7065946;Abitazione;Dal 1961 al 1970;Nessuno;Patrimonio indisponibile;Utilizzato direttamente;Altro;;;;1;False
683685;L219;1145;43;4;77.0;FABBRICATO;via maddalene;6;45.0904443;7.7065946;Abitazione;Dal 1961 al 1970;Nessuno;Patrimonio indisponibile;Utilizzato direttamente;Altro;;;;1;False
683686;L219;1145;43;40;82.0;FABBRICATO;via maddalene;6;45.0904443;7.7065946;Abitazione;Dal 1961 al 1970;Nessuno;Patrimonio indisponibile;Utilizzato direttamente;Altro;;;;1;False
683687;L219;1145;43;41;82.0;FABBRICATO;via maddalene;6;45.0904443;7.7065946;Abitazione;Dal 1961 al 1970;Nessuno;Patrimonio indisponibile;Utilizzato direttamente;Altro;;;;1;False
683688;L219;1145;43;42;80.0;FABBRICATO;via maddalene;6;45.0904443;7.7065946;Abitazione;Dal 1961 al 1970;Nessuno;Patrimonio indisponibile;Utilizzato direttamente;Altro;;;;1;False
683689;L219;1145;43;43;78.0;FABBRICATO;via maddalene;6;45.0904443;7.7065946;Abitazione;Dal 1961 al 1970;Nessuno;Patrimonio indisponibile;Utilizzato direttamente;Altro;;;;1;False
683690;L219;1145;43;44;82.0;FABBRICATO;via maddalene;6;45.0904443;7.7065946;Abitazione;Dal 1961 al 1970;Nessuno;Patrimonio indisponibile;Utilizzato direttamente;Altro;;;;1;False
683691;L219;1145;43;45;82.0;FABBRICATO;via maddalene;6;45.0904443;7.7065946;Abitazione;Dal 1961 al 1970;Nessuno;Patrimonio indisponibile;Utilizzato direttamente;Altro;;;;1;False
683692;L219;1145;43;46;82.0;FABBRICATO;via maddalene;6;45.0904443;7.7065946;Abitazione;Dal 1961 al 1970;Nessuno;Patrimonio indisponibile;Utilizzato direttamente;Altro;;;;1;False
683693;L219;1145;43;47;78.0;FABBRICATO;via maddalene;6;45.0904443;7.7065946;Abitazione;Dal 1961 al 1970;Nessuno;Patrimonio indisponibile;Utilizzato direttamente;Altro;;;;1;False
683694;L219;1145;43;48;81.0;FABBRICATO;via maddalene;6;45.0904443;7.7065946;Abitazione;Dal 1961 al 1970;Nessuno;Patrimonio indisponibile;Utilizzato direttamente;Altro;;;;1;False
683695;L219;1145;43;49;79.0;FABBRICATO;via maddalene;6;45.0904443;7.7065946;Abitazione;Dal 1961 al 1970;Nessuno;Patrimonio indisponibile;Utilizzato direttamente;Altro;;;;1;False
683696;L219;1145;43;5;53.0;FABBRICATO;via maddalene;6;45.0904443;7.7065946;Abitazione;Dal 1961 al 1970;Nessuno;Patrimonio indisponibile;Utilizzato direttamente;Altro;;;;1;False
683697;L219;1145;43;50;54.0;FABBRICATO;via maddalene;6;45.0904443;7.7065946;Abitazione;Dal 1961 al 1970;Nessuno;Patrimonio indisponibile;Utilizzato direttamente;Altro;;;;1;False
683698;L219;1145;43;51;79.0;FABBRICATO;via maddalene;6;45.0904443;7.7065946;Abitazione;Dal 1961 al 1970;Nessuno;Patrimonio indisponibile;Utilizzato direttamente;Altro;;;;1;False
683699;L219;1145;43;52;56.0;FABBRICATO;via maddalene;6;45.0904443;7.7065946;Abitazione;Dal 1961 al 1970;Nessuno;Patrimonio indisponibile;Utilizzato direttamente;Altro;;;;1;False
683700;L219;1145;43;53;75.0;FABBRICATO;via maddalene;6;45.0904443;7.7065946;Abitazione;Dal 1961 al 1970;Nessuno;Patrimonio indisponibile;Utilizzato direttamente;Altro;;;;1;False
683701;L219;1145;43;54;54.0;FABBRICATO;via maddalene;6;45.0904443;7.7065946;Abitazione;Dal 1961 al 1970;Nessuno;Patrimonio indisponibile;Utilizzato direttamente;Altro;;;;1;False
683702;L219;1145;43;55;76.0;FABBRICATO;via maddalene;6;45.0904443;7.7065946;Abitazione;Dal 1961 al 1970;Nessuno;Patrimonio indisponibile;Utilizzato direttamente;Altro;;;;1;False
683703;L219;1145;43;56;57.0;FABBRICATO;via maddalene;6;45.0904443;7.7065946;Abitazione;Dal 1961 al 1970;Nessuno;Patrimonio indisponibile;Utilizzato direttamente;Altro;;;;1;False
683704;L219;1145;43;57;76.0;FABBRICATO;via maddalene;6;45.0904443;7.7065946;Abitazione;Dal 1961 al 1970;Nessuno;Patrimonio indisponibile;Utilizzato direttamente;Altro;;;;1;False
683705;L219;1145;43;58;53.0;FABBRICATO;via maddalene;6;45.0904443;7.7065946;Abitazione;Dal 1961 al 1970;Nessuno;Patrimonio indisponibile;Utilizzato direttamente;Altro;;;;1;False
683706;L219;1145;43;59;78.0;FABBRICATO;via maddalene;6;45.0904443;7.7065946;Abitazione;Dal 1961 al 1970;Nessuno;Patrimonio indisponibile;Utilizzato direttamente;Altro;;;;1;False
683707;L219;1145;43;6;82.0;FABBRICATO;via maddalene;6;45.0904443;7.7065946;Abitazione;Dal 1961 al 1970;Nessuno;Patrimonio indisponibile;Utilizzato direttamente;Altro;;;;1;False
683708;L219;1145;43;60;53.0;FABBRICATO;via maddalene;6;45.0904443;7.7065946;Abitazione;Dal 1961 al 1970;Nessuno;Patrimonio indisponibile;Utilizzato direttamente;Altro;;;;1;False
683709;L219;1145;43;61;79.0;FABBRICATO;via maddalene;6;45.0904443;7.7065946;Abitazione;Dal 1961 al 1970;Nessuno;Patrimonio indisponibile;Utilizzato direttamente;Altro;;;;1;False
683710;L219;1145;43;7;55.0;FABBRICATO;via maddalene;6;45.0904443;7.7065946;Abitazione;Dal 1961 al 1970;Nessuno;Patrimonio indisponibile;Utilizzato direttamente;Altro;;;;1;False
683711;L219;1145;43;8;80.0;FABBRICATO;via maddalene;6;45.0904443;7.7065946;Abitazione;Dal 1961 al 1970;Nessuno;Patrimonio indisponibile;Utilizzato direttamente;Altro;;;;1;False
683712;L219;1145;43;9;53.0;FABBRICATO;via maddalene;6;45.0904443;7.7065946;Abitazione;Dal 1961 al 1970;Nessuno;Patrimonio indisponibile;Utilizzato direttamente;Altro;;;;1;False
683713;L219;1033;15;;84.0;FABBRICATO;Strada Bellacomba;138;45.1247039;7.6717321;Magazzino e locali di deposito;Prima del 1919;Nessuno;Patrimonio indisponibile;Utilizzato direttamente;Attività amministrativa/uffici pubblici;;;;1;False
683715;L219;1033;20;2;165.0;FABBRICATO;Strada Bellacomba;138;45.1245559;7.6715423;Magazzino e locali di deposito;Prima del 1919;Nessuno;Patrimonio indisponibile;Utilizzato direttamente;Attività amministrativa/uffici pubblici;;;;1;False
683716;L219;1033;20;3;62.0;FABBRICATO;Strada Bellacomba;138;45.1245559;7.6715423;Fabbricato per attività produttiva (industriale, artigianale o agricola);Prima del 1919;Nessuno;Patrimonio indisponibile;Utilizzato direttamente;Attività amministrativa/uffici pubblici;;;;1;False
683717;L219;1033;20;4;60.0;FABBRICATO;Strada Bellacomba;138;45.1245559;7.6715423;Magazzino e locali di deposito;Prima del 1919;Nessuno;Patrimonio indisponibile;Utilizzato direttamente;Attività amministrativa/uffici pubblici;;;;1;False
683718;L219;1033;20;5;82.0;FABBRICATO;Strada Bellacomba;138;45.1245559;7.6715423;Fabbricato per attività produttiva (industriale, artigianale o agricola);Prima del 1919;Nessuno;Patrimonio indisponibile;Utilizzato direttamente;Attività amministrativa/uffici pubblici;;;;1;False
683719;L219;1145;5;1;35.0;FABBRICATO;via gallina giacinto;3;45.091638;7.7092493;Locale commerciale, negozio;Dal 1919 al 1945;Nessuno;Patrimonio indisponibile;Utilizzato direttamente;Attività commerciale e di ristorazione;;;;1;False
683720;L219;1145;5;10;48.0;FABBRICATO;via gallina giacinto;3 3;45.091638;7.7092493;Abitazione;Dal 1919 al 1945;Nessuno;Patrimonio indisponibile;Utilizzato direttamente;Altro;;;;1;False
683721;L219;1145;5;11;64.0;FABBRICATO;via gallina giacinto;3 2;45.091638;7.7092493;Abitazione;Dal 1919 al 1945;Nessuno;Patrimonio indisponibile;Utilizzato direttamente;Altro;;;;1;False
683722;L219;1145;5;12;64.0;FABBRICATO;via gallina giacinto;3 2;45.091638;7.7092493;Abitazione;Dal 1919 al 1945;Nessuno;Patrimonio indisponibile;Utilizzato direttamente;Altro;;;;1;False
683723;L219;1145;5;13;64.0;FABBRICATO;via gallina giacinto;3 2;45.091638;7.7092493;Abitazione;Dal 1919 al 1945;Nessuno;Patrimonio indisponibile;Utilizzato direttamente;Altro;;;;1;False
683724;L219;1145;5;14;64.0;FABBRICATO;via gallina giacinto;3 2;45.091638;7.7092493;Abitazione;Dal 1919 al 1945;Nessuno;Patrimonio indisponibile;Utilizzato direttamente;Altro;;;;1;False
683725;L219;1145;5;15;64.0;FABBRICATO;via gallina giacinto;3 2;45.091638;7.7092493;Abitazione;Dal 1919 al 1945;Nessuno;Patrimonio indisponibile;Utilizzato direttamente;Altro;;;;1;False
683726;L219;1145;5;16;64.0;FABBRICATO;via gallina giacinto;3 2;45.091638;7.7092493;Abitazione;Dal 1919 al 1945;Nessuno;Patrimonio indisponibile;Utilizzato direttamente;Altro;;;;1;False
683727;L219;1145;5;17;48.0;FABBRICATO;via gallina giacinto;3 1;45.091638;7.7092493;Abitazione;Dal 1919 al 1945;Nessuno;Patrimonio indisponibile;Utilizzato direttamente;Altro;;;;1;False
683728;L219;1145;5;18;64.0;FABBRICATO;via gallina giacinto;3 1;45.091638;7.7092493;Abitazione;Dal 1919 al 1945;Nessuno;Patrimonio indisponibile;Utilizzato direttamente;Altro;;;;1;False
683729;L219;1145;5;19;48.0;FABBRICATO;via gallina giacinto;3 1;45.091638;7.7092493;Abitazione;Dal 1919 al 1945;Nessuno;Patrimonio indisponibile;Utilizzato direttamente;Altro;;;;1;False
683730;L219;1145;5;2;72.0;FABBRICATO;via gallina giacinto;3;45.091638;7.7092493;Abitazione;Dal 1919 al 1945;Nessuno;Patrimonio indisponibile;Utilizzato direttamente;Altro;;;;1;False
683731;L219;1145;5;20;64.0;FABBRICATO;via gallina giacinto;3 1;45.091638;7.7092493;Abitazione;Dal 1919 al 1945;Nessuno;Patrimonio indisponibile;Utilizzato direttamente;Altro;;;;1;False
683732;L219;1145;5;23;48.0;FABBRICATO;via gallina giacinto;3 1;45.091638;7.7092493;Abitazione;Dal 1919 al 1945;Nessuno;Patrimonio indisponibile;Utilizzato direttamente;Altro;;;;1;False
683733;L219;1145;5;24;48.0;FABBRICATO;via gallina giacinto;3 1;45.091638;7.7092493;Abitazione;Dal 1919 al 1945;Nessuno;Patrimonio indisponibile;Utilizzato direttamente;Altro;;;;1;False
683734;L219;1145;5;25;64.0;FABBRICATO;via gallina giacinto;3 6;45.091638;7.7092493;Abitazione;Dal 1919 al 1945;Nessuno;Patrimonio indisponibile;Utilizzato direttamente;Altro;;;;1;False
683735;L219;1145;5;26;48.0;FABBRICATO;via gallina giacinto;3 6;45.091638;7.7092493;Abitazione;Dal 1919 al 1945;Nessuno;Patrimonio indisponibile;Utilizzato direttamente;Altro;;;;1;False
683736;L219;1145;5;27;64.0;FABBRICATO;via gallina giacinto;3 6;45.091638;7.7092493;Abitazione;Dal 1919 al 1945;Nessuno;Patrimonio indisponibile;Utilizzato direttamente;Altro;;;;1;False
683737;L219;1145;5;28;48.0;FABBRICATO;via gallina giacinto;3 6;45.091638;7.7092493;Abitazione;Dal 1919 al 1945;Nessuno;Patrimonio indisponibile;Utilizzato direttamente;Altro;;;;1;False
683738;L219;1145;5;29;64.0;FABBRICATO;via gallina giacinto;3 6;45.091638;7.7092493;Abitazione;Dal 1919 al 1945;Nessuno;Patrimonio indisponibile;Utilizzato direttamente;Altro;;;;1;False
683739;L219;1145;5;3;64.0;FABBRICATO;via gallina giacinto;3 3;45.091638;7.7092493;Abitazione;Dal 1919 al 1945;Nessuno;Patrimonio indisponibile;Utilizzato direttamente;Altro;;;;1;False
683740;L219;1145;5;30;58.0;FABBRICATO;via gallina giacinto;3 6;45.091638;7.7092493;Abitazione;Dal 1919 al 1945;Nessuno;Patrimonio indisponibile;Utilizzato direttamente;Altro;;;;1;False
683741;L219;1145;5;31;59.0;FABBRICATO;via gallina giacinto;3 6;45.091638;7.7092493;Abitazione;Dal 1919 al 1945;Nessuno;Patrimonio indisponibile;Utilizzato direttamente;Altro;;;;1;False
683742;L219;1145;5;32;61.0;FABBRICATO;via gallina giacinto;3 6;45.091638;7.7092493;Abitazione;Dal 1919 al 1945;Nessuno;Patrimonio indisponibile;Utilizzato direttamente;Altro;;;;1;False
683743;L219;1145;5;33;55.0;FABBRICATO;via gallina giacinto;3 5;45.091638;7.7092493;Abitazione;Dal 1919 al 1945;Nessuno;Patrimonio indisponibile;Utilizzato direttamente;Altro;;;;1;False
683744;L219;1145;5;34;64.0;FABBRICATO;via gallina giacinto;3 5;45.091638;7.7092493;Abitazione;Dal 1919 al 1945;Nessuno;Patrimonio indisponibile;Utilizzato direttamente;Altro;;;;1;False
683745;L219;1145;5;35;64.0;FABBRICATO;via gallina giacinto;3 5;45.091638;7.7092493;Abitazione;Dal 1919 al 1945;Nessuno;Patrimonio indisponibile;Utilizzato direttamente;Altro;;;;1;False
683746;L219;1145;5;36;44.0;FABBRICATO;via gallina giacinto;3 5;45.091638;7.7092493;Abitazione;Dal 1919 al 1945;Nessuno;Patrimonio indisponibile;Utilizzato direttamente;Altro;;;;1;False
683747;L219;1145;5;37;48.0;FABBRICATO;via gallina giacinto;3 5;45.091638;7.7092493;Abitazione;Dal 1919 al 1945;Nessuno;Patrimonio indisponibile;Utilizzato direttamente;Altro;;;;1;False
683748;L219;1145;5;38;44.0;FABBRICATO;via gallina giacinto;3 5;45.091638;7.7092493;Abitazione;Dal 1919 al 1945;Nessuno;Patrimonio indisponibile;Utilizzato direttamente;Altro;;;;1;False
683749;L219;1145;5;39;48.0;FABBRICATO;via gallina giacinto;3 4;45.091638;7.7092493;Abitazione;Dal 1919 al 1945;Nessuno;Patrimonio indisponibile;Utilizzato direttamente;Altro;;;;1;False
683750;L219;1145;5;4;48.0;FABBRICATO;via gallina giacinto;3 3;45.091638;7.7092493;Abitazione;Dal 1919 al 1945;Nessuno;Patrimonio indisponibile;Utilizzato direttamente;Altro;;;;1;False
683751;L219;1145;5;40;64.0;FABBRICATO;via gallina giacinto;3 4;45.091638;7.7092493;Abitazione;Dal 1919 al 1945;Nessuno;Patrimonio indisponibile;Utilizzato direttamente;Altro;;;;1;False
683752;L219;1145;5;41;48.0;FABBRICATO;via gallina giacinto;3 4;45.091638;7.7092493;Abitazione;Dal 1919 al 1945;Nessuno;Patrimonio indisponibile;Utilizzato direttamente;Altro;;;;1;False
683753;L219;1145;5;42;64.0;FABBRICATO;via gallina giacinto;3 4;45.091638;7.7092493;Abitazione;Dal 1919 al 1945;Nessuno;Patrimonio indisponibile;Utilizzato direttamente;Altro;;;;1;False
683754;L219;1145;5;43;48.0;FABBRICATO;via gallina giacinto;3 4;45.091638;7.7092493;Abitazione;Dal 1919 al 1945;Nessuno;Patrimonio indisponibile;Utilizzato direttamente;Altro;;;;1;False
683755;L219;1145;5;44;64.0;FABBRICATO;via gallina giacinto;3 4;45.091638;7.7092493;Abitazione;Dal 1919 al 1945;Nessuno;Patrimonio indisponibile;Utilizzato direttamente;Altro;;;;1;False
683756;L219;1145;5;45;48.0;FABBRICATO;via gallina giacinto;3 4;45.091638;7.7092493;Abitazione;Dal 1919 al 1945;Nessuno;Patrimonio indisponibile;Utilizzato direttamente;Altro;;;;1;False
683757;L219;1145;5;46;48.0;FABBRICATO;via gallina giacinto;3 4;45.091638;7.7092493;Abitazione;Dal 1919 al 1945;Nessuno;Patrimonio indisponibile;Utilizzato direttamente;Altro;;;;1;False
683758;L219;1145;5;48;134.0;FABBRICATO;via gallina giacinto;3 1;45.091638;7.7092493;Abitazione;Dal 1919 al 1945;Nessuno;Patrimonio indisponibile;Utilizzato direttamente;Altro;;;;1;False
683759;L219;1145;5;5;64.0;FABBRICATO;via gallina giacinto;3 3;45.091638;7.7092493;Abitazione;Dal 1919 al 1945;Nessuno;Patrimonio indisponibile;Utilizzato direttamente;Altro;;;;1;False
683760;L219;1145;5;6;48.0;FABBRICATO;via gallina giacinto;3 3;45.091638;7.7092493;Abitazione;Dal 1919 al 1945;Nessuno;Patrimonio indisponibile;Utilizzato direttamente;Altro;;;;1;False
683761;L219;1145;5;7;64.0;FABBRICATO;via gallina giacinto;3 3;45.091638;7.7092493;Abitazione;Dal 1919 al 1945;Nessuno;Patrimonio indisponibile;Utilizzato direttamente;Altro;;;;1;False
683762;L219;1145;5;8;55.0;FABBRICATO;via gallina giacinto;3 3;45.091638;7.7092493;Abitazione;Dal 1919 al 1945;Nessuno;Patrimonio indisponibile;Utilizzato direttamente;Altro;;;;1;False
683763;L219;1145;5;9;48.0;FABBRICATO;via gallina giacinto;3 3;45.091638;7.7092493;Abitazione;Dal 1919 al 1945;Nessuno;Patrimonio indisponibile;Utilizzato direttamente;Altro;;;;1;False
685998;L219;1008;59;;74.0;FABBRICATO;Strada Bellacomba;138;45.1247353;7.6727585;Magazzino e locali di deposito;Prima del 1919;Nessuno;Patrimonio indisponibile;Utilizzato direttamente;Attività amministrativa/uffici pubblici;;;;1;False
685999;L219;1009;180;11;81.0;FABBRICATO;Strada Comunale del Villaretto;187;45.1306589;7.6848438;Abitazione;Dal 2001 al 2010;Nessuno;Patrimonio indisponibile;Utilizzato direttamente;Altro;;;;1;False
686000;L219;1009;180;12;79.0;FABBRICATO;Strada Comunale del Villaretto;187;45.1306589;7.6848438;Abitazione;Dal 2001 al 2010;Nessuno;Patrimonio indisponibile;Utilizzato direttamente;Altro;;;;1;False
686001;L219;1009;180;13;84.0;FABBRICATO;Strada Comunale del Villaretto;187;45.1306589;7.6848438;Abitazione;Dal 2001 al 2010;Nessuno;Patrimonio indisponibile;Utilizzato direttamente;Altro;;;;1;False
686002;L219;1009;180;14;83.0;FABBRICATO;Strada Comunale del Villaretto;187;45.1306589;7.6848438;Abitazione;Dal 2001 al 2010;Nessuno;Patrimonio indisponibile;Utilizzato direttamente;Altro;;;;1;False
686003;L219;1009;180;15;83.0;FABBRICATO;Strada Comunale del Villaretto;187;45.1306589;7.6848438;Abitazione;Dal 2001 al 2010;Nessuno;Patrimonio indisponibile;Utilizzato direttamente;Altro;;;;1;False
686004;L219;1009;180;16;77.0;FABBRICATO;Strada Comunale del Villaretto;185;45.1306589;7.6848438;Abitazione;Dal 2001 al 2010;Nessuno;Patrimonio indisponibile;Utilizzato direttamente;Altro;;;;1;False
686005;L219;1009;180;17;74.0;FABBRICATO;Strada Comunale del Villaretto;183;45.1306589;7.6848438;Abitazione;Dal 2001 al 2010;Nessuno;Patrimonio indisponibile;Utilizzato direttamente;Altro;;;;1;False
686006;L219;1009;180;18;92.0;FABBRICATO;Strada Comunale del Villaretto;183;45.1306589;7.6848438;Abitazione;Dal 2001 al 2010;Nessuno;Patrimonio indisponibile;Utilizzato direttamente;Altro;;;;1;False
686007;L219;1009;180;19;75.0;FABBRICATO;Strada Comunale del Villaretto;181;45.1306589;7.6848438;Abitazione;Dal 2001 al 2010;Nessuno;Patrimonio indisponibile;Utilizzato direttamente;Altro;;;;1;False
686008;L219;1009;180;20;80.0;FABBRICATO;Strada Comunale del Villaretto;181;45.1306589;7.6848438;Abitazione;Dal 2001 al 2010;Nessuno;Patrimonio indisponibile;Utilizzato direttamente;Altro;;;;1;False
686009;L219;1009;180;21;74.0;FABBRICATO;Strada Comunale del Villaretto;187;45.1306589;7.6848438;Abitazione;Dal 2001 al 2010;Nessuno;Patrimonio indisponibile;Utilizzato direttamente;Altro;;;;1;False
686010;L219;1009;180;22;77.0;FABBRICATO;Strada Comunale del Villaretto;187;45.1306589;7.6848438;Abitazione;Dal 2001 al 2010;Nessuno;Patrimonio indisponibile;Utilizzato direttamente;Altro;;;;1;False
686011;L219;1009;180;23;72.0;FABBRICATO;Strada Comunale del Villaretto;187;45.1306589;7.6848438;Abitazione;Dal 2001 al 2010;Nessuno;Patrimonio indisponibile;Utilizzato direttamente;Altro;;;;1;False
686012;L219;1009;180;24;92.0;FABBRICATO;Strada Comunale del Villaretto;187;45.1306589;7.6848438;Abitazione;Dal 2001 al 2010;Nessuno;Patrimonio indisponibile;Utilizzato direttamente;Altro;;;;1;False
686013;L219;1009;180;25;101.0;FABBRICATO;Strada Comunale del Villaretto;187;45.1306589;7.6848438;Abitazione;Dal 2001 al 2010;Nessuno;Patrimonio indisponibile;Utilizzato direttamente;Altro;;;;1;False
686014;L219;1009;180;26;80.0;FABBRICATO;Strada Comunale del Villaretto;187;45.1306589;7.6848438;Abitazione;Dal 2001 al 2010;Nessuno;Patrimonio indisponibile;Utilizzato direttamente;Altro;;;;1;False
686015;L219;1009;180;27;65.0;FABBRICATO;Strada Comunale del Villaretto;185;45.1306589;7.6848438;Abitazione;Dal 2001 al 2010;Nessuno;Patrimonio indisponibile;Utilizzato direttamente;Altro;;;;1;False
686016;L219;1009;180;28;91.0;FABBRICATO;Strada Comunale del Villaretto;185;45.1306589;7.6848438;Abitazione;Dal 2001 al 2010;Nessuno;Patrimonio indisponibile;Utilizzato direttamente;Altro;;;;1;False
686017;L219;1009;180;29;92.0;FABBRICATO;Strada Comunale del Villaretto;183;45.1306589;7.6848438;Abitazione;Dal 2001 al 2010;Nessuno;Patrimonio indisponibile;Utilizzato direttamente;Altro;;;;1;False
686018;L219;1009;180;30;106.0;FABBRICATO;Strada Comunale del Villaretto;181;45.1306589;7.6848438;Abitazione;Dal 2001 al 2010;Nessuno;Patrimonio indisponibile;Utilizzato direttamente;Altro;;;;1;False
686019;L219;1009;180;31;65.0;FABBRICATO;Strada Comunale del Villaretto;181;45.1306589;7.6848438;Abitazione;Dal 2001 al 2010;Nessuno;Patrimonio indisponibile;Utilizzato direttamente;Altro;;;;1;False
686020;L219;1009;180;32;75.0;FABBRICATO;Strada Comunale del Villaretto;187;45.1306589;7.6848438;Abitazione;Dal 2001 al 2010;Nessuno;Patrimonio indisponibile;Utilizzato direttamente;Altro;;;;1;False
686021;L219;1009;180;33;77.0;FABBRICATO;Strada Comunale del Villaretto;187;45.1306589;7.6848438;Abitazione;Dal 2001 al 2010;Nessuno;Patrimonio indisponibile;Utilizzato direttamente;Altro;;;;1;False
686022;L219;1009;180;34;72.0;FABBRICATO;Strada Comunale del Villaretto;187;45.1306589;7.6848438;Abitazione;Dal 2001 al 2010;Nessuno;Patrimonio indisponibile;Utilizzato direttamente;Altro;;;;1;False
686023;L219;1009;180;35;92.0;FABBRICATO;Strada Comunale del Villaretto;187;45.1306589;7.6848438;Abitazione;Dal 2001 al 2010;Nessuno;Patrimonio indisponibile;Utilizzato direttamente;Altro;;;;1;False
686024;L219;1009;180;36;103.0;FABBRICATO;Strada Comunale del Villaretto;187;45.1306589;7.6848438;Abitazione;Dal 2001 al 2010;Nessuno;Patrimonio indisponibile;Utilizzato direttamente;Altro;;;;1;False
686025;L219;1009;180;37;81.0;FABBRICATO;Strada Comunale del Villaretto;187;45.1306589;7.6848438;Abitazione;Dal 2001 al 2010;Nessuno;Patrimonio indisponibile;Utilizzato direttamente;Altro;;;;1;False
686026;L219;1009;180;38;64.0;FABBRICATO;Strada Comunale del Villaretto;185;45.1306589;7.6848438;Abitazione;Dal 2001 al 2010;Nessuno;Patrimonio indisponibile;Utilizzato direttamente;Altro;;;;1;False
686027;L219;1009;180;39;91.0;FABBRICATO;Strada Comunale del Villaretto;183;45.1306589;7.6848438;Abitazione;Dal 2001 al 2010;Nessuno;Patrimonio indisponibile;Utilizzato direttamente;Altro;;;;1;False
686028;L219;1009;180;40;92.0;FABBRICATO;Strada Comunale del Villaretto;183;45.1306589;7.6848438;Abitazione;Dal 2001 al 2010;Nessuno;Patrimonio indisponibile;Utilizzato direttamente;Altro;;;;1;False
686029;L219;1009;180;41;107.0;FABBRICATO;Strada Comunale del Villaretto;181;45.1306589;7.6848438;Abitazione;Dal 2001 al 2010;Nessuno;Patrimonio indisponibile;Utilizzato direttamente;Altro;;;;1;False
686030;L219;1009;180;42;64.0;FABBRICATO;Strada Comunale del Villaretto;181;45.1306589;7.6848438;Abitazione;Dal 2001 al 2010;Nessuno;Patrimonio indisponibile;Utilizzato direttamente;Altro;;;;1;False
686031;L219;1009;180;43;64.0;FABBRICATO;Strada Comunale del Villaretto;187;45.1306589;7.6848438;Abitazione;Dal 2001 al 2010;Nessuno;Patrimonio indisponibile;Utilizzato direttamente;Altro;;;;1;False
686032;L219;1009;180;44;63.0;FABBRICATO;Strada Comunale del Villaretto;187;45.1306589;7.6848438;Abitazione;Dal 2001 al 2010;Nessuno;Patrimonio indisponibile;Utilizzato direttamente;Altro;;;;1;False
686033;L219;1009;180;45;57.0;FABBRICATO;Strada Comunale del Villaretto;187;45.1306589;7.6848438;Abitazione;Dal 2001 al 2010;Nessuno;Patrimonio indisponibile;Utilizzato direttamente;Altro;;;;1;False
686034;L219;1009;180;46;84.0;FABBRICATO;Strada Comunale del Villaretto;187;45.1306589;7.6848438;Abitazione;Dal 2001 al 2010;Nessuno;Patrimonio indisponibile;Utilizzato direttamente;Altro;;;;1;False
686035;L219;1009;180;47;62.0;FABBRICATO;Strada Comunale del Villaretto;187;45.1306589;7.6848438;Abitazione;Dal 2001 al 2010;Nessuno;Patrimonio indisponibile;Utilizzato direttamente;Altro;;;;1;False
686036;L219;1009;180;48;82.0;FABBRICATO;Strada Comunale del Villaretto;185;45.1306589;7.6848438;Abitazione;Dal 2001 al 2010;Nessuno;Patrimonio indisponibile;Utilizzato direttamente;Altro;;;;1;False
686037;L219;1009;180;49;59.0;FABBRICATO;Strada Comunale del Villaretto;185;45.1306589;7.6848438;Abitazione;Dal 2001 al 2010;Nessuno;Patrimonio indisponibile;Utilizzato direttamente;Altro;;;;1;False
686038;L219;1009;180;50;75.0;FABBRICATO;Strada Comunale del Villaretto;183;45.1306589;7.6848438;Abitazione;Dal 2001 al 2010;Nessuno;Patrimonio indisponibile;Utilizzato direttamente;Altro;;;;1;False
686039;L219;1009;180;51;74.0;FABBRICATO;Strada Comunale del Villaretto;183;45.1306589;7.6848438;Abitazione;Dal 2001 al 2010;Nessuno;Patrimonio indisponibile;Utilizzato direttamente;Altro;;;;1;False
686040;L219;1009;180;52;81.0;FABBRICATO;Strada Comunale del Villaretto;181;45.1306589;7.6848438;Abitazione;Dal 2001 al 2010;Nessuno;Patrimonio indisponibile;Utilizzato direttamente;Altro;;;;1;False
686041;L219;1009;180;53;61.0;FABBRICATO;Strada Comunale del Villaretto;181;45.1306589;7.6848438;Abitazione;Dal 2001 al 2010;Nessuno;Patrimonio indisponibile;Utilizzato direttamente;Altro;;;;1;False
686042;L219;1009;180;54;38.0;FABBRICATO;Strada Comunale del Villaretto;187;45.1306589;7.6848438;Parcheggio collettivo;Dal 2001 al 2010;Nessuno;Patrimonio indisponibile;Utilizzato direttamente;Altro;;;;1;False
686043;L219;1009;180;55;35.0;FABBRICATO;Strada Comunale del Villaretto;187;45.1306589;7.6848438;Cantina, soffitta, rimessa, box, garage, posto auto aperto/scoperto,;Dal 2001 al 2010;Nessuno;Patrimonio indisponibile;Utilizzato direttamente;Altro;;;;1;False
686044;L219;1009;180;56;26.0;FABBRICATO;Strada Comunale del Villaretto;187;45.1306589;7.6848438;Cantina, soffitta, rimessa, box, garage, posto auto aperto/scoperto,;Dal 2001 al 2010;Nessuno;Patrimonio indisponibile;Utilizzato direttamente;Altro;;;;1;False
686045;L219;1009;180;57;32.0;FABBRICATO;Strada Comunale del Villaretto;187;45.1306589;7.6848438;Cantina, soffitta, rimessa, box, garage, posto auto aperto/scoperto,;Dal 2001 al 2010;Nessuno;Patrimonio indisponibile;Utilizzato direttamente;Altro;;;;1;False
686046;L219;1009;180;58;22.0;FABBRICATO;Strada Comunale del Villaretto;187;45.1306589;7.6848438;Cantina, soffitta, rimessa, box, garage, posto auto aperto/scoperto,;Dal 2001 al 2010;Nessuno;Patrimonio indisponibile;Utilizzato direttamente;Altro;;;;1;False
686047;L219;1009;180;59;20.0;FABBRICATO;Strada Comunale del Villaretto;187;45.1306589;7.6848438;Cantina, soffitta, rimessa, box, garage, posto auto aperto/scoperto,;Dal 2001 al 2010;Nessuno;Patrimonio indisponibile;Utilizzato direttamente;Altro;;;;1;False
686048;L219;1009;180;60;18.0;FABBRICATO;Strada Comunale del Villaretto;187;45.1306589;7.6848438;Cantina, soffitta, rimessa, box, garage, posto auto aperto/scoperto,;Dal 2001 al 2010;Nessuno;Patrimonio indisponibile;Utilizzato direttamente;Altro;;;;1;False
686049;L219;1009;180;61;27.0;FABBRICATO;Strada Comunale del Villaretto;187;45.1306589;7.6848438;Cantina, soffitta, rimessa, box, garage, posto auto aperto/scoperto,;Dal 2001 al 2010;Nessuno;Patrimonio indisponibile;Utilizzato direttamente;Altro;;;;1;False
686050;L219;1009;180;62;26.0;FABBRICATO;Strada Comunale del Villaretto;187;45.1306589;7.6848438;Cantina, soffitta, rimessa, box, garage, posto auto aperto/scoperto,;Dal 2001 al 2010;Nessuno;Patrimonio indisponibile;Utilizzato direttamente;Altro;;;;1;False
686051;L219;1009;180;63;21.0;FABBRICATO;Strada Comunale del Villaretto;187;45.1306589;7.6848438;Cantina, soffitta, rimessa, box, garage, posto auto aperto/scoperto,;Dal 2001 al 2010;Nessuno;Patrimonio indisponibile;Utilizzato direttamente;Altro;;;;1;False
686052;L219;1009;180;64;21.0;FABBRICATO;Strada Comunale del Villaretto;187;45.1306589;7.6848438;Cantina, soffitta, rimessa, box, garage, posto auto aperto/scoperto,;Dal 2001 al 2010;Nessuno;Patrimonio indisponibile;Utilizzato direttamente;Altro;;;;1;False
686053;L219;1009;180;65;28.0;FABBRICATO;Strada Comunale del Villaretto;187;45.1306589;7.6848438;Cantina, soffitta, rimessa, box, garage, posto auto aperto/scoperto,;Dal 2001 al 2010;Nessuno;Patrimonio indisponibile;Utilizzato direttamente;Altro;;;;1;False
686054;L219;1009;180;66;16.0;FABBRICATO;Strada Comunale del Villaretto;187;45.1306589;7.6848438;Cantina, soffitta, rimessa, box, garage, posto auto aperto/scoperto,;Dal 2001 al 2010;Nessuno;Patrimonio indisponibile;Utilizzato direttamente;Altro;;;;1;False
686055;L219;1009;180;67;15.0;FABBRICATO;Strada Comunale del Villaretto;187;45.1306589;7.6848438;Cantina, soffitta, rimessa, box, garage, posto auto aperto/scoperto,;Dal 2001 al 2010;Nessuno;Patrimonio indisponibile;Utilizzato direttamente;Altro;;;;1;False
686056;L219;1009;180;68;15.0;FABBRICATO;Strada Comunale del Villaretto;187;45.1306589;7.6848438;Cantina, soffitta, rimessa, box, garage, posto auto aperto/scoperto,;Dal 2001 al 2010;Nessuno;Patrimonio indisponibile;Utilizzato direttamente;Altro;;;;1;False
686057;L219;1009;180;69;14.0;FABBRICATO;Strada Comunale del Villaretto;187;45.1306589;7.6848438;Cantina, soffitta, rimessa, box, garage, posto auto aperto/scoperto,;Dal 2001 al 2010;Nessuno;Patrimonio indisponibile;Utilizzato direttamente;Altro;;;;1;False
686058;L219;1009;180;70;14.0;FABBRICATO;Strada Comunale del Villaretto;187;45.1306589;7.6848438;Cantina, soffitta, rimessa, box, garage, posto auto aperto/scoperto,;Dal 2001 al 2010;Nessuno;Patrimonio indisponibile;Utilizzato direttamente;Altro;;;;1;False
686059;L219;1009;180;71;15.0;FABBRICATO;Strada Comunale del Villaretto;187;45.1306589;7.6848438;Cantina, soffitta, rimessa, box, garage, posto auto aperto/scoperto,;Dal 2001 al 2010;Nessuno;Patrimonio indisponibile;Utilizzato direttamente;Altro;;;;1;False
686060;L219;1009;180;72;17.0;FABBRICATO;Strada Comunale del Villaretto;187;45.1306589;7.6848438;Cantina, soffitta, rimessa, box, garage, posto auto aperto/scoperto,;Dal 2001 al 2010;Nessuno;Patrimonio indisponibile;Utilizzato direttamente;Altro;;;;1;False
686061;L219;1009;180;73;39.0;FABBRICATO;Strada Comunale del Villaretto;187;45.1306589;7.6848438;Parcheggio collettivo;Dal 2001 al 2010;Nessuno;Patrimonio indisponibile;Utilizzato direttamente;Altro;;;;1;False
686062;L219;1009;180;74;21.0;FABBRICATO;Strada Comunale del Villaretto;187;45.1306589;7.6848438;Cantina, soffitta, rimessa, box, garage, posto auto aperto/scoperto,;Dal 2001 al 2010;Nessuno;Patrimonio indisponibile;Utilizzato direttamente;Altro;;;;1;False
686063;L219;1009;180;75;17.0;FABBRICATO;Strada Comunale del Villaretto;187;45.1306589;7.6848438;Cantina, soffitta, rimessa, box, garage, posto auto aperto/scoperto,;Dal 2001 al 2010;Nessuno;Patrimonio indisponibile;Utilizzato direttamente;Altro;;;;1;False
686064;L219;1009;180;76;19.0;FABBRICATO;Strada Comunale del Villaretto;187;45.1306589;7.6848438;Cantina, soffitta, rimessa, box, garage, posto auto aperto/scoperto,;Dal 2001 al 2010;Nessuno;Patrimonio indisponibile;Utilizzato direttamente;Altro;;;;1;False
686313;L219;1036;99;2;4486.5;FABBRICATO;Via Giovanni de Stefanis;20;45.1175901;7.6534828;Edificio scolastico (es.: scuola di ogni ordine e grado, università, scuola di formazione);Dal 1971 al 1980;Nessuno;Patrimonio indisponibile;Utilizzato direttamente;Attività didattica;;;;1;False
686314;L219;1036;99;3;82.0;FABBRICATO;Via Giovanni de Stefanis;20;45.1175901;7.6534828;Abitazione;Dal 1971 al 1980;Nessuno;Patrimonio indisponibile;Utilizzato direttamente;Alloggio di servizio, foresterie;;;;1;False
686315;L219;1037;132;2;2018.0;FABBRICATO;STRADA PROV. DI LANZO;146;45.1177993;7.6586549;Edificio scolastico (es.: scuola di ogni ordine e grado, università, scuola di formazione);Dal 1971 al 1980;Nessuno;Patrimonio indisponibile;Utilizzato direttamente;Attività didattica;;;;1;False
686316;L219;1037;132;3;86.0;FABBRICATO;STRADA PROV. DI LANZO;146;45.1177993;7.6586549;Abitazione;Dal 1971 al 1980;Nessuno;Patrimonio indisponibile;Utilizzato direttamente;Alloggio di servizio, foresterie;;;;1;False
686317;L219;1145;77;3;3609.6;FABBRICATO;VIA GHEDINI GIORGIO;2;45.0893414;7.7070555;Struttura residenziale collettiva (es.: collegi e convitti, educandati, ricoveri, orfanotrofi, ospizi, conventi, seminari);Dal 1946 al 1960;Nessuno;Patrimonio indisponibile;Utilizzato direttamente;Servizi assistenza socio-sanitaria (residenziali);;;;1;False
686318;L219;1145;79;10;73.0;FABBRICATO;Via Moncrivello;0;45.0895195;7.7076647;Abitazione;Dal 1971 al 1980;Nessuno;Patrimonio indisponibile;Utilizzato direttamente;Altro;;;;1;False
686319;L219;1145;79;11;79.0;FABBRICATO;Via Moncrivello;0;45.0895195;7.7076647;Abitazione;Dal 1971 al 1980;Nessuno;Patrimonio indisponibile;Utilizzato direttamente;Altro;;;;1;False
686320;L219;1145;79;12;73.0;FABBRICATO;Via Moncrivello;0;45.0895195;7.7076647;Abitazione;Dal 1971 al 1980;Nessuno;Patrimonio indisponibile;Utilizzato direttamente;Altro;;;;1;False
686321;L219;1145;79;13;80.0;FABBRICATO;Via Moncrivello;0;45.0895195;7.7076647;Abitazione;Dal 1971 al 1980;Nessuno;Patrimonio indisponibile;Utilizzato direttamente;Altro;;;;1;False
686322;L219;1145;79;14;75.0;FABBRICATO;Via Moncrivello;0;45.0895195;7.7076647;Abitazione;Dal 1971 al 1980;Nessuno;Patrimonio indisponibile;Utilizzato direttamente;Altro;;;;1;False
686323;L219;1145;79;15;76.0;FABBRICATO;Via Moncrivello;0;45.0895195;7.7076647;Abitazione;Dal 1971 al 1980;Nessuno;Patrimonio indisponibile;Utilizzato direttamente;Altro;;;;1;False
686324;L219;1145;79;16;73.0;FABBRICATO;Via Moncrivello;0;45.0895195;7.7076647;Abitazione;Dal 1971 al 1980;Nessuno;Patrimonio indisponibile;Utilizzato direttamente;Altro;;;;1;False
686325;L219;1145;79;17;75.0;FABBRICATO;via moncrivello;3 B;45.0895195;7.7076647;Abitazione;Dal 1971 al 1980;Nessuno;Patrimonio indisponibile;Utilizzato direttamente;Altro;;;;1;False
686326;L219;1145;79;18;80.0;FABBRICATO;via moncrivello;3 B;45.0895195;7.7076647;Abitazione;Dal 1971 al 1980;Nessuno;Patrimonio indisponibile;Utilizzato direttamente;Altro;;;;1;False
686327;L219;1145;79;19;74.0;FABBRICATO;via moncrivello;3 B;45.0895195;7.7076647;Abitazione;Dal 1971 al 1980;Nessuno;Patrimonio indisponibile;Utilizzato direttamente;Altro;;;;1;False
686328;L219;1145;79;2;289.14;FABBRICATO;via ghedini giorgio;6;45.0895195;7.7076647;Ufficio strutturato ed assimilabili;Dal 1919 al 1945;Nessuno;Patrimonio indisponibile;Utilizzato direttamente;Attività amministrativa/uffici pubblici;;;;1;False
686329;L219;1145;79;20;80.0;FABBRICATO;via moncrivello;3 B;45.0895195;7.7076647;Abitazione;Dal 1971 al 1980;Nessuno;Patrimonio indisponibile;Utilizzato direttamente;Altro;;;;1;False
686330;L219;1145;79;21;74.0;FABBRICATO;via moncrivello;3 B;45.0895195;7.7076647;Abitazione;Dal 1971 al 1980;Nessuno;Patrimonio indisponibile;Utilizzato direttamente;Altro;;;;1;False
686331;L219;1145;79;22;79.0;FABBRICATO;via moncrivello;3 B;45.0895195;7.7076647;Abitazione;Dal 1971 al 1980;Nessuno;Patrimonio indisponibile;Utilizzato direttamente;Altro;;;;1;False
686332;L219;1145;79;23;73.0;FABBRICATO;via moncrivello;3 B;45.0895195;7.7076647;Abitazione;Dal 1971 al 1980;Nessuno;Patrimonio indisponibile;Utilizzato direttamente;Altro;;;;1;False
686333;L219;1145;79;24;78.0;FABBRICATO;via moncrivello;3 B;45.0895195;7.7076647;Abitazione;Dal 1971 al 1980;Nessuno;Patrimonio indisponibile;Utilizzato direttamente;Altro;;;;1;False
686334;L219;1145;79;25;101.0;FABBRICATO;via moncrivello;3 C;45.0895195;7.7076647;Abitazione;Dal 1971 al 1980;Nessuno;Patrimonio indisponibile;Utilizzato direttamente;Altro;;;;1;False
686335;L219;1145;79;26;80.0;FABBRICATO;via moncrivello;3 C;45.0895195;7.7076647;Abitazione;Dal 1971 al 1980;Nessuno;Patrimonio indisponibile;Utilizzato direttamente;Altro;;;;1;False
686336;L219;1145;79;27;72.0;FABBRICATO;via moncrivello;3 C;45.0895195;7.7076647;Abitazione;Dal 1971 al 1980;Nessuno;Patrimonio indisponibile;Utilizzato direttamente;Altro;;;;1;False
686337;L219;1145;79;28;91.0;FABBRICATO;via moncrivello;3 C;45.0895195;7.7076647;Abitazione;Dal 1971 al 1980;Nessuno;Patrimonio indisponibile;Utilizzato direttamente;Altro;;;;1;False
686338;L219;1145;79;29;70.0;FABBRICATO;via moncrivello;3 C;45.0895195;7.7076647;Abitazione;Dal 1971 al 1980;Nessuno;Patrimonio indisponibile;Utilizzato direttamente;Altro;;;;1;False
686339;L219;1145;79;3;76.0;FABBRICATO;via moncrivello;5;45.0895195;7.7076647;Abitazione;Dal 1971 al 1980;Nessuno;Patrimonio indisponibile;Utilizzato direttamente;Altro;;;;1;False
686340;L219;1145;79;30;78.0;FABBRICATO;via moncrivello;3 C;45.0895195;7.7076647;Abitazione;Dal 1971 al 1980;Nessuno;Patrimonio indisponibile;Utilizzato direttamente;Altro;;;;1;False
686341;L219;1145;79;31;70.0;FABBRICATO;via moncrivello;3 C;45.0895195;7.7076647;Abitazione;Dal 1971 al 1980;Nessuno;Patrimonio indisponibile;Utilizzato direttamente;Altro;;;;1;False
686342;L219;1145;79;32;74.0;FABBRICATO;via moncrivello;3 D;45.0895195;7.7076647;Abitazione;Dal 1971 al 1980;Nessuno;Patrimonio indisponibile;Utilizzato direttamente;Altro;;;;1;False
686343;L219;1145;79;33;74.0;FABBRICATO;via moncrivello;3 D;45.0895195;7.7076647;Abitazione;Dal 1971 al 1980;Nessuno;Patrimonio indisponibile;Utilizzato direttamente;Altro;;;;1;False
686344;L219;1145;79;34;74.0;FABBRICATO;via moncrivello;3 D;45.0895195;7.7076647;Abitazione;Dal 1971 al 1980;Nessuno;Patrimonio indisponibile;Utilizzato direttamente;Altro;;;;1;False
686345;L219;1145;79;35;75.0;FABBRICATO;via moncrivello;3 D;45.0895195;7.7076647;Abitazione;Dal 1971 al 1980;Nessuno;Patrimonio indisponibile;Utilizzato direttamente;Altro;;;;1;False
686346;L219;1145;79;36;70.0;FABBRICATO;via moncrivello;3 D;45.0895195;7.7076647;Abitazione;Dal 1971 al 1980;Nessuno;Patrimonio indisponibile;Utilizzato direttamente;Altro;;;;1;False
686347;L219;1145;79;37;73.0;FABBRICATO;via moncrivello;3 D;45.0895195;7.7076647;Abitazione;Dal 1971 al 1980;Nessuno;Patrimonio indisponibile;Utilizzato direttamente;Altro;;;;1;False
686348;L219;1145;79;38;296.8;FABBRICATO;via moncrivello;5;45.0895195;7.7076647;Struttura residenziale collettiva (es.: collegi e convitti, educandati, ricoveri, orfanotrofi, ospizi, conventi, seminari);Dal 1971 al 1980;Nessuno;Patrimonio indisponibile;Utilizzato direttamente;Altro;;;;1;False
686349;L219;1145;79;39;72.0;FABBRICATO;via moncrivello;5;45.0895195;7.7076647;Abitazione;Dal 1971 al 1980;Nessuno;Patrimonio indisponibile;Utilizzato direttamente;Altro;;;;1;False
686350;L219;1145;79;4;690.2;FABBRICATO;via ghedini giorgio;6;45.0895195;7.7076647;Struttura residenziale collettiva (es.: collegi e convitti, educandati, ricoveri, orfanotrofi, ospizi, conventi, seminari);Dal 1919 al 1945;Nessuno;Patrimonio indisponibile;Utilizzato direttamente;Altro;;;;1;False
686351;L219;1145;79;40;109.0;FABBRICATO;via moncrivello;5;45.0895195;7.7076647;Abitazione;Dal 1971 al 1980;Nessuno;Patrimonio indisponibile;Utilizzato direttamente;Altro;;;;1;False
686352;L219;1145;79;41;70.0;FABBRICATO;via moncrivello;5;45.0895195;7.7076647;Abitazione;Dal 1971 al 1980;Nessuno;Patrimonio indisponibile;Utilizzato direttamente;Altro;;;;1;False
686353;L219;1145;79;42;110.0;FABBRICATO;via moncrivello;5;45.0895195;7.7076647;Abitazione;Dal 1971 al 1980;Nessuno;Patrimonio indisponibile;Utilizzato direttamente;Altro;;;;1;False
686354;L219;1145;79;43;70.0;FABBRICATO;via moncrivello;5;45.0895195;7.7076647;Abitazione;Dal 1971 al 1980;Nessuno;Patrimonio indisponibile;Utilizzato direttamente;Altro;;;;1;False
686355;L219;1145;79;44;110.0;FABBRICATO;via moncrivello;5;45.0895195;7.7076647;Abitazione;Dal 1971 al 1980;Nessuno;Patrimonio indisponibile;Utilizzato direttamente;Altro;;;;1;False
686356;L219;1145;79;6;666.4;FABBRICATO;via ghedini giorgio;6;45.0895195;7.7076647;Struttura residenziale collettiva (es.: collegi e convitti, educandati, ricoveri, orfanotrofi, ospizi, conventi, seminari);Dal 1919 al 1945;Nessuno;Patrimonio indisponibile;Utilizzato direttamente;Altro;;;;1;False
686357;L219;1145;79;7;701.14;FABBRICATO;via ghedini giorgio;6;45.0895195;7.7076647;Ufficio strutturato ed assimilabili;Dal 1919 al 1945;Nessuno;Patrimonio indisponibile;Utilizzato direttamente;Attività amministrativa/uffici pubblici;;;;1;False
686358;L219;1145;79;8;32.0;FABBRICATO;Via Moncrivello;3;45.0895195;7.7076647;Cantina, soffitta, rimessa, box, garage, posto auto aperto/scoperto,;Dal 1971 al 1980;Nessuno;Patrimonio indisponibile;Utilizzato direttamente;Altro;;;;1;False
686359;L219;1145;79;9;75.0;FABBRICATO;Via Moncrivello;0;45.0895195;7.7076647;Abitazione;Dal 1971 al 1980;Nessuno;Patrimonio indisponibile;Utilizzato direttamente;Altro;;;;1;False
686361;L219;1043;20;21;52.0;FABBRICATO;corso vercelli;491 8;45.1196739;7.7103112;Abitazione;Dal 1919 al 1945;Dichiarazione di interesse culturale;Demanio;Utilizzato direttamente;Altro;;;;1;False
686362;L219;1043;20;26;78.0;FABBRICATO;corso vercelli;491 8;45.1196739;7.7103112;Abitazione;Dal 1919 al 1945;Dichiarazione di interesse culturale;Demanio;Utilizzato direttamente;Altro;;;;1;False
686365;L219;1043;20;31;51.0;FABBRICATO;corso vercelli;491 8;45.1196739;7.7103112;Abitazione;Dal 1919 al 1945;Dichiarazione di interesse culturale;Demanio;Utilizzato direttamente;Altro;;;;1;False
686366;L219;1043;20;30;78.0;FABBRICATO;corso vercelli;491 8;45.1196739;7.7103112;Abitazione;Dal 1919 al 1945;Dichiarazione di interesse culturale;Demanio;Utilizzato direttamente;Altro;;;;1;False
686367;L219;1043;20;29;51.0;FABBRICATO;corso vercelli;491 8;45.1196739;7.7103112;Abitazione;Dal 1919 al 1945;Dichiarazione di interesse culturale;Demanio;Utilizzato direttamente;Altro;;;;1;False
686368;L219;1043;20;28;52.0;FABBRICATO;corso vercelli;491 8;45.1196739;7.7103112;Abitazione;Dal 1919 al 1945;Dichiarazione di interesse culturale;Demanio;Utilizzato direttamente;Altro;;;;1;False
686369;L219;1043;20;20;78.0;FABBRICATO;corso vercelli;491 8;45.1196739;7.7103112;Abitazione;Dal 1919 al 1945;Dichiarazione di interesse culturale;Demanio;Utilizzato direttamente;Altro;;;;1;False
686372;L219;1043;20;24;51.0;FABBRICATO;corso vercelli;491 8;45.1196739;7.7103112;Abitazione;Dal 1919 al 1945;Dichiarazione di interesse culturale;Demanio;Utilizzato direttamente;Altro;;;;1;False
686373;L219;1043;20;23;79.0;FABBRICATO;corso vercelli;491 8;45.1196739;7.7103112;Abitazione;Dal 1919 al 1945;Dichiarazione di interesse culturale;Demanio;Utilizzato direttamente;Altro;;;;1;False
686376;L219;1043;20;27;51.0;FABBRICATO;corso vercelli;491 8;45.1196739;7.7103112;Abitazione;Dal 1919 al 1945;Dichiarazione di interesse culturale;Demanio;Utilizzato direttamente;Altro;;;;1;False
686390;L219;1145;90;3;150.0;FABBRICATO;via bologna;185 A;45.08988266;7.71030371;Fabbricato per attività produttiva (industriale, artigianale o agricola);Dal 1919 al 1945;Nessuno;Patrimonio disponibile;Utilizzato direttamente;Altro;;;;1;False
686397;L219;1145;92;;17.0;FABBRICATO;via bologna;185;45.0896384;7.71041;Cantina, soffitta, rimessa, box, garage, posto auto aperto/scoperto,;Dal 1919 al 1945;Nessuno;Patrimonio disponibile;Utilizzato direttamente;Altro;;;;1;False
686405;L219;1146;12;1;4150.0;FABBRICATO;via santhia';76;45.09431626;7.69978934;Edificio scolastico (es.: scuola di ogni ordine e grado, università, scuola di formazione);Dal 1961 al 1970;Nessuno;Patrimonio indisponibile;Utilizzato direttamente;Attività didattica;;;;1;False
686406;L219;1146;12;2;93.0;FABBRICATO;via santhia';76;45.09431626;7.69978934;Abitazione;Dal 1961 al 1970;Nessuno;Patrimonio indisponibile;Utilizzato direttamente;Alloggio di servizio, foresterie;;;;1;False
686408;L219;1043;37;25;79.0;FABBRICATO;corso vercelli;491 5;45.1194406;7.7104328;Abitazione;Dal 1919 al 1945;Dichiarazione di interesse culturale;Demanio;Utilizzato direttamente;Altro;;;;1;False
686409;L219;1043;37;26;51.0;FABBRICATO;corso vercelli;491 5;45.1194406;7.7104328;Abitazione;Dal 1919 al 1945;Dichiarazione di interesse culturale;Demanio;Utilizzato direttamente;Altro;;;;1;False
686410;L219;1043;37;27;52.0;FABBRICATO;corso vercelli;491 5;45.1194406;7.7104328;Abitazione;Dal 1919 al 1945;Dichiarazione di interesse culturale;Demanio;Utilizzato direttamente;Altro;;;;1;False
686411;L219;1043;37;28;52.0;FABBRICATO;corso vercelli;491 5;45.1194406;7.7104328;Abitazione;Dal 1919 al 1945;Dichiarazione di interesse culturale;Demanio;Utilizzato direttamente;Altro;;;;1;False
686412;L219;1043;37;29;79.0;FABBRICATO;corso vercelli;491 5;45.1194406;7.7104328;Abitazione;Dal 1919 al 1945;Dichiarazione di interesse culturale;Demanio;Utilizzato direttamente;Altro;;;;1;False
686413;L219;1043;37;30;53.0;FABBRICATO;corso vercelli;491 5;45.1194406;7.7104328;Abitazione;Dal 1919 al 1945;Dichiarazione di interesse culturale;Demanio;Utilizzato direttamente;Altro;;;;1;False
686414;L219;1043;37;31;51.0;FABBRICATO;corso vercelli;491 5;45.1194406;7.7104328;Abitazione;Dal 1919 al 1945;Dichiarazione di interesse culturale;Demanio;Utilizzato direttamente;Altro;;;;1;False
686418;L219;1043;37;21;52.0;FABBRICATO;corso vercelli;491 5;45.1194406;7.7104328;Abitazione;Dal 1919 al 1945;Dichiarazione di interesse culturale;Demanio;Utilizzato direttamente;Altro;;;;1;False
686419;L219;1043;37;22;77.0;FABBRICATO;corso vercelli;491 5;45.1194406;7.7104328;Abitazione;Dal 1919 al 1945;Dichiarazione di interesse culturale;Demanio;Utilizzato direttamente;Altro;;;;1;False
686422;L219;1043;37;24;52.0;FABBRICATO;corso vercelli;491 5;45.1194406;7.7104328;Abitazione;Dal 1919 al 1945;Dichiarazione di interesse culturale;Demanio;Utilizzato direttamente;Altro;;;;1;False
686423;L219;1146;291;3;5240.75;FABBRICATO;Via Domenico Cimarosa;85;45.0932841;7.7018879;Edificio scolastico (es.: scuola di ogni ordine e grado, università, scuola di formazione);Dal 1971 al 1980;Nessuno;Patrimonio indisponibile;Utilizzato direttamente;Attività didattica;;;;1;False
686424;L219;1146;291;4;102.0;FABBRICATO;Via Saverio Mercadante;66;45.0932841;7.7018879;Abitazione;Dal 1971 al 1980;Nessuno;Patrimonio indisponibile;Utilizzato direttamente;Alloggio di servizio, foresterie;;;;1;False
686455;L219;1147;169;2;2542.5;FABBRICATO;via paisiello giovanni;1;45.0894873;7.6984523;Edificio scolastico (es.: scuola di ogni ordine e grado, università, scuola di formazione);Dal 1919 al 1945;Dichiarazione di interesse culturale;Demanio;Utilizzato direttamente;Attività didattica;;;;1;False
686456;L219;1147;169;3;80.0;FABBRICATO;via paisiello giovanni;1;45.0894873;7.6984523;Abitazione;Dal 1919 al 1945;Dichiarazione di interesse culturale;Demanio;Utilizzato direttamente;Alloggio di servizio, foresterie;;;;1;False
686457;L219;1147;180;10;66.0;FABBRICATO;Via Giovanni Paisiello;12;45.0892377;7.6991367;Abitazione;Dal 1946 al 1960;Nessuno;Patrimonio indisponibile;Utilizzato direttamente;Altro;;;;1;False
686458;L219;1147;223;2;3432.0;FABBRICATO;via leoncavallo ruggero;61;45.0887215;7.7025803;Edificio scolastico (es.: scuola di ogni ordine e grado, università, scuola di formazione);Dal 1991 al 2000;Nessuno;Patrimonio indisponibile;Utilizzato direttamente;Attività didattica;;;;1;False
686459;L219;1147;223;3;90.0;FABBRICATO;via leoncavallo ruggero;61;45.0887215;7.7025803;Abitazione;Dal 1971 al 1980;Nessuno;Patrimonio indisponibile;Utilizzato direttamente;Alloggio di servizio, foresterie;;;;1;False
686460;L219;1148;210;9;64.0;FABBRICATO;Via Leinì;65;45.0927735;7.6914267;Abitazione;Dal 1919 al 1945;Nessuno;Patrimonio indisponibile;Utilizzato direttamente;Altro;;;;1;False
686461;L219;1148;212;5;68.0;FABBRICATO;via leini';52;45.0929159;7.6920909;Abitazione;Dal 1919 al 1945;Nessuno;Patrimonio indisponibile;Utilizzato direttamente;Altro;;;;1;False
686462;L219;1148;212;8;106.0;FABBRICATO;via leini';52;45.0929159;7.6920909;Abitazione;Dal 1919 al 1945;Nessuno;Patrimonio indisponibile;Utilizzato direttamente;Altro;;;;1;False
686463;L219;1043;39;11;53.0;FABBRICATO;corso vercelli;483 1;45.118914;7.7097266;Abitazione;Dal 1919 al 1945;Dichiarazione di interesse culturale;Demanio;Utilizzato direttamente;Altro;;;;1;False
686464;L219;1043;39;12;79.0;FABBRICATO;corso vercelli;483 1;45.118914;7.7097266;Abitazione;Dal 1919 al 1945;Dichiarazione di interesse culturale;Demanio;Utilizzato direttamente;Altro;;;;1;False
686465;L219;1043;39;13;104.0;FABBRICATO;corso vercelli;483 1;45.118914;7.7097266;Abitazione;Dal 1919 al 1945;Dichiarazione di interesse culturale;Demanio;Utilizzato direttamente;Altro;;;;1;False
686466;L219;1043;39;14;130.0;FABBRICATO;corso vercelli;483 1;45.118914;7.7097266;Abitazione;Dal 1919 al 1945;Dichiarazione di interesse culturale;Demanio;Utilizzato direttamente;Altro;;;;1;False
686467;L219;1043;39;15;104.0;FABBRICATO;corso vercelli;483 1;45.118914;7.7097266;Abitazione;Dal 1919 al 1945;Dichiarazione di interesse culturale;Demanio;Utilizzato direttamente;Altro;;;;1;False
686469;L219;1043;39;18;130.0;FABBRICATO;corso vercelli;483 1;45.118914;7.7097266;Abitazione;Dal 1919 al 1945;Dichiarazione di interesse culturale;Demanio;Utilizzato direttamente;Altro;;;;1;False
686470;L219;1043;39;19;104.0;FABBRICATO;corso vercelli;483 1;45.118914;7.7097266;Abitazione;Dal 1919 al 1945;Dichiarazione di interesse culturale;Demanio;Utilizzato direttamente;Altro;;;;1;False
686471;L219;1148;284;6;51.0;FABBRICATO;Via Feletto;25;45.0921307;7.6925262;Abitazione;Prima del 1919;Nessuno;Patrimonio indisponibile;Utilizzato direttamente;Altro;;;;1;False
686472;L219;1148;290;18;103.0;FABBRICATO;Corso Giulio Cesare;109;45.0920864;7.6929713;Abitazione;Dal 1961 al 1970;Nessuno;Patrimonio indisponibile;Utilizzato direttamente;Altro;;;;1;False
686473;L219;1148;329;1;48.0;FABBRICATO;via leini';51;45.0918247;7.6912847;Abitazione;Dal 1946 al 1960;Nessuno;Patrimonio indisponibile;Utilizzato direttamente;Altro;;;;1;False
686474;L219;1148;428;2;40.0;FABBRICATO;via monte rosa;56;45.0911371;7.6962232;Abitazione;Prima del 1919;Dichiarazione di interesse culturale;Demanio;Utilizzato direttamente;Alloggio di servizio, foresterie;;;;1;False
686475;L219;1148;428;3;40.0;FABBRICATO;via monte rosa;54;45.0911371;7.6962232;Abitazione;Prima del 1919;Dichiarazione di interesse culturale;Demanio;Utilizzato direttamente;Alloggio di servizio, foresterie;;;;1;False
686477;L219;1043;40;27;51.0;FABBRICATO;corso vercelli;487 2;45.1190395;7.7101843;Abitazione;Dal 1919 al 1945;Dichiarazione di interesse culturale;Demanio;Utilizzato direttamente;Altro;;;;1;False
686478;L219;1043;40;28;52.0;FABBRICATO;corso vercelli;487 2;45.1190395;7.7101843;Abitazione;Dal 1919 al 1945;Dichiarazione di interesse culturale;Demanio;Utilizzato direttamente;Altro;;;;1;False
686479;L219;1043;40;29;78.0;FABBRICATO;corso vercelli;487 2;45.1190395;7.7101843;Abitazione;Dal 1919 al 1945;Dichiarazione di interesse culturale;Demanio;Utilizzato direttamente;Altro;;;;1;False
686480;L219;1043;40;30;53.0;FABBRICATO;corso vercelli;487 2;45.1190395;7.7101843;Abitazione;Dal 1919 al 1945;Dichiarazione di interesse culturale;Demanio;Utilizzato direttamente;Altro;;;;1;False
686481;L219;1043;40;31;53.0;FABBRICATO;corso vercelli;487 2;45.1190395;7.7101843;Abitazione;Dal 1919 al 1945;Dichiarazione di interesse culturale;Demanio;Utilizzato direttamente;Altro;;;;1;False
686482;L219;1043;40;32;52.0;FABBRICATO;corso vercelli;487 2;45.1190395;7.7101843;Abitazione;Dal 1919 al 1945;Dichiarazione di interesse culturale;Demanio;Utilizzato direttamente;Altro;;;;1;False
686483;L219;1043;40;33;76.0;FABBRICATO;corso vercelli;487 2;45.1190395;7.7101843;Abitazione;Dal 1919 al 1945;Dichiarazione di interesse culturale;Demanio;Utilizzato direttamente;Altro;;;;1;False
686484;L219;1043;40;34;52.0;FABBRICATO;corso vercelli;487 2;45.1190395;7.7101843;Abitazione;Dal 1919 al 1945;Dichiarazione di interesse culturale;Demanio;Utilizzato direttamente;Altro;;;;1;False
686485;L219;1043;40;35;51.0;FABBRICATO;corso vercelli;487 2;45.1190395;7.7101843;Abitazione;Dal 1919 al 1945;Dichiarazione di interesse culturale;Demanio;Utilizzato direttamente;Altro;;;;1;False
686490;L219;1043;40;24;52.0;FABBRICATO;corso vercelli;487 2;45.1190395;7.7101843;Abitazione;Dal 1919 al 1945;Dichiarazione di interesse culturale;Demanio;Utilizzato direttamente;Altro;;;;1;False
686491;L219;1043;40;25;78.0;FABBRICATO;corso vercelli;487 2;45.1190395;7.7101843;Abitazione;Dal 1919 al 1945;Dichiarazione di interesse culturale;Demanio;Utilizzato direttamente;Altro;;;;1;False
686492;L219;1043;40;26;51.0;FABBRICATO;corso vercelli;487 2;45.1190395;7.7101843;Abitazione;Dal 1919 al 1945;Dichiarazione di interesse culturale;Demanio;Utilizzato direttamente;Altro;;;;1;False
686493;L219;1148;792;2;80.0;FABBRICATO;via monte rosa;54;45.0908697;7.6960468;Abitazione;Prima del 1919;Dichiarazione di interesse culturale;Demanio;Utilizzato direttamente;Alloggio di servizio, foresterie;;;;1;False
686494;L219;1148;792;3;80.0;FABBRICATO;via monte rosa;56;45.0908697;7.6960468;Abitazione;Prima del 1919;Dichiarazione di interesse culturale;Demanio;Utilizzato direttamente;Alloggio di servizio, foresterie;;;;1;False
686495;L219;1148;892;19;15.0;FABBRICATO;Via Brandizzo;34;45.0911589;7.6971903;Cantina, soffitta, rimessa, box, garage, posto auto aperto/scoperto,;Prima del 1919;Nessuno;Patrimonio indisponibile;Utilizzato direttamente;Altro;;;;1;False
686496;L219;1148;892;20;15.0;FABBRICATO;Via Brandizzo;34;45.0911589;7.6971903;Cantina, soffitta, rimessa, box, garage, posto auto aperto/scoperto,;Prima del 1919;Nessuno;Patrimonio indisponibile;Utilizzato direttamente;Altro;;;;1;False
686497;L219;1148;892;21;15.0;FABBRICATO;Via Brandizzo;34;45.0911589;7.6971903;Cantina, soffitta, rimessa, box, garage, posto auto aperto/scoperto,;Prima del 1919;Nessuno;Patrimonio indisponibile;Utilizzato direttamente;Altro;;;;1;False
686498;L219;1148;892;22;14.0;FABBRICATO;Via Brandizzo;34;45.0911589;7.6971903;Cantina, soffitta, rimessa, box, garage, posto auto aperto/scoperto,;Prima del 1919;Nessuno;Patrimonio indisponibile;Utilizzato direttamente;Altro;;;;1;False
686499;L219;1148;892;23;15.0;FABBRICATO;Via Brandizzo;34;45.0911589;7.6971903;Cantina, soffitta, rimessa, box, garage, posto auto aperto/scoperto,;Prima del 1919;Nessuno;Patrimonio indisponibile;Utilizzato direttamente;Altro;;;;1;False
686500;L219;1148;892;24;15.0;FABBRICATO;Via Brandizzo;34;45.0911589;7.6971903;Cantina, soffitta, rimessa, box, garage, posto auto aperto/scoperto,;Prima del 1919;Nessuno;Patrimonio indisponibile;Utilizzato direttamente;Altro;;;;1;False
686501;L219;1148;892;25;14.0;FABBRICATO;Via Brandizzo;34;45.0911589;7.6971903;Cantina, soffitta, rimessa, box, garage, posto auto aperto/scoperto,;Prima del 1919;Nessuno;Patrimonio indisponibile;Utilizzato direttamente;Altro;;;;1;False
686502;L219;1148;892;26;15.0;FABBRICATO;Via Brandizzo;34;45.0911589;7.6971903;Cantina, soffitta, rimessa, box, garage, posto auto aperto/scoperto,;Prima del 1919;Nessuno;Patrimonio indisponibile;Utilizzato direttamente;Altro;;;;1;False
686503;L219;1148;892;27;15.0;FABBRICATO;Via Brandizzo;34;45.0911589;7.6971903;Cantina, soffitta, rimessa, box, garage, posto auto aperto/scoperto,;Prima del 1919;Nessuno;Patrimonio indisponibile;Utilizzato direttamente;Altro;;;;1;False
686504;L219;1148;892;28;15.0;FABBRICATO;Via Brandizzo;34;45.0911589;7.6971903;Cantina, soffitta, rimessa, box, garage, posto auto aperto/scoperto,;Prima del 1919;Nessuno;Patrimonio indisponibile;Utilizzato direttamente;Altro;;;;1;False
686505;L219;1148;892;29;15.0;FABBRICATO;Via Brandizzo;34;45.0911589;7.6971903;Cantina, soffitta, rimessa, box, garage, posto auto aperto/scoperto,;Prima del 1919;Nessuno;Patrimonio indisponibile;Utilizzato direttamente;Altro;;;;1;False
686506;L219;1148;892;30;13.0;FABBRICATO;Via Brandizzo;34;45.0911589;7.6971903;Cantina, soffitta, rimessa, box, garage, posto auto aperto/scoperto,;Prima del 1919;Nessuno;Patrimonio indisponibile;Utilizzato direttamente;Altro;;;;1;False
686507;L219;1148;892;31;13.0;FABBRICATO;Via Brandizzo;34;45.0911589;7.6971903;Cantina, soffitta, rimessa, box, garage, posto auto aperto/scoperto,;Prima del 1919;Nessuno;Patrimonio indisponibile;Utilizzato direttamente;Altro;;;;1;False
686508;L219;1148;892;32;18.0;FABBRICATO;Via Brandizzo;34;45.0911589;7.6971903;Cantina, soffitta, rimessa, box, garage, posto auto aperto/scoperto,;Prima del 1919;Nessuno;Patrimonio indisponibile;Utilizzato direttamente;Altro;;;;1;False
686509;L219;1148;892;35;15.0;FABBRICATO;Via Brandizzo;34;45.0911589;7.6971903;Cantina, soffitta, rimessa, box, garage, posto auto aperto/scoperto,;Prima del 1919;Nessuno;Patrimonio indisponibile;Utilizzato direttamente;Altro;;;;1;False
686510;L219;1148;892;39;15.0;FABBRICATO;Via Brandizzo;34;45.0911589;7.6971903;Cantina, soffitta, rimessa, box, garage, posto auto aperto/scoperto,;Prima del 1919;Nessuno;Patrimonio indisponibile;Utilizzato direttamente;Altro;;;;1;False
686511;L219;1148;892;40;13.0;FABBRICATO;Via Brandizzo;34;45.0911589;7.6971903;Cantina, soffitta, rimessa, box, garage, posto auto aperto/scoperto,;Prima del 1919;Nessuno;Patrimonio indisponibile;Utilizzato direttamente;Altro;;;;1;False
686512;L219;1148;892;41;14.0;FABBRICATO;Via Brandizzo;34;45.0911589;7.6971903;Cantina, soffitta, rimessa, box, garage, posto auto aperto/scoperto,;Prima del 1919;Nessuno;Patrimonio indisponibile;Utilizzato direttamente;Altro;;;;1;False
686513;L219;1148;892;42;14.0;FABBRICATO;Via Brandizzo;34;45.0911589;7.6971903;Cantina, soffitta, rimessa, box, garage, posto auto aperto/scoperto,;Prima del 1919;Nessuno;Patrimonio indisponibile;Utilizzato direttamente;Altro;;;;1;False
686514;L219;1148;892;45;13.0;FABBRICATO;Via Brandizzo;34;45.0911589;7.6971903;Cantina, soffitta, rimessa, box, garage, posto auto aperto/scoperto,;Prima del 1919;Nessuno;Patrimonio indisponibile;Utilizzato direttamente;Altro;;;;1;False
686515;L219;1148;892;48;15.0;FABBRICATO;Via Brandizzo;34;45.0911589;7.6971903;Cantina, soffitta, rimessa, box, garage, posto auto aperto/scoperto,;Prima del 1919;Nessuno;Patrimonio indisponibile;Utilizzato direttamente;Altro;;;;1;False
686516;L219;1148;892;51;102.0;FABBRICATO;Via Brandizzo;34;45.0911589;7.6971903;Abitazione;Prima del 1919;Nessuno;Patrimonio indisponibile;Utilizzato direttamente;Altro;;;;1;False
686517;L219;1148;892;52;47.0;FABBRICATO;Via Brandizzo;34;45.0911589;7.6971903;Abitazione;Prima del 1919;Nessuno;Patrimonio indisponibile;Utilizzato direttamente;Altro;;;;1;False
686518;L219;1148;892;53;116.0;FABBRICATO;Via Brandizzo;34;45.0911589;7.6971903;Abitazione;Prima del 1919;Nessuno;Patrimonio indisponibile;Utilizzato direttamente;Altro;;;;1;False
686519;L219;1148;892;54;46.0;FABBRICATO;Via Brandizzo;34;45.0911589;7.6971903;Abitazione;Prima del 1919;Nessuno;Patrimonio indisponibile;Utilizzato direttamente;Altro;;;;1;False
686520;L219;1148;892;55;66.0;FABBRICATO;Via Santhià;28;45.0911589;7.6971903;Abitazione;Prima del 1919;Nessuno;Patrimonio indisponibile;Utilizzato direttamente;Altro;;;;1;False
686521;L219;1148;892;56;99.0;FABBRICATO;Via Santhià;28;45.0911589;7.6971903;Abitazione;Prima del 1919;Nessuno;Patrimonio indisponibile;Utilizzato direttamente;Altro;;;;1;False
686522;L219;1148;892;57;90.0;FABBRICATO;Via Santhià;28;45.0911589;7.6971903;Abitazione;Prima del 1919;Nessuno;Patrimonio indisponibile;Utilizzato direttamente;Altro;;;;1;False
686523;L219;1148;892;58;93.0;FABBRICATO;Via Santhià;28;45.0911589;7.6971903;Abitazione;Prima del 1919;Nessuno;Patrimonio indisponibile;Utilizzato direttamente;Altro;;;;1;False
686524;L219;1148;892;59;81.0;FABBRICATO;Via Santhià;28;45.0911589;7.6971903;Abitazione;Prima del 1919;Nessuno;Patrimonio indisponibile;Utilizzato direttamente;Altro;;;;1;False
686525;L219;1148;892;62;108.0;FABBRICATO;Via Santhià;24;45.0911589;7.6971903;Abitazione;Prima del 1919;Nessuno;Patrimonio indisponibile;Utilizzato direttamente;Altro;;;;1;False
686526;L219;1148;892;63;90.0;FABBRICATO;Via Santhià;24;45.0911589;7.6971903;Abitazione;Prima del 1919;Nessuno;Patrimonio indisponibile;Utilizzato direttamente;Altro;;;;1;False
686527;L219;1148;892;64;98.0;FABBRICATO;Via Brandizzo;34;45.0911589;7.6971903;Abitazione;Prima del 1919;Nessuno;Patrimonio indisponibile;Utilizzato direttamente;Altro;;;;1;False
686528;L219;1148;892;65;33.0;FABBRICATO;Via Brandizzo;34;45.0911589;7.6971903;Abitazione;Prima del 1919;Nessuno;Patrimonio indisponibile;Utilizzato direttamente;Altro;;;;1;False
686529;L219;1148;892;66;88.0;FABBRICATO;Via Brandizzo;34;45.0911589;7.6971903;Abitazione;Prima del 1919;Nessuno;Patrimonio indisponibile;Utilizzato direttamente;Altro;;;;1;False
686530;L219;1148;892;67;53.0;FABBRICATO;Via Santhià;28;45.0911589;7.6971903;Abitazione;Prima del 1919;Nessuno;Patrimonio indisponibile;Utilizzato direttamente;Altro;;;;1;False
686531;L219;1148;892;68;52.0;FABBRICATO;Via Santhià;28;45.0911589;7.6971903;Abitazione;Prima del 1919;Nessuno;Patrimonio indisponibile;Utilizzato direttamente;Altro;;;;1;False
686532;L219;1148;892;69;57.0;FABBRICATO;Via Santhià;28;45.0911589;7.6971903;Abitazione;Prima del 1919;Nessuno;Patrimonio indisponibile;Utilizzato direttamente;Altro;;;;1;False
686533;L219;1148;892;70;57.0;FABBRICATO;Via Santhià;28;45.0911589;7.6971903;Abitazione;Prima del 1919;Nessuno;Patrimonio indisponibile;Utilizzato direttamente;Altro;;;;1;False
686534;L219;1148;892;71;86.0;FABBRICATO;Via Santhià;28;45.0911589;7.6971903;Abitazione;Prima del 1919;Nessuno;Patrimonio indisponibile;Utilizzato direttamente;Altro;;;;1;False
686535;L219;1148;892;73;47.0;FABBRICATO;Via Santhià;26;45.0911589;7.6971903;Abitazione;Prima del 1919;Nessuno;Patrimonio indisponibile;Utilizzato direttamente;Altro;;;;1;False
686536;L219;1148;892;74;57.0;FABBRICATO;Via Santhià;24;45.0911589;7.6971903;Abitazione;Prima del 1919;Nessuno;Patrimonio indisponibile;Utilizzato direttamente;Altro;;;;1;False
686570;L219;1043;41;25;78.0;FABBRICATO;corso vercelli;491 3;45.1191776;7.7105979;Abitazione;Dal 1919 al 1945;Dichiarazione di interesse culturale;Demanio;Utilizzato direttamente;Altro;;;;1;False
686571;L219;1043;41;26;52.0;FABBRICATO;corso vercelli;491 3;45.1191776;7.7105979;Abitazione;Dal 1919 al 1945;Dichiarazione di interesse culturale;Demanio;Utilizzato direttamente;Altro;;;;1;False
686572;L219;1043;41;27;51.0;FABBRICATO;corso vercelli;491 3;45.1191776;7.7105979;Abitazione;Dal 1919 al 1945;Dichiarazione di interesse culturale;Demanio;Utilizzato direttamente;Altro;;;;1;False
686573;L219;1043;41;28;51.0;FABBRICATO;corso vercelli;491 3;45.1191776;7.7105979;Abitazione;Dal 1919 al 1945;Dichiarazione di interesse culturale;Demanio;Utilizzato direttamente;Altro;;;;1;False
686574;L219;1043;41;29;76.0;FABBRICATO;corso vercelli;491 3;45.1191776;7.7105979;Abitazione;Dal 1919 al 1945;Dichiarazione di interesse culturale;Demanio;Utilizzato direttamente;Altro;;;;1;False
686575;L219;1043;41;30;53.0;FABBRICATO;corso vercelli;491 3;45.1191776;7.7105979;Abitazione;Dal 1919 al 1945;Dichiarazione di interesse culturale;Demanio;Utilizzato direttamente;Altro;;;;1;False
686576;L219;1043;41;31;53.0;FABBRICATO;corso vercelli;491 3;45.1191776;7.7105979;Abitazione;Dal 1919 al 1945;Dichiarazione di interesse culturale;Demanio;Utilizzato direttamente;Altro;;;;1;False
686580;L219;1043;41;21;51.0;FABBRICATO;corso vercelli;491 3;45.1191776;7.7105979;Abitazione;Dal 1919 al 1945;Dichiarazione di interesse culturale;Demanio;Utilizzato direttamente;Altro;;;;1;False
686581;L219;1043;41;22;78.0;FABBRICATO;corso vercelli;491 3;45.1191776;7.7105979;Abitazione;Dal 1919 al 1945;Dichiarazione di interesse culturale;Demanio;Utilizzato direttamente;Altro;;;;1;False
686584;L219;1043;41;24;52.0;FABBRICATO;corso vercelli;491 3;45.1191776;7.7105979;Abitazione;Dal 1919 al 1945;Dichiarazione di interesse culturale;Demanio;Utilizzato direttamente;Altro;;;;1;False
686585;L219;1043;5;21;52.0;FABBRICATO;corso vercelli;483 14;45.1201632;7.7089964;Abitazione;Dal 1919 al 1945;Dichiarazione di interesse culturale;Demanio;Utilizzato direttamente;Altro;;;;1;False
686586;L219;1043;5;28;78.0;FABBRICATO;corso vercelli;483 14;45.1201632;7.7089964;Abitazione;Dal 1919 al 1945;Dichiarazione di interesse culturale;Demanio;Utilizzato direttamente;Altro;;;;1;False
686587;L219;1043;5;27;51.0;FABBRICATO;corso vercelli;483 14;45.1201632;7.7089964;Abitazione;Dal 1919 al 1945;Dichiarazione di interesse culturale;Demanio;Utilizzato direttamente;Altro;;;;1;False
686588;L219;1043;5;26;51.0;FABBRICATO;corso vercelli;483 14;45.1201632;7.7089964;Abitazione;Dal 1919 al 1945;Dichiarazione di interesse culturale;Demanio;Utilizzato direttamente;Altro;;;;1;False
686589;L219;1043;5;33;51.0;FABBRICATO;corso vercelli;483 14;45.1201632;7.7089964;Abitazione;Dal 1919 al 1945;Dichiarazione di interesse culturale;Demanio;Utilizzato direttamente;Altro;;;;1;False
686590;L219;1043;5;32;79.0;FABBRICATO;corso vercelli;483 14;45.1201632;7.7089964;Abitazione;Dal 1919 al 1945;Dichiarazione di interesse culturale;Demanio;Utilizzato direttamente;Altro;;;;1;False
686591;L219;1043;5;31;51.0;FABBRICATO;corso vercelli;483 14;45.1201632;7.7089964;Abitazione;Dal 1919 al 1945;Dichiarazione di interesse culturale;Demanio;Utilizzato direttamente;Altro;;;;1;False
686592;L219;1043;5;30;51.0;FABBRICATO;corso vercelli;483 14;45.1201632;7.7089964;Abitazione;Dal 1919 al 1945;Dichiarazione di interesse culturale;Demanio;Utilizzato direttamente;Altro;;;;1;False
686593;L219;1043;5;20;78.0;FABBRICATO;corso vercelli;483 14;45.1201632;7.7089964;Abitazione;Dal 1919 al 1945;Dichiarazione di interesse culturale;Demanio;Utilizzato direttamente;Altro;;;;1;False
686596;L219;1043;5;25;51.0;FABBRICATO;corso vercelli;483 14;45.1201632;7.7089964;Abitazione;Dal 1919 al 1945;Dichiarazione di interesse culturale;Demanio;Utilizzato direttamente;Altro;;;;1;False
686597;L219;1043;5;24;79.0;FABBRICATO;corso vercelli;483 14;45.1201632;7.7089964;Abitazione;Dal 1919 al 1945;Dichiarazione di interesse culturale;Demanio;Utilizzato direttamente;Altro;;;;1;False
686598;L219;1043;5;23;52.0;FABBRICATO;corso vercelli;483 14;45.1201632;7.7089964;Abitazione;Dal 1919 al 1945;Dichiarazione di interesse culturale;Demanio;Utilizzato direttamente;Altro;;;;1;False
686599;L219;1043;5;22;52.0;FABBRICATO;corso vercelli;483 14;45.1201632;7.7089964;Abitazione;Dal 1919 al 1945;Dichiarazione di interesse culturale;Demanio;Utilizzato direttamente;Altro;;;;1;False
686600;L219;1043;5;29;51.0;FABBRICATO;corso vercelli;483 14;45.1201632;7.7089964;Abitazione;Dal 1919 al 1945;Dichiarazione di interesse culturale;Demanio;Utilizzato direttamente;Altro;;;;1;False
686601;L219;1149;171;2;80.0;FABBRICATO;Via Jacopo Foroni;6;45.08940791;7.69610657;Abitazione;Prima del 1919;Nessuno;Patrimonio indisponibile;Utilizzato direttamente;Altro;;;;1;False
686602;L219;1149;171;4;8.0;FABBRICATO;Via Jacopo Foroni;6;45.08940791;7.69610657;Cantina, soffitta, rimessa, box, garage, posto auto aperto/scoperto,;Prima del 1919;Nessuno;Patrimonio indisponibile;Utilizzato direttamente;Altro;;;;1;False
686603;L219;1149;472;10;69.0;FABBRICATO;corso giulio cesare;83;45.0893293;7.69140979;Abitazione;Dal 1919 al 1945;Nessuno;Patrimonio indisponibile;Utilizzato direttamente;Altro;;;;1;False
686604;L219;1149;472;11;64.0;FABBRICATO;corso giulio cesare;83;45.0893293;7.69140979;Abitazione;Dal 1919 al 1945;Nessuno;Patrimonio indisponibile;Utilizzato direttamente;Altro;;;;1;False
686605;L219;1149;472;12;74.0;FABBRICATO;corso giulio cesare;83;45.0893293;7.69140979;Abitazione;Dal 1919 al 1945;Nessuno;Patrimonio indisponibile;Utilizzato direttamente;Altro;;;;1;False
686606;L219;1149;472;13;71.0;FABBRICATO;corso giulio cesare;83;45.0893293;7.69140979;Abitazione;Dal 1919 al 1945;Nessuno;Patrimonio indisponibile;Utilizzato direttamente;Altro;;;;1;False
686607;L219;1149;472;14;65.0;FABBRICATO;corso giulio cesare;83;45.0893293;7.69140979;Abitazione;Dal 1919 al 1945;Nessuno;Patrimonio indisponibile;Utilizzato direttamente;Altro;;;;1;False
686608;L219;1149;472;15;74.0;FABBRICATO;corso giulio cesare;83;45.0893293;7.69140979;Abitazione;Dal 1919 al 1945;Nessuno;Patrimonio indisponibile;Utilizzato direttamente;Altro;;;;1;False
686609;L219;1149;472;16;70.0;FABBRICATO;corso giulio cesare;83;45.0893293;7.69140979;Abitazione;Dal 1919 al 1945;Nessuno;Patrimonio indisponibile;Utilizzato direttamente;Altro;;;;1;False
686610;L219;1149;472;17;65.0;FABBRICATO;corso giulio cesare;83;45.0893293;7.69140979;Abitazione;Dal 1919 al 1945;Nessuno;Patrimonio indisponibile;Utilizzato direttamente;Altro;;;;1;False
686611;L219;1149;472;19;129.0;FABBRICATO;corso giulio cesare;83;45.0893293;7.69140979;Locale commerciale, negozio;Dal 1919 al 1945;Nessuno;Patrimonio indisponibile;Utilizzato direttamente;Attività commerciale e di ristorazione;;;;1;False
686612;L219;1149;472;4;64.0;FABBRICATO;corso giulio cesare;83;45.0893293;7.69140979;Abitazione;Dal 1919 al 1945;Nessuno;Patrimonio indisponibile;Utilizzato direttamente;Altro;;;;1;False
686613;L219;1149;472;5;63.0;FABBRICATO;corso giulio cesare;83;45.0893293;7.69140979;Abitazione;Dal 1919 al 1945;Nessuno;Patrimonio indisponibile;Utilizzato direttamente;Altro;;;;1;False
686614;L219;1149;472;6;73.0;FABBRICATO;corso giulio cesare;83;45.0893293;7.69140979;Abitazione;Dal 1919 al 1945;Nessuno;Patrimonio indisponibile;Utilizzato direttamente;Altro;;;;1;False
686615;L219;1149;472;7;71.0;FABBRICATO;corso giulio cesare;83;45.0893293;7.69140979;Abitazione;Dal 1919 al 1945;Nessuno;Patrimonio indisponibile;Utilizzato direttamente;Altro;;;;1;False
686616;L219;1149;472;8;63.0;FABBRICATO;corso giulio cesare;83;45.0893293;7.69140979;Abitazione;Dal 1919 al 1945;Nessuno;Patrimonio indisponibile;Utilizzato direttamente;Altro;;;;1;False
686617;L219;1149;472;9;74.0;FABBRICATO;corso giulio cesare;83;45.0893293;7.69140979;Abitazione;Dal 1919 al 1945;Nessuno;Patrimonio indisponibile;Utilizzato direttamente;Altro;;;;1;False
686619;L219;1043;6;26;78.0;FABBRICATO;corso vercelli;487 15;45.1202979;7.7094372;Abitazione;Dal 1919 al 1945;Dichiarazione di interesse culturale;Demanio;Utilizzato direttamente;Altro;;;;1;False
686620;L219;1043;6;25;51.0;FABBRICATO;corso vercelli;487 15;45.1202979;7.7094372;Abitazione;Dal 1919 al 1945;Dichiarazione di interesse culturale;Demanio;Utilizzato direttamente;Altro;;;;1;False
686621;L219;1043;6;24;53.0;FABBRICATO;corso vercelli;487 15;45.1202979;7.7094372;Abitazione;Dal 1919 al 1945;Dichiarazione di interesse culturale;Demanio;Utilizzato direttamente;Altro;;;;1;False
686622;L219;1043;6;31;53.0;FABBRICATO;corso vercelli;487 15;45.1202979;7.7094372;Abitazione;Dal 1919 al 1945;Dichiarazione di interesse culturale;Demanio;Utilizzato direttamente;Altro;;;;1;False
686623;L219;1043;6;30;78.0;FABBRICATO;corso vercelli;487 15;45.1202979;7.7094372;Abitazione;Dal 1919 al 1945;Dichiarazione di interesse culturale;Demanio;Utilizzato direttamente;Altro;;;;1;False
686624;L219;1043;6;29;52.0;FABBRICATO;corso vercelli;487 15;45.1202979;7.7094372;Abitazione;Dal 1919 al 1945;Dichiarazione di interesse culturale;Demanio;Utilizzato direttamente;Altro;;;;1;False
686625;L219;1043;6;28;52.0;FABBRICATO;corso vercelli;487 15;45.1202979;7.7094372;Abitazione;Dal 1919 al 1945;Dichiarazione di interesse culturale;Demanio;Utilizzato direttamente;Altro;;;;1;False
686629;L219;1043;6;23;51.0;FABBRICATO;corso vercelli;487 15;45.1202979;7.7094372;Abitazione;Dal 1919 al 1945;Dichiarazione di interesse culturale;Demanio;Utilizzato direttamente;Altro;;;;1;False
686630;L219;1043;6;22;78.0;FABBRICATO;corso vercelli;487 15;45.1202979;7.7094372;Abitazione;Dal 1919 al 1945;Dichiarazione di interesse culturale;Demanio;Utilizzato direttamente;Altro;;;;1;False
686633;L219;1043;6;27;52.0;FABBRICATO;corso vercelli;487 15;45.1202979;7.7094372;Abitazione;Dal 1919 al 1945;Dichiarazione di interesse culturale;Demanio;Utilizzato direttamente;Altro;;;;1;False
686637;L219;1149;510;5003;88.0;FABBRICATO;Corso Giulio Cesare;60;45.08802421;7.69136964;Abitazione;Dal 1919 al 1945;Nessuno;Patrimonio indisponibile;Utilizzato direttamente;Altro;;;;1;False
686640;L219;1149;557;6;99.0;FABBRICATO;Via Agliè;9;45.08822691;7.69255202;Abitazione;Dal 1946 al 1960;Nessuno;Patrimonio indisponibile;Utilizzato direttamente;Attività commerciale e di ristorazione;;;;1;False
686641;L219;1149;565;24;117.0;FABBRICATO;Via Agliè;3;45.08779752;7.69226729;Abitazione;Prima del 1919;Nessuno;Patrimonio indisponibile;Utilizzato direttamente;Altro;;;;1;False
686642;L219;1149;655;17;130.0;FABBRICATO;via monte rosa;11;45.08748262;7.69351139;Abitazione;Prima del 1919;Nessuno;Patrimonio indisponibile;Utilizzato direttamente;Altro;;;;1;False
686643;L219;1149;655;18;68.0;FABBRICATO;via monte rosa;11;45.08748262;7.69351139;Abitazione;Prima del 1919;Nessuno;Patrimonio indisponibile;Utilizzato direttamente;Altro;;;;1;False
686645;L219;1043;68;2;148.0;FABBRICATO;CORSO VERCELLI;SNC;45.118225;7.7096195;Abitazione;Prima del 1919;Nessuno;Patrimonio indisponibile;Non utilizzato;Non Dichiarato;;;;1;False
686646;L219;1043;68;3;144.0;FABBRICATO;CORSO VERCELLI;SNC;45.118225;7.7096195;Abitazione;Prima del 1919;Nessuno;Patrimonio indisponibile;Non utilizzato;Non Dichiarato;;;;1;False
686647;L219;1043;68;4;147.0;FABBRICATO;CORSO VERCELLI;SNC;45.118225;7.7096195;Abitazione;Prima del 1919;Nessuno;Patrimonio indisponibile;Non utilizzato;Non Dichiarato;;;;1;False
686648;L219;1043;68;5;145.0;FABBRICATO;CORSO VERCELLI;SNC;45.118225;7.7096195;Abitazione;Prima del 1919;Nessuno;Patrimonio indisponibile;Non utilizzato;Non Dichiarato;;;;1;False
686649;L219;1149;815;15;52.0;FABBRICATO;Via Cuneo;6;45.08670294;7.68856735;Abitazione;Prima del 1919;Nessuno;Patrimonio indisponibile;Utilizzato direttamente;Altro;;;;1;False
686650;L219;1149;815;16;54.0;FABBRICATO;Via Cuneo;6;45.08670294;7.68856735;Abitazione;Prima del 1919;Nessuno;Patrimonio indisponibile;Utilizzato direttamente;Altro;;;;1;False
686651;L219;1149;815;17;72.0;FABBRICATO;Via Cuneo;6;45.08670294;7.68856735;Abitazione;Prima del 1919;Nessuno;Patrimonio indisponibile;Utilizzato direttamente;Altro;;;;1;False
686652;L219;1149;815;22;71.0;FABBRICATO;Via Cuneo;6;45.08670294;7.68856735;Abitazione;Prima del 1919;Nessuno;Patrimonio indisponibile;Utilizzato direttamente;Altro;;;;1;False
686653;L219;1149;815;23;59.0;FABBRICATO;Via Cuneo;6;45.08670294;7.68856735;Abitazione;Prima del 1919;Nessuno;Patrimonio indisponibile;Utilizzato direttamente;Altro;;;;1;False
686654;L219;1149;815;29;51.0;FABBRICATO;Via Cuneo;6;45.08670294;7.68856735;Abitazione;Prima del 1919;Nessuno;Patrimonio indisponibile;Utilizzato direttamente;Altro;;;;1;False
686655;L219;1149;815;3;112.0;FABBRICATO;Via Cuneo;6;45.08670294;7.68856735;Locale commerciale, negozio;Prima del 1919;Nessuno;Patrimonio indisponibile;Utilizzato direttamente;Attività commerciale e di ristorazione;;;;1;False
686656;L219;1149;815;30;72.0;FABBRICATO;Via Cuneo;6;45.08670294;7.68856735;Abitazione;Prima del 1919;Nessuno;Patrimonio indisponibile;Utilizzato direttamente;Altro;;;;1;False
686657;L219;1149;815;39;53.0;FABBRICATO;Via Cuneo;6;45.08670294;7.68856735;Abitazione;Prima del 1919;Nessuno;Patrimonio indisponibile;Utilizzato direttamente;Altro;;;;1;False
686658;L219;1149;815;4;19.0;FABBRICATO;Via Cuneo;6;45.08670294;7.68856735;Cantina, soffitta, rimessa, box, garage, posto auto aperto/scoperto,;Prima del 1919;Nessuno;Patrimonio indisponibile;Utilizzato direttamente;Altro;;;;1;False
686659;L219;1149;815;40;92.0;FABBRICATO;Via Cuneo;6;45.08670294;7.68856735;Magazzino e locali di deposito;Prima del 1919;Nessuno;Patrimonio indisponibile;Utilizzato direttamente;Altro;;;;1;False
686660;L219;1149;815;42;86.0;FABBRICATO;Via Cuneo;6;45.08670294;7.68856735;Abitazione;Prima del 1919;Nessuno;Patrimonio indisponibile;Utilizzato direttamente;Altro;;;;1;False
686661;L219;1149;815;43;51.0;FABBRICATO;Via Cuneo;6;45.08670294;7.68856735;Abitazione;Prima del 1919;Nessuno;Patrimonio indisponibile;Utilizzato direttamente;Altro;;;;1;False
686662;L219;1149;815;45;55.0;FABBRICATO;Via Cuneo;6;45.08670294;7.68856735;Locale commerciale, negozio;Prima del 1919;Nessuno;Patrimonio indisponibile;Utilizzato direttamente;Attività commerciale e di ristorazione;;;;1;False
686663;L219;1149;815;46;88.0;FABBRICATO;Via Cuneo;6;45.08670294;7.68856735;Abitazione;Prima del 1919;Nessuno;Patrimonio indisponibile;Utilizzato direttamente;Altro;;;;1;False
686664;L219;1149;815;47;91.0;FABBRICATO;Via Cuneo;6;45.08670294;7.68856735;Abitazione;Prima del 1919;Nessuno;Patrimonio indisponibile;Utilizzato direttamente;Altro;;;;1;False
686665;L219;1149;815;48;83.0;FABBRICATO;Via Cuneo;6;45.08670294;7.68856735;Abitazione;Prima del 1919;Nessuno;Patrimonio indisponibile;Utilizzato direttamente;Altro;;;;1;False
686666;L219;1149;815;49;85.0;FABBRICATO;Via Cuneo;6;45.08670294;7.68856735;Abitazione;Prima del 1919;Nessuno;Patrimonio indisponibile;Utilizzato direttamente;Altro;;;;1;False
686667;L219;1149;815;50;92.0;FABBRICATO;Via Cuneo;6;45.08670294;7.68856735;Abitazione;Prima del 1919;Nessuno;Patrimonio indisponibile;Utilizzato direttamente;Altro;;;;1;False
686668;L219;1149;815;51;118.0;FABBRICATO;Via Cuneo;6;45.08670294;7.68856735;Abitazione;Prima del 1919;Nessuno;Patrimonio indisponibile;Utilizzato direttamente;Altro;;;;1;False
686669;L219;1149;815;52;86.0;FABBRICATO;Via Cuneo;6;45.08670294;7.68856735;Abitazione;Prima del 1919;Nessuno;Patrimonio indisponibile;Utilizzato direttamente;Altro;;;;1;False
686670;L219;1149;815;53;93.0;FABBRICATO;Via Cuneo;6;45.08670294;7.68856735;Abitazione;Prima del 1919;Nessuno;Patrimonio indisponibile;Utilizzato direttamente;Altro;;;;1;False
686671;L219;1149;815;54;72.0;FABBRICATO;Via Cuneo;6;45.08670294;7.68856735;Abitazione;Prima del 1919;Nessuno;Patrimonio indisponibile;Utilizzato direttamente;Altro;;;;1;False
686672;L219;1149;815;55;54.0;FABBRICATO;Via Cuneo;6;45.08670294;7.68856735;Abitazione;Prima del 1919;Nessuno;Patrimonio indisponibile;Utilizzato direttamente;Altro;;;;1;False
686673;L219;1149;815;6;215.0;FABBRICATO;Via Cuneo;6;45.08670294;7.68856735;Magazzino e locali di deposito;Prima del 1919;Nessuno;Patrimonio indisponibile;Utilizzato direttamente;Altro;;;;1;False
686674;L219;1149;815;7;33.0;FABBRICATO;Via Cuneo;6;45.08670294;7.68856735;Abitazione;Prima del 1919;Nessuno;Patrimonio indisponibile;Utilizzato direttamente;Altro;;;;1;False
686675;L219;1149;815;9;73.0;FABBRICATO;Via Cuneo;6;45.08670294;7.68856735;Abitazione;Prima del 1919;Nessuno;Patrimonio indisponibile;Utilizzato direttamente;Altro;;;;1;False
686691;L219;1149;973;;221.0;FABBRICATO;via pinerolo;7;45.08694419;7.68904816;Magazzino e locali di deposito;Dal 1919 al 1945;Nessuno;Patrimonio disponibile;Utilizzato direttamente;Attività amministrativa/uffici pubblici;;;;1;False
686692;L219;1150;144;1;974.0;FABBRICATO;Via Cervino;6;45.0913964;7.6884411;Edificio scolastico (es.: scuola di ogni ordine e grado, università, scuola di formazione);Prima del 1919;Dichiarazione di interesse culturale;Demanio;Utilizzato direttamente;Attività didattica;;;;1;False
686693;L219;1150;152;9;63.0;FABBRICATO;via valprato;3;45.0924117;7.6891843;Abitazione;Dal 1946 al 1960;Nessuno;Patrimonio indisponibile;Utilizzato direttamente;Altro;;;;1;False
686694;L219;1150;248;;603.5;FABBRICATO;Via Courmayeur;5;45.0902904;7.6877597;Edificio scolastico (es.: scuola di ogni ordine e grado, università, scuola di formazione);Dal 1971 al 1980;Nessuno;Patrimonio indisponibile;;Non Dichiarato;in concessione a titolo oneroso;7898.0;01/01/2015;1;False
686695;L219;1150;316;17;104.0;FABBRICATO;Via Cervino;46;45.0924488;7.6839553;Abitazione;Dal 2001 al 2010;Nessuno;Patrimonio indisponibile;Utilizzato direttamente;Altro;;;;1;False
686696;L219;1150;316;19;105.0;FABBRICATO;Via Cervino;46;45.0924488;7.6839553;Abitazione;Dal 2001 al 2010;Nessuno;Patrimonio indisponibile;Utilizzato direttamente;Altro;;;;1;False
686697;L219;1150;316;242;68.0;FABBRICATO;via valprato;43 8;45.0924488;7.6839553;Abitazione;Dal 2001 al 2010;Nessuno;Patrimonio indisponibile;Utilizzato direttamente;Altro;;;;1;False
686698;L219;1150;316;256;88.0;FABBRICATO;via valprato;43 8;45.0924488;7.6839553;Abitazione;Dal 2001 al 2010;Nessuno;Patrimonio indisponibile;Utilizzato direttamente;Altro;;;;1;False
686699;L219;1150;316;257;87.0;FABBRICATO;via valprato;43 8;45.0924488;7.6839553;Abitazione;Dal 2001 al 2010;Nessuno;Patrimonio indisponibile;Utilizzato direttamente;Altro;;;;1;False
686700;L219;1150;316;37;87.0;FABBRICATO;Via Cervino;42;45.0924488;7.6839553;Abitazione;Dal 2001 al 2010;Nessuno;Patrimonio indisponibile;Utilizzato direttamente;Altro;;;;1;False
686703;L219;1150;346;13;1000.0;FABBRICATO;Via Francesco Cigna;96;45.09073488;7.68591129;Ufficio strutturato ed assimilabili;Dal 1919 al 1945;Dichiarazione di interesse culturale;Patrimonio indisponibile;Utilizzato direttamente;Altro;;;;1;False
686704;L219;1150;346;14;742.86;FABBRICATO;Via Francesco Cigna;96;45.09073488;7.68591129;Ufficio strutturato ed assimilabili;Dal 1919 al 1945;Dichiarazione di interesse culturale;Patrimonio indisponibile;Utilizzato direttamente;Altro;;;;1;False
686705;L219;1150;346;15;342.86;FABBRICATO;Via Francesco Cigna;96;45.09073488;7.68591129;Ufficio strutturato ed assimilabili;Dal 1919 al 1945;Dichiarazione di interesse culturale;Patrimonio indisponibile;In ristrutturazione/manutenzione;Non Dichiarato;;;;1;False
686706;L219;1150;346;16;342.86;FABBRICATO;Via Francesco Cigna;96;45.09073488;7.68591129;Ufficio strutturato ed assimilabili;Dal 1919 al 1945;Dichiarazione di interesse culturale;Patrimonio indisponibile;Utilizzato direttamente;Altro;;;;1;False
686707;L219;1150;346;17;314.29;FABBRICATO;Via Francesco Cigna;96;45.09073488;7.68591129;Ufficio strutturato ed assimilabili;Dal 1919 al 1945;Dichiarazione di interesse culturale;Patrimonio indisponibile;Utilizzato direttamente;Altro;;;;1;False
686708;L219;1150;346;18;314.29;FABBRICATO;Via Francesco Cigna;96;45.09073488;7.68591129;Ufficio strutturato ed assimilabili;Dal 1919 al 1945;Dichiarazione di interesse culturale;Patrimonio indisponibile;Utilizzato direttamente;Altro;;;;1;False
686709;L219;1150;346;19;578.57;FABBRICATO;Via Francesco Cigna;96;45.09073488;7.68591129;Ufficio strutturato ed assimilabili;Dal 1919 al 1945;Dichiarazione di interesse culturale;Patrimonio indisponibile;Utilizzato direttamente;Altro;;;;1;False
686710;L219;1150;346;20;414.29;FABBRICATO;Via Francesco Cigna;96;45.09073488;7.68591129;Ufficio strutturato ed assimilabili;Dal 1919 al 1945;Dichiarazione di interesse culturale;Patrimonio indisponibile;Utilizzato direttamente;Altro;;;;1;False
686711;L219;1150;346;21;411.43;FABBRICATO;Via Francesco Cigna;96;45.09073488;7.68591129;Ufficio strutturato ed assimilabili;Dal 1919 al 1945;Dichiarazione di interesse culturale;Patrimonio indisponibile;Utilizzato direttamente;Altro;;;;1;False
686712;L219;1150;346;22;408.57;FABBRICATO;Via Francesco Cigna;96;45.09073488;7.68591129;Ufficio strutturato ed assimilabili;Dal 1919 al 1945;Dichiarazione di interesse culturale;Patrimonio indisponibile;Utilizzato direttamente;Altro;;;;1;False
686713;L219;1043;74;101;12.0;FABBRICATO;via tempia stefano;3;45.1171163;7.708784;Cantina, soffitta, rimessa, box, garage, posto auto aperto/scoperto,;Dal 1971 al 1980;Nessuno;Patrimonio indisponibile;Utilizzato direttamente;Altro;;;;1;False
686714;L219;1043;74;106;12.0;FABBRICATO;via tempia stefano;9;45.1171163;7.708784;Cantina, soffitta, rimessa, box, garage, posto auto aperto/scoperto,;Dal 1971 al 1980;Nessuno;Patrimonio indisponibile;Utilizzato direttamente;Altro;;;;1;False
686715;L219;1043;74;132;95.0;FABBRICATO;Via Stefano Tempia;0;45.1171163;7.708784;Abitazione;Dal 1971 al 1980;Nessuno;Patrimonio indisponibile;Utilizzato direttamente;Altro;;;;1;False
686716;L219;1043;74;139;105.0;FABBRICATO;via tempia stefano;9;45.1171163;7.708784;Abitazione;Dal 1971 al 1980;Nessuno;Patrimonio indisponibile;Utilizzato direttamente;Altro;;;;1;False
686717;L219;1043;74;15;12.0;FABBRICATO;Via Stefano Tempia;0;45.1171163;7.708784;Cantina, soffitta, rimessa, box, garage, posto auto aperto/scoperto,;Dal 1971 al 1980;Nessuno;Patrimonio indisponibile;Utilizzato direttamente;Altro;;;;1;False
686718;L219;1043;74;155;96.0;FABBRICATO;Via Stefano Tempia;0;45.1171163;7.708784;Abitazione;Dal 1971 al 1980;Nessuno;Patrimonio indisponibile;Utilizzato direttamente;Altro;;;;1;False
686719;L219;1043;74;156;80.0;FABBRICATO;via tempia stefano;9;45.1171163;7.708784;Abitazione;Dal 1971 al 1980;Nessuno;Patrimonio indisponibile;Utilizzato direttamente;Altro;;;;1;False
686720;L219;1043;74;16;12.0;FABBRICATO;Via Stefano Tempia;0;45.1171163;7.708784;Cantina, soffitta, rimessa, box, garage, posto auto aperto/scoperto,;Dal 1971 al 1980;Nessuno;Patrimonio indisponibile;Utilizzato direttamente;Altro;;;;1;False
686721;L219;1043;74;179;96.0;FABBRICATO;via tempia stefano;9;45.1171163;7.708784;Abitazione;Dal 1971 al 1980;Nessuno;Patrimonio indisponibile;Utilizzato direttamente;Altro;;;;1;False
686722;L219;1043;74;182;96.0;FABBRICATO;via tempia stefano;9;45.1171163;7.708784;Abitazione;Dal 1971 al 1980;Nessuno;Patrimonio indisponibile;Utilizzato direttamente;Altro;;;;1;False
686723;L219;1043;74;183;80.0;FABBRICATO;via tempia stefano;9 B;45.1171163;7.708784;Abitazione;Dal 1971 al 1980;Nessuno;Patrimonio indisponibile;Utilizzato direttamente;Altro;;;;1;False
686724;L219;1043;74;195;95.0;FABBRICATO;via tempia stefano;9;45.1171163;7.708784;Abitazione;Dal 1971 al 1980;Nessuno;Patrimonio indisponibile;Utilizzato direttamente;Altro;;;;1;False
686725;L219;1043;74;202;96.0;FABBRICATO;via tempia stefano;9;45.1171163;7.708784;Abitazione;Dal 1971 al 1980;Nessuno;Patrimonio indisponibile;Utilizzato direttamente;Altro;;;;1;False
686726;L219;1043;74;211;151.0;FABBRICATO;via tempia stefano;9;45.1171163;7.708784;Abitazione;Dal 1971 al 1980;Nessuno;Patrimonio indisponibile;Utilizzato direttamente;Altro;;;;1;False
686727;L219;1043;74;219;80.0;FABBRICATO;via tempia stefano;9;45.1171163;7.708784;Abitazione;Dal 1971 al 1980;Nessuno;Patrimonio indisponibile;Utilizzato direttamente;Altro;;;;1;False
686728;L219;1043;74;29;12.0;FABBRICATO;via tempia stefano;9;45.1171163;7.708784;Cantina, soffitta, rimessa, box, garage, posto auto aperto/scoperto,;Dal 1971 al 1980;Nessuno;Patrimonio indisponibile;Utilizzato direttamente;Altro;;;;1;False
686729;L219;1043;74;37;12.0;FABBRICATO;via tempia stefano;3;45.1171163;7.708784;Cantina, soffitta, rimessa, box, garage, posto auto aperto/scoperto,;Dal 1971 al 1980;Nessuno;Patrimonio indisponibile;Utilizzato direttamente;Altro;;;;1;False
686730;L219;1043;74;62;12.0;FABBRICATO;Via Stefano Tempia;0;45.1171163;7.708784;Cantina, soffitta, rimessa, box, garage, posto auto aperto/scoperto,;Dal 1971 al 1980;Nessuno;Patrimonio indisponibile;Utilizzato direttamente;Altro;;;;1;False
686731;L219;1043;74;63;12.0;FABBRICATO;via tempia stefano;3;45.1171163;7.708784;Cantina, soffitta, rimessa, box, garage, posto auto aperto/scoperto,;Dal 1971 al 1980;Nessuno;Patrimonio indisponibile;Utilizzato direttamente;Altro;;;;1;False
686732;L219;1043;74;67;12.0;FABBRICATO;via tempia stefano;3;45.1171163;7.708784;Cantina, soffitta, rimessa, box, garage, posto auto aperto/scoperto,;Dal 1971 al 1980;Nessuno;Patrimonio indisponibile;Utilizzato direttamente;Altro;;;;1;False
686733;L219;1043;74;72;12.0;FABBRICATO;via tempia stefano;9;45.1171163;7.708784;Cantina, soffitta, rimessa, box, garage, posto auto aperto/scoperto,;Dal 1971 al 1980;Nessuno;Patrimonio indisponibile;Utilizzato direttamente;Altro;;;;1;False
686734;L219;1043;74;74;12.0;FABBRICATO;via tempia stefano;3;45.1171163;7.708784;Cantina, soffitta, rimessa, box, garage, posto auto aperto/scoperto,;Dal 1971 al 1980;Nessuno;Patrimonio indisponibile;Utilizzato direttamente;Altro;;;;1;False
686735;L219;1043;74;8;12.0;FABBRICATO;via tempia stefano;9;45.1171163;7.708784;Cantina, soffitta, rimessa, box, garage, posto auto aperto/scoperto,;Dal 1971 al 1980;Nessuno;Patrimonio indisponibile;Utilizzato direttamente;Altro;;;;1;False
686736;L219;1043;74;97;12.0;FABBRICATO;via tempia stefano;3;45.1171163;7.708784;Cantina, soffitta, rimessa, box, garage, posto auto aperto/scoperto,;Dal 1971 al 1980;Nessuno;Patrimonio indisponibile;Utilizzato direttamente;Altro;;;;1;False
686737;L219;1150;350;2;1512.5;FABBRICATO;Via Antonio Banfo;19;45.0908402;7.6865349;Edificio scolastico (es.: scuola di ogni ordine e grado, università, scuola di formazione);Dopo il 2010;Nessuno;Patrimonio indisponibile;Utilizzato direttamente;Attività didattica;;;;1;False
686738;L219;1150;46;4;77.0;FABBRICATO;corso vigevano;50;45.0902151;7.6812276;Abitazione;Dal 1919 al 1945;Nessuno;Patrimonio indisponibile;Utilizzato direttamente;Altro;;;;1;False
686741;L219;1150;64;15;267.0;FABBRICATO;Via Francesco Cigna;102;45.09091829;7.68568229;Locale commerciale, negozio;Dal 1919 al 1945;Dichiarazione di interesse culturale;Patrimonio indisponibile;Utilizzato direttamente;Attività commerciale e di ristorazione;;;;1;False
686742;L219;1150;64;16;1040.0;FABBRICATO;Via Francesco Cigna;102;45.09091829;7.68568229;Ufficio strutturato ed assimilabili;Dal 1919 al 1945;Dichiarazione di interesse culturale;Patrimonio indisponibile;Utilizzato direttamente;Altro;;;;1;False
686744;L219;1150;64;24;78.0;FABBRICATO;Via Francesco Cigna;96;45.09091829;7.68568229;Abitazione;Dal 1919 al 1945;Dichiarazione di interesse culturale;Patrimonio indisponibile;Utilizzato direttamente;Altro;;;;1;False
686745;L219;1150;64;25;81.0;FABBRICATO;Via Francesco Cigna;96;45.09091829;7.68568229;Ufficio strutturato ed assimilabili;Dal 1919 al 1945;Dichiarazione di interesse culturale;Patrimonio indisponibile;Utilizzato direttamente;Altro;;;;1;False
686751;L219;1150;65;10;137.0;FABBRICATO;Via Antonio Banfo;0;45.0898244;7.6854959;Locale commerciale, negozio;Dal 2001 al 2010;Nessuno;Patrimonio indisponibile;Utilizzato direttamente;Attività commerciale e di ristorazione;;;;1;False
686752;L219;1150;65;100;56.0;FABBRICATO;corso vigevano;20 F;45.0898244;7.6854959;Abitazione;Dal 2001 al 2010;Nessuno;Patrimonio indisponibile;Utilizzato direttamente;Altro;;;;1;False
686753;L219;1150;65;101;104.0;FABBRICATO;corso vigevano;20 F;45.0898244;7.6854959;Abitazione;Dal 2001 al 2010;Nessuno;Patrimonio indisponibile;Utilizzato direttamente;Altro;;;;1;False
686754;L219;1150;65;102;12.0;FABBRICATO;Corso Vigevano;16;45.0898244;7.6854959;Cantina, soffitta, rimessa, box, garage, posto auto aperto/scoperto,;Dal 2001 al 2010;Nessuno;Patrimonio indisponibile;Utilizzato direttamente;Altro;;;;1;False
686755;L219;1150;65;103;12.0;FABBRICATO;Corso Vigevano;16;45.0898244;7.6854959;Cantina, soffitta, rimessa, box, garage, posto auto aperto/scoperto,;Dal 2001 al 2010;Nessuno;Patrimonio indisponibile;Utilizzato direttamente;Altro;;;;1;False
686756;L219;1150;65;104;12.0;FABBRICATO;Corso Vigevano;16;45.0898244;7.6854959;Cantina, soffitta, rimessa, box, garage, posto auto aperto/scoperto,;Dal 2001 al 2010;Nessuno;Patrimonio indisponibile;Utilizzato direttamente;Altro;;;;1;False
686757;L219;1150;65;105;12.0;FABBRICATO;Corso Vigevano;16;45.0898244;7.6854959;Cantina, soffitta, rimessa, box, garage, posto auto aperto/scoperto,;Dal 2001 al 2010;Nessuno;Patrimonio indisponibile;Utilizzato direttamente;Altro;;;;1;False
686758;L219;1150;65;106;12.0;FABBRICATO;Corso Vigevano;16;45.0898244;7.6854959;Cantina, soffitta, rimessa, box, garage, posto auto aperto/scoperto,;Dal 2001 al 2010;Nessuno;Patrimonio indisponibile;Utilizzato direttamente;Altro;;;;1;False
686759;L219;1150;65;107;12.0;FABBRICATO;Corso Vigevano;16;45.0898244;7.6854959;Cantina, soffitta, rimessa, box, garage, posto auto aperto/scoperto,;Dal 2001 al 2010;Nessuno;Patrimonio indisponibile;Utilizzato direttamente;Altro;;;;1;False
686760;L219;1150;65;108;12.0;FABBRICATO;Corso Vigevano;16;45.0898244;7.6854959;Cantina, soffitta, rimessa, box, garage, posto auto aperto/scoperto,;Dal 2001 al 2010;Nessuno;Patrimonio indisponibile;Utilizzato direttamente;Altro;;;;1;False
686761;L219;1150;65;109;12.0;FABBRICATO;Corso Vigevano;16;45.0898244;7.6854959;Cantina, soffitta, rimessa, box, garage, posto auto aperto/scoperto,;Dal 2001 al 2010;Nessuno;Patrimonio indisponibile;Utilizzato direttamente;Altro;;;;1;False
686762;L219;1150;65;11;113.0;FABBRICATO;Via Antonio Banfo;0;45.0898244;7.6854959;Abitazione;Dal 2001 al 2010;Nessuno;Patrimonio indisponibile;Utilizzato direttamente;Altro;;;;1;False
686763;L219;1150;65;110;12.0;FABBRICATO;Corso Vigevano;16;45.0898244;7.6854959;Cantina, soffitta, rimessa, box, garage, posto auto aperto/scoperto,;Dal 2001 al 2010;Nessuno;Patrimonio indisponibile;Utilizzato direttamente;Altro;;;;1;False
686764;L219;1150;65;111;12.0;FABBRICATO;CORSO VIGEVANO;SNC;45.0898244;7.6854959;Cantina, soffitta, rimessa, box, garage, posto auto aperto/scoperto,;Dal 2001 al 2010;Nessuno;Patrimonio indisponibile;Utilizzato direttamente;Altro;;;;1;False
686765;L219;1150;65;112;12.0;FABBRICATO;CORSO VIGEVANO;SNC;45.0898244;7.6854959;Cantina, soffitta, rimessa, box, garage, posto auto aperto/scoperto,;Dal 2001 al 2010;Nessuno;Patrimonio indisponibile;Utilizzato direttamente;Altro;;;;1;False
686766;L219;1150;65;113;12.0;FABBRICATO;CORSO VIGEVANO;SNC;45.0898244;7.6854959;Cantina, soffitta, rimessa, box, garage, posto auto aperto/scoperto,;Dal 2001 al 2010;Nessuno;Patrimonio indisponibile;Utilizzato direttamente;Altro;;;;1;False
686767;L219;1150;65;114;12.0;FABBRICATO;CORSO VIGEVANO;SNC;45.0898244;7.6854959;Cantina, soffitta, rimessa, box, garage, posto auto aperto/scoperto,;Dal 2001 al 2010;Nessuno;Patrimonio indisponibile;Utilizzato direttamente;Altro;;;;1;False
686768;L219;1150;65;115;12.0;FABBRICATO;CORSO VIGEVANO;SNC;45.0898244;7.6854959;Cantina, soffitta, rimessa, box, garage, posto auto aperto/scoperto,;Dal 2001 al 2010;Nessuno;Patrimonio indisponibile;Utilizzato direttamente;Altro;;;;1;False
686769;L219;1150;65;116;12.0;FABBRICATO;CORSO VIGEVANO;SNC;45.0898244;7.6854959;Cantina, soffitta, rimessa, box, garage, posto auto aperto/scoperto,;Dal 2001 al 2010;Nessuno;Patrimonio indisponibile;Utilizzato direttamente;Altro;;;;1;False
686770;L219;1150;65;117;12.0;FABBRICATO;CORSO VIGEVANO;SNC;45.0898244;7.6854959;Cantina, soffitta, rimessa, box, garage, posto auto aperto/scoperto,;Dal 2001 al 2010;Nessuno;Patrimonio indisponibile;Utilizzato direttamente;Altro;;;;1;False
686771;L219;1150;65;118;12.0;FABBRICATO;CORSO VIGEVANO;SNC;45.0898244;7.6854959;Cantina, soffitta, rimessa, box, garage, posto auto aperto/scoperto,;Dal 2001 al 2010;Nessuno;Patrimonio indisponibile;Utilizzato direttamente;Altro;;;;1;False
686772;L219;1150;65;119;12.0;FABBRICATO;CORSO VIGEVANO;SNC;45.0898244;7.6854959;Cantina, soffitta, rimessa, box, garage, posto auto aperto/scoperto,;Dal 2001 al 2010;Nessuno;Patrimonio indisponibile;Utilizzato direttamente;Altro;;;;1;False
686773;L219;1150;65;12;62.0;FABBRICATO;Via Antonio Banfo;0;45.0898244;7.6854959;Abitazione;Dal 2001 al 2010;Nessuno;Patrimonio indisponibile;Utilizzato direttamente;Altro;;;;1;False
686774;L219;1150;65;120;12.0;FABBRICATO;CORSO VIGEVANO;SNC;45.0898244;7.6854959;Cantina, soffitta, rimessa, box, garage, posto auto aperto/scoperto,;Dal 2001 al 2010;Nessuno;Patrimonio indisponibile;Utilizzato direttamente;Altro;;;;1;False
686775;L219;1150;65;121;12.0;FABBRICATO;CORSO VIGEVANO;SNC;45.0898244;7.6854959;Cantina, soffitta, rimessa, box, garage, posto auto aperto/scoperto,;Dal 2001 al 2010;Nessuno;Patrimonio indisponibile;Utilizzato direttamente;Altro;;;;1;False
686776;L219;1150;65;122;12.0;FABBRICATO;CORSO VIGEVANO;SNC;45.0898244;7.6854959;Cantina, soffitta, rimessa, box, garage, posto auto aperto/scoperto,;Dal 2001 al 2010;Nessuno;Patrimonio indisponibile;Utilizzato direttamente;Altro;;;;1;False
686777;L219;1150;65;123;12.0;FABBRICATO;CORSO VIGEVANO;SNC;45.0898244;7.6854959;Cantina, soffitta, rimessa, box, garage, posto auto aperto/scoperto,;Dal 2001 al 2010;Nessuno;Patrimonio indisponibile;Utilizzato direttamente;Altro;;;;1;False
686778;L219;1150;65;124;12.0;FABBRICATO;CORSO VIGEVANO;SNC;45.0898244;7.6854959;Cantina, soffitta, rimessa, box, garage, posto auto aperto/scoperto,;Dal 2001 al 2010;Nessuno;Patrimonio indisponibile;Utilizzato direttamente;Altro;;;;1;False
686779;L219;1150;65;125;12.0;FABBRICATO;CORSO VIGEVANO;SNC;45.0898244;7.6854959;Cantina, soffitta, rimessa, box, garage, posto auto aperto/scoperto,;Dal 2001 al 2010;Nessuno;Patrimonio indisponibile;Utilizzato direttamente;Altro;;;;1;False
686780;L219;1150;65;126;12.0;FABBRICATO;CORSO VIGEVANO;SNC;45.0898244;7.6854959;Cantina, soffitta, rimessa, box, garage, posto auto aperto/scoperto,;Dal 2001 al 2010;Nessuno;Patrimonio indisponibile;Utilizzato direttamente;Altro;;;;1;False
686781;L219;1150;65;127;12.0;FABBRICATO;CORSO VIGEVANO;SNC;45.0898244;7.6854959;Cantina, soffitta, rimessa, box, garage, posto auto aperto/scoperto,;Dal 2001 al 2010;Nessuno;Patrimonio indisponibile;Utilizzato direttamente;Altro;;;;1;False
686782;L219;1150;65;128;12.0;FABBRICATO;CORSO VIGEVANO;SNC;45.0898244;7.6854959;Cantina, soffitta, rimessa, box, garage, posto auto aperto/scoperto,;Dal 2001 al 2010;Nessuno;Patrimonio indisponibile;Utilizzato direttamente;Altro;;;;1;False
686783;L219;1150;65;129;12.0;FABBRICATO;CORSO VIGEVANO;SNC;45.0898244;7.6854959;Cantina, soffitta, rimessa, box, garage, posto auto aperto/scoperto,;Dal 2001 al 2010;Nessuno;Patrimonio indisponibile;Utilizzato direttamente;Altro;;;;1;False
686784;L219;1150;65;13;59.0;FABBRICATO;Via Antonio Banfo;0;45.0898244;7.6854959;Abitazione;Dal 2001 al 2010;Nessuno;Patrimonio indisponibile;Utilizzato direttamente;Altro;;;;1;False
686785;L219;1150;65;130;12.0;FABBRICATO;CORSO VIGEVANO;SNC;45.0898244;7.6854959;Cantina, soffitta, rimessa, box, garage, posto auto aperto/scoperto,;Dal 2001 al 2010;Nessuno;Patrimonio indisponibile;Utilizzato direttamente;Altro;;;;1;False
686786;L219;1150;65;131;12.0;FABBRICATO;CORSO VIGEVANO;SNC;45.0898244;7.6854959;Cantina, soffitta, rimessa, box, garage, posto auto aperto/scoperto,;Dal 2001 al 2010;Nessuno;Patrimonio indisponibile;Utilizzato direttamente;Altro;;;;1;False
686787;L219;1150;65;132;12.0;FABBRICATO;CORSO VIGEVANO;SNC;45.0898244;7.6854959;Cantina, soffitta, rimessa, box, garage, posto auto aperto/scoperto,;Dal 2001 al 2010;Nessuno;Patrimonio indisponibile;Utilizzato direttamente;Altro;;;;1;False
686788;L219;1150;65;133;12.0;FABBRICATO;CORSO VIGEVANO;SNC;45.0898244;7.6854959;Cantina, soffitta, rimessa, box, garage, posto auto aperto/scoperto,;Dal 2001 al 2010;Nessuno;Patrimonio indisponibile;Utilizzato direttamente;Altro;;;;1;False
686789;L219;1150;65;134;12.0;FABBRICATO;CORSO VIGEVANO;SNC;45.0898244;7.6854959;Cantina, soffitta, rimessa, box, garage, posto auto aperto/scoperto,;Dal 2001 al 2010;Nessuno;Patrimonio indisponibile;Utilizzato direttamente;Altro;;;;1;False
686790;L219;1150;65;135;12.0;FABBRICATO;CORSO VIGEVANO;SNC;45.0898244;7.6854959;Cantina, soffitta, rimessa, box, garage, posto auto aperto/scoperto,;Dal 2001 al 2010;Nessuno;Patrimonio indisponibile;Utilizzato direttamente;Altro;;;;1;False
686791;L219;1150;65;136;12.0;FABBRICATO;CORSO VIGEVANO;SNC;45.0898244;7.6854959;Cantina, soffitta, rimessa, box, garage, posto auto aperto/scoperto,;Dal 2001 al 2010;Nessuno;Patrimonio indisponibile;Utilizzato direttamente;Altro;;;;1;False
686792;L219;1150;65;137;12.0;FABBRICATO;CORSO VIGEVANO;SNC;45.0898244;7.6854959;Cantina, soffitta, rimessa, box, garage, posto auto aperto/scoperto,;Dal 2001 al 2010;Nessuno;Patrimonio indisponibile;Utilizzato direttamente;Altro;;;;1;False
686793;L219;1150;65;138;12.0;FABBRICATO;CORSO VIGEVANO;SNC;45.0898244;7.6854959;Cantina, soffitta, rimessa, box, garage, posto auto aperto/scoperto,;Dal 2001 al 2010;Nessuno;Patrimonio indisponibile;Utilizzato direttamente;Altro;;;;1;False
686794;L219;1150;65;139;12.0;FABBRICATO;CORSO VIGEVANO;SNC;45.0898244;7.6854959;Cantina, soffitta, rimessa, box, garage, posto auto aperto/scoperto,;Dal 2001 al 2010;Nessuno;Patrimonio indisponibile;Utilizzato direttamente;Altro;;;;1;False
686795;L219;1150;65;14;87.0;FABBRICATO;Via Antonio Banfo;0;45.0898244;7.6854959;Abitazione;Dal 2001 al 2010;Nessuno;Patrimonio indisponibile;Utilizzato direttamente;Altro;;;;1;False
686796;L219;1150;65;140;12.0;FABBRICATO;CORSO VIGEVANO;SNC;45.0898244;7.6854959;Cantina, soffitta, rimessa, box, garage, posto auto aperto/scoperto,;Dal 2001 al 2010;Nessuno;Patrimonio indisponibile;Utilizzato direttamente;Altro;;;;1;False
686797;L219;1150;65;141;12.0;FABBRICATO;CORSO VIGEVANO;SNC;45.0898244;7.6854959;Cantina, soffitta, rimessa, box, garage, posto auto aperto/scoperto,;Dal 2001 al 2010;Nessuno;Patrimonio indisponibile;Utilizzato direttamente;Altro;;;;1;False
686798;L219;1150;65;142;12.0;FABBRICATO;CORSO VIGEVANO;SNC;45.0898244;7.6854959;Cantina, soffitta, rimessa, box, garage, posto auto aperto/scoperto,;Dal 2001 al 2010;Nessuno;Patrimonio indisponibile;Utilizzato direttamente;Altro;;;;1;False
686799;L219;1150;65;143;12.0;FABBRICATO;CORSO VIGEVANO;SNC;45.0898244;7.6854959;Cantina, soffitta, rimessa, box, garage, posto auto aperto/scoperto,;Dal 2001 al 2010;Nessuno;Patrimonio indisponibile;Utilizzato direttamente;Altro;;;;1;False
686800;L219;1150;65;144;12.0;FABBRICATO;CORSO VIGEVANO;SNC;45.0898244;7.6854959;Cantina, soffitta, rimessa, box, garage, posto auto aperto/scoperto,;Dal 2001 al 2010;Nessuno;Patrimonio indisponibile;Utilizzato direttamente;Altro;;;;1;False
686801;L219;1150;65;145;12.0;FABBRICATO;CORSO VIGEVANO;SNC;45.0898244;7.6854959;Cantina, soffitta, rimessa, box, garage, posto auto aperto/scoperto,;Dal 2001 al 2010;Nessuno;Patrimonio indisponibile;Utilizzato direttamente;Altro;;;;1;False
686802;L219;1150;65;146;12.0;FABBRICATO;CORSO VIGEVANO;SNC;45.0898244;7.6854959;Cantina, soffitta, rimessa, box, garage, posto auto aperto/scoperto,;Dal 2001 al 2010;Nessuno;Patrimonio indisponibile;Utilizzato direttamente;Altro;;;;1;False
686803;L219;1150;65;147;12.0;FABBRICATO;CORSO VIGEVANO;SNC;45.0898244;7.6854959;Cantina, soffitta, rimessa, box, garage, posto auto aperto/scoperto,;Dal 2001 al 2010;Nessuno;Patrimonio indisponibile;Utilizzato direttamente;Altro;;;;1;False
686804;L219;1150;65;148;12.0;FABBRICATO;CORSO VIGEVANO;SNC;45.0898244;7.6854959;Cantina, soffitta, rimessa, box, garage, posto auto aperto/scoperto,;Dal 2001 al 2010;Nessuno;Patrimonio indisponibile;Utilizzato direttamente;Altro;;;;1;False
686805;L219;1150;65;149;12.0;FABBRICATO;CORSO VIGEVANO;SNC;45.0898244;7.6854959;Cantina, soffitta, rimessa, box, garage, posto auto aperto/scoperto,;Dal 2001 al 2010;Nessuno;Patrimonio indisponibile;Utilizzato direttamente;Altro;;;;1;False
686806;L219;1150;65;15;70.0;FABBRICATO;Via Antonio Banfo;0;45.0898244;7.6854959;Abitazione;Dal 2001 al 2010;Nessuno;Patrimonio indisponibile;Utilizzato direttamente;Altro;;;;1;False
686807;L219;1150;65;150;12.0;FABBRICATO;CORSO VIGEVANO;SNC;45.0898244;7.6854959;Cantina, soffitta, rimessa, box, garage, posto auto aperto/scoperto,;Dal 2001 al 2010;Nessuno;Patrimonio indisponibile;Utilizzato direttamente;Altro;;;;1;False
686808;L219;1150;65;151;11.0;FABBRICATO;CORSO VIGEVANO;SNC;45.0898244;7.6854959;Cantina, soffitta, rimessa, box, garage, posto auto aperto/scoperto,;Dal 2001 al 2010;Nessuno;Patrimonio indisponibile;Utilizzato direttamente;Altro;;;;1;False
686809;L219;1150;65;152;11.0;FABBRICATO;CORSO VIGEVANO;SNC;45.0898244;7.6854959;Cantina, soffitta, rimessa, box, garage, posto auto aperto/scoperto,;Dal 2001 al 2010;Nessuno;Patrimonio indisponibile;Utilizzato direttamente;Altro;;;;1;False
686810;L219;1150;65;153;11.0;FABBRICATO;CORSO VIGEVANO;SNC;45.0898244;7.6854959;Cantina, soffitta, rimessa, box, garage, posto auto aperto/scoperto,;Dal 2001 al 2010;Nessuno;Patrimonio indisponibile;Utilizzato direttamente;Altro;;;;1;False
686811;L219;1150;65;154;11.0;FABBRICATO;CORSO VIGEVANO;SNC;45.0898244;7.6854959;Cantina, soffitta, rimessa, box, garage, posto auto aperto/scoperto,;Dal 2001 al 2010;Nessuno;Patrimonio indisponibile;Utilizzato direttamente;Altro;;;;1;False
686812;L219;1150;65;155;11.0;FABBRICATO;CORSO VIGEVANO;SNC;45.0898244;7.6854959;Cantina, soffitta, rimessa, box, garage, posto auto aperto/scoperto,;Dal 2001 al 2010;Nessuno;Patrimonio indisponibile;Utilizzato direttamente;Altro;;;;1;False
686813;L219;1150;65;156;11.0;FABBRICATO;CORSO VIGEVANO;SNC;45.0898244;7.6854959;Cantina, soffitta, rimessa, box, garage, posto auto aperto/scoperto,;Dal 2001 al 2010;Nessuno;Patrimonio indisponibile;Utilizzato direttamente;Altro;;;;1;False
686814;L219;1150;65;157;16.0;FABBRICATO;CORSO VIGEVANO;SNC;45.0898244;7.6854959;Cantina, soffitta, rimessa, box, garage, posto auto aperto/scoperto,;Dal 2001 al 2010;Nessuno;Patrimonio indisponibile;Utilizzato direttamente;Altro;;;;1;False
686815;L219;1150;65;158;16.0;FABBRICATO;CORSO VIGEVANO;SNC;45.0898244;7.6854959;Cantina, soffitta, rimessa, box, garage, posto auto aperto/scoperto,;Dal 2001 al 2010;Nessuno;Patrimonio indisponibile;Utilizzato direttamente;Altro;;;;1;False
686816;L219;1150;65;159;19.0;FABBRICATO;CORSO VIGEVANO;SNC;45.0898244;7.6854959;Cantina, soffitta, rimessa, box, garage, posto auto aperto/scoperto,;Dal 2001 al 2010;Nessuno;Patrimonio indisponibile;Utilizzato direttamente;Altro;;;;1;False
686817;L219;1150;65;16;64.0;FABBRICATO;Via Antonio Banfo;0;45.0898244;7.6854959;Abitazione;Dal 2001 al 2010;Nessuno;Patrimonio indisponibile;Utilizzato direttamente;Altro;;;;1;False
686818;L219;1150;65;160;12.0;FABBRICATO;CORSO VIGEVANO;SNC;45.0898244;7.6854959;Cantina, soffitta, rimessa, box, garage, posto auto aperto/scoperto,;Dal 2001 al 2010;Nessuno;Patrimonio indisponibile;Utilizzato direttamente;Altro;;;;1;False
686819;L219;1150;65;161;16.0;FABBRICATO;CORSO VIGEVANO;SNC;45.0898244;7.6854959;Cantina, soffitta, rimessa, box, garage, posto auto aperto/scoperto,;Dal 2001 al 2010;Nessuno;Patrimonio indisponibile;Utilizzato direttamente;Altro;;;;1;False
686820;L219;1150;65;162;17.0;FABBRICATO;CORSO VIGEVANO;SNC;45.0898244;7.6854959;Cantina, soffitta, rimessa, box, garage, posto auto aperto/scoperto,;Dal 2001 al 2010;Nessuno;Patrimonio indisponibile;Utilizzato direttamente;Altro;;;;1;False
686821;L219;1150;65;163;13.0;FABBRICATO;CORSO VIGEVANO;SNC;45.0898244;7.6854959;Cantina, soffitta, rimessa, box, garage, posto auto aperto/scoperto,;Dal 2001 al 2010;Nessuno;Patrimonio indisponibile;Utilizzato direttamente;Altro;;;;1;False
686822;L219;1150;65;164;16.0;FABBRICATO;CORSO VIGEVANO;SNC;45.0898244;7.6854959;Cantina, soffitta, rimessa, box, garage, posto auto aperto/scoperto,;Dal 2001 al 2010;Nessuno;Patrimonio indisponibile;Utilizzato direttamente;Altro;;;;1;False
686823;L219;1150;65;165;19.0;FABBRICATO;CORSO VIGEVANO;SNC;45.0898244;7.6854959;Cantina, soffitta, rimessa, box, garage, posto auto aperto/scoperto,;Dal 2001 al 2010;Nessuno;Patrimonio indisponibile;Utilizzato direttamente;Altro;;;;1;False
686824;L219;1150;65;166;12.0;FABBRICATO;CORSO VIGEVANO;SNC;45.0898244;7.6854959;Cantina, soffitta, rimessa, box, garage, posto auto aperto/scoperto,;Dal 2001 al 2010;Nessuno;Patrimonio indisponibile;Utilizzato direttamente;Altro;;;;1;False
686825;L219;1150;65;167;17.0;FABBRICATO;CORSO VIGEVANO;SNC;45.0898244;7.6854959;Cantina, soffitta, rimessa, box, garage, posto auto aperto/scoperto,;Dal 2001 al 2010;Nessuno;Patrimonio indisponibile;Utilizzato direttamente;Altro;;;;1;False
686826;L219;1150;65;168;19.0;FABBRICATO;CORSO VIGEVANO;SNC;45.0898244;7.6854959;Cantina, soffitta, rimessa, box, garage, posto auto aperto/scoperto,;Dal 2001 al 2010;Nessuno;Patrimonio indisponibile;Utilizzato direttamente;Altro;;;;1;False
686827;L219;1150;65;169;12.0;FABBRICATO;CORSO VIGEVANO;SNC;45.0898244;7.6854959;Cantina, soffitta, rimessa, box, garage, posto auto aperto/scoperto,;Dal 2001 al 2010;Nessuno;Patrimonio indisponibile;Utilizzato direttamente;Altro;;;;1;False
686828;L219;1150;65;17;61.0;FABBRICATO;Via Antonio Banfo;0;45.0898244;7.6854959;Abitazione;Dal 2001 al 2010;Nessuno;Patrimonio indisponibile;Utilizzato direttamente;Altro;;;;1;False
686829;L219;1150;65;170;12.0;FABBRICATO;CORSO VIGEVANO;SNC;45.0898244;7.6854959;Cantina, soffitta, rimessa, box, garage, posto auto aperto/scoperto,;Dal 2001 al 2010;Nessuno;Patrimonio indisponibile;Utilizzato direttamente;Altro;;;;1;False
686830;L219;1150;65;171;12.0;FABBRICATO;CORSO VIGEVANO;SNC;45.0898244;7.6854959;Cantina, soffitta, rimessa, box, garage, posto auto aperto/scoperto,;Dal 2001 al 2010;Nessuno;Patrimonio indisponibile;Utilizzato direttamente;Altro;;;;1;False
686831;L219;1150;65;172;12.0;FABBRICATO;CORSO VIGEVANO;SNC;45.0898244;7.6854959;Cantina, soffitta, rimessa, box, garage, posto auto aperto/scoperto,;Dal 2001 al 2010;Nessuno;Patrimonio indisponibile;Utilizzato direttamente;Altro;;;;1;False
686832;L219;1150;65;173;12.0;FABBRICATO;CORSO VIGEVANO;SNC;45.0898244;7.6854959;Cantina, soffitta, rimessa, box, garage, posto auto aperto/scoperto,;Dal 2001 al 2010;Nessuno;Patrimonio indisponibile;Utilizzato direttamente;Altro;;;;1;False
686833;L219;1150;65;174;12.0;FABBRICATO;CORSO VIGEVANO;SNC;45.0898244;7.6854959;Cantina, soffitta, rimessa, box, garage, posto auto aperto/scoperto,;Dal 2001 al 2010;Nessuno;Patrimonio indisponibile;Utilizzato direttamente;Altro;;;;1;False
686834;L219;1150;65;175;12.0;FABBRICATO;CORSO VIGEVANO;SNC;45.0898244;7.6854959;Cantina, soffitta, rimessa, box, garage, posto auto aperto/scoperto,;Dal 2001 al 2010;Nessuno;Patrimonio indisponibile;Utilizzato direttamente;Altro;;;;1;False
686835;L219;1150;65;176;12.0;FABBRICATO;CORSO VIGEVANO;SNC;45.0898244;7.6854959;Magazzino e locali di deposito;Dal 2001 al 2010;Nessuno;Patrimonio indisponibile;Utilizzato direttamente;Altro;;;;1;False
686836;L219;1150;65;177;12.0;FABBRICATO;CORSO VIGEVANO;SNC;45.0898244;7.6854959;Cantina, soffitta, rimessa, box, garage, posto auto aperto/scoperto,;Dal 2001 al 2010;Nessuno;Patrimonio indisponibile;Utilizzato direttamente;Altro;;;;1;False
686837;L219;1150;65;178;12.0;FABBRICATO;CORSO VIGEVANO;SNC;45.0898244;7.6854959;Cantina, soffitta, rimessa, box, garage, posto auto aperto/scoperto,;Dal 2001 al 2010;Nessuno;Patrimonio indisponibile;Utilizzato direttamente;Altro;;;;1;False
686838;L219;1150;65;179;12.0;FABBRICATO;CORSO VIGEVANO;SNC;45.0898244;7.6854959;Cantina, soffitta, rimessa, box, garage, posto auto aperto/scoperto,;Dal 2001 al 2010;Nessuno;Patrimonio indisponibile;Utilizzato direttamente;Altro;;;;1;False
686839;L219;1150;65;18;57.0;FABBRICATO;Via Antonio Banfo;0;45.0898244;7.6854959;Abitazione;Dal 2001 al 2010;Nessuno;Patrimonio indisponibile;Utilizzato direttamente;Altro;;;;1;False
686840;L219;1150;65;180;12.0;FABBRICATO;CORSO VIGEVANO;SNC;45.0898244;7.6854959;Cantina, soffitta, rimessa, box, garage, posto auto aperto/scoperto,;Dal 2001 al 2010;Nessuno;Patrimonio indisponibile;Utilizzato direttamente;Altro;;;;1;False
686841;L219;1150;65;181;12.0;FABBRICATO;CORSO VIGEVANO;SNC;45.0898244;7.6854959;Cantina, soffitta, rimessa, box, garage, posto auto aperto/scoperto,;Dal 2001 al 2010;Nessuno;Patrimonio indisponibile;Utilizzato direttamente;Altro;;;;1;False
686842;L219;1150;65;182;12.0;FABBRICATO;CORSO VIGEVANO;SNC;45.0898244;7.6854959;Cantina, soffitta, rimessa, box, garage, posto auto aperto/scoperto,;Dal 2001 al 2010;Nessuno;Patrimonio indisponibile;Utilizzato direttamente;Altro;;;;1;False
686843;L219;1150;65;183;12.0;FABBRICATO;CORSO VIGEVANO;SNC;45.0898244;7.6854959;Cantina, soffitta, rimessa, box, garage, posto auto aperto/scoperto,;Dal 2001 al 2010;Nessuno;Patrimonio indisponibile;Utilizzato direttamente;Altro;;;;1;False
686844;L219;1150;65;184;12.0;FABBRICATO;CORSO VIGEVANO;SNC;45.0898244;7.6854959;Cantina, soffitta, rimessa, box, garage, posto auto aperto/scoperto,;Dal 2001 al 2010;Nessuno;Patrimonio indisponibile;Utilizzato direttamente;Altro;;;;1;False
686845;L219;1150;65;185;12.0;FABBRICATO;CORSO VIGEVANO;SNC;45.0898244;7.6854959;Cantina, soffitta, rimessa, box, garage, posto auto aperto/scoperto,;Dal 2001 al 2010;Nessuno;Patrimonio indisponibile;Utilizzato direttamente;Altro;;;;1;False
686846;L219;1150;65;186;12.0;FABBRICATO;CORSO VIGEVANO;SNC;45.0898244;7.6854959;Cantina, soffitta, rimessa, box, garage, posto auto aperto/scoperto,;Dal 2001 al 2010;Nessuno;Patrimonio indisponibile;Utilizzato direttamente;Altro;;;;1;False
686847;L219;1150;65;187;12.0;FABBRICATO;CORSO VIGEVANO;SNC;45.0898244;7.6854959;Cantina, soffitta, rimessa, box, garage, posto auto aperto/scoperto,;Dal 2001 al 2010;Nessuno;Patrimonio indisponibile;Utilizzato direttamente;Altro;;;;1;False
686848;L219;1150;65;188;12.0;FABBRICATO;CORSO VIGEVANO;SNC;45.0898244;7.6854959;Cantina, soffitta, rimessa, box, garage, posto auto aperto/scoperto,;Dal 2001 al 2010;Nessuno;Patrimonio indisponibile;Utilizzato direttamente;Altro;;;;1;False
686849;L219;1150;65;189;12.0;FABBRICATO;CORSO VIGEVANO;SNC;45.0898244;7.6854959;Cantina, soffitta, rimessa, box, garage, posto auto aperto/scoperto,;Dal 2001 al 2010;Nessuno;Patrimonio indisponibile;Utilizzato direttamente;Altro;;;;1;False
686850;L219;1150;65;19;89.0;FABBRICATO;Via Antonio Banfo;0;45.0898244;7.6854959;Abitazione;Dal 2001 al 2010;Nessuno;Patrimonio indisponibile;Utilizzato direttamente;Altro;;;;1;False
686851;L219;1150;65;190;25.0;FABBRICATO;CORSO VIGEVANO;SNC;45.0898244;7.6854959;Cantina, soffitta, rimessa, box, garage, posto auto aperto/scoperto,;Dal 2001 al 2010;Nessuno;Patrimonio indisponibile;Utilizzato direttamente;Altro;;;;1;False
686852;L219;1150;65;191;25.0;FABBRICATO;CORSO VIGEVANO;SNC;45.0898244;7.6854959;Cantina, soffitta, rimessa, box, garage, posto auto aperto/scoperto,;Dal 2001 al 2010;Nessuno;Patrimonio indisponibile;Utilizzato direttamente;Altro;;;;1;False
686853;L219;1150;65;192;25.0;FABBRICATO;CORSO VIGEVANO;SNC;45.0898244;7.6854959;Cantina, soffitta, rimessa, box, garage, posto auto aperto/scoperto,;Dal 2001 al 2010;Nessuno;Patrimonio indisponibile;Utilizzato direttamente;Altro;;;;1;False
686854;L219;1150;65;193;11.0;FABBRICATO;CORSO VIGEVANO;SNC;45.0898244;7.6854959;Cantina, soffitta, rimessa, box, garage, posto auto aperto/scoperto,;Dal 2001 al 2010;Nessuno;Patrimonio indisponibile;Utilizzato direttamente;Altro;;;;1;False
686855;L219;1150;65;194;11.0;FABBRICATO;CORSO VIGEVANO;SNC;45.0898244;7.6854959;Cantina, soffitta, rimessa, box, garage, posto auto aperto/scoperto,;Dal 2001 al 2010;Nessuno;Patrimonio indisponibile;Utilizzato direttamente;Altro;;;;1;False
686856;L219;1150;65;195;11.0;FABBRICATO;CORSO VIGEVANO;SNC;45.0898244;7.6854959;Cantina, soffitta, rimessa, box, garage, posto auto aperto/scoperto,;Dal 2001 al 2010;Nessuno;Patrimonio indisponibile;Utilizzato direttamente;Altro;;;;1;False
686857;L219;1150;65;196;12.0;FABBRICATO;CORSO VIGEVANO;SNC;45.0898244;7.6854959;Cantina, soffitta, rimessa, box, garage, posto auto aperto/scoperto,;Dal 2001 al 2010;Nessuno;Patrimonio indisponibile;Utilizzato direttamente;Altro;;;;1;False
686858;L219;1150;65;197;12.0;FABBRICATO;CORSO VIGEVANO;SNC;45.0898244;7.6854959;Cantina, soffitta, rimessa, box, garage, posto auto aperto/scoperto,;Dal 2001 al 2010;Nessuno;Patrimonio indisponibile;Utilizzato direttamente;Altro;;;;1;False
686859;L219;1150;65;198;12.0;FABBRICATO;CORSO VIGEVANO;SNC;45.0898244;7.6854959;Cantina, soffitta, rimessa, box, garage, posto auto aperto/scoperto,;Dal 2001 al 2010;Nessuno;Patrimonio indisponibile;Utilizzato direttamente;Altro;;;;1;False
686860;L219;1150;65;199;12.0;FABBRICATO;CORSO VIGEVANO;SNC;45.0898244;7.6854959;Cantina, soffitta, rimessa, box, garage, posto auto aperto/scoperto,;Dal 2001 al 2010;Nessuno;Patrimonio indisponibile;Utilizzato direttamente;Altro;;;;1;False
686861;L219;1150;65;20;60.0;FABBRICATO;Via Antonio Banfo;0;45.0898244;7.6854959;Abitazione;Dal 2001 al 2010;Nessuno;Patrimonio indisponibile;Utilizzato direttamente;Altro;;;;1;False
686862;L219;1150;65;200;12.0;FABBRICATO;CORSO VIGEVANO;SNC;45.0898244;7.6854959;Cantina, soffitta, rimessa, box, garage, posto auto aperto/scoperto,;Dal 2001 al 2010;Nessuno;Patrimonio indisponibile;Utilizzato direttamente;Altro;;;;1;False
686863;L219;1150;65;201;12.0;FABBRICATO;CORSO VIGEVANO;SNC;45.0898244;7.6854959;Cantina, soffitta, rimessa, box, garage, posto auto aperto/scoperto,;Dal 2001 al 2010;Nessuno;Patrimonio indisponibile;Utilizzato direttamente;Altro;;;;1;False
686864;L219;1150;65;202;12.0;FABBRICATO;CORSO VIGEVANO;SNC;45.0898244;7.6854959;Cantina, soffitta, rimessa, box, garage, posto auto aperto/scoperto,;Dal 2001 al 2010;Nessuno;Patrimonio indisponibile;Utilizzato direttamente;Altro;;;;1;False
686865;L219;1150;65;203;12.0;FABBRICATO;CORSO VIGEVANO;SNC;45.0898244;7.6854959;Cantina, soffitta, rimessa, box, garage, posto auto aperto/scoperto,;Dal 2001 al 2010;Nessuno;Patrimonio indisponibile;Utilizzato direttamente;Altro;;;;1;False
686866;L219;1150;65;204;12.0;FABBRICATO;CORSO VIGEVANO;SNC;45.0898244;7.6854959;Cantina, soffitta, rimessa, box, garage, posto auto aperto/scoperto,;Dal 2001 al 2010;Nessuno;Patrimonio indisponibile;Utilizzato direttamente;Altro;;;;1;False
686867;L219;1150;65;205;12.0;FABBRICATO;CORSO VIGEVANO;SNC;45.0898244;7.6854959;Cantina, soffitta, rimessa, box, garage, posto auto aperto/scoperto,;Dal 2001 al 2010;Nessuno;Patrimonio indisponibile;Utilizzato direttamente;Altro;;;;1;False
686868;L219;1150;65;206;12.0;FABBRICATO;CORSO VIGEVANO;SNC;45.0898244;7.6854959;Cantina, soffitta, rimessa, box, garage, posto auto aperto/scoperto,;Dal 2001 al 2010;Nessuno;Patrimonio indisponibile;Utilizzato direttamente;Altro;;;;1;False
686869;L219;1150;65;207;12.0;FABBRICATO;CORSO VIGEVANO;SNC;45.0898244;7.6854959;Cantina, soffitta, rimessa, box, garage, posto auto aperto/scoperto,;Dal 2001 al 2010;Nessuno;Patrimonio indisponibile;Utilizzato direttamente;Altro;;;;1;False
686870;L219;1150;65;208;12.0;FABBRICATO;CORSO VIGEVANO;SNC;45.0898244;7.6854959;Cantina, soffitta, rimessa, box, garage, posto auto aperto/scoperto,;Dal 2001 al 2010;Nessuno;Patrimonio indisponibile;Utilizzato direttamente;Altro;;;;1;False
686871;L219;1150;65;209;12.0;FABBRICATO;CORSO VIGEVANO;SNC;45.0898244;7.6854959;Cantina, soffitta, rimessa, box, garage, posto auto aperto/scoperto,;Dal 2001 al 2010;Nessuno;Patrimonio indisponibile;Utilizzato direttamente;Altro;;;;1;False
686872;L219;1150;65;21;67.0;FABBRICATO;Via Antonio Banfo;0;45.0898244;7.6854959;Abitazione;Dal 2001 al 2010;Nessuno;Patrimonio indisponibile;Utilizzato direttamente;Altro;;;;1;False
686873;L219;1150;65;210;12.0;FABBRICATO;CORSO VIGEVANO;SNC;45.0898244;7.6854959;Cantina, soffitta, rimessa, box, garage, posto auto aperto/scoperto,;Dal 2001 al 2010;Nessuno;Patrimonio indisponibile;Utilizzato direttamente;Altro;;;;1;False
686874;L219;1150;65;211;20.0;FABBRICATO;CORSO VIGEVANO;SNC;45.0898244;7.6854959;Cantina, soffitta, rimessa, box, garage, posto auto aperto/scoperto,;Dal 2001 al 2010;Nessuno;Patrimonio indisponibile;Utilizzato direttamente;Altro;;;;1;False
686875;L219;1150;65;212;12.0;FABBRICATO;CORSO VIGEVANO;SNC;45.0898244;7.6854959;Cantina, soffitta, rimessa, box, garage, posto auto aperto/scoperto,;Dal 2001 al 2010;Nessuno;Patrimonio indisponibile;Utilizzato direttamente;Altro;;;;1;False
686876;L219;1150;65;213;12.0;FABBRICATO;CORSO VIGEVANO;SNC;45.0898244;7.6854959;Cantina, soffitta, rimessa, box, garage, posto auto aperto/scoperto,;Dal 2001 al 2010;Nessuno;Patrimonio indisponibile;Utilizzato direttamente;Altro;;;;1;False
686877;L219;1150;65;214;12.0;FABBRICATO;CORSO VIGEVANO;SNC;45.0898244;7.6854959;Cantina, soffitta, rimessa, box, garage, posto auto aperto/scoperto,;Dal 2001 al 2010;Nessuno;Patrimonio indisponibile;Utilizzato direttamente;Altro;;;;1;False
686878;L219;1150;65;215;12.0;FABBRICATO;CORSO VIGEVANO;SNC;45.0898244;7.6854959;Cantina, soffitta, rimessa, box, garage, posto auto aperto/scoperto,;Dal 2001 al 2010;Nessuno;Patrimonio indisponibile;Utilizzato direttamente;Altro;;;;1;False
686879;L219;1150;65;216;12.0;FABBRICATO;CORSO VIGEVANO;SNC;45.0898244;7.6854959;Cantina, soffitta, rimessa, box, garage, posto auto aperto/scoperto,;Dal 2001 al 2010;Nessuno;Patrimonio indisponibile;Utilizzato direttamente;Altro;;;;1;False
686880;L219;1150;65;217;12.0;FABBRICATO;CORSO VIGEVANO;SNC;45.0898244;7.6854959;Cantina, soffitta, rimessa, box, garage, posto auto aperto/scoperto,;Dal 2001 al 2010;Nessuno;Patrimonio indisponibile;Utilizzato direttamente;Altro;;;;1;False
686881;L219;1150;65;218;12.0;FABBRICATO;CORSO VIGEVANO;SNC;45.0898244;7.6854959;Cantina, soffitta, rimessa, box, garage, posto auto aperto/scoperto,;Dal 2001 al 2010;Nessuno;Patrimonio indisponibile;Utilizzato direttamente;Altro;;;;1;False
686882;L219;1150;65;219;12.0;FABBRICATO;CORSO VIGEVANO;SNC;45.0898244;7.6854959;Cantina, soffitta, rimessa, box, garage, posto auto aperto/scoperto,;Dal 2001 al 2010;Nessuno;Patrimonio indisponibile;Utilizzato direttamente;Altro;;;;1;False
686883;L219;1150;65;22;56.0;FABBRICATO;Via Antonio Banfo;0;45.0898244;7.6854959;Abitazione;Dal 2001 al 2010;Nessuno;Patrimonio indisponibile;Utilizzato direttamente;Altro;;;;1;False
686884;L219;1150;65;220;12.0;FABBRICATO;CORSO VIGEVANO;SNC;45.0898244;7.6854959;Cantina, soffitta, rimessa, box, garage, posto auto aperto/scoperto,;Dal 2001 al 2010;Nessuno;Patrimonio indisponibile;Utilizzato direttamente;Altro;;;;1;False
686885;L219;1150;65;221;12.0;FABBRICATO;CORSO VIGEVANO;SNC;45.0898244;7.6854959;Cantina, soffitta, rimessa, box, garage, posto auto aperto/scoperto,;Dal 2001 al 2010;Nessuno;Patrimonio indisponibile;Utilizzato direttamente;Altro;;;;1;False
686886;L219;1150;65;222;12.0;FABBRICATO;CORSO VIGEVANO;SNC;45.0898244;7.6854959;Cantina, soffitta, rimessa, box, garage, posto auto aperto/scoperto,;Dal 2001 al 2010;Nessuno;Patrimonio indisponibile;Utilizzato direttamente;Altro;;;;1;False
686887;L219;1150;65;223;12.0;FABBRICATO;CORSO VIGEVANO;SNC;45.0898244;7.6854959;Cantina, soffitta, rimessa, box, garage, posto auto aperto/scoperto,;Dal 2001 al 2010;Nessuno;Patrimonio indisponibile;Utilizzato direttamente;Altro;;;;1;False
686888;L219;1150;65;224;12.0;FABBRICATO;CORSO VIGEVANO;SNC;45.0898244;7.6854959;Cantina, soffitta, rimessa, box, garage, posto auto aperto/scoperto,;Dal 2001 al 2010;Nessuno;Patrimonio indisponibile;Utilizzato direttamente;Altro;;;;1;False
686889;L219;1150;65;225;12.0;FABBRICATO;CORSO VIGEVANO;SNC;45.0898244;7.6854959;Cantina, soffitta, rimessa, box, garage, posto auto aperto/scoperto,;Dal 2001 al 2010;Nessuno;Patrimonio indisponibile;Utilizzato direttamente;Altro;;;;1;False
686890;L219;1150;65;226;12.0;FABBRICATO;CORSO VIGEVANO;SNC;45.0898244;7.6854959;Cantina, soffitta, rimessa, box, garage, posto auto aperto/scoperto,;Dal 2001 al 2010;Nessuno;Patrimonio indisponibile;Utilizzato direttamente;Altro;;;;1;False
686891;L219;1150;65;227;12.0;FABBRICATO;CORSO VIGEVANO;SNC;45.0898244;7.6854959;Cantina, soffitta, rimessa, box, garage, posto auto aperto/scoperto,;Dal 2001 al 2010;Nessuno;Patrimonio indisponibile;Utilizzato direttamente;Altro;;;;1;False
686892;L219;1150;65;228;12.0;FABBRICATO;CORSO VIGEVANO;SNC;45.0898244;7.6854959;Cantina, soffitta, rimessa, box, garage, posto auto aperto/scoperto,;Dal 2001 al 2010;Nessuno;Patrimonio indisponibile;Utilizzato direttamente;Altro;;;;1;False
686893;L219;1150;65;229;12.0;FABBRICATO;CORSO VIGEVANO;SNC;45.0898244;7.6854959;Cantina, soffitta, rimessa, box, garage, posto auto aperto/scoperto,;Dal 2001 al 2010;Nessuno;Patrimonio indisponibile;Utilizzato direttamente;Altro;;;;1;False
686894;L219;1150;65;23;56.0;FABBRICATO;Via Antonio Banfo;0;45.0898244;7.6854959;Abitazione;Dal 2001 al 2010;Nessuno;Patrimonio indisponibile;Utilizzato direttamente;Altro;;;;1;False
686895;L219;1150;65;230;12.0;FABBRICATO;CORSO VIGEVANO;SNC;45.0898244;7.6854959;Cantina, soffitta, rimessa, box, garage, posto auto aperto/scoperto,;Dal 2001 al 2010;Nessuno;Patrimonio indisponibile;Utilizzato direttamente;Altro;;;;1;False
686896;L219;1150;65;231;12.0;FABBRICATO;CORSO VIGEVANO;SNC;45.0898244;7.6854959;Cantina, soffitta, rimessa, box, garage, posto auto aperto/scoperto,;Dal 2001 al 2010;Nessuno;Patrimonio indisponibile;Utilizzato direttamente;Altro;;;;1;False
686897;L219;1150;65;232;12.0;FABBRICATO;CORSO VIGEVANO;SNC;45.0898244;7.6854959;Cantina, soffitta, rimessa, box, garage, posto auto aperto/scoperto,;Dal 2001 al 2010;Nessuno;Patrimonio indisponibile;Utilizzato direttamente;Altro;;;;1;False
686898;L219;1150;65;233;12.0;FABBRICATO;CORSO VIGEVANO;SNC;45.0898244;7.6854959;Cantina, soffitta, rimessa, box, garage, posto auto aperto/scoperto,;Dal 2001 al 2010;Nessuno;Patrimonio indisponibile;Utilizzato direttamente;Altro;;;;1;False
686899;L219;1150;65;234;12.0;FABBRICATO;CORSO VIGEVANO;SNC;45.0898244;7.6854959;Cantina, soffitta, rimessa, box, garage, posto auto aperto/scoperto,;Dal 2001 al 2010;Nessuno;Patrimonio indisponibile;Utilizzato direttamente;Altro;;;;1;False
686900;L219;1150;65;235;12.0;FABBRICATO;CORSO VIGEVANO;SNC;45.0898244;7.6854959;Cantina, soffitta, rimessa, box, garage, posto auto aperto/scoperto,;Dal 2001 al 2010;Nessuno;Patrimonio indisponibile;Utilizzato direttamente;Altro;;;;1;False
686901;L219;1150;65;236;12.0;FABBRICATO;CORSO VIGEVANO;SNC;45.0898244;7.6854959;Cantina, soffitta, rimessa, box, garage, posto auto aperto/scoperto,;Dal 2001 al 2010;Nessuno;Patrimonio indisponibile;Utilizzato direttamente;Altro;;;;1;False
686902;L219;1150;65;237;12.0;FABBRICATO;CORSO VIGEVANO;SNC;45.0898244;7.6854959;Cantina, soffitta, rimessa, box, garage, posto auto aperto/scoperto,;Dal 2001 al 2010;Nessuno;Patrimonio indisponibile;Utilizzato direttamente;Altro;;;;1;False
686903;L219;1150;65;238;12.0;FABBRICATO;CORSO VIGEVANO;SNC;45.0898244;7.6854959;Cantina, soffitta, rimessa, box, garage, posto auto aperto/scoperto,;Dal 2001 al 2010;Nessuno;Patrimonio indisponibile;Utilizzato direttamente;Altro;;;;1;False
686904;L219;1150;65;239;12.0;FABBRICATO;CORSO VIGEVANO;SNC;45.0898244;7.6854959;Cantina, soffitta, rimessa, box, garage, posto auto aperto/scoperto,;Dal 2001 al 2010;Nessuno;Patrimonio indisponibile;Utilizzato direttamente;Altro;;;;1;False
686905;L219;1150;65;24;80.0;FABBRICATO;Via Antonio Banfo;0;45.0898244;7.6854959;Abitazione;Dal 2001 al 2010;Nessuno;Patrimonio indisponibile;Utilizzato direttamente;Altro;;;;1;False
686906;L219;1150;65;240;12.0;FABBRICATO;CORSO VIGEVANO;SNC;45.0898244;7.6854959;Cantina, soffitta, rimessa, box, garage, posto auto aperto/scoperto,;Dal 2001 al 2010;Nessuno;Patrimonio indisponibile;Utilizzato direttamente;Altro;;;;1;False
686907;L219;1150;65;241;12.0;FABBRICATO;CORSO VIGEVANO;SNC;45.0898244;7.6854959;Cantina, soffitta, rimessa, box, garage, posto auto aperto/scoperto,;Dal 2001 al 2010;Nessuno;Patrimonio indisponibile;Utilizzato direttamente;Altro;;;;1;False
686908;L219;1150;65;242;12.0;FABBRICATO;CORSO VIGEVANO;SNC;45.0898244;7.6854959;Cantina, soffitta, rimessa, box, garage, posto auto aperto/scoperto,;Dal 2001 al 2010;Nessuno;Patrimonio indisponibile;Utilizzato direttamente;Altro;;;;1;False
686909;L219;1150;65;243;12.0;FABBRICATO;CORSO VIGEVANO;SNC;45.0898244;7.6854959;Cantina, soffitta, rimessa, box, garage, posto auto aperto/scoperto,;Dal 2001 al 2010;Nessuno;Patrimonio indisponibile;Utilizzato direttamente;Altro;;;;1;False
686910;L219;1150;65;244;12.0;FABBRICATO;CORSO VIGEVANO;SNC;45.0898244;7.6854959;Cantina, soffitta, rimessa, box, garage, posto auto aperto/scoperto,;Dal 2001 al 2010;Nessuno;Patrimonio indisponibile;Utilizzato direttamente;Altro;;;;1;False
686911;L219;1150;65;247;155.0;FABBRICATO;Corso Vigevano;12;45.0898244;7.6854959;Locale commerciale, negozio;Dal 2001 al 2010;Nessuno;Patrimonio indisponibile;Utilizzato direttamente;Attività commerciale e di ristorazione;;;;1;False
686912;L219;1150;65;248;16.0;FABBRICATO;CORSO VIGEVANO;SNC;45.0898244;7.6854959;Cantina, soffitta, rimessa, box, garage, posto auto aperto/scoperto,;Dal 2001 al 2010;Nessuno;Patrimonio indisponibile;Utilizzato direttamente;Altro;;;;1;False
686913;L219;1150;65;249;16.0;FABBRICATO;CORSO VIGEVANO;SNC;45.0898244;7.6854959;Cantina, soffitta, rimessa, box, garage, posto auto aperto/scoperto,;Dal 2001 al 2010;Nessuno;Patrimonio indisponibile;Utilizzato direttamente;Altro;;;;1;False
686914;L219;1150;65;25;104.0;FABBRICATO;Via Antonio Banfo;0;45.0898244;7.6854959;Abitazione;Dal 2001 al 2010;Nessuno;Patrimonio indisponibile;Utilizzato direttamente;Altro;;;;1;False
686915;L219;1150;65;252;109.0;FABBRICATO;corso vigevano;22 A;45.0898244;7.6854959;Abitazione;Prima del 1919;Nessuno;Patrimonio indisponibile;Utilizzato direttamente;Altro;;;;1;False
686916;L219;1150;65;253;80.0;FABBRICATO;corso vigevano;22 A;45.0898244;7.6854959;Abitazione;Prima del 1919;Nessuno;Patrimonio indisponibile;Utilizzato direttamente;Altro;;;;1;False
686917;L219;1150;65;254;110.0;FABBRICATO;corso vigevano;22 A;45.0898244;7.6854959;Abitazione;Prima del 1919;Nessuno;Patrimonio indisponibile;Utilizzato direttamente;Altro;;;;1;False
686918;L219;1150;65;255;80.0;FABBRICATO;corso vigevano;22 A;45.0898244;7.6854959;Abitazione;Prima del 1919;Nessuno;Patrimonio indisponibile;Utilizzato direttamente;Altro;;;;1;False
686919;L219;1150;65;256;111.0;FABBRICATO;corso vigevano;22 A;45.0898244;7.6854959;Abitazione;Prima del 1919;Nessuno;Patrimonio indisponibile;Utilizzato direttamente;Altro;;;;1;False
686920;L219;1150;65;257;78.0;FABBRICATO;corso vigevano;22 A;45.0898244;7.6854959;Abitazione;Prima del 1919;Nessuno;Patrimonio indisponibile;Utilizzato direttamente;Altro;;;;1;False
686921;L219;1150;65;258;111.0;FABBRICATO;corso vigevano;22 A;45.0898244;7.6854959;Abitazione;Prima del 1919;Nessuno;Patrimonio indisponibile;Utilizzato direttamente;Altro;;;;1;False
686922;L219;1150;65;259;81.0;FABBRICATO;corso vigevano;22 A;45.0898244;7.6854959;Abitazione;Prima del 1919;Nessuno;Patrimonio indisponibile;Utilizzato direttamente;Altro;;;;1;False
686923;L219;1150;65;26;56.0;FABBRICATO;Via Antonio Banfo;0;45.0898244;7.6854959;Abitazione;Dal 2001 al 2010;Nessuno;Patrimonio indisponibile;Utilizzato direttamente;Altro;;;;1;False
686924;L219;1150;65;260;110.0;FABBRICATO;corso vigevano;22 A;45.0898244;7.6854959;Abitazione;Prima del 1919;Nessuno;Patrimonio indisponibile;Utilizzato direttamente;Altro;;;;1;False
686925;L219;1150;65;261;79.0;FABBRICATO;corso vigevano;22 A;45.0898244;7.6854959;Abitazione;Prima del 1919;Nessuno;Patrimonio indisponibile;Utilizzato direttamente;Altro;;;;1;False
686926;L219;1150;65;262;80.0;FABBRICATO;corso vigevano;22 B;45.0898244;7.6854959;Abitazione;Prima del 1919;Nessuno;Patrimonio indisponibile;Utilizzato direttamente;Altro;;;;1;False
686927;L219;1150;65;263;80.0;FABBRICATO;corso vigevano;22 B;45.0898244;7.6854959;Abitazione;Prima del 1919;Nessuno;Patrimonio indisponibile;Utilizzato direttamente;Altro;;;;1;False
686928;L219;1150;65;264;80.0;FABBRICATO;corso vigevano;22 B;45.0898244;7.6854959;Abitazione;Prima del 1919;Nessuno;Patrimonio indisponibile;Utilizzato direttamente;Altro;;;;1;False
686929;L219;1150;65;265;83.0;FABBRICATO;corso vigevano;22 B;45.0898244;7.6854959;Abitazione;Prima del 1919;Nessuno;Patrimonio indisponibile;Utilizzato direttamente;Altro;;;;1;False
686930;L219;1150;65;266;79.0;FABBRICATO;corso vigevano;22 B;45.0898244;7.6854959;Abitazione;Prima del 1919;Nessuno;Patrimonio indisponibile;Utilizzato direttamente;Altro;;;;1;False
686931;L219;1150;65;267;79.0;FABBRICATO;corso vigevano;22 B;45.0898244;7.6854959;Abitazione;Prima del 1919;Nessuno;Patrimonio indisponibile;Utilizzato direttamente;Altro;;;;1;False
686932;L219;1150;65;268;80.0;FABBRICATO;corso vigevano;22 B;45.0898244;7.6854959;Abitazione;Prima del 1919;Nessuno;Patrimonio indisponibile;Utilizzato direttamente;Altro;;;;1;False
686933;L219;1150;65;269;79.0;FABBRICATO;corso vigevano;22 B;45.0898244;7.6854959;Abitazione;Prima del 1919;Nessuno;Patrimonio indisponibile;Utilizzato direttamente;Altro;;;;1;False
686934;L219;1150;65;27;56.0;FABBRICATO;Via Antonio Banfo;0;45.0898244;7.6854959;Abitazione;Dal 2001 al 2010;Nessuno;Patrimonio indisponibile;Utilizzato direttamente;Altro;;;;1;False
686935;L219;1150;65;270;79.0;FABBRICATO;corso vigevano;22 B;45.0898244;7.6854959;Abitazione;Prima del 1919;Nessuno;Patrimonio indisponibile;Utilizzato direttamente;Altro;;;;1;False
686936;L219;1150;65;271;79.0;FABBRICATO;corso vigevano;24;45.0898244;7.6854959;Abitazione;Prima del 1919;Nessuno;Patrimonio indisponibile;Utilizzato direttamente;Altro;;;;1;False
686937;L219;1150;65;272;101.0;FABBRICATO;corso vigevano;24;45.0898244;7.6854959;Abitazione;Prima del 1919;Nessuno;Patrimonio indisponibile;Utilizzato direttamente;Altro;;;;1;False
686938;L219;1150;65;273;104.0;FABBRICATO;corso vigevano;24;45.0898244;7.6854959;Abitazione;Prima del 1919;Nessuno;Patrimonio indisponibile;Utilizzato direttamente;Altro;;;;1;False
686939;L219;1150;65;274;103.0;FABBRICATO;corso vigevano;24;45.0898244;7.6854959;Abitazione;Prima del 1919;Nessuno;Patrimonio indisponibile;Utilizzato direttamente;Altro;;;;1;False
686940;L219;1150;65;275;105.0;FABBRICATO;corso vigevano;24;45.0898244;7.6854959;Abitazione;Prima del 1919;Nessuno;Patrimonio indisponibile;Utilizzato direttamente;Altro;;;;1;False
686941;L219;1150;65;276;101.0;FABBRICATO;corso vigevano;24;45.0898244;7.6854959;Abitazione;Prima del 1919;Nessuno;Patrimonio indisponibile;Utilizzato direttamente;Altro;;;;1;False
686942;L219;1150;65;277;103.0;FABBRICATO;corso vigevano;24;45.0898244;7.6854959;Abitazione;Prima del 1919;Nessuno;Patrimonio indisponibile;Utilizzato direttamente;Altro;;;;1;False
686943;L219;1150;65;278;101.0;FABBRICATO;corso vigevano;24;45.0898244;7.6854959;Abitazione;Prima del 1919;Nessuno;Patrimonio indisponibile;Utilizzato direttamente;Altro;;;;1;False
686944;L219;1150;65;279;102.0;FABBRICATO;corso vigevano;24;45.0898244;7.6854959;Abitazione;Prima del 1919;Nessuno;Patrimonio indisponibile;Utilizzato direttamente;Altro;;;;1;False
686945;L219;1150;65;28;80.0;FABBRICATO;Via Antonio Banfo;0;45.0898244;7.6854959;Abitazione;Dal 2001 al 2010;Nessuno;Patrimonio indisponibile;Utilizzato direttamente;Altro;;;;1;False
686946;L219;1150;65;280;101.0;FABBRICATO;corso vigevano;24;45.0898244;7.6854959;Abitazione;Prima del 1919;Nessuno;Patrimonio indisponibile;Utilizzato direttamente;Altro;;;;1;False
686947;L219;1150;65;281;104.0;FABBRICATO;corso vigevano;22 B;45.0898244;7.6854959;Abitazione;Prima del 1919;Nessuno;Patrimonio indisponibile;Utilizzato direttamente;Altro;;;;1;False
686948;L219;1150;65;282;236.4;FABBRICATO;Corso Vigevano;22;45.0898244;7.6854959;Ospedali, case di cura, cliniche e assimilabili;Prima del 1919;Nessuno;Patrimonio indisponibile;;Non Dichiarato;in locazione;43937.0;01/12/2011;1;False
686949;L219;1150;65;29;112.0;FABBRICATO;Via Antonio Banfo;0;45.0898244;7.6854959;Abitazione;Dal 2001 al 2010;Nessuno;Patrimonio indisponibile;Utilizzato direttamente;Altro;;;;1;False
686950;L219;1150;65;30;104.0;FABBRICATO;Via Antonio Banfo;0;45.0898244;7.6854959;Abitazione;Dal 2001 al 2010;Nessuno;Patrimonio indisponibile;Utilizzato direttamente;Altro;;;;1;False
686951;L219;1150;65;31;106.0;FABBRICATO;corso vigevano;12 C;45.0898244;7.6854959;Locale commerciale, negozio;Dal 2001 al 2010;Nessuno;Patrimonio indisponibile;Utilizzato direttamente;Attività commerciale e di ristorazione;;;;1;False
686952;L219;1150;65;33;80.0;FABBRICATO;corso vigevano;12 B;45.0898244;7.6854959;Abitazione;Dal 2001 al 2010;Nessuno;Patrimonio indisponibile;Utilizzato direttamente;Altro;;;;1;False
686953;L219;1150;65;34;56.0;FABBRICATO;corso vigevano;12 B;45.0898244;7.6854959;Abitazione;Dal 2001 al 2010;Nessuno;Patrimonio indisponibile;Utilizzato direttamente;Altro;;;;1;False
686954;L219;1150;65;35;96.0;FABBRICATO;corso vigevano;12 B;45.0898244;7.6854959;Abitazione;Dal 2001 al 2010;Nessuno;Patrimonio indisponibile;Utilizzato direttamente;Altro;;;;1;False
686955;L219;1150;65;36;80.0;FABBRICATO;corso vigevano;12 B;45.0898244;7.6854959;Abitazione;Dal 2001 al 2010;Nessuno;Patrimonio indisponibile;Utilizzato direttamente;Altro;;;;1;False
686956;L219;1150;65;37;56.0;FABBRICATO;corso vigevano;12 B;45.0898244;7.6854959;Abitazione;Dal 2001 al 2010;Nessuno;Patrimonio indisponibile;Utilizzato direttamente;Altro;;;;1;False
686957;L219;1150;65;38;56.0;FABBRICATO;corso vigevano;12 B;45.0898244;7.6854959;Abitazione;Dal 2001 al 2010;Nessuno;Patrimonio indisponibile;Utilizzato direttamente;Altro;;;;1;False
686958;L219;1150;65;39;56.0;FABBRICATO;corso vigevano;12 B;45.0898244;7.6854959;Abitazione;Dal 2001 al 2010;Nessuno;Patrimonio indisponibile;Utilizzato direttamente;Altro;;;;1;False
686959;L219;1150;65;40;80.0;FABBRICATO;corso vigevano;12 B;45.0898244;7.6854959;Abitazione;Dal 2001 al 2010;Nessuno;Patrimonio indisponibile;Utilizzato direttamente;Altro;;;;1;False
686960;L219;1150;65;41;56.0;FABBRICATO;corso vigevano;12 B;45.0898244;7.6854959;Abitazione;Dal 2001 al 2010;Nessuno;Patrimonio indisponibile;Utilizzato direttamente;Altro;;;;1;False
686961;L219;1150;65;42;56.0;FABBRICATO;corso vigevano;12 B;45.0898244;7.6854959;Abitazione;Dal 2001 al 2010;Nessuno;Patrimonio indisponibile;Utilizzato direttamente;Altro;;;;1;False
686962;L219;1150;65;43;56.0;FABBRICATO;corso vigevano;12 B;45.0898244;7.6854959;Abitazione;Dal 2001 al 2010;Nessuno;Patrimonio indisponibile;Utilizzato direttamente;Altro;;;;1;False
686963;L219;1150;65;44;80.0;FABBRICATO;corso vigevano;12 B;45.0898244;7.6854959;Abitazione;Dal 2001 al 2010;Nessuno;Patrimonio indisponibile;Utilizzato direttamente;Altro;;;;1;False
686964;L219;1150;65;45;56.0;FABBRICATO;corso vigevano;12 B;45.0898244;7.6854959;Abitazione;Dal 2001 al 2010;Nessuno;Patrimonio indisponibile;Utilizzato direttamente;Altro;;;;1;False
686965;L219;1150;65;46;104.0;FABBRICATO;corso vigevano;12 B;45.0898244;7.6854959;Abitazione;Dal 2001 al 2010;Nessuno;Patrimonio indisponibile;Utilizzato direttamente;Altro;;;;1;False
686966;L219;1150;65;47;104.0;FABBRICATO;corso vigevano;12 B;45.0898244;7.6854959;Abitazione;Dal 2001 al 2010;Nessuno;Patrimonio indisponibile;Utilizzato direttamente;Altro;;;;1;False
686967;L219;1150;65;48;106.0;FABBRICATO;corso vigevano;14 C;45.0898244;7.6854959;Locale commerciale, negozio;Dal 2001 al 2010;Nessuno;Patrimonio indisponibile;Utilizzato direttamente;Attività commerciale e di ristorazione;;;;1;False
686968;L219;1150;65;49;80.0;FABBRICATO;corso vigevano;14 C;45.0898244;7.6854959;Abitazione;Dal 2001 al 2010;Nessuno;Patrimonio indisponibile;Utilizzato direttamente;Altro;;;;1;False
686969;L219;1150;65;50;80.0;FABBRICATO;corso vigevano;14 C;45.0898244;7.6854959;Abitazione;Dal 2001 al 2010;Nessuno;Patrimonio indisponibile;Utilizzato direttamente;Altro;;;;1;False
686970;L219;1150;65;51;80.0;FABBRICATO;corso vigevano;14 C;45.0898244;7.6854959;Abitazione;Dal 2001 al 2010;Nessuno;Patrimonio indisponibile;Utilizzato direttamente;Altro;;;;1;False
686971;L219;1150;65;52;56.0;FABBRICATO;corso vigevano;14 C;45.0898244;7.6854959;Abitazione;Dal 2001 al 2010;Nessuno;Patrimonio indisponibile;Utilizzato direttamente;Altro;;;;1;False
686972;L219;1150;65;53;80.0;FABBRICATO;corso vigevano;14 C;45.0898244;7.6854959;Abitazione;Dal 2001 al 2010;Nessuno;Patrimonio indisponibile;Utilizzato direttamente;Altro;;;;1;False
686973;L219;1150;65;54;80.0;FABBRICATO;corso vigevano;14 C;45.0898244;7.6854959;Abitazione;Dal 2001 al 2010;Nessuno;Patrimonio indisponibile;Utilizzato direttamente;Altro;;;;1;False
686974;L219;1150;65;55;56.0;FABBRICATO;corso vigevano;14 C;45.0898244;7.6854959;Abitazione;Dal 2001 al 2010;Nessuno;Patrimonio indisponibile;Utilizzato direttamente;Altro;;;;1;False
686975;L219;1150;65;56;80.0;FABBRICATO;corso vigevano;14 C;45.0898244;7.6854959;Abitazione;Dal 2001 al 2010;Nessuno;Patrimonio indisponibile;Utilizzato direttamente;Altro;;;;1;False
686976;L219;1150;65;57;80.0;FABBRICATO;corso vigevano;14 C;45.0898244;7.6854959;Abitazione;Dal 2001 al 2010;Nessuno;Patrimonio indisponibile;Utilizzato direttamente;Altro;;;;1;False
686977;L219;1150;65;58;56.0;FABBRICATO;corso vigevano;14 C;45.0898244;7.6854959;Abitazione;Dal 2001 al 2010;Nessuno;Patrimonio indisponibile;Utilizzato direttamente;Altro;;;;1;False
686978;L219;1150;65;59;80.0;FABBRICATO;corso vigevano;14 C;45.0898244;7.6854959;Abitazione;Dal 2001 al 2010;Nessuno;Patrimonio indisponibile;Utilizzato direttamente;Altro;;;;1;False
686979;L219;1150;65;60;88.0;FABBRICATO;corso vigevano;14 C;45.0898244;7.6854959;Abitazione;Dal 2001 al 2010;Nessuno;Patrimonio indisponibile;Utilizzato direttamente;Altro;;;;1;False
686980;L219;1150;65;61;105.0;FABBRICATO;Corso Vigevano;16;45.0898244;7.6854959;Locale commerciale, negozio;Dal 2001 al 2010;Nessuno;Patrimonio indisponibile;Utilizzato direttamente;Attività commerciale e di ristorazione;;;;1;False
686981;L219;1150;65;62;80.0;FABBRICATO;corso vigevano;16 D;45.0898244;7.6854959;Abitazione;Dal 2001 al 2010;Nessuno;Patrimonio indisponibile;Utilizzato direttamente;Altro;;;;1;False
686982;L219;1150;65;63;80.0;FABBRICATO;corso vigevano;16 D;45.0898244;7.6854959;Abitazione;Dal 2001 al 2010;Nessuno;Patrimonio indisponibile;Utilizzato direttamente;Altro;;;;1;False
686983;L219;1150;65;64;80.0;FABBRICATO;corso vigevano;16 D;45.0898244;7.6854959;Abitazione;Dal 2001 al 2010;Nessuno;Patrimonio indisponibile;Utilizzato direttamente;Altro;;;;1;False
686984;L219;1150;65;65;56.0;FABBRICATO;corso vigevano;16 D;45.0898244;7.6854959;Abitazione;Dal 2001 al 2010;Nessuno;Patrimonio indisponibile;Utilizzato direttamente;Altro;;;;1;False
686985;L219;1150;65;66;80.0;FABBRICATO;corso vigevano;16 D;45.0898244;7.6854959;Abitazione;Dal 2001 al 2010;Nessuno;Patrimonio indisponibile;Utilizzato direttamente;Altro;;;;1;False
686986;L219;1150;65;67;80.0;FABBRICATO;corso vigevano;16 D;45.0898244;7.6854959;Abitazione;Dal 2001 al 2010;Nessuno;Patrimonio indisponibile;Utilizzato direttamente;Altro;;;;1;False
686987;L219;1150;65;68;56.0;FABBRICATO;corso vigevano;16 D;45.0898244;7.6854959;Abitazione;Dal 2001 al 2010;Nessuno;Patrimonio indisponibile;Utilizzato direttamente;Altro;;;;1;False
686988;L219;1150;65;69;80.0;FABBRICATO;corso vigevano;16 D;45.0898244;7.6854959;Abitazione;Dal 2001 al 2010;Nessuno;Patrimonio indisponibile;Utilizzato direttamente;Altro;;;;1;False
686989;L219;1150;65;70;80.0;FABBRICATO;corso vigevano;16 D;45.0898244;7.6854959;Abitazione;Dal 2001 al 2010;Nessuno;Patrimonio indisponibile;Utilizzato direttamente;Altro;;;;1;False
686990;L219;1150;65;71;56.0;FABBRICATO;corso vigevano;16 D;45.0898244;7.6854959;Abitazione;Dal 2001 al 2010;Nessuno;Patrimonio indisponibile;Utilizzato direttamente;Altro;;;;1;False
686991;L219;1150;65;72;80.0;FABBRICATO;corso vigevano;16 D;45.0898244;7.6854959;Abitazione;Dal 2001 al 2010;Nessuno;Patrimonio indisponibile;Utilizzato direttamente;Altro;;;;1;False
686992;L219;1150;65;73;88.0;FABBRICATO;corso vigevano;16 D;45.0898244;7.6854959;Abitazione;Dal 2001 al 2010;Nessuno;Patrimonio indisponibile;Utilizzato direttamente;Altro;;;;1;False
686993;L219;1150;65;74;106.0;FABBRICATO;corso vigevano;18 E;45.0898244;7.6854959;Locale commerciale, negozio;Dal 2001 al 2010;Nessuno;Patrimonio indisponibile;Utilizzato direttamente;Attività commerciale e di ristorazione;;;;1;False
686994;L219;1150;65;75;56.0;FABBRICATO;corso vigevano;18 E;45.0898244;7.6854959;Abitazione;Dal 2001 al 2010;Nessuno;Patrimonio indisponibile;Utilizzato direttamente;Altro;;;;1;False
686995;L219;1150;65;76;56.0;FABBRICATO;corso vigevano;18 E;45.0898244;7.6854959;Abitazione;Dal 2001 al 2010;Nessuno;Patrimonio indisponibile;Utilizzato direttamente;Altro;;;;1;False
686996;L219;1150;65;77;80.0;FABBRICATO;corso vigevano;18 E;45.0898244;7.6854959;Abitazione;Dal 2001 al 2010;Nessuno;Patrimonio indisponibile;Utilizzato direttamente;Altro;;;;1;False
686997;L219;1150;65;78;56.0;FABBRICATO;corso vigevano;18 E;45.0898244;7.6854959;Abitazione;Dal 2001 al 2010;Nessuno;Patrimonio indisponibile;Utilizzato direttamente;Altro;;;;1;False
686998;L219;1150;65;79;56.0;FABBRICATO;corso vigevano;18 E;45.0898244;7.6854959;Abitazione;Dal 2001 al 2010;Nessuno;Patrimonio indisponibile;Utilizzato direttamente;Altro;;;;1;False
686999;L219;1150;65;80;80.0;FABBRICATO;corso vigevano;18 E;45.0898244;7.6854959;Abitazione;Dal 2001 al 2010;Nessuno;Patrimonio indisponibile;Utilizzato direttamente;Altro;;;;1;False
687000;L219;1150;65;81;56.0;FABBRICATO;corso vigevano;18 E;45.0898244;7.6854959;Abitazione;Dal 2001 al 2010;Nessuno;Patrimonio indisponibile;Utilizzato direttamente;Altro;;;;1;False
687001;L219;1150;65;82;56.0;FABBRICATO;corso vigevano;18 E;45.0898244;7.6854959;Abitazione;Dal 2001 al 2010;Nessuno;Patrimonio indisponibile;Utilizzato direttamente;Altro;;;;1;False
687002;L219;1150;65;83;80.0;FABBRICATO;corso vigevano;18 E;45.0898244;7.6854959;Abitazione;Dal 2001 al 2010;Nessuno;Patrimonio indisponibile;Utilizzato direttamente;Altro;;;;1;False
687003;L219;1150;65;84;56.0;FABBRICATO;corso vigevano;18 E;45.0898244;7.6854959;Abitazione;Dal 2001 al 2010;Nessuno;Patrimonio indisponibile;Utilizzato direttamente;Altro;;;;1;False
687004;L219;1150;65;85;56.0;FABBRICATO;corso vigevano;18 E;45.0898244;7.6854959;Abitazione;Dal 2001 al 2010;Nessuno;Patrimonio indisponibile;Utilizzato direttamente;Altro;;;;1;False
687005;L219;1150;65;86;80.0;FABBRICATO;corso vigevano;18 E;45.0898244;7.6854959;Abitazione;Dal 2001 al 2010;Nessuno;Patrimonio indisponibile;Utilizzato direttamente;Altro;;;;1;False
687006;L219;1150;65;87;104.0;FABBRICATO;corso vigevano;18 E;45.0898244;7.6854959;Abitazione;Dal 2001 al 2010;Nessuno;Patrimonio indisponibile;Utilizzato direttamente;Altro;;;;1;False
687007;L219;1150;65;88;106.0;FABBRICATO;CORSO VIGEVANO;SNC;45.0898244;7.6854959;Locale commerciale, negozio;Dal 2001 al 2010;Nessuno;Patrimonio indisponibile;Utilizzato direttamente;Attività commerciale e di ristorazione;;;;1;False
687008;L219;1150;65;89;80.0;FABBRICATO;corso vigevano;20 F;45.0898244;7.6854959;Abitazione;Dal 2001 al 2010;Nessuno;Patrimonio indisponibile;Utilizzato direttamente;Altro;;;;1;False
687009;L219;1150;65;90;56.0;FABBRICATO;corso vigevano;20 F;45.0898244;7.6854959;Abitazione;Dal 2001 al 2010;Nessuno;Patrimonio indisponibile;Utilizzato direttamente;Altro;;;;1;False
687010;L219;1150;65;91;56.0;FABBRICATO;corso vigevano;20 F;45.0898244;7.6854959;Abitazione;Dal 2001 al 2010;Nessuno;Patrimonio indisponibile;Utilizzato direttamente;Altro;;;;1;False
687011;L219;1150;65;92;80.0;FABBRICATO;corso vigevano;20 F;45.0898244;7.6854959;Abitazione;Dal 2001 al 2010;Nessuno;Patrimonio indisponibile;Utilizzato direttamente;Altro;;;;1;False
687012;L219;1150;65;93;56.0;FABBRICATO;corso vigevano;20 F;45.0898244;7.6854959;Abitazione;Dal 2001 al 2010;Nessuno;Patrimonio indisponibile;Utilizzato direttamente;Altro;;;;1;False
687013;L219;1150;65;94;56.0;FABBRICATO;corso vigevano;20 F;45.0898244;7.6854959;Abitazione;Dal 2001 al 2010;Nessuno;Patrimonio indisponibile;Utilizzato direttamente;Altro;;;;1;False
687014;L219;1150;65;95;80.0;FABBRICATO;corso vigevano;20 F;45.0898244;7.6854959;Abitazione;Dal 2001 al 2010;Nessuno;Patrimonio indisponibile;Utilizzato direttamente;Altro;;;;1;False
687015;L219;1150;65;96;56.0;FABBRICATO;corso vigevano;20 F;45.0898244;7.6854959;Abitazione;Dal 2001 al 2010;Nessuno;Patrimonio indisponibile;Utilizzato direttamente;Altro;;;;1;False
687016;L219;1150;65;97;56.0;FABBRICATO;corso vigevano;20 F;45.0898244;7.6854959;Abitazione;Dal 2001 al 2010;Nessuno;Patrimonio indisponibile;Utilizzato direttamente;Altro;;;;1;False
687017;L219;1150;65;98;80.0;FABBRICATO;corso vigevano;20 F;45.0898244;7.6854959;Abitazione;Dal 2001 al 2010;Nessuno;Patrimonio indisponibile;Utilizzato direttamente;Altro;;;;1;False
687018;L219;1150;65;99;56.0;FABBRICATO;corso vigevano;20 F;45.0898244;7.6854959;Abitazione;Dal 2001 al 2010;Nessuno;Patrimonio indisponibile;Utilizzato direttamente;Altro;;;;1;False
687020;L219;1043;8;27;79.0;FABBRICATO;corso vercelli;483 12;45.119915;7.7091353;Abitazione;Dal 1919 al 1945;Dichiarazione di interesse culturale;Demanio;Utilizzato direttamente;Altro;;;;1;False
687023;L219;1043;8;29;51.0;FABBRICATO;corso vercelli;483 12;45.119915;7.7091353;Abitazione;Dal 1919 al 1945;Dichiarazione di interesse culturale;Demanio;Utilizzato direttamente;Altro;;;;1;False
687024;L219;1043;8;30;78.0;FABBRICATO;corso vercelli;483 12;45.119915;7.7091353;Abitazione;Dal 1919 al 1945;Dichiarazione di interesse culturale;Demanio;Utilizzato direttamente;Altro;;;;1;False
687028;L219;1043;8;20;52.0;FABBRICATO;corso vercelli;483 12;45.119915;7.7091353;Abitazione;Dal 1919 al 1945;Dichiarazione di interesse culturale;Demanio;Utilizzato direttamente;Altro;;;;1;False
687029;L219;1043;8;21;52.0;FABBRICATO;corso vercelli;483 12;45.119915;7.7091353;Abitazione;Dal 1919 al 1945;Dichiarazione di interesse culturale;Demanio;Utilizzato direttamente;Altro;;;;1;False
687030;L219;1043;8;22;52.0;FABBRICATO;corso vercelli;483 12;45.119915;7.7091353;Abitazione;Dal 1919 al 1945;Dichiarazione di interesse culturale;Demanio;Utilizzato direttamente;Altro;;;;1;False
687031;L219;1043;8;23;78.0;FABBRICATO;corso vercelli;483 12;45.119915;7.7091353;Abitazione;Dal 1919 al 1945;Dichiarazione di interesse culturale;Demanio;Utilizzato direttamente;Altro;;;;1;False
687032;L219;1043;8;24;51.0;FABBRICATO;corso vercelli;483 12;45.119915;7.7091353;Abitazione;Dal 1919 al 1945;Dichiarazione di interesse culturale;Demanio;Utilizzato direttamente;Altro;;;;1;False
687033;L219;1043;8;25;54.0;FABBRICATO;corso vercelli;483 12;45.119915;7.7091353;Abitazione;Dal 1919 al 1945;Dichiarazione di interesse culturale;Demanio;Utilizzato direttamente;Altro;;;;1;False
687034;L219;1043;8;26;51.0;FABBRICATO;corso vercelli;483 12;45.119915;7.7091353;Abitazione;Dal 1919 al 1945;Dichiarazione di interesse culturale;Demanio;Utilizzato direttamente;Altro;;;;1;False
687105;L219;1049;209;30;87.0;FABBRICATO;via ivrea;29 C;45.1155909;7.7052035;Abitazione;Dal 1971 al 1980;Nessuno;Patrimonio indisponibile;Utilizzato direttamente;Altro;;;;1;False
687106;L219;1049;209;66;11.0;FABBRICATO;via ivrea;29 C;45.1155909;7.7052035;Cantina, soffitta, rimessa, box, garage, posto auto aperto/scoperto,;Dal 1971 al 1980;Nessuno;Patrimonio indisponibile;Utilizzato direttamente;Altro;;;;1;False
687120;L219;1153;131;1078;16.0;FABBRICATO;VIA LIVORNO;SNC;45.0883774;7.666813;Cantina, soffitta, rimessa, box, garage, posto auto aperto/scoperto,;Dal 2001 al 2010;Nessuno;Patrimonio indisponibile;Utilizzato direttamente;Attività commerciale e di ristorazione;;;;1;False
687121;L219;1153;131;1083;6.0;FABBRICATO;VIA LIVORNO;SNC;45.0883774;7.666813;Cantina, soffitta, rimessa, box, garage, posto auto aperto/scoperto,;Dal 2001 al 2010;Nessuno;Patrimonio indisponibile;Utilizzato direttamente;Attività commerciale e di ristorazione;;;;1;False
687122;L219;1153;132;1219;20.0;FABBRICATO;VIA LIVORNO;SNC;45.0875149;7.6666417;Cantina, soffitta, rimessa, box, garage, posto auto aperto/scoperto,;Dal 2001 al 2010;Nessuno;Patrimonio indisponibile;Utilizzato direttamente;Attività commerciale e di ristorazione;;;;1;False
687125;L219;1153;132;1224;14.0;FABBRICATO;VIA LIVORNO;SNC;45.0875149;7.6666417;Cantina, soffitta, rimessa, box, garage, posto auto aperto/scoperto,;Dal 2001 al 2010;Nessuno;Patrimonio indisponibile;Utilizzato direttamente;Attività commerciale e di ristorazione;;;;1;False
687132;L219;1153;41;;276.0;FABBRICATO;Via Livorno;57;45.0880106;7.6659347;Magazzino e locali di deposito;Dal 1919 al 1945;Nessuno;Patrimonio indisponibile;Non utilizzato;Non Dichiarato;;;;1;False
687134;L219;1155;27;18;57.0;FABBRICATO;Corso Svizzera;149;45.0888692;7.6583409;Abitazione;Dal 1946 al 1960;Nessuno;Patrimonio indisponibile;Utilizzato direttamente;Altro;;;;1;False
687136;L219;1155;89;1;68.0;FABBRICATO;VIA PESSINETTO;SNC;45.0895426;7.6581836;Magazzino e locali di deposito;Dal 1991 al 2000;Nessuno;Patrimonio disponibile;Inutilizzabile;Non Dichiarato;;;;1;False
687137;L219;1156;1;3;583.8;FABBRICATO;Via Domenico Carutti;23;45.0936546;7.6524826;Struttura residenziale collettiva (es.: collegi e convitti, educandati, ricoveri, orfanotrofi, ospizi, conventi, seminari);Dal 1919 al 1945;Nessuno;Patrimonio indisponibile;Utilizzato direttamente;Attività didattica;;;;1;False
687143;L219;1065;24;6;108.0;FABBRICATO;Corso Ferrara;50;45.1091131;7.624154;Magazzino e locali di deposito;Dal 1961 al 1970;Nessuno;Patrimonio disponibile;;Non Dichiarato;in locazione;5053.0;01/07/2022;1;False
687144;L219;1156;101;;6666.0;FABBRICATO;via thouar pietro;2;45.0920447;7.6563602;Edificio scolastico (es.: scuola di ogni ordine e grado, università, scuola di formazione);Prima del 1919;Dichiarazione di interesse culturale;Demanio;Utilizzato direttamente;Attività didattica;;;;1;False
687155;L219;1145;6;1;48.0;FABBRICATO;via gallina giacinto;3 10;45.0920674;7.7096364;Abitazione;Dal 1919 al 1945;Nessuno;Patrimonio indisponibile;Utilizzato direttamente;Altro;;;;1;False
687156;L219;1145;6;10;48.0;FABBRICATO;via gallina giacinto;3 9;45.0920674;7.7096364;Abitazione;Dal 1919 al 1945;Nessuno;Patrimonio indisponibile;Utilizzato direttamente;Altro;;;;1;False
687157;L219;1145;6;11;64.0;FABBRICATO;via gallina giacinto;3 9;45.0920674;7.7096364;Abitazione;Dal 1919 al 1945;Nessuno;Patrimonio indisponibile;Utilizzato direttamente;Altro;;;;1;False
687158;L219;1145;6;12;48.0;FABBRICATO;via gallina giacinto;3 9;45.0920674;7.7096364;Abitazione;Dal 1919 al 1945;Nessuno;Patrimonio indisponibile;Utilizzato direttamente;Altro;;;;1;False
687159;L219;1145;6;13;70.0;FABBRICATO;via gallina giacinto;3 9;45.0920674;7.7096364;Abitazione;Dal 1919 al 1945;Nessuno;Patrimonio indisponibile;Utilizzato direttamente;Altro;;;;1;False
687160;L219;1145;6;14;51.0;FABBRICATO;via gallina giacinto;3 9;45.0920674;7.7096364;Abitazione;Dal 1919 al 1945;Nessuno;Patrimonio indisponibile;Utilizzato direttamente;Altro;;;;1;False
687161;L219;1145;6;15;51.0;FABBRICATO;via gallina giacinto;3 8;45.0920674;7.7096364;Abitazione;Dal 1919 al 1945;Nessuno;Patrimonio indisponibile;Utilizzato direttamente;Altro;;;;1;False
687162;L219;1145;6;16;69.0;FABBRICATO;via gallina giacinto;3 8;45.0920674;7.7096364;Abitazione;Dal 1919 al 1945;Nessuno;Patrimonio indisponibile;Utilizzato direttamente;Altro;;;;1;False
687163;L219;1145;6;17;52.0;FABBRICATO;via gallina giacinto;3 8;45.0920674;7.7096364;Abitazione;Dal 1919 al 1945;Nessuno;Patrimonio indisponibile;Utilizzato direttamente;Altro;;;;1;False
687164;L219;1145;6;18;71.0;FABBRICATO;via gallina giacinto;3 8;45.0920674;7.7096364;Abitazione;Dal 1919 al 1945;Nessuno;Patrimonio indisponibile;Utilizzato direttamente;Altro;;;;1;False
687165;L219;1145;6;19;55.0;FABBRICATO;via gallina giacinto;3 8;45.0920674;7.7096364;Abitazione;Dal 1919 al 1945;Nessuno;Patrimonio indisponibile;Utilizzato direttamente;Altro;;;;1;False
687166;L219;1145;6;2;48.0;FABBRICATO;via gallina giacinto;3 10;45.0920674;7.7096364;Abitazione;Dal 1919 al 1945;Nessuno;Patrimonio indisponibile;Utilizzato direttamente;Altro;;;;1;False
687167;L219;1145;6;20;66.0;FABBRICATO;via gallina giacinto;3 8;45.0920674;7.7096364;Abitazione;Dal 1919 al 1945;Nessuno;Patrimonio indisponibile;Utilizzato direttamente;Altro;;;;1;False
687168;L219;1145;6;21;56.0;FABBRICATO;via gallina giacinto;3 7;45.0920674;7.7096364;Abitazione;Dal 1919 al 1945;Nessuno;Patrimonio indisponibile;Utilizzato direttamente;Altro;;;;1;False
687169;L219;1145;6;22;53.0;FABBRICATO;via gallina giacinto;3 7;45.0920674;7.7096364;Abitazione;Dal 1919 al 1945;Nessuno;Patrimonio indisponibile;Utilizzato direttamente;Altro;;;;1;False
687170;L219;1145;6;23;55.0;FABBRICATO;via gallina giacinto;3 7;45.0920674;7.7096364;Abitazione;Dal 1919 al 1945;Nessuno;Patrimonio indisponibile;Utilizzato direttamente;Altro;;;;1;False
687171;L219;1145;6;24;56.0;FABBRICATO;via gallina giacinto;3 7;45.0920674;7.7096364;Abitazione;Dal 1919 al 1945;Nessuno;Patrimonio indisponibile;Utilizzato direttamente;Altro;;;;1;False
687172;L219;1145;6;25;55.0;FABBRICATO;via gallina giacinto;3 7;45.0920674;7.7096364;Abitazione;Dal 1919 al 1945;Nessuno;Patrimonio indisponibile;Utilizzato direttamente;Altro;;;;1;False
687173;L219;1145;6;26;56.0;FABBRICATO;via gallina giacinto;3 7;45.0920674;7.7096364;Abitazione;Dal 1919 al 1945;Nessuno;Patrimonio indisponibile;Utilizzato direttamente;Altro;;;;1;False
687174;L219;1145;6;27;53.0;FABBRICATO;via gallina giacinto;3 7;45.0920674;7.7096364;Abitazione;Dal 1919 al 1945;Nessuno;Patrimonio indisponibile;Utilizzato direttamente;Altro;;;;1;False
687175;L219;1145;6;28;55.0;FABBRICATO;via gallina giacinto;3 7;45.0920674;7.7096364;Abitazione;Dal 1919 al 1945;Nessuno;Patrimonio indisponibile;Utilizzato direttamente;Altro;;;;1;False
687176;L219;1145;6;3;48.0;FABBRICATO;via gallina giacinto;3 10;45.0920674;7.7096364;Abitazione;Dal 1919 al 1945;Nessuno;Patrimonio indisponibile;Utilizzato direttamente;Altro;;;;1;False
687177;L219;1145;6;4;48.0;FABBRICATO;via gallina giacinto;3 10;45.0920674;7.7096364;Abitazione;Dal 1919 al 1945;Nessuno;Patrimonio indisponibile;Utilizzato direttamente;Altro;;;;1;False
687178;L219;1145;6;5;48.0;FABBRICATO;via gallina giacinto;3 10;45.0920674;7.7096364;Abitazione;Dal 1919 al 1945;Nessuno;Patrimonio indisponibile;Utilizzato direttamente;Altro;;;;1;False
687179;L219;1145;6;6;48.0;FABBRICATO;via gallina giacinto;3 10;45.0920674;7.7096364;Abitazione;Dal 1919 al 1945;Nessuno;Patrimonio indisponibile;Utilizzato direttamente;Altro;;;;1;False
687180;L219;1145;6;7;48.0;FABBRICATO;via gallina giacinto;3 10;45.0920674;7.7096364;Abitazione;Dal 1919 al 1945;Nessuno;Patrimonio indisponibile;Utilizzato direttamente;Altro;;;;1;False
687181;L219;1145;6;8;48.0;FABBRICATO;via gallina giacinto;3 10;45.0920674;7.7096364;Abitazione;Dal 1919 al 1945;Nessuno;Patrimonio indisponibile;Utilizzato direttamente;Altro;;;;1;False
687182;L219;1145;6;9;64.0;FABBRICATO;via gallina giacinto;3 9;45.0920674;7.7096364;Abitazione;Dal 1919 al 1945;Nessuno;Patrimonio indisponibile;Utilizzato direttamente;Altro;;;;1;False
687183;L219;1041;63;1;70.0;FABBRICATO;Via Germagnano;46;45.1169762;7.6935054;Ufficio strutturato ed assimilabili;Dal 1981 al 1990;Nessuno;Patrimonio indisponibile;Utilizzato direttamente;Attività amministrativa/uffici pubblici;;;;1;False
687184;L219;1145;74;1;62.0;FABBRICATO;via maddalene;10;45.0903236;7.70741;Abitazione;Dal 1961 al 1970;Nessuno;Patrimonio indisponibile;Utilizzato direttamente;Altro;;;;1;False
687185;L219;1145;74;10;83.0;FABBRICATO;via maddalene;10;45.0903236;7.70741;Abitazione;Dal 1961 al 1970;Nessuno;Patrimonio indisponibile;Utilizzato direttamente;Altro;;;;1;False
687186;L219;1145;74;11;57.0;FABBRICATO;via maddalene;10;45.0903236;7.70741;Abitazione;Dal 1961 al 1970;Nessuno;Patrimonio indisponibile;Utilizzato direttamente;Altro;;;;1;False
687187;L219;1145;74;12;83.0;FABBRICATO;via maddalene;10;45.0903236;7.70741;Abitazione;Dal 1961 al 1970;Nessuno;Patrimonio indisponibile;Utilizzato direttamente;Altro;;;;1;False
687188;L219;1145;74;13;56.0;FABBRICATO;via maddalene;10;45.0903236;7.70741;Abitazione;Dal 1961 al 1970;Nessuno;Patrimonio indisponibile;Utilizzato direttamente;Altro;;;;1;False
687189;L219;1145;74;14;85.0;FABBRICATO;via maddalene;10;45.0903236;7.70741;Abitazione;Dal 1961 al 1970;Nessuno;Patrimonio indisponibile;Utilizzato direttamente;Altro;;;;1;False
687190;L219;1145;74;15;56.0;FABBRICATO;via maddalene;10;45.0903236;7.70741;Abitazione;Dal 1961 al 1970;Nessuno;Patrimonio indisponibile;Utilizzato direttamente;Altro;;;;1;False
687191;L219;1145;74;16;85.0;FABBRICATO;via maddalene;10;45.0903236;7.70741;Abitazione;Dal 1961 al 1970;Nessuno;Patrimonio indisponibile;Utilizzato direttamente;Altro;;;;1;False
687192;L219;1145;74;17;79.0;FABBRICATO;via maddalene;10;45.0903236;7.70741;Abitazione;Dal 1961 al 1970;Nessuno;Patrimonio indisponibile;Utilizzato direttamente;Altro;;;;1;False
687193;L219;1145;74;18;65.0;FABBRICATO;via maddalene;10;45.0903236;7.70741;Abitazione;Dal 1961 al 1970;Nessuno;Patrimonio indisponibile;Utilizzato direttamente;Altro;;;;1;False
687194;L219;1145;74;19;76.0;FABBRICATO;via maddalene;10;45.0903236;7.70741;Abitazione;Dal 1961 al 1970;Nessuno;Patrimonio indisponibile;Utilizzato direttamente;Altro;;;;1;False
687195;L219;1145;74;2;83.0;FABBRICATO;via maddalene;10;45.0903236;7.70741;Abitazione;Dal 1961 al 1970;Nessuno;Patrimonio indisponibile;Utilizzato direttamente;Altro;;;;1;False
687196;L219;1145;74;20;65.0;FABBRICATO;via maddalene;10;45.0903236;7.70741;Abitazione;Dal 1961 al 1970;Nessuno;Patrimonio indisponibile;Utilizzato direttamente;Altro;;;;1;False
687197;L219;1145;74;21;79.0;FABBRICATO;via maddalene;10;45.0903236;7.70741;Abitazione;Dal 1961 al 1970;Nessuno;Patrimonio indisponibile;Utilizzato direttamente;Altro;;;;1;False
687198;L219;1145;74;22;62.0;FABBRICATO;via maddalene;10;45.0903236;7.70741;Abitazione;Dal 1961 al 1970;Nessuno;Patrimonio indisponibile;Utilizzato direttamente;Altro;;;;1;False
687199;L219;1145;74;23;76.0;FABBRICATO;via maddalene;10;45.0903236;7.70741;Abitazione;Dal 1961 al 1970;Nessuno;Patrimonio indisponibile;Utilizzato direttamente;Altro;;;;1;False
687200;L219;1145;74;24;65.0;FABBRICATO;via maddalene;10;45.0903236;7.70741;Abitazione;Dal 1961 al 1970;Nessuno;Patrimonio indisponibile;Utilizzato direttamente;Altro;;;;1;False
687201;L219;1145;74;25;78.0;FABBRICATO;via maddalene;10;45.0903236;7.70741;Abitazione;Dal 1961 al 1970;Nessuno;Patrimonio indisponibile;Utilizzato direttamente;Altro;;;;1;False
687202;L219;1145;74;26;65.0;FABBRICATO;via maddalene;10;45.0903236;7.70741;Abitazione;Dal 1961 al 1970;Nessuno;Patrimonio indisponibile;Utilizzato direttamente;Altro;;;;1;False
687203;L219;1145;74;27;78.0;FABBRICATO;via maddalene;10;45.0903236;7.70741;Abitazione;Dal 1961 al 1970;Nessuno;Patrimonio indisponibile;Utilizzato direttamente;Altro;;;;1;False
687204;L219;1145;74;28;60.0;FABBRICATO;via maddalene;10;45.0903236;7.70741;Abitazione;Dal 1961 al 1970;Nessuno;Patrimonio indisponibile;Utilizzato direttamente;Altro;;;;1;False
687205;L219;1145;74;29;78.0;FABBRICATO;via maddalene;10;45.0903236;7.70741;Abitazione;Dal 1961 al 1970;Nessuno;Patrimonio indisponibile;Utilizzato direttamente;Altro;;;;1;False
687206;L219;1145;74;3;59.0;FABBRICATO;via maddalene;10;45.0903236;7.70741;Abitazione;Dal 1961 al 1970;Nessuno;Patrimonio indisponibile;Utilizzato direttamente;Altro;;;;1;False
687207;L219;1145;74;30;61.0;FABBRICATO;via maddalene;10;45.0903236;7.70741;Abitazione;Dal 1961 al 1970;Nessuno;Patrimonio indisponibile;Utilizzato direttamente;Altro;;;;1;False
687208;L219;1145;74;31;78.0;FABBRICATO;via maddalene;10;45.0903236;7.70741;Abitazione;Dal 1961 al 1970;Nessuno;Patrimonio indisponibile;Utilizzato direttamente;Altro;;;;1;False
687209;L219;1145;74;32;62.0;FABBRICATO;via maddalene;10;45.0903236;7.70741;Abitazione;Dal 1961 al 1970;Nessuno;Patrimonio indisponibile;Utilizzato direttamente;Altro;;;;1;False
687210;L219;1145;74;33;60.0;FABBRICATO;via maddalene;10;45.0903236;7.70741;Abitazione;Dal 1961 al 1970;Nessuno;Patrimonio indisponibile;Utilizzato direttamente;Altro;;;;1;False
687211;L219;1145;74;34;78.0;FABBRICATO;via maddalene;10;45.0903236;7.70741;Abitazione;Dal 1961 al 1970;Nessuno;Patrimonio indisponibile;Utilizzato direttamente;Altro;;;;1;False
687212;L219;1145;74;35;62.0;FABBRICATO;via maddalene;10;45.0903236;7.70741;Abitazione;Dal 1961 al 1970;Nessuno;Patrimonio indisponibile;Utilizzato direttamente;Altro;;;;1;False
687213;L219;1145;74;36;78.0;FABBRICATO;via maddalene;10;45.0903236;7.70741;Abitazione;Dal 1961 al 1970;Nessuno;Patrimonio indisponibile;Utilizzato direttamente;Altro;;;;1;False
687214;L219;1145;74;37;64.0;FABBRICATO;via maddalene;10;45.0903236;7.70741;Abitazione;Dal 1961 al 1970;Nessuno;Patrimonio indisponibile;Utilizzato direttamente;Altro;;;;1;False
687215;L219;1145;74;38;76.0;FABBRICATO;via maddalene;10;45.0903236;7.70741;Abitazione;Dal 1961 al 1970;Nessuno;Patrimonio indisponibile;Utilizzato direttamente;Altro;;;;1;False
687216;L219;1145;74;39;62.0;FABBRICATO;via maddalene;10;45.0903236;7.70741;Abitazione;Dal 1961 al 1970;Nessuno;Patrimonio indisponibile;Utilizzato direttamente;Altro;;;;1;False
687217;L219;1145;74;4;82.0;FABBRICATO;via maddalene;10;45.0903236;7.70741;Abitazione;Dal 1961 al 1970;Nessuno;Patrimonio indisponibile;Utilizzato direttamente;Altro;;;;1;False
687218;L219;1145;74;40;80.0;FABBRICATO;via maddalene;10;45.0903236;7.70741;Abitazione;Dal 1961 al 1970;Nessuno;Patrimonio indisponibile;Utilizzato direttamente;Altro;;;;1;False
687219;L219;1145;74;41;62.0;FABBRICATO;via maddalene;10;45.0903236;7.70741;Abitazione;Dal 1961 al 1970;Nessuno;Patrimonio indisponibile;Utilizzato direttamente;Altro;;;;1;False
687220;L219;1145;74;42;78.0;FABBRICATO;via maddalene;10;45.0903236;7.70741;Abitazione;Dal 1961 al 1970;Nessuno;Patrimonio indisponibile;Utilizzato direttamente;Altro;;;;1;False
687221;L219;1145;74;43;67.0;FABBRICATO;via maddalene;10;45.0903236;7.70741;Abitazione;Dal 1961 al 1970;Nessuno;Patrimonio indisponibile;Utilizzato direttamente;Altro;;;;1;False
687222;L219;1145;74;44;77.0;FABBRICATO;via maddalene;10;45.0903236;7.70741;Abitazione;Dal 1961 al 1970;Nessuno;Patrimonio indisponibile;Utilizzato direttamente;Altro;;;;1;False
687223;L219;1145;74;45;66.0;FABBRICATO;via maddalene;10;45.0903236;7.70741;Abitazione;Dal 1961 al 1970;Nessuno;Patrimonio indisponibile;Utilizzato direttamente;Altro;;;;1;False
687224;L219;1145;74;46;77.0;FABBRICATO;via maddalene;10;45.0903236;7.70741;Abitazione;Dal 1961 al 1970;Nessuno;Patrimonio indisponibile;Utilizzato direttamente;Altro;;;;1;False
687225;L219;1145;74;47;67.0;FABBRICATO;via maddalene;10;45.0903236;7.70741;Abitazione;Dal 1961 al 1970;Nessuno;Patrimonio indisponibile;Utilizzato direttamente;Altro;;;;1;False
687226;L219;1145;74;48;77.0;FABBRICATO;via maddalene;10;45.0903236;7.70741;Abitazione;Dal 1961 al 1970;Nessuno;Patrimonio indisponibile;Utilizzato direttamente;Altro;;;;1;False
687227;L219;1145;74;49;61.0;FABBRICATO;via maddalene;10;45.0903236;7.70741;Abitazione;Dal 1961 al 1970;Nessuno;Patrimonio indisponibile;Utilizzato direttamente;Altro;;;;1;False
687228;L219;1145;74;5;56.0;FABBRICATO;via maddalene;10;45.0903236;7.70741;Abitazione;Dal 1961 al 1970;Nessuno;Patrimonio indisponibile;Utilizzato direttamente;Altro;;;;1;False
687229;L219;1145;74;50;109.0;FABBRICATO;via maddalene;10;45.0903236;7.70741;Abitazione;Dal 1961 al 1970;Nessuno;Patrimonio indisponibile;Utilizzato direttamente;Altro;;;;1;False
687230;L219;1145;74;51;65.0;FABBRICATO;via maddalene;10;45.0903236;7.70741;Abitazione;Dal 1961 al 1970;Nessuno;Patrimonio indisponibile;Utilizzato direttamente;Altro;;;;1;False
687231;L219;1145;74;52;80.0;FABBRICATO;via maddalene;10;45.0903236;7.70741;Abitazione;Dal 1961 al 1970;Nessuno;Patrimonio indisponibile;Utilizzato direttamente;Altro;;;;1;False
687232;L219;1145;74;53;90.0;FABBRICATO;via maddalene;10;45.0903236;7.70741;Abitazione;Dal 1961 al 1970;Nessuno;Patrimonio indisponibile;Utilizzato direttamente;Altro;;;;1;False
687233;L219;1145;74;54;65.0;FABBRICATO;via maddalene;10;45.0903236;7.70741;Abitazione;Dal 1961 al 1970;Nessuno;Patrimonio indisponibile;Utilizzato direttamente;Altro;;;;1;False
687234;L219;1145;74;55;80.0;FABBRICATO;via maddalene;10;45.0903236;7.70741;Abitazione;Dal 1961 al 1970;Nessuno;Patrimonio indisponibile;Utilizzato direttamente;Altro;;;;1;False
687235;L219;1145;74;56;90.0;FABBRICATO;via maddalene;10;45.0903236;7.70741;Abitazione;Dal 1961 al 1970;Nessuno;Patrimonio indisponibile;Utilizzato direttamente;Altro;;;;1;False
687236;L219;1145;74;57;56.0;FABBRICATO;via maddalene;10;45.0903236;7.70741;Abitazione;Dal 1961 al 1970;Nessuno;Patrimonio indisponibile;Utilizzato direttamente;Altro;;;;1;False
687237;L219;1145;74;58;79.0;FABBRICATO;via maddalene;10;45.0903236;7.70741;Abitazione;Dal 1961 al 1970;Nessuno;Patrimonio indisponibile;Utilizzato direttamente;Altro;;;;1;False
687238;L219;1145;74;59;90.0;FABBRICATO;via maddalene;10;45.0903236;7.70741;Abitazione;Dal 1961 al 1970;Nessuno;Patrimonio indisponibile;Utilizzato direttamente;Altro;;;;1;False
687239;L219;1145;74;6;85.0;FABBRICATO;via maddalene;10;45.0903236;7.70741;Abitazione;Dal 1961 al 1970;Nessuno;Patrimonio indisponibile;Utilizzato direttamente;Altro;;;;1;False
687240;L219;1145;74;60;65.0;FABBRICATO;via maddalene;10;45.0903236;7.70741;Abitazione;Dal 1961 al 1970;Nessuno;Patrimonio indisponibile;Utilizzato direttamente;Altro;;;;1;False
687241;L219;1145;74;61;78.0;FABBRICATO;via maddalene;10;45.0903236;7.70741;Abitazione;Dal 1961 al 1970;Nessuno;Patrimonio indisponibile;Utilizzato direttamente;Altro;;;;1;False
687242;L219;1145;74;62;91.0;FABBRICATO;via maddalene;10;45.0903236;7.70741;Abitazione;Dal 1961 al 1970;Nessuno;Patrimonio indisponibile;Utilizzato direttamente;Altro;;;;1;False
687243;L219;1145;74;63;64.0;FABBRICATO;via maddalene;10;45.0903236;7.70741;Abitazione;Dal 1961 al 1970;Nessuno;Patrimonio indisponibile;Utilizzato direttamente;Altro;;;;1;False
687244;L219;1145;74;64;80.0;FABBRICATO;via maddalene;10;45.0903236;7.70741;Abitazione;Dal 1961 al 1970;Nessuno;Patrimonio indisponibile;Utilizzato direttamente;Altro;;;;1;False
687245;L219;1145;74;65;92.0;FABBRICATO;via maddalene;10;45.0903236;7.70741;Abitazione;Dal 1961 al 1970;Nessuno;Patrimonio indisponibile;Utilizzato direttamente;Altro;;;;1;False
687246;L219;1145;74;66;66.0;FABBRICATO;via maddalene;10;45.0903236;7.70741;Abitazione;Dal 1961 al 1970;Nessuno;Patrimonio indisponibile;Utilizzato direttamente;Altro;;;;1;False
687247;L219;1145;74;67;81.0;FABBRICATO;via maddalene;10;45.0903236;7.70741;Abitazione;Dal 1961 al 1970;Nessuno;Patrimonio indisponibile;Utilizzato direttamente;Altro;;;;1;False
687248;L219;1145;74;68;90.0;FABBRICATO;via maddalene;10;45.0903236;7.70741;Abitazione;Dal 1961 al 1970;Nessuno;Patrimonio indisponibile;Utilizzato direttamente;Altro;;;;1;False
687249;L219;1145;74;69;65.0;FABBRICATO;via maddalene;10;45.0903236;7.70741;Abitazione;Dal 1961 al 1970;Nessuno;Patrimonio indisponibile;Utilizzato direttamente;Altro;;;;1;False
687250;L219;1145;74;7;58.0;FABBRICATO;via maddalene;10;45.0903236;7.70741;Abitazione;Dal 1961 al 1970;Nessuno;Patrimonio indisponibile;Utilizzato direttamente;Altro;;;;1;False
687251;L219;1145;74;70;80.0;FABBRICATO;via maddalene;10;45.0903236;7.70741;Abitazione;Dal 1961 al 1970;Nessuno;Patrimonio indisponibile;Utilizzato direttamente;Altro;;;;1;False
687252;L219;1145;74;71;91.0;FABBRICATO;via maddalene;10;45.0903236;7.70741;Abitazione;Dal 1961 al 1970;Nessuno;Patrimonio indisponibile;Utilizzato direttamente;Altro;;;;1;False
687253;L219;1145;74;72;66.0;FABBRICATO;via maddalene;10;45.0903236;7.70741;Abitazione;Dal 1961 al 1970;Nessuno;Patrimonio indisponibile;Utilizzato direttamente;Altro;;;;1;False
687254;L219;1145;74;8;84.0;FABBRICATO;via maddalene;10;45.0903236;7.70741;Abitazione;Dal 1961 al 1970;Nessuno;Patrimonio indisponibile;Utilizzato direttamente;Altro;;;;1;False
687255;L219;1145;74;9;57.0;FABBRICATO;via maddalene;10;45.0903236;7.70741;Abitazione;Dal 1961 al 1970;Nessuno;Patrimonio indisponibile;Utilizzato direttamente;Altro;;;;1;False
687257;L219;1043;10;26;78.0;FABBRICATO;corso vercelli;491 13;45.1201654;7.7099907;Abitazione;Dal 1919 al 1945;Dichiarazione di interesse culturale;Demanio;Utilizzato direttamente;Altro;;;;1;False
687258;L219;1043;10;27;51.0;FABBRICATO;corso vercelli;491 13;45.1201654;7.7099907;Abitazione;Dal 1919 al 1945;Dichiarazione di interesse culturale;Demanio;Utilizzato direttamente;Altro;;;;1;False
687259;L219;1043;10;28;54.0;FABBRICATO;corso vercelli;491 13;45.1201654;7.7099907;Abitazione;Dal 1919 al 1945;Dichiarazione di interesse culturale;Demanio;Utilizzato direttamente;Altro;;;;1;False
687260;L219;1043;10;29;52.0;FABBRICATO;corso vercelli;491 13;45.1201654;7.7099907;Abitazione;Dal 1919 al 1945;Dichiarazione di interesse culturale;Demanio;Utilizzato direttamente;Altro;;;;1;False
687261;L219;1043;10;30;79.0;FABBRICATO;corso vercelli;491 13;45.1201654;7.7099907;Abitazione;Dal 1919 al 1945;Dichiarazione di interesse culturale;Demanio;Utilizzato direttamente;Altro;;;;1;False
687267;L219;1043;10;21;51.0;FABBRICATO;corso vercelli;491 13;45.1201654;7.7099907;Abitazione;Dal 1919 al 1945;Dichiarazione di interesse culturale;Demanio;Utilizzato direttamente;Altro;;;;1;False
687268;L219;1043;10;22;77.0;FABBRICATO;corso vercelli;491 13;45.1201654;7.7099907;Abitazione;Dal 1919 al 1945;Dichiarazione di interesse culturale;Demanio;Utilizzato direttamente;Altro;;;;1;False
687269;L219;1043;10;23;51.0;FABBRICATO;corso vercelli;491 13;45.1201654;7.7099907;Abitazione;Dal 1919 al 1945;Dichiarazione di interesse culturale;Demanio;Utilizzato direttamente;Altro;;;;1;False
687270;L219;1043;10;24;53.0;FABBRICATO;corso vercelli;491 13;45.1201654;7.7099907;Abitazione;Dal 1919 al 1945;Dichiarazione di interesse culturale;Demanio;Utilizzato direttamente;Altro;;;;1;False
687271;L219;1043;10;25;52.0;FABBRICATO;corso vercelli;491 13;45.1201654;7.7099907;Abitazione;Dal 1919 al 1945;Dichiarazione di interesse culturale;Demanio;Utilizzato direttamente;Altro;;;;1;False
687349;L219;1043;12;30;52.0;FABBRICATO;corso vercelli;483 9;45.119656;7.7092692;Abitazione;Dal 1919 al 1945;Dichiarazione di interesse culturale;Demanio;Utilizzato direttamente;Altro;;;;1;False
687350;L219;1043;12;31;78.0;FABBRICATO;corso vercelli;483 9;45.119656;7.7092692;Abitazione;Dal 1919 al 1945;Dichiarazione di interesse culturale;Demanio;Utilizzato direttamente;Altro;;;;1;False
687353;L219;1043;12;19;56.0;FABBRICATO;corso vercelli;483 9;45.119656;7.7092692;Abitazione;Dal 1919 al 1945;Dichiarazione di interesse culturale;Demanio;Utilizzato direttamente;Altro;;;;1;False
687354;L219;1043;12;20;46.0;FABBRICATO;corso vercelli;483 9;45.119656;7.7092692;Abitazione;Dal 1919 al 1945;Dichiarazione di interesse culturale;Demanio;Utilizzato direttamente;Altro;;;;1;False
687355;L219;1043;12;21;49.0;FABBRICATO;corso vercelli;483 9;45.119656;7.7092692;Abitazione;Dal 1919 al 1945;Dichiarazione di interesse culturale;Demanio;Utilizzato direttamente;Altro;;;;1;False
687356;L219;1043;12;22;50.0;FABBRICATO;corso vercelli;483 9;45.119656;7.7092692;Abitazione;Dal 1919 al 1945;Dichiarazione di interesse culturale;Demanio;Utilizzato direttamente;Altro;;;;1;False
687357;L219;1043;12;23;78.0;FABBRICATO;corso vercelli;483 9;45.119656;7.7092692;Abitazione;Dal 1919 al 1945;Dichiarazione di interesse culturale;Demanio;Utilizzato direttamente;Altro;;;;1;False
687358;L219;1043;12;24;53.0;FABBRICATO;corso vercelli;483 9;45.119656;7.7092692;Abitazione;Dal 1919 al 1945;Dichiarazione di interesse culturale;Demanio;Utilizzato direttamente;Altro;;;;1;False
687359;L219;1043;12;25;51.0;FABBRICATO;corso vercelli;483 9;45.119656;7.7092692;Abitazione;Dal 1919 al 1945;Dichiarazione di interesse culturale;Demanio;Utilizzato direttamente;Altro;;;;1;False
687360;L219;1043;12;26;51.0;FABBRICATO;corso vercelli;483 9;45.119656;7.7092692;Abitazione;Dal 1919 al 1945;Dichiarazione di interesse culturale;Demanio;Utilizzato direttamente;Altro;;;;1;False
687361;L219;1043;12;27;77.0;FABBRICATO;corso vercelli;483 9;45.119656;7.7092692;Abitazione;Dal 1919 al 1945;Dichiarazione di interesse culturale;Demanio;Utilizzato direttamente;Altro;;;;1;False
687362;L219;1043;12;28;51.0;FABBRICATO;corso vercelli;483 9;45.119656;7.7092692;Abitazione;Dal 1919 al 1945;Dichiarazione di interesse culturale;Demanio;Utilizzato direttamente;Altro;;;;1;False
687363;L219;1043;12;29;53.0;FABBRICATO;corso vercelli;483 9;45.119656;7.7092692;Abitazione;Dal 1919 al 1945;Dichiarazione di interesse culturale;Demanio;Utilizzato direttamente;Altro;;;;1;False
687364;L219;1043;13;19;52.0;FABBRICATO;corso vercelli;487 10;45.1197849;7.7097167;Abitazione;Dal 1919 al 1945;Dichiarazione di interesse culturale;Demanio;Utilizzato direttamente;Altro;;;;1;False
687365;L219;1043;13;26;78.0;FABBRICATO;corso vercelli;487 10;45.1197849;7.7097167;Abitazione;Dal 1919 al 1945;Dichiarazione di interesse culturale;Demanio;Utilizzato direttamente;Altro;;;;1;False
687366;L219;1043;13;27;53.0;FABBRICATO;corso vercelli;487 10;45.1197849;7.7097167;Abitazione;Dal 1919 al 1945;Dichiarazione di interesse culturale;Demanio;Utilizzato direttamente;Altro;;;;1;False
687367;L219;1043;13;28;51.0;FABBRICATO;corso vercelli;487 10;45.1197849;7.7097167;Abitazione;Dal 1919 al 1945;Dichiarazione di interesse culturale;Demanio;Utilizzato direttamente;Altro;;;;1;False
687368;L219;1043;13;29;52.0;FABBRICATO;corso vercelli;487 10;45.1197849;7.7097167;Abitazione;Dal 1919 al 1945;Dichiarazione di interesse culturale;Demanio;Utilizzato direttamente;Altro;;;;1;False
687369;L219;1043;13;30;79.0;FABBRICATO;corso vercelli;487 10;45.1197849;7.7097167;Abitazione;Dal 1919 al 1945;Dichiarazione di interesse culturale;Demanio;Utilizzato direttamente;Altro;;;;1;False
687372;L219;1043;13;20;78.0;FABBRICATO;corso vercelli;487 10;45.1197849;7.7097167;Abitazione;Dal 1919 al 1945;Dichiarazione di interesse culturale;Demanio;Utilizzato direttamente;Altro;;;;1;False
687375;L219;1043;13;22;51.0;FABBRICATO;corso vercelli;487 10;45.1197849;7.7097167;Abitazione;Dal 1919 al 1945;Dichiarazione di interesse culturale;Demanio;Utilizzato direttamente;Altro;;;;1;False
687376;L219;1043;13;23;78.0;FABBRICATO;corso vercelli;487 10;45.1197849;7.7097167;Abitazione;Dal 1919 al 1945;Dichiarazione di interesse culturale;Demanio;Utilizzato direttamente;Altro;;;;1;False
687379;L219;1043;13;25;51.0;FABBRICATO;corso vercelli;487 10;45.1197849;7.7097167;Abitazione;Dal 1919 al 1945;Dichiarazione di interesse culturale;Demanio;Utilizzato direttamente;Altro;;;;1;False
687380;L219;1145;75;1;62.0;FABBRICATO;via leoncavallo ruggero;111;45.0904536;7.7080136;Abitazione;Dal 1961 al 1970;Nessuno;Patrimonio indisponibile;Utilizzato direttamente;Altro;;;;1;False
687381;L219;1145;75;10;80.0;FABBRICATO;via leoncavallo ruggero;111;45.0904536;7.7080136;Abitazione;Dal 1961 al 1970;Nessuno;Patrimonio indisponibile;Utilizzato direttamente;Altro;;;;1;False
687382;L219;1145;75;11;62.0;FABBRICATO;via leoncavallo ruggero;111;45.0904536;7.7080136;Abitazione;Dal 1961 al 1970;Nessuno;Patrimonio indisponibile;Utilizzato direttamente;Altro;;;;1;False
687383;L219;1145;75;12;82.0;FABBRICATO;via leoncavallo ruggero;111;45.0904536;7.7080136;Abitazione;Dal 1961 al 1970;Nessuno;Patrimonio indisponibile;Utilizzato direttamente;Altro;;;;1;False
687384;L219;1145;75;13;60.0;FABBRICATO;via leoncavallo ruggero;111;45.0904536;7.7080136;Abitazione;Dal 1961 al 1970;Nessuno;Patrimonio indisponibile;Utilizzato direttamente;Altro;;;;1;False
687385;L219;1145;75;14;83.0;FABBRICATO;via leoncavallo ruggero;111;45.0904536;7.7080136;Abitazione;Dal 1961 al 1970;Nessuno;Patrimonio indisponibile;Utilizzato direttamente;Altro;;;;1;False
687386;L219;1145;75;15;61.0;FABBRICATO;via leoncavallo ruggero;111;45.0904536;7.7080136;Abitazione;Dal 1961 al 1970;Nessuno;Patrimonio indisponibile;Utilizzato direttamente;Altro;;;;1;False
687387;L219;1145;75;16;81.0;FABBRICATO;via leoncavallo ruggero;111;45.0904536;7.7080136;Abitazione;Dal 1961 al 1970;Nessuno;Patrimonio indisponibile;Utilizzato direttamente;Altro;;;;1;False
687388;L219;1145;75;17;83.0;FABBRICATO;Via Maddalene;14;45.0904536;7.7080136;Abitazione;Dal 1961 al 1970;Nessuno;Patrimonio indisponibile;Utilizzato direttamente;Altro;;;;1;False
687389;L219;1145;75;18;89.0;FABBRICATO;Via Maddalene;14;45.0904536;7.7080136;Abitazione;Dal 1961 al 1970;Nessuno;Patrimonio indisponibile;Utilizzato direttamente;Altro;;;;1;False
687390;L219;1145;75;19;66.0;FABBRICATO;Via Maddalene;14;45.0904536;7.7080136;Abitazione;Dal 1961 al 1970;Nessuno;Patrimonio indisponibile;Utilizzato direttamente;Altro;;;;1;False
687391;L219;1145;75;2;80.0;FABBRICATO;via leoncavallo ruggero;111;45.0904536;7.7080136;Abitazione;Dal 1961 al 1970;Nessuno;Patrimonio indisponibile;Utilizzato direttamente;Altro;;;;1;False
687392;L219;1145;75;20;83.0;FABBRICATO;Via Maddalene;14;45.0904536;7.7080136;Abitazione;Dal 1961 al 1970;Nessuno;Patrimonio indisponibile;Utilizzato direttamente;Altro;;;;1;False
687393;L219;1145;75;21;88.0;FABBRICATO;Via Maddalene;14;45.0904536;7.7080136;Abitazione;Dal 1961 al 1970;Nessuno;Patrimonio indisponibile;Utilizzato direttamente;Altro;;;;1;False
687394;L219;1145;75;22;67.0;FABBRICATO;Via Maddalene;14;45.0904536;7.7080136;Abitazione;Dal 1961 al 1970;Nessuno;Patrimonio indisponibile;Utilizzato direttamente;Altro;;;;1;False
687395;L219;1145;75;23;82.0;FABBRICATO;Via Maddalene;14;45.0904536;7.7080136;Abitazione;Dal 1961 al 1970;Nessuno;Patrimonio indisponibile;Utilizzato direttamente;Altro;;;;1;False
687396;L219;1145;75;24;88.0;FABBRICATO;Via Maddalene;14;45.0904536;7.7080136;Abitazione;Dal 1961 al 1970;Nessuno;Patrimonio indisponibile;Utilizzato direttamente;Altro;;;;1;False
687397;L219;1145;75;25;67.0;FABBRICATO;Via Maddalene;14;45.0904536;7.7080136;Abitazione;Dal 1961 al 1970;Nessuno;Patrimonio indisponibile;Utilizzato direttamente;Altro;;;;1;False
687398;L219;1145;75;26;82.0;FABBRICATO;Via Maddalene;14;45.0904536;7.7080136;Abitazione;Dal 1961 al 1970;Nessuno;Patrimonio indisponibile;Utilizzato direttamente;Altro;;;;1;False
687399;L219;1145;75;27;87.0;FABBRICATO;Via Maddalene;14;45.0904536;7.7080136;Abitazione;Dal 1961 al 1970;Nessuno;Patrimonio indisponibile;Utilizzato direttamente;Altro;;;;1;False
687400;L219;1145;75;28;66.0;FABBRICATO;Via Maddalene;14;45.0904536;7.7080136;Abitazione;Dal 1961 al 1970;Nessuno;Patrimonio indisponibile;Utilizzato direttamente;Altro;;;;1;False
687401;L219;1145;75;29;83.0;FABBRICATO;Via Maddalene;14;45.0904536;7.7080136;Abitazione;Dal 1961 al 1970;Nessuno;Patrimonio indisponibile;Utilizzato direttamente;Altro;;;;1;False
687402;L219;1145;75;3;61.0;FABBRICATO;via leoncavallo ruggero;111;45.0904536;7.7080136;Abitazione;Dal 1961 al 1970;Nessuno;Patrimonio indisponibile;Utilizzato direttamente;Altro;;;;1;False
687403;L219;1145;75;30;89.0;FABBRICATO;Via Maddalene;14;45.0904536;7.7080136;Abitazione;Dal 1961 al 1970;Nessuno;Patrimonio indisponibile;Utilizzato direttamente;Altro;;;;1;False
687404;L219;1145;75;31;66.0;FABBRICATO;Via Maddalene;14;45.0904536;7.7080136;Abitazione;Dal 1961 al 1970;Nessuno;Patrimonio indisponibile;Utilizzato direttamente;Altro;;;;1;False
687405;L219;1145;75;32;81.0;FABBRICATO;Via Maddalene;14;45.0904536;7.7080136;Abitazione;Dal 1961 al 1970;Nessuno;Patrimonio indisponibile;Utilizzato direttamente;Altro;;;;1;False
687406;L219;1145;75;33;87.0;FABBRICATO;Via Maddalene;14;45.0904536;7.7080136;Abitazione;Dal 1961 al 1970;Nessuno;Patrimonio indisponibile;Utilizzato direttamente;Altro;;;;1;False
687407;L219;1145;75;34;64.0;FABBRICATO;Via Maddalene;14;45.0904536;7.7080136;Abitazione;Dal 1961 al 1970;Nessuno;Patrimonio indisponibile;Utilizzato direttamente;Altro;;;;1;False
687408;L219;1145;75;36;89.0;FABBRICATO;Via Maddalene;14;45.0904536;7.7080136;Abitazione;Dal 1961 al 1970;Nessuno;Patrimonio indisponibile;Utilizzato direttamente;Altro;;;;1;False
687409;L219;1145;75;37;67.0;FABBRICATO;Via Maddalene;14;45.0904536;7.7080136;Abitazione;Dal 1961 al 1970;Nessuno;Patrimonio indisponibile;Utilizzato direttamente;Altro;;;;1;False
687410;L219;1145;75;38;82.0;FABBRICATO;Via Maddalene;14;45.0904536;7.7080136;Abitazione;Dal 1961 al 1970;Nessuno;Patrimonio indisponibile;Utilizzato direttamente;Altro;;;;1;False
687411;L219;1145;75;39;88.0;FABBRICATO;Via Maddalene;14;45.0904536;7.7080136;Abitazione;Dal 1961 al 1970;Nessuno;Patrimonio indisponibile;Utilizzato direttamente;Altro;;;;1;False
687412;L219;1145;75;4;80.0;FABBRICATO;via leoncavallo ruggero;111;45.0904536;7.7080136;Abitazione;Dal 1961 al 1970;Nessuno;Patrimonio indisponibile;Utilizzato direttamente;Altro;;;;1;False
687413;L219;1145;75;40;68.0;FABBRICATO;Via Maddalene;14;45.0904536;7.7080136;Abitazione;Dal 1961 al 1970;Nessuno;Patrimonio indisponibile;Utilizzato direttamente;Altro;;;;1;False
687414;L219;1145;75;42;91.0;FABBRICATO;Via Maddalene;14;45.0904536;7.7080136;Abitazione;Dal 1961 al 1970;Nessuno;Patrimonio indisponibile;Utilizzato direttamente;Altro;;;;1;False
687415;L219;1145;75;5;60.0;FABBRICATO;via leoncavallo ruggero;111;45.0904536;7.7080136;Abitazione;Dal 1961 al 1970;Nessuno;Patrimonio indisponibile;Utilizzato direttamente;Altro;;;;1;False
687416;L219;1145;75;6;81.0;FABBRICATO;via leoncavallo ruggero;111;45.0904536;7.7080136;Abitazione;Dal 1961 al 1970;Nessuno;Patrimonio indisponibile;Utilizzato direttamente;Altro;;;;1;False
687417;L219;1145;75;7;61.0;FABBRICATO;via leoncavallo ruggero;111;45.0904536;7.7080136;Abitazione;Dal 1961 al 1970;Nessuno;Patrimonio indisponibile;Utilizzato direttamente;Altro;;;;1;False
687418;L219;1145;75;8;78.0;FABBRICATO;via leoncavallo ruggero;111;45.0904536;7.7080136;Abitazione;Dal 1961 al 1970;Nessuno;Patrimonio indisponibile;Utilizzato direttamente;Altro;;;;1;False
687419;L219;1145;75;9;63.0;FABBRICATO;via leoncavallo ruggero;111;45.0904536;7.7080136;Abitazione;Dal 1961 al 1970;Nessuno;Patrimonio indisponibile;Utilizzato direttamente;Altro;;;;1;False
687422;L219;1043;14;19;53.0;FABBRICATO;corso vercelli;491 11;45.1199126;7.7101329;Abitazione;Dal 1919 al 1945;Dichiarazione di interesse culturale;Demanio;Utilizzato direttamente;Altro;;;;1;False
687423;L219;1043;14;26;78.0;FABBRICATO;corso vercelli;491 11;45.1199126;7.7101329;Abitazione;Dal 1919 al 1945;Dichiarazione di interesse culturale;Demanio;Utilizzato direttamente;Altro;;;;1;False
687426;L219;1043;14;28;51.0;FABBRICATO;corso vercelli;491 11;45.1199126;7.7101329;Abitazione;Dal 1919 al 1945;Dichiarazione di interesse culturale;Demanio;Utilizzato direttamente;Altro;;;;1;False
687427;L219;1043;14;29;77.0;FABBRICATO;corso vercelli;491 11;45.1199126;7.7101329;Abitazione;Dal 1919 al 1945;Dichiarazione di interesse culturale;Demanio;Utilizzato direttamente;Altro;;;;1;False
687428;L219;1043;14;30;52.0;FABBRICATO;corso vercelli;491 11;45.1199126;7.7101329;Abitazione;Dal 1919 al 1945;Dichiarazione di interesse culturale;Demanio;Utilizzato direttamente;Altro;;;;1;False
687429;L219;1043;14;31;51.0;FABBRICATO;corso vercelli;491 11;45.1199126;7.7101329;Abitazione;Dal 1919 al 1945;Dichiarazione di interesse culturale;Demanio;Utilizzato direttamente;Altro;;;;1;False
687430;L219;1043;14;20;77.0;FABBRICATO;corso vercelli;491 11;45.1199126;7.7101329;Abitazione;Dal 1919 al 1945;Dichiarazione di interesse culturale;Demanio;Utilizzato direttamente;Altro;;;;1;False
687435;L219;1043;14;23;51.0;FABBRICATO;corso vercelli;491 11;45.1199126;7.7101329;Abitazione;Dal 1919 al 1945;Dichiarazione di interesse culturale;Demanio;Utilizzato direttamente;Altro;;;;1;False
687436;L219;1043;14;24;52.0;FABBRICATO;corso vercelli;491 11;45.1199126;7.7101329;Abitazione;Dal 1919 al 1945;Dichiarazione di interesse culturale;Demanio;Utilizzato direttamente;Altro;;;;1;False
687437;L219;1043;14;25;52.0;FABBRICATO;corso vercelli;491 11;45.1199126;7.7101329;Abitazione;Dal 1919 al 1945;Dichiarazione di interesse culturale;Demanio;Utilizzato direttamente;Altro;;;;1;False
687439;L219;1043;18;28;52.0;FABBRICATO;corso vercelli;483 6;45.119419;7.7094427;Abitazione;Dal 1919 al 1945;Dichiarazione di interesse culturale;Demanio;Utilizzato direttamente;Altro;;;;1;False
687440;L219;1043;18;27;78.0;FABBRICATO;corso vercelli;483 6;45.119419;7.7094427;Abitazione;Dal 1919 al 1945;Dichiarazione di interesse culturale;Demanio;Utilizzato direttamente;Altro;;;;1;False
687443;L219;1043;18;22;52.0;FABBRICATO;corso vercelli;483 6;45.119419;7.7094427;Abitazione;Dal 1919 al 1945;Dichiarazione di interesse culturale;Demanio;Utilizzato direttamente;Altro;;;;1;False
687444;L219;1043;18;21;78.0;FABBRICATO;corso vercelli;483 6;45.119419;7.7094427;Abitazione;Dal 1919 al 1945;Dichiarazione di interesse culturale;Demanio;Utilizzato direttamente;Altro;;;;1;False
687445;L219;1043;18;20;51.0;FABBRICATO;corso vercelli;483 6;45.119419;7.7094427;Abitazione;Dal 1919 al 1945;Dichiarazione di interesse culturale;Demanio;Utilizzato direttamente;Altro;;;;1;False
687446;L219;1043;18;19;50.0;FABBRICATO;corso vercelli;483 6;45.119419;7.7094427;Abitazione;Dal 1919 al 1945;Dichiarazione di interesse culturale;Demanio;Utilizzato direttamente;Altro;;;;1;False
687449;L219;1043;18;24;53.0;FABBRICATO;corso vercelli;483 6;45.119419;7.7094427;Abitazione;Dal 1919 al 1945;Dichiarazione di interesse culturale;Demanio;Utilizzato direttamente;Altro;;;;1;False
687450;L219;1043;18;23;51.0;FABBRICATO;corso vercelli;483 6;45.119419;7.7094427;Abitazione;Dal 1919 al 1945;Dichiarazione di interesse culturale;Demanio;Utilizzato direttamente;Altro;;;;1;False
687457;L219;1043;19;21;50.0;FABBRICATO;corso vercelli;487 7;45.1195375;7.7098654;Abitazione;Dal 1919 al 1945;Dichiarazione di interesse culturale;Demanio;Utilizzato direttamente;Altro;;;;1;False
687461;L219;1043;19;30;51.0;FABBRICATO;corso vercelli;487 7;45.1195375;7.7098654;Abitazione;Dal 1919 al 1945;Dichiarazione di interesse culturale;Demanio;Utilizzato direttamente;Altro;;;;1;False
687462;L219;1043;19;29;79.0;FABBRICATO;corso vercelli;487 7;45.1195375;7.7098654;Abitazione;Dal 1919 al 1945;Dichiarazione di interesse culturale;Demanio;Utilizzato direttamente;Altro;;;;1;False
687463;L219;1043;19;28;52.0;FABBRICATO;corso vercelli;487 7;45.1195375;7.7098654;Abitazione;Dal 1919 al 1945;Dichiarazione di interesse culturale;Demanio;Utilizzato direttamente;Altro;;;;1;False
687464;L219;1043;19;27;53.0;FABBRICATO;corso vercelli;487 7;45.1195375;7.7098654;Abitazione;Dal 1919 al 1945;Dichiarazione di interesse culturale;Demanio;Utilizzato direttamente;Altro;;;;1;False
687465;L219;1043;19;20;78.0;FABBRICATO;corso vercelli;487 7;45.1195375;7.7098654;Abitazione;Dal 1919 al 1945;Dichiarazione di interesse culturale;Demanio;Utilizzato direttamente;Altro;;;;1;False
687470;L219;1043;19;23;52.0;FABBRICATO;corso vercelli;487 7;45.1195375;7.7098654;Abitazione;Dal 1919 al 1945;Dichiarazione di interesse culturale;Demanio;Utilizzato direttamente;Altro;;;;1;False
687471;L219;1043;19;22;53.0;FABBRICATO;corso vercelli;487 7;45.1195375;7.7098654;Abitazione;Dal 1919 al 1945;Dichiarazione di interesse culturale;Demanio;Utilizzato direttamente;Altro;;;;1;False
687473;L219;1145;76;1;152.0;FABBRICATO;via ghedini giorgio;22;45.0908371;7.710038;Abitazione;Dal 1946 al 1960;Nessuno;Patrimonio indisponibile;Utilizzato direttamente;Alloggio di servizio, foresterie;;;;1;False
687474;L219;1145;76;5;1307.25;FABBRICATO;via ghedini giorgio;22;45.0908371;7.710038;Edificio scolastico (es.: scuola di ogni ordine e grado, università, scuola di formazione);Dal 1946 al 1960;Nessuno;Patrimonio indisponibile;Utilizzato direttamente;Attività didattica;;;;1;False
687486;L219;1043;221;10;116.0;FABBRICATO;Via Cavagnolo;35;45.1167094;7.7073511;Abitazione;Dal 1981 al 1990;Nessuno;Patrimonio indisponibile;Utilizzato direttamente;Alloggio di servizio, foresterie;;;;1;False
687487;L219;1043;221;4;1419.75;FABBRICATO;Via Cavagnolo;35;45.1167094;7.7073511;Edificio scolastico (es.: scuola di ogni ordine e grado, università, scuola di formazione);Dal 1981 al 1990;Nessuno;Patrimonio indisponibile;Utilizzato direttamente;Attività sportiva, ricreativa e di intrattenimento;;;;1;False
687488;L219;1043;221;5;1829.25;FABBRICATO;Via Cavagnolo;35;45.1167094;7.7073511;Edificio scolastico (es.: scuola di ogni ordine e grado, università, scuola di formazione);Dal 1981 al 1990;Nessuno;Patrimonio indisponibile;Utilizzato direttamente;Attività didattica;;;;1;False
687489;L219;1043;221;6;812.0;FABBRICATO;Via Cavagnolo;35;45.1167094;7.7073511;Edificio scolastico (es.: scuola di ogni ordine e grado, università, scuola di formazione);Dal 1981 al 1990;Nessuno;Patrimonio indisponibile;Utilizzato direttamente;Attività didattica;;;;1;False
687490;L219;1043;221;7;559.25;FABBRICATO;Via Cavagnolo;35;45.1167094;7.7073511;Edificio scolastico (es.: scuola di ogni ordine e grado, università, scuola di formazione);Dal 1981 al 1990;Nessuno;Patrimonio indisponibile;Utilizzato direttamente;Attività didattica;;;;1;False
687491;L219;1043;221;8;914.5;FABBRICATO;Via Stefano Tempia;6;45.1167094;7.7073511;Edificio scolastico (es.: scuola di ogni ordine e grado, università, scuola di formazione);Dal 1981 al 1990;Nessuno;Patrimonio indisponibile;Utilizzato direttamente;Attività didattica;;;;1;False
687492;L219;1043;221;9;1454.5;FABBRICATO;Via Stefano Tempia;6;45.1167094;7.7073511;Edificio scolastico (es.: scuola di ogni ordine e grado, università, scuola di formazione);Dal 1981 al 1990;Nessuno;Patrimonio indisponibile;Utilizzato direttamente;Attività didattica;;;;1;False
687499;L219;1043;36;26;77.0;FABBRICATO;corso vercelli;483 4;45.1191459;7.7095702;Abitazione;Dal 1919 al 1945;Dichiarazione di interesse culturale;Demanio;Utilizzato direttamente;Altro;;;;1;False
687500;L219;1043;36;27;53.0;FABBRICATO;corso vercelli;483 4;45.1191459;7.7095702;Abitazione;Dal 1919 al 1945;Dichiarazione di interesse culturale;Demanio;Utilizzato direttamente;Altro;;;;1;False
687501;L219;1043;36;28;52.0;FABBRICATO;corso vercelli;483 4;45.1191459;7.7095702;Abitazione;Dal 1919 al 1945;Dichiarazione di interesse culturale;Demanio;Utilizzato direttamente;Altro;;;;1;False
687502;L219;1043;36;29;51.0;FABBRICATO;corso vercelli;483 4;45.1191459;7.7095702;Abitazione;Dal 1919 al 1945;Dichiarazione di interesse culturale;Demanio;Utilizzato direttamente;Altro;;;;1;False
687503;L219;1043;36;30;77.0;FABBRICATO;corso vercelli;483 4;45.1191459;7.7095702;Abitazione;Dal 1919 al 1945;Dichiarazione di interesse culturale;Demanio;Utilizzato direttamente;Altro;;;;1;False
687509;L219;1043;36;21;50.0;FABBRICATO;corso vercelli;483 4;45.1191459;7.7095702;Abitazione;Dal 1919 al 1945;Dichiarazione di interesse culturale;Demanio;Utilizzato direttamente;Altro;;;;1;False
687510;L219;1043;36;22;78.0;FABBRICATO;corso vercelli;483 4;45.1191459;7.7095702;Abitazione;Dal 1919 al 1945;Dichiarazione di interesse culturale;Demanio;Utilizzato direttamente;Altro;;;;1;False
687511;L219;1043;36;23;52.0;FABBRICATO;corso vercelli;483 4;45.1191459;7.7095702;Abitazione;Dal 1919 al 1945;Dichiarazione di interesse culturale;Demanio;Utilizzato direttamente;Altro;;;;1;False
687512;L219;1043;36;24;51.0;FABBRICATO;corso vercelli;483 4;45.1191459;7.7095702;Abitazione;Dal 1919 al 1945;Dichiarazione di interesse culturale;Demanio;Utilizzato direttamente;Altro;;;;1;False
687513;L219;1043;36;25;52.0;FABBRICATO;corso vercelli;483 4;45.1191459;7.7095702;Abitazione;Dal 1919 al 1945;Dichiarazione di interesse culturale;Demanio;Utilizzato direttamente;Altro;;;;1;False
687519;L219;1145;82;;177.2;FABBRICATO;via moncrivello;12;45.0897394;7.7084494;Struttura residenziale collettiva (es.: collegi e convitti, educandati, ricoveri, orfanotrofi, ospizi, conventi, seminari);Prima del 1919;Nessuno;Patrimonio indisponibile;Utilizzato direttamente;Attività di culto o assimilabili;;;;1;False
687520;L219;1043;7;22;52.0;FABBRICATO;corso vercelli;491 16;45.1204147;7.7098685;Abitazione;Dal 1919 al 1945;Dichiarazione di interesse culturale;Demanio;Utilizzato direttamente;Altro;;;;1;False
687521;L219;1043;7;28;77.0;FABBRICATO;corso vercelli;491 16;45.1204147;7.7098685;Abitazione;Dal 1919 al 1945;Dichiarazione di interesse culturale;Demanio;Utilizzato direttamente;Altro;;;;1;False
687526;L219;1043;7;31;50.0;FABBRICATO;corso vercelli;491 16;45.1204147;7.7098685;Abitazione;Dal 1919 al 1945;Dichiarazione di interesse culturale;Demanio;Utilizzato direttamente;Altro;;;;1;False
687527;L219;1043;7;30;51.0;FABBRICATO;corso vercelli;491 16;45.1204147;7.7098685;Abitazione;Dal 1919 al 1945;Dichiarazione di interesse culturale;Demanio;Utilizzato direttamente;Altro;;;;1;False
687528;L219;1043;7;21;79.0;FABBRICATO;corso vercelli;491 16;45.1204147;7.7098685;Abitazione;Dal 1919 al 1945;Dichiarazione di interesse culturale;Demanio;Utilizzato direttamente;Altro;;;;1;False
687529;L219;1043;7;20;52.0;FABBRICATO;corso vercelli;491 16;45.1204147;7.7098685;Abitazione;Dal 1919 al 1945;Dichiarazione di interesse culturale;Demanio;Utilizzato direttamente;Altro;;;;1;False
687530;L219;1043;7;19;52.0;FABBRICATO;corso vercelli;491 16;45.1204147;7.7098685;Abitazione;Dal 1919 al 1945;Dichiarazione di interesse culturale;Demanio;Utilizzato direttamente;Altro;;;;1;False
687531;L219;1043;7;26;52.0;FABBRICATO;corso vercelli;491 16;45.1204147;7.7098685;Abitazione;Dal 1919 al 1945;Dichiarazione di interesse culturale;Demanio;Utilizzato direttamente;Altro;;;;1;False
687532;L219;1043;7;25;82.0;FABBRICATO;corso vercelli;491 16;45.1204147;7.7098685;Abitazione;Dal 1919 al 1945;Dichiarazione di interesse culturale;Demanio;Utilizzato direttamente;Altro;;;;1;False
687533;L219;1043;7;24;53.0;FABBRICATO;corso vercelli;491 16;45.1204147;7.7098685;Abitazione;Dal 1919 al 1945;Dichiarazione di interesse culturale;Demanio;Utilizzato direttamente;Altro;;;;1;False
687534;L219;1043;7;23;51.0;FABBRICATO;corso vercelli;491 16;45.1204147;7.7098685;Abitazione;Dal 1919 al 1945;Dichiarazione di interesse culturale;Demanio;Utilizzato direttamente;Altro;;;;1;False
687535;L219;1043;7;29;51.0;FABBRICATO;corso vercelli;491 16;45.1204147;7.7098685;Abitazione;Dal 1919 al 1945;Dichiarazione di interesse culturale;Demanio;Utilizzato direttamente;Altro;;;;1;False
687536;L219;1043;73;110;12.0;FABBRICATO;via tempia stefano;3;45.11743;7.7081348;Cantina, soffitta, rimessa, box, garage, posto auto aperto/scoperto,;Dal 1971 al 1980;Nessuno;Patrimonio indisponibile;Utilizzato direttamente;Altro;;;;1;False
687537;L219;1043;73;117;92.0;FABBRICATO;via tempia stefano;3;45.11743;7.7081348;Abitazione;Dal 1971 al 1980;Nessuno;Patrimonio indisponibile;Utilizzato direttamente;Altro;;;;1;False
687538;L219;1043;73;133;105.0;FABBRICATO;Via Stefano Tempia;0;45.11743;7.7081348;Abitazione;Dal 1971 al 1980;Nessuno;Patrimonio indisponibile;Utilizzato direttamente;Altro;;;;1;False
687539;L219;1043;73;136;96.0;FABBRICATO;Via Stefano Tempia;0;45.11743;7.7081348;Abitazione;Dal 1971 al 1980;Nessuno;Patrimonio indisponibile;Utilizzato direttamente;Altro;;;;1;False
687540;L219;1043;73;146;96.0;FABBRICATO;Via Stefano Tempia;0;45.11743;7.7081348;Abitazione;Dal 1971 al 1980;Nessuno;Patrimonio indisponibile;Utilizzato direttamente;Altro;;;;1;False
687541;L219;1043;73;147;95.0;FABBRICATO;via tempia stefano;3;45.11743;7.7081348;Abitazione;Dal 1971 al 1980;Nessuno;Patrimonio indisponibile;Utilizzato direttamente;Altro;;;;1;False
687542;L219;1043;73;148;96.0;FABBRICATO;Via Stefano Tempia;0;45.11743;7.7081348;Abitazione;Dal 1971 al 1980;Nessuno;Patrimonio indisponibile;Utilizzato direttamente;Altro;;;;1;False
687543;L219;1043;73;156;80.0;FABBRICATO;via tempia stefano;3;45.11743;7.7081348;Abitazione;Dal 1971 al 1980;Nessuno;Patrimonio indisponibile;Utilizzato direttamente;Altro;;;;1;False
687544;L219;1043;73;157;96.0;FABBRICATO;Via Stefano Tempia;0;45.11743;7.7081348;Abitazione;Dal 1971 al 1980;Nessuno;Patrimonio indisponibile;Utilizzato direttamente;Altro;;;;1;False
687545;L219;1043;73;161;100.0;FABBRICATO;Via Stefano Tempia;0;45.11743;7.7081348;Abitazione;Dal 1971 al 1980;Nessuno;Patrimonio indisponibile;Utilizzato direttamente;Altro;;;;1;False
687546;L219;1043;73;162;104.0;FABBRICATO;Via Stefano Tempia;0;45.11743;7.7081348;Abitazione;Dal 1971 al 1980;Nessuno;Patrimonio indisponibile;Utilizzato direttamente;Altro;;;;1;False
687547;L219;1043;73;163;92.0;FABBRICATO;Via Stefano Tempia;0;45.11743;7.7081348;Abitazione;Dal 1971 al 1980;Nessuno;Patrimonio indisponibile;Utilizzato direttamente;Altro;;;;1;False
687548;L219;1043;73;173;96.0;FABBRICATO;Via Stefano Tempia;0;45.11743;7.7081348;Abitazione;Dal 1971 al 1980;Nessuno;Patrimonio indisponibile;Utilizzato direttamente;Altro;;;;1;False
687549;L219;1043;73;18;12.0;FABBRICATO;via tempia stefano;3;45.11743;7.7081348;Cantina, soffitta, rimessa, box, garage, posto auto aperto/scoperto,;Dal 1971 al 1980;Nessuno;Patrimonio indisponibile;Utilizzato direttamente;Altro;;;;1;False
687550;L219;1043;73;180;80.0;FABBRICATO;via tempia stefano;3;45.11743;7.7081348;Abitazione;Dal 1971 al 1980;Nessuno;Patrimonio indisponibile;Utilizzato direttamente;Altro;;;;1;False
687551;L219;1043;73;187;96.0;FABBRICATO;Via Stefano Tempia;0;45.11743;7.7081348;Abitazione;Dal 1971 al 1980;Nessuno;Patrimonio indisponibile;Utilizzato direttamente;Altro;;;;1;False
687552;L219;1043;73;192;93.0;FABBRICATO;via tempia stefano;3 B;45.11743;7.7081348;Abitazione;Dal 1971 al 1980;Nessuno;Patrimonio indisponibile;Utilizzato direttamente;Altro;;;;1;False
687553;L219;1043;73;193;101.0;FABBRICATO;via tempia stefano;3;45.11743;7.7081348;Abitazione;Dal 1971 al 1980;Nessuno;Patrimonio indisponibile;Utilizzato direttamente;Altro;;;;1;False
687554;L219;1043;73;203;96.0;FABBRICATO;via tempia stefano;3;45.11743;7.7081348;Abitazione;Dal 1971 al 1980;Nessuno;Patrimonio indisponibile;Utilizzato direttamente;Altro;;;;1;False
687555;L219;1043;73;208;96.0;FABBRICATO;Via Stefano Tempia;0;45.11743;7.7081348;Abitazione;Dal 1971 al 1980;Nessuno;Patrimonio indisponibile;Utilizzato direttamente;Altro;;;;1;False
687556;L219;1043;73;211;96.0;FABBRICATO;via tempia stefano;3 B;45.11743;7.7081348;Abitazione;Dal 1971 al 1980;Nessuno;Patrimonio indisponibile;Utilizzato direttamente;Altro;;;;1;False
687557;L219;1043;73;224;96.0;FABBRICATO;via tempia stefano;3 B;45.11743;7.7081348;Abitazione;Dal 1971 al 1980;Nessuno;Patrimonio indisponibile;Utilizzato direttamente;Altro;;;;1;False
687558;L219;1043;73;3;12.0;FABBRICATO;via tempia stefano;3;45.11743;7.7081348;Cantina, soffitta, rimessa, box, garage, posto auto aperto/scoperto,;Dal 1971 al 1980;Nessuno;Patrimonio indisponibile;Utilizzato direttamente;Altro;;;;1;False
687559;L219;1043;73;32;12.0;FABBRICATO;via tempia stefano;3;45.11743;7.7081348;Cantina, soffitta, rimessa, box, garage, posto auto aperto/scoperto,;Dal 1971 al 1980;Nessuno;Patrimonio indisponibile;Utilizzato direttamente;Altro;;;;1;False
687560;L219;1043;73;47;12.0;FABBRICATO;via tempia stefano;3;45.11743;7.7081348;Cantina, soffitta, rimessa, box, garage, posto auto aperto/scoperto,;Dal 1971 al 1980;Nessuno;Patrimonio indisponibile;Utilizzato direttamente;Altro;;;;1;False
687561;L219;1043;73;50;12.0;FABBRICATO;via tempia stefano;3;45.11743;7.7081348;Cantina, soffitta, rimessa, box, garage, posto auto aperto/scoperto,;Dal 1971 al 1980;Nessuno;Patrimonio indisponibile;Utilizzato direttamente;Altro;;;;1;False
687562;L219;1043;73;53;12.0;FABBRICATO;Via Stefano Tempia;0;45.11743;7.7081348;Cantina, soffitta, rimessa, box, garage, posto auto aperto/scoperto,;Dal 1971 al 1980;Nessuno;Patrimonio indisponibile;Utilizzato direttamente;Altro;;;;1;False
687563;L219;1043;73;66;12.0;FABBRICATO;Via Stefano Tempia;0;45.11743;7.7081348;Cantina, soffitta, rimessa, box, garage, posto auto aperto/scoperto,;Dal 1971 al 1980;Nessuno;Patrimonio indisponibile;Utilizzato direttamente;Altro;;;;1;False
687564;L219;1043;73;74;12.0;FABBRICATO;via tempia stefano;3;45.11743;7.7081348;Cantina, soffitta, rimessa, box, garage, posto auto aperto/scoperto,;Dal 1971 al 1980;Nessuno;Patrimonio indisponibile;Utilizzato direttamente;Altro;;;;1;False
687565;L219;1043;73;79;12.0;FABBRICATO;via tempia stefano;3;45.11743;7.7081348;Cantina, soffitta, rimessa, box, garage, posto auto aperto/scoperto,;Dal 1971 al 1980;Nessuno;Patrimonio indisponibile;Utilizzato direttamente;Altro;;;;1;False
687566;L219;1043;73;81;12.0;FABBRICATO;via tempia stefano;3;45.11743;7.7081348;Cantina, soffitta, rimessa, box, garage, posto auto aperto/scoperto,;Dal 1971 al 1980;Nessuno;Patrimonio indisponibile;Utilizzato direttamente;Altro;;;;1;False
687567;L219;1043;73;85;12.0;FABBRICATO;Via Stefano Tempia;0;45.11743;7.7081348;Cantina, soffitta, rimessa, box, garage, posto auto aperto/scoperto,;Dal 1971 al 1980;Nessuno;Patrimonio indisponibile;Utilizzato direttamente;Altro;;;;1;False
687568;L219;1043;73;88;12.0;FABBRICATO;Via Stefano Tempia;0;45.11743;7.7081348;Cantina, soffitta, rimessa, box, garage, posto auto aperto/scoperto,;Dal 1971 al 1980;Nessuno;Patrimonio indisponibile;Utilizzato direttamente;Altro;;;;1;False
687569;L219;1043;73;90;12.0;FABBRICATO;Via Stefano Tempia;0;45.11743;7.7081348;Cantina, soffitta, rimessa, box, garage, posto auto aperto/scoperto,;Dal 1971 al 1980;Nessuno;Patrimonio indisponibile;Utilizzato direttamente;Altro;;;;1;False
687570;L219;1043;73;91;12.0;FABBRICATO;Via Stefano Tempia;0;45.11743;7.7081348;Cantina, soffitta, rimessa, box, garage, posto auto aperto/scoperto,;Dal 1971 al 1980;Nessuno;Patrimonio indisponibile;Utilizzato direttamente;Altro;;;;1;False
687571;L219;1043;73;92;12.0;FABBRICATO;via tempia stefano;3;45.11743;7.7081348;Cantina, soffitta, rimessa, box, garage, posto auto aperto/scoperto,;Dal 1971 al 1980;Nessuno;Patrimonio indisponibile;Utilizzato direttamente;Altro;;;;1;False
687572;L219;1149;833;1;4166.0;FABBRICATO;Via Padre Francesco Denza;23;45.08670915;7.69155789;Edificio scolastico (es.: scuola di ogni ordine e grado, università, scuola di formazione);Dal 1946 al 1960;Nessuno;Patrimonio indisponibile;Utilizzato direttamente;Attività didattica;;;;1;False
687573;L219;1149;833;3;112.0;FABBRICATO;Via Padre Francesco Denza;23;45.08670915;7.69155789;Abitazione;Dal 1946 al 1960;Nessuno;Patrimonio indisponibile;Utilizzato direttamente;Alloggio di servizio, foresterie;;;;1;False
687575;L219;1149;900;18;74.0;FABBRICATO;Via Lombardore;12;45.08862435;7.69237452;Abitazione;Dal 1919 al 1945;Nessuno;Patrimonio indisponibile;Utilizzato direttamente;Altro;;;;1;False
687747;L219;1057;389;2;95.0;FABBRICATO;STRADA PROV. DI LANZO;147 12;45.1155714;7.6563601;Abitazione;Dal 1971 al 1980;Nessuno;Patrimonio indisponibile;Utilizzato direttamente;Alloggio di servizio, foresterie;;;;1;False
687748;L219;1057;389;3;5152.5;FABBRICATO;STRADA PROV. DI LANZO;147 11;45.1155714;7.6563601;Edificio scolastico (es.: scuola di ogni ordine e grado, università, scuola di formazione);Dal 1971 al 1980;Nessuno;Patrimonio indisponibile;Utilizzato direttamente;Attività didattica;;;;1;False
687749;L219;1059;2;1;617.5;FABBRICATO;via venaria;82;45.11210976;7.65749785;Edificio scolastico (es.: scuola di ogni ordine e grado, università, scuola di formazione);Prima del 1919;Nessuno;Patrimonio indisponibile;Utilizzato direttamente;Attività didattica;;;;1;False
687750;L219;1059;2;2;51.0;FABBRICATO;via venaria;82;45.11210976;7.65749785;Abitazione;Prima del 1919;Nessuno;Patrimonio indisponibile;Utilizzato direttamente;Alloggio di servizio, foresterie;;;;1;False
687751;L219;1059;277;11;48.0;FABBRICATO;via venaria;38;45.10833391;7.66100814;Locale commerciale, negozio;Dal 1919 al 1945;Nessuno;Patrimonio indisponibile;Utilizzato direttamente;Attività commerciale e di ristorazione;;;;1;False
687752;L219;1059;277;12;38.0;FABBRICATO;via venaria;38;45.10833391;7.66100814;Locale commerciale, negozio;Dal 1919 al 1945;Nessuno;Patrimonio indisponibile;Utilizzato direttamente;Attività commerciale e di ristorazione;;;;1;False
687753;L219;1059;277;13;55.0;FABBRICATO;via venaria;38;45.10833391;7.66100814;Abitazione;Dal 1919 al 1945;Nessuno;Patrimonio indisponibile;Utilizzato direttamente;Altro;;;;1;False
687754;L219;1059;277;14;41.0;FABBRICATO;via venaria;38;45.10833391;7.66100814;Abitazione;Dal 1919 al 1945;Nessuno;Patrimonio indisponibile;Utilizzato direttamente;Altro;;;;1;False
687755;L219;1059;277;15;56.0;FABBRICATO;via venaria;38;45.10833391;7.66100814;Abitazione;Dal 1919 al 1945;Nessuno;Patrimonio indisponibile;Utilizzato direttamente;Altro;;;;1;False
687756;L219;1059;277;16;54.0;FABBRICATO;via venaria;38;45.10833391;7.66100814;Abitazione;Dal 1919 al 1945;Nessuno;Patrimonio indisponibile;Utilizzato direttamente;Altro;;;;1;False
687757;L219;1059;277;17;40.0;FABBRICATO;via venaria;38;45.10833391;7.66100814;Abitazione;Dal 1919 al 1945;Nessuno;Patrimonio indisponibile;Utilizzato direttamente;Altro;;;;1;False
687758;L219;1059;277;18;55.0;FABBRICATO;via venaria;38;45.10833391;7.66100814;Abitazione;Dal 1919 al 1945;Nessuno;Patrimonio indisponibile;Utilizzato direttamente;Altro;;;;1;False
687759;L219;1059;281;23;87.0;FABBRICATO;Via Venarìa;36;45.10818734;7.66114061;Locale commerciale, negozio;Dal 1919 al 1945;Nessuno;Patrimonio indisponibile;Utilizzato direttamente;Attività commerciale e di ristorazione;;;;1;False
687760;L219;1059;281;24;50.0;FABBRICATO;Via Venarìa;36;45.10818734;7.66114061;Abitazione;Dal 1919 al 1945;Nessuno;Patrimonio indisponibile;Utilizzato direttamente;Altro;;;;1;False
687761;L219;1059;281;25;50.0;FABBRICATO;Via Venarìa;36;45.10818734;7.66114061;Abitazione;Dal 1919 al 1945;Nessuno;Patrimonio indisponibile;Utilizzato direttamente;Altro;;;;1;False
687762;L219;1059;281;26;89.0;FABBRICATO;Via Venarìa;36;45.10818734;7.66114061;Abitazione;Dal 1919 al 1945;Nessuno;Patrimonio indisponibile;Utilizzato direttamente;Altro;;;;1;False
687763;L219;1059;281;27;67.0;FABBRICATO;Via Venarìa;36;45.10818734;7.66114061;Abitazione;Dal 1919 al 1945;Nessuno;Patrimonio indisponibile;Utilizzato direttamente;Altro;;;;1;False
687764;L219;1059;281;28;73.0;FABBRICATO;Via Venarìa;36;45.10818734;7.66114061;Abitazione;Dal 1919 al 1945;Nessuno;Patrimonio indisponibile;Utilizzato direttamente;Altro;;;;1;False
687769;L219;1059;483;3;7086.25;FABBRICATO;via stampini ettore;25;45.11037159;7.66288434;Edificio scolastico (es.: scuola di ogni ordine e grado, università, scuola di formazione);Dal 1981 al 1990;Nessuno;Patrimonio indisponibile;Utilizzato direttamente;Attività didattica;;;;1;False
687770;L219;1059;483;4;96.0;FABBRICATO;Via Giuseppe Massari;284;45.11037159;7.66288434;Abitazione;Dal 1981 al 1990;Nessuno;Patrimonio indisponibile;Utilizzato direttamente;Alloggio di servizio, foresterie;;;;1;False
687771;L219;1059;483;5;65.0;FABBRICATO;Via Ettore Stampini;31;45.11037159;7.66288434;Abitazione;Dal 1981 al 1990;Nessuno;Patrimonio indisponibile;Utilizzato direttamente;Alloggio di servizio, foresterie;;;;1;False
687772;L219;1059;483;7;1154.0;FABBRICATO;Via Lanzo;28;45.11037159;7.66288434;Edificio scolastico (es.: scuola di ogni ordine e grado, università, scuola di formazione);Dal 1981 al 1990;Nessuno;Patrimonio indisponibile;Utilizzato direttamente;Attività didattica;;;;1;False
687773;L219;1059;483;8;79.0;FABBRICATO;Via Lanzo;30;45.11037159;7.66288434;Abitazione;Dal 1981 al 1990;Nessuno;Patrimonio indisponibile;Utilizzato direttamente;Alloggio di servizio, foresterie;;;;1;False
687774;L219;1059;83;1;4363.75;FABBRICATO;Via Alfonso Badini Confalonieri;74;45.10972467;7.65746834;Edificio scolastico (es.: scuola di ogni ordine e grado, università, scuola di formazione);Dal 1961 al 1970;Nessuno;Patrimonio indisponibile;Utilizzato direttamente;Attività didattica;;;;1;False
687775;L219;1059;83;2;122.0;FABBRICATO;Via Alfonso Badini Confalonieri;74;45.10972467;7.65746834;Abitazione;Dal 1961 al 1970;Nessuno;Patrimonio indisponibile;Utilizzato direttamente;Alloggio di servizio, foresterie;;;;1;False
687777;L219;1060;477;;59.0;FABBRICATO;Strada della Perussia;16;45.1066259;7.6565366;Impianto sportivo;Dal 2001 al 2010;Nessuno;Patrimonio indisponibile;Utilizzato direttamente;Attività sportiva, ricreativa e di intrattenimento;;;;1;False
688200;L219;1150;96;3;80.0;FABBRICATO;Via Antonio Banfo;32;45.091678;7.6874963;Abitazione;Prima del 1919;Dichiarazione di interesse culturale;Demanio;Utilizzato direttamente;Alloggio di servizio, foresterie;;;;1;False
688201;L219;1150;96;4;6526.25;FABBRICATO;Via Antonio Banfo;32;45.091678;7.6874963;Edificio scolastico (es.: scuola di ogni ordine e grado, università, scuola di formazione);Prima del 1919;Dichiarazione di interesse culturale;Demanio;Utilizzato direttamente;Attività didattica;;;;1;False
688202;L219;1151;236;13;17.0;FABBRICATO;via piossasco;14;45.0873011;7.680145;Cantina, soffitta, rimessa, box, garage, posto auto aperto/scoperto,;Prima del 1919;Nessuno;Patrimonio indisponibile;Utilizzato direttamente;Altro;;;;1;False
688203;L219;1151;236;14;23.0;FABBRICATO;via piossasco;14;45.0873011;7.680145;Cantina, soffitta, rimessa, box, garage, posto auto aperto/scoperto,;Prima del 1919;Nessuno;Patrimonio indisponibile;Utilizzato direttamente;Altro;;;;1;False
688204;L219;1151;236;3;56.0;FABBRICATO;via piossasco;14;45.0873011;7.680145;Abitazione;Prima del 1919;Nessuno;Patrimonio indisponibile;Utilizzato direttamente;Altro;;;;1;False
688205;L219;1151;236;6;58.0;FABBRICATO;via piossasco;14;45.0873011;7.680145;Abitazione;Prima del 1919;Nessuno;Patrimonio indisponibile;Utilizzato direttamente;Altro;;;;1;False
688207;L219;1151;315;10;93.0;FABBRICATO;Via Antonio Cecchi;63;45.0886382;7.6787802;Abitazione;Dal 2001 al 2010;Nessuno;Patrimonio indisponibile;Utilizzato direttamente;Altro;;;;1;False
688208;L219;1151;315;11;90.0;FABBRICATO;Via Antonio Cecchi;63;45.0886382;7.6787802;Abitazione;Dal 2001 al 2010;Nessuno;Patrimonio indisponibile;Utilizzato direttamente;Altro;;;;1;False
688209;L219;1151;315;12;93.0;FABBRICATO;Via Antonio Cecchi;63;45.0886382;7.6787802;Abitazione;Dal 2001 al 2010;Nessuno;Patrimonio indisponibile;Utilizzato direttamente;Altro;;;;1;False
688210;L219;1151;315;13;90.0;FABBRICATO;Via Antonio Cecchi;63;45.0886382;7.6787802;Abitazione;Dal 2001 al 2010;Nessuno;Patrimonio indisponibile;Utilizzato direttamente;Altro;;;;1;False
688211;L219;1151;315;14;110.0;FABBRICATO;Via Antonio Cecchi;63;45.0886382;7.6787802;Abitazione;Dal 2001 al 2010;Nessuno;Patrimonio indisponibile;Utilizzato direttamente;Altro;;;;1;False
688212;L219;1151;315;2;92.0;FABBRICATO;Via Antonio Cecchi;63;45.0886382;7.6787802;Abitazione;Dal 2001 al 2010;Nessuno;Patrimonio indisponibile;Utilizzato direttamente;Altro;;;;1;False
688213;L219;1151;315;3;89.0;FABBRICATO;Via Antonio Cecchi;63;45.0886382;7.6787802;Abitazione;Dal 2001 al 2010;Nessuno;Patrimonio indisponibile;Utilizzato direttamente;Altro;;;;1;False
688214;L219;1151;315;4;93.0;FABBRICATO;Via Antonio Cecchi;63;45.0886382;7.6787802;Abitazione;Dal 2001 al 2010;Nessuno;Patrimonio indisponibile;Utilizzato direttamente;Altro;;;;1;False
688215;L219;1151;315;5;90.0;FABBRICATO;Via Antonio Cecchi;63;45.0886382;7.6787802;Abitazione;Dal 2001 al 2010;Nessuno;Patrimonio indisponibile;Utilizzato direttamente;Altro;;;;1;False
688216;L219;1151;315;6;93.0;FABBRICATO;Via Antonio Cecchi;63;45.0886382;7.6787802;Abitazione;Dal 2001 al 2010;Nessuno;Patrimonio indisponibile;Utilizzato direttamente;Altro;;;;1;False
688217;L219;1151;315;7;90.0;FABBRICATO;Via Antonio Cecchi;63;45.0886382;7.6787802;Abitazione;Dal 2001 al 2010;Nessuno;Patrimonio indisponibile;Utilizzato direttamente;Altro;;;;1;False
688218;L219;1151;315;8;93.0;FABBRICATO;Via Antonio Cecchi;63;45.0886382;7.6787802;Abitazione;Dal 2001 al 2010;Nessuno;Patrimonio indisponibile;Utilizzato direttamente;Altro;;;;1;False
688219;L219;1151;315;9;90.0;FABBRICATO;Via Antonio Cecchi;63;45.0886382;7.6787802;Abitazione;Dal 2001 al 2010;Nessuno;Patrimonio indisponibile;Utilizzato direttamente;Altro;;;;1;False
688220;L219;1061;538;105;16.0;FABBRICATO;Strada Altessano;130;45.1105548;7.6470138;Cantina, soffitta, rimessa, box, garage, posto auto aperto/scoperto,;Dal 2001 al 2010;Nessuno;Patrimonio indisponibile;Utilizzato direttamente;Altro;;;;1;False
688221;L219;1061;538;120;16.0;FABBRICATO;Strada Altessano;130;45.1105548;7.6470138;Cantina, soffitta, rimessa, box, garage, posto auto aperto/scoperto,;Dal 2001 al 2010;Nessuno;Patrimonio indisponibile;Utilizzato direttamente;Altro;;;;1;False
688222;L219;1061;538;153;17.0;FABBRICATO;Strada Altessano;130;45.1105548;7.6470138;Cantina, soffitta, rimessa, box, garage, posto auto aperto/scoperto,;Dal 2001 al 2010;Nessuno;Patrimonio indisponibile;Utilizzato direttamente;Altro;;;;1;False
688223;L219;1061;538;74;121.0;FABBRICATO;Strada Altessano;130;45.1105548;7.6470138;Abitazione;Dal 2001 al 2010;Nessuno;Patrimonio indisponibile;Utilizzato direttamente;Altro;;;;1;False
688224;L219;1151;54;19;105.0;FABBRICATO;via pinerolo;51 18;45.0889495;7.6822221;Abitazione;Dal 1919 al 1945;Nessuno;Patrimonio indisponibile;Utilizzato direttamente;Altro;;;;1;False
688229;L219;1069;152;1;93.0;FABBRICATO;Via delle Primule;28;45.1015754;7.6254584;Abitazione;Dal 1946 al 1960;Nessuno;Patrimonio indisponibile;Utilizzato direttamente;Altro;;;;1;False
688230;L219;1069;152;10;110.0;FABBRICATO;Via delle Primule;30;45.1015754;7.6254584;Abitazione;Dal 1946 al 1960;Nessuno;Patrimonio indisponibile;Utilizzato direttamente;Altro;;;;1;False
688231;L219;1069;152;11;110.0;FABBRICATO;Via delle Primule;30;45.1015754;7.6254584;Abitazione;Dal 1946 al 1960;Nessuno;Patrimonio indisponibile;Utilizzato direttamente;Altro;;;;1;False
688232;L219;1069;152;12;110.0;FABBRICATO;Via delle Primule;30;45.1015754;7.6254584;Abitazione;Dal 1946 al 1960;Nessuno;Patrimonio indisponibile;Utilizzato direttamente;Altro;;;;1;False
688233;L219;1069;152;14;99.0;FABBRICATO;Via delle Primule;32;45.1015754;7.6254584;Abitazione;Dal 1946 al 1960;Nessuno;Patrimonio indisponibile;Utilizzato direttamente;Altro;;;;1;False
688234;L219;1069;152;15;101.0;FABBRICATO;Via delle Primule;32;45.1015754;7.6254584;Abitazione;Dal 1946 al 1960;Nessuno;Patrimonio indisponibile;Utilizzato direttamente;Altro;;;;1;False
688235;L219;1069;152;16;106.0;FABBRICATO;Via delle Primule;32;45.1015754;7.6254584;Abitazione;Dal 1946 al 1960;Nessuno;Patrimonio indisponibile;Utilizzato direttamente;Altro;;;;1;False
688236;L219;1069;152;17;100.0;FABBRICATO;Via delle Primule;32;45.1015754;7.6254584;Abitazione;Dal 1946 al 1960;Nessuno;Patrimonio indisponibile;Utilizzato direttamente;Altro;;;;1;False
688237;L219;1069;152;18;101.0;FABBRICATO;Via delle Primule;32;45.1015754;7.6254584;Abitazione;Dal 1946 al 1960;Nessuno;Patrimonio indisponibile;Utilizzato direttamente;Altro;;;;1;False
688238;L219;1069;152;19;95.0;FABBRICATO;Via delle Primule;34;45.1016687;7.6254469;Abitazione;Dal 1946 al 1960;Nessuno;Patrimonio indisponibile;Utilizzato direttamente;Altro;;;;1;False
688239;L219;1069;152;20;117.0;FABBRICATO;Via delle Primule;34;45.101945;7.6254104;Abitazione;Dal 1946 al 1960;Nessuno;Patrimonio indisponibile;Utilizzato direttamente;Altro;;;;1;False
688240;L219;1069;152;21;103.0;FABBRICATO;Via delle Primule;34;45.1016687;7.6254469;Abitazione;Dal 1946 al 1960;Nessuno;Patrimonio indisponibile;Utilizzato direttamente;Altro;;;;1;False
688241;L219;1069;152;22;103.0;FABBRICATO;Via delle Primule;34;45.1016687;7.6254469;Abitazione;Dal 1946 al 1960;Nessuno;Patrimonio indisponibile;Utilizzato direttamente;Altro;;;;1;False
688242;L219;1069;152;23;104.0;FABBRICATO;Via delle Primule;34;45.1016687;7.6254469;Abitazione;Dal 1946 al 1960;Nessuno;Patrimonio indisponibile;Utilizzato direttamente;Altro;;;;1;False
688243;L219;1069;152;24;103.0;FABBRICATO;Via delle Primule;34;45.101945;7.6254104;Abitazione;Dal 1946 al 1960;Nessuno;Patrimonio indisponibile;Utilizzato direttamente;Altro;;;;1;False
688244;L219;1069;152;26;109.0;FABBRICATO;Via delle Primule;28;45.1015754;7.6254584;Abitazione;Dal 1946 al 1960;Nessuno;Patrimonio indisponibile;Utilizzato direttamente;Altro;;;;1;False
688245;L219;1069;152;27;101.0;FABBRICATO;Via delle Primule;32;45.1015754;7.6254584;Abitazione;Dal 1946 al 1960;Nessuno;Patrimonio indisponibile;Utilizzato direttamente;Altro;;;;1;False
688246;L219;1069;152;3;107.0;FABBRICATO;Via delle Primule;28;45.1015754;7.6254584;Abitazione;Dal 1946 al 1960;Nessuno;Patrimonio indisponibile;Utilizzato direttamente;Altro;;;;1;False
688247;L219;1069;152;4;111.0;FABBRICATO;Via delle Primule;28;45.1015754;7.6254584;Abitazione;Dal 1946 al 1960;Nessuno;Patrimonio indisponibile;Utilizzato direttamente;Altro;;;;1;False
688248;L219;1069;152;5;105.0;FABBRICATO;Via delle Primule;28;45.1016687;7.6254469;Abitazione;Dal 1946 al 1960;Nessuno;Patrimonio indisponibile;Utilizzato direttamente;Altro;;;;1;False
688249;L219;1069;152;6;111.0;FABBRICATO;Via delle Primule;28;45.1016687;7.6254469;Abitazione;Dal 1946 al 1960;Nessuno;Patrimonio indisponibile;Utilizzato direttamente;Altro;;;;1;False
688250;L219;1069;152;7;108.0;FABBRICATO;Via delle Primule;30;45.1015754;7.6254584;Abitazione;Dal 1946 al 1960;Nessuno;Patrimonio indisponibile;Utilizzato direttamente;Altro;;;;1;False
688251;L219;1069;152;8;87.0;FABBRICATO;Via delle Primule;30;45.1015754;7.6254584;Abitazione;Dal 1946 al 1960;Nessuno;Patrimonio indisponibile;Utilizzato direttamente;Altro;;;;1;False
688252;L219;1069;152;9;110.0;FABBRICATO;Via delle Primule;30;45.1015754;7.6254584;Abitazione;Dal 1946 al 1960;Nessuno;Patrimonio indisponibile;Utilizzato direttamente;Altro;;;;1;False
688256;L219;1160;3;3;87.0;FABBRICATO;Corso Appio Claudio;106;45.0876144;7.6375482;Abitazione;Dal 1946 al 1960;Nessuno;Patrimonio indisponibile;Utilizzato direttamente;Alloggio di servizio, foresterie;;;;1;False
688258;L219;1071;70;1;5112.75;FABBRICATO;Via delle Magnolie;5;45.101221;7.6339661;Edificio scolastico (es.: scuola di ogni ordine e grado, università, scuola di formazione);Dal 1971 al 1980;Nessuno;Patrimonio indisponibile;Utilizzato direttamente;Servizi ordine pubblico, sicurezza nazionale e militare;;;;1;False
688259;L219;1071;70;2;152.0;FABBRICATO;Via delle Magnolie;5;45.101221;7.6339661;Abitazione;Dal 1971 al 1980;Nessuno;Patrimonio indisponibile;Utilizzato direttamente;Servizi ordine pubblico, sicurezza nazionale e militare;;;;1;False
688260;L219;1071;74;2;4762.5;FABBRICATO;Via delle Magnolie;9;45.1011868;7.6330653;Edificio scolastico (es.: scuola di ogni ordine e grado, università, scuola di formazione);Dal 1971 al 1980;Nessuno;Patrimonio indisponibile;Utilizzato direttamente;Attività didattica;;;;1;False
688261;L219;1071;74;3;63.0;FABBRICATO;Via delle Magnolie;9;45.1011868;7.6330653;Abitazione;Dal 1971 al 1980;Nessuno;Patrimonio indisponibile;Utilizzato direttamente;Alloggio di servizio, foresterie;;;;1;False
688263;L219;1173;529;1;28.0;FABBRICATO;via pilo rosalino;50;45.0779791;7.6460453;Cantina, soffitta, rimessa, box, garage, posto auto aperto/scoperto,;Prima del 1919;Nessuno;Patrimonio indisponibile;Utilizzato direttamente;Servizi assistenza socio-sanitaria (non residenziali);;;;1;False
688264;L219;1173;529;2;45.0;FABBRICATO;via pilo rosalino;50;45.0779791;7.6460453;Abitazione;Prima del 1919;Nessuno;Patrimonio indisponibile;Utilizzato direttamente;Servizi assistenza socio-sanitaria (non residenziali);;;;1;False
688265;L219;1173;529;3;143.0;FABBRICATO;via pilo rosalino;50;45.0779791;7.6460453;Abitazione;Prima del 1919;Nessuno;Patrimonio indisponibile;Utilizzato direttamente;Servizi assistenza socio-sanitaria (non residenziali);;;;1;False
688266;L219;1173;529;4;103.0;FABBRICATO;via pilo rosalino;50;45.0779791;7.6460453;Abitazione;Prima del 1919;Nessuno;Patrimonio indisponibile;Utilizzato direttamente;Servizi assistenza socio-sanitaria (non residenziali);;;;1;False
688267;L219;1173;529;5;97.0;FABBRICATO;via pilo rosalino;50;45.0779791;7.6460453;Abitazione;Prima del 1919;Nessuno;Patrimonio indisponibile;Utilizzato direttamente;Servizi assistenza socio-sanitaria (non residenziali);;;;1;False
688268;L219;1072;36;1;1342.5;FABBRICATO;via sansovino andrea;111;45.1034426;7.6420466;Edificio scolastico (es.: scuola di ogni ordine e grado, università, scuola di formazione);Dal 1946 al 1960;Nessuno;Patrimonio indisponibile;Utilizzato direttamente;Attività didattica;;;;1;False
688269;L219;1072;36;2;60.0;FABBRICATO;via sansovino andrea;111;45.1034426;7.6420466;Abitazione;Dal 1946 al 1960;Nessuno;Patrimonio indisponibile;Utilizzato direttamente;Alloggio di servizio, foresterie;;;;1;False
688270;L219;1072;37;1;5096.5;FABBRICATO;Via Luigi Ambrosini;1;45.1036729;7.6427263;Edificio scolastico (es.: scuola di ogni ordine e grado, università, scuola di formazione);Dal 1961 al 1970;Nessuno;Patrimonio indisponibile;Utilizzato direttamente;Attività didattica;;;;1;False
688271;L219;1072;37;2;74.0;FABBRICATO;Via Luigi Ambrosini;1;45.1036729;7.6427263;Abitazione;Dal 1961 al 1970;Nessuno;Patrimonio indisponibile;Utilizzato direttamente;Alloggio di servizio, foresterie;;;;1;False
688272;L219;1173;665;2;7333.75;FABBRICATO;via zumaglia;41;45.080271;7.6432956;Edificio scolastico (es.: scuola di ogni ordine e grado, università, scuola di formazione);Dal 1991 al 2000;Nessuno;Patrimonio indisponibile;Utilizzato direttamente;Attività didattica;;;;1;False
688273;L219;1173;665;3;94.0;FABBRICATO;Via Nicola Fabrizi;81;45.080271;7.6432956;Abitazione;Dal 1981 al 1990;Nessuno;Patrimonio indisponibile;Utilizzato direttamente;Alloggio di servizio, foresterie;;;;1;False
688274;L219;1173;665;4;104.0;FABBRICATO;Via Domodossola;52;45.080271;7.6432956;Abitazione;Dal 1981 al 1990;Nessuno;Patrimonio indisponibile;Utilizzato direttamente;Alloggio di servizio, foresterie;;;;1;False
688275;L219;1173;667;10;15.0;FABBRICATO;via fabrizi nicola;55;45.0803877;7.6476397;Cantina, soffitta, rimessa, box, garage, posto auto aperto/scoperto,;Dal 1919 al 1945;Nessuno;Patrimonio disponibile;Utilizzato direttamente;Altro;;;;1;False
688276;L219;1173;667;11;13.0;FABBRICATO;via fabrizi nicola;55;45.0803877;7.6476397;Cantina, soffitta, rimessa, box, garage, posto auto aperto/scoperto,;Dal 1919 al 1945;Nessuno;Patrimonio disponibile;Utilizzato direttamente;Altro;;;;1;False
688277;L219;1173;667;12;13.0;FABBRICATO;via fabrizi nicola;55;45.0803877;7.6476397;Cantina, soffitta, rimessa, box, garage, posto auto aperto/scoperto,;Dal 1919 al 1945;Nessuno;Patrimonio disponibile;Utilizzato direttamente;Altro;;;;1;False
688278;L219;1173;667;13;13.0;FABBRICATO;via fabrizi nicola;55;45.0803877;7.6476397;Cantina, soffitta, rimessa, box, garage, posto auto aperto/scoperto,;Dal 1919 al 1945;Nessuno;Patrimonio disponibile;Utilizzato direttamente;Altro;;;;1;False
688279;L219;1173;667;14;13.0;FABBRICATO;via fabrizi nicola;55;45.0803877;7.6476397;Cantina, soffitta, rimessa, box, garage, posto auto aperto/scoperto,;Dal 1919 al 1945;Nessuno;Patrimonio disponibile;Utilizzato direttamente;Altro;;;;1;False
688280;L219;1173;667;15;16.0;FABBRICATO;via fabrizi nicola;55;45.0803877;7.6476397;Cantina, soffitta, rimessa, box, garage, posto auto aperto/scoperto,;Dal 1919 al 1945;Nessuno;Patrimonio disponibile;Utilizzato direttamente;Altro;;;;1;False
688281;L219;1173;667;16;20.0;FABBRICATO;via fabrizi nicola;55;45.0803877;7.6476397;Cantina, soffitta, rimessa, box, garage, posto auto aperto/scoperto,;Dal 1919 al 1945;Nessuno;Patrimonio disponibile;Utilizzato direttamente;Altro;;;;1;False
688282;L219;1173;667;3;14.0;FABBRICATO;via fabrizi nicola;55;45.0803877;7.6476397;Cantina, soffitta, rimessa, box, garage, posto auto aperto/scoperto,;Dal 1919 al 1945;Nessuno;Patrimonio disponibile;Utilizzato direttamente;Altro;;;;1;False
688283;L219;1173;667;4;12.0;FABBRICATO;via fabrizi nicola;55;45.0803877;7.6476397;Cantina, soffitta, rimessa, box, garage, posto auto aperto/scoperto,;Dal 1919 al 1945;Nessuno;Patrimonio disponibile;Utilizzato direttamente;Altro;;;;1;False
688284;L219;1173;667;5;12.0;FABBRICATO;via fabrizi nicola;55;45.0803877;7.6476397;Cantina, soffitta, rimessa, box, garage, posto auto aperto/scoperto,;Dal 1919 al 1945;Nessuno;Patrimonio disponibile;Utilizzato direttamente;Altro;;;;1;False
688285;L219;1173;667;6;12.0;FABBRICATO;via fabrizi nicola;55;45.0803877;7.6476397;Cantina, soffitta, rimessa, box, garage, posto auto aperto/scoperto,;Dal 1919 al 1945;Nessuno;Patrimonio disponibile;Utilizzato direttamente;Altro;;;;1;False
688286;L219;1173;667;7;25.0;FABBRICATO;via fabrizi nicola;55;45.0803877;7.6476397;Cantina, soffitta, rimessa, box, garage, posto auto aperto/scoperto,;Dal 1919 al 1945;Nessuno;Patrimonio disponibile;Utilizzato direttamente;Altro;;;;1;False
688287;L219;1173;667;8;18.0;FABBRICATO;via fabrizi nicola;55;45.0803877;7.6476397;Cantina, soffitta, rimessa, box, garage, posto auto aperto/scoperto,;Dal 1919 al 1945;Nessuno;Patrimonio disponibile;Utilizzato direttamente;Altro;;;;1;False
688288;L219;1173;667;9;19.0;FABBRICATO;via fabrizi nicola;55;45.0803877;7.6476397;Cantina, soffitta, rimessa, box, garage, posto auto aperto/scoperto,;Dal 1919 al 1945;Nessuno;Patrimonio disponibile;Utilizzato direttamente;Altro;;;;1;False
688289;L219;1073;12;17;60.0;FABBRICATO;via sansovino andrea;90 39;45.1019524;7.6422426;Abitazione;Dal 1946 al 1960;Nessuno;Patrimonio indisponibile;Utilizzato direttamente;Altro;;;;1;False
688291;L219;1073;13;16;61.0;FABBRICATO;via sansovino andrea;90 28;45.1016765;7.6424735;Abitazione;Dal 1946 al 1960;Nessuno;Patrimonio indisponibile;Utilizzato direttamente;Altro;;;;1;False
688292;L219;1073;13;26;49.0;FABBRICATO;via sansovino andrea;90 30;45.1016765;7.6424735;Abitazione;Dal 1946 al 1960;Nessuno;Patrimonio indisponibile;Utilizzato direttamente;Altro;;;;1;False
688293;L219;1073;13;29;51.0;FABBRICATO;via sansovino andrea;90 30;45.1016765;7.6424735;Abitazione;Dal 1946 al 1960;Nessuno;Patrimonio indisponibile;Utilizzato direttamente;Altro;;;;1;False
688294;L219;1073;13;31;50.0;FABBRICATO;via sansovino andrea;90 30;45.1016765;7.6424735;Abitazione;Dal 1946 al 1960;Nessuno;Patrimonio indisponibile;Utilizzato direttamente;Altro;;;;1;False
688295;L219;1073;13;41;50.0;FABBRICATO;via sansovino andrea;90 32;45.1016765;7.6424735;Abitazione;Dal 1946 al 1960;Nessuno;Patrimonio indisponibile;Utilizzato direttamente;Altro;;;;1;False
688296;L219;1073;13;42;57.0;FABBRICATO;via sansovino andrea;90 32;45.1016765;7.6424735;Abitazione;Dal 1946 al 1960;Nessuno;Patrimonio indisponibile;Utilizzato direttamente;Altro;;;;1;False
688297;L219;1073;13;50;53.0;FABBRICATO;via sansovino andrea;90 33;45.1016765;7.6424735;Abitazione;Dal 1946 al 1960;Nessuno;Patrimonio indisponibile;Utilizzato direttamente;Altro;;;;1;False
688298;L219;1073;13;53;54.0;FABBRICATO;via sansovino andrea;90 33;45.1016765;7.6424735;Abitazione;Dal 1946 al 1960;Nessuno;Patrimonio indisponibile;Utilizzato direttamente;Altro;;;;1;False
688299;L219;1073;13;59;60.0;FABBRICATO;Via Andrea Sansovino;90;45.1016765;7.6424735;Abitazione;Dal 1946 al 1960;Nessuno;Patrimonio indisponibile;Utilizzato direttamente;Altro;;;;1;False
688300;L219;1073;13;73;55.0;FABBRICATO;via sansovino andrea;90 36;45.1016765;7.6424735;Abitazione;Dal 1946 al 1960;Nessuno;Patrimonio indisponibile;Utilizzato direttamente;Altro;;;;1;False
688301;L219;1073;13;74;56.0;FABBRICATO;via sansovino andrea;90 36;45.1016765;7.6424735;Abitazione;Dal 1946 al 1960;Nessuno;Patrimonio indisponibile;Utilizzato direttamente;Altro;;;;1;False
688302;L219;1073;13;8;54.0;FABBRICATO;via sansovino andrea;90 27;45.1016765;7.6424735;Abitazione;Dal 1946 al 1960;Nessuno;Patrimonio indisponibile;Utilizzato direttamente;Altro;;;;1;False
688303;L219;1073;13;9;50.0;FABBRICATO;via sansovino andrea;90 28;45.1016765;7.6424735;Abitazione;Dal 1946 al 1960;Nessuno;Patrimonio indisponibile;Utilizzato direttamente;Altro;;;;1;False
688310;L219;1174;246;1;227.0;FABBRICATO;via lessona michele;1;45.0828797;7.6506684;Locale commerciale, negozio;Dal 1919 al 1945;Nessuno;Patrimonio indisponibile;Utilizzato direttamente;Attività commerciale e di ristorazione;;;;1;False
688311;L219;1174;274;1;57.0;FABBRICATO;corso svizzera;61;45.0818097;7.6505845;Locale commerciale, negozio;Dal 1946 al 1960;Nessuno;Patrimonio indisponibile;Utilizzato direttamente;Altro;;;;1;False
688312;L219;1174;274;2;39.0;FABBRICATO;corso svizzera;61;45.0818097;7.6505845;Locale commerciale, negozio;Dal 1946 al 1960;Nessuno;Patrimonio indisponibile;Utilizzato direttamente;Altro;;;;1;False
688313;L219;1174;274;3;23.0;FABBRICATO;Corso Svizzera;61;45.0818097;7.6505845;Locale commerciale, negozio;Dal 1946 al 1960;Nessuno;Patrimonio disponibile;Utilizzato direttamente;Attività commerciale e di ristorazione;;;;1;False
688314;L219;1174;274;4;28.0;FABBRICATO;Corso Svizzera;61;45.0818097;7.6505845;Locale commerciale, negozio;Dal 1946 al 1960;Nessuno;Patrimonio indisponibile;Utilizzato direttamente;Altro;;;;1;False
688315;L219;1174;274;5;37.0;FABBRICATO;Corso Svizzera;61;45.0818097;7.6505845;Locale commerciale, negozio;Dal 1946 al 1960;Nessuno;Patrimonio disponibile;Utilizzato direttamente;Attività commerciale e di ristorazione;;;;1;False
688316;L219;1073;15;11;64.0;FABBRICATO;Via Parenzo;95;45.1021485;7.6440672;Abitazione;Dal 1946 al 1960;Nessuno;Patrimonio indisponibile;Utilizzato direttamente;Altro;;;;1;False
688317;L219;1073;15;9;48.0;FABBRICATO;via parenzo;95 59;45.1021485;7.6440672;Abitazione;Dal 1946 al 1960;Nessuno;Patrimonio indisponibile;Utilizzato direttamente;Altro;;;;1;False
688318;L219;1073;16;18;52.0;FABBRICATO;via parenzo;90 18;45.1018079;7.6443773;Abitazione;Dal 1946 al 1960;Nessuno;Patrimonio indisponibile;Utilizzato direttamente;Altro;;;;1;False
688319;L219;1073;16;23;48.0;FABBRICATO;via parenzo;92 21;45.1018079;7.6443773;Abitazione;Dal 1946 al 1960;Nessuno;Patrimonio indisponibile;Utilizzato direttamente;Altro;;;;1;False
688321;L219;1073;16;38;48.0;FABBRICATO;via parenzo;96 19;45.1018079;7.6443773;Abitazione;Dal 1946 al 1960;Nessuno;Patrimonio indisponibile;Utilizzato direttamente;Altro;;;;1;False
688322;L219;1073;16;39;48.0;FABBRICATO;via parenzo;96 19;45.1018079;7.6443773;Abitazione;Dal 1946 al 1960;Nessuno;Patrimonio indisponibile;Utilizzato direttamente;Altro;;;;1;False
688323;L219;1174;599;2;34.0;FABBRICATO;Via Balme;43;45.0810057;7.6498672;Fabbricato per attività produttiva (industriale, artigianale o agricola);Prima del 1919;Dichiarazione di interesse culturale;Demanio;Utilizzato direttamente;Attività didattica;;;;1;False
688324;L219;1174;599;5;56.0;FABBRICATO;corso svizzera;53;45.0810057;7.6498672;Abitazione;Prima del 1919;Dichiarazione di interesse culturale;Demanio;Utilizzato direttamente;Alloggio di servizio, foresterie;;;;1;False
688325;L219;1073;17;11;70.0;FABBRICATO;via pirano;17 62;45.1018393;7.645051;Abitazione;Dal 1946 al 1960;Nessuno;Patrimonio indisponibile;Utilizzato direttamente;Altro;;;;1;False
688326;L219;1073;17;2;82.0;FABBRICATO;via pirano;15 63;45.1018393;7.645051;Abitazione;Dal 1946 al 1960;Nessuno;Patrimonio indisponibile;Utilizzato direttamente;Altro;;;;1;False
688327;L219;1073;17;37;71.0;FABBRICATO;via pirano;17 62;45.1018393;7.645051;Abitazione;Dal 1946 al 1960;Nessuno;Patrimonio indisponibile;Utilizzato direttamente;Altro;;;;1;False
688328;L219;1073;20;1;48.0;FABBRICATO;corso cincinnato l. quinzio;173;45.1008092;7.6449622;Abitazione;Dal 1946 al 1960;Nessuno;Patrimonio indisponibile;Utilizzato direttamente;Altro;;;;1;False
688329;L219;1073;20;17;48.0;FABBRICATO;corso cincinnato l. quinzio;173;45.1008092;7.6449622;Abitazione;Dal 1946 al 1960;Nessuno;Patrimonio indisponibile;Utilizzato direttamente;Altro;;;;1;False
688330;L219;1073;21;1;48.0;FABBRICATO;corso cincinnato l. quinzio;179;45.1010394;7.6454044;Abitazione;Dal 1946 al 1960;Nessuno;Patrimonio indisponibile;Utilizzato direttamente;Altro;;;;1;False
688331;L219;1073;21;15;63.0;FABBRICATO;corso cincinnato l. quinzio;179;45.1010394;7.6454044;Abitazione;Dal 1946 al 1960;Nessuno;Patrimonio indisponibile;Utilizzato direttamente;Altro;;;;1;False
688335;L219;1176;162;1;83.0;FABBRICATO;Via Jacopo Durandi;6;45.0811779;7.6598264;Abitazione;Prima del 1919;Dichiarazione di interesse culturale;Demanio;Utilizzato direttamente;Alloggio di servizio, foresterie;;;;1;False
688336;L219;1073;7;11;52.0;FABBRICATO;via sansovino andrea;98 47;45.1022661;7.6431821;Abitazione;Dal 1946 al 1960;Nessuno;Patrimonio indisponibile;Utilizzato direttamente;Altro;;;;1;False
688337;L219;1073;7;15;48.0;FABBRICATO;via sansovino andrea;98 47;45.1022661;7.6431821;Abitazione;Dal 1946 al 1960;Nessuno;Patrimonio indisponibile;Utilizzato direttamente;Altro;;;;1;False
688338;L219;1073;7;20;50.0;FABBRICATO;via sansovino andrea;98 48;45.1022661;7.6431821;Abitazione;Dal 1946 al 1960;Nessuno;Patrimonio indisponibile;Utilizzato direttamente;Altro;;;;1;False
688339;L219;1073;7;21;49.0;FABBRICATO;via sansovino andrea;98 48;45.1022661;7.6431821;Abitazione;Dal 1946 al 1960;Nessuno;Patrimonio indisponibile;Utilizzato direttamente;Altro;;;;1;False
688340;L219;1073;7;22;49.0;FABBRICATO;via sansovino andrea;98 48;45.1022661;7.6431821;Abitazione;Dal 1946 al 1960;Nessuno;Patrimonio indisponibile;Utilizzato direttamente;Altro;;;;1;False
688341;L219;1073;7;23;50.0;FABBRICATO;via sansovino andrea;98 48;45.1022661;7.6431821;Abitazione;Dal 1946 al 1960;Nessuno;Patrimonio indisponibile;Utilizzato direttamente;Altro;;;;1;False
688342;L219;1073;7;26;47.0;FABBRICATO;via sansovino andrea;98 49;45.1022661;7.6431821;Abitazione;Dal 1946 al 1960;Nessuno;Patrimonio indisponibile;Utilizzato direttamente;Altro;;;;1;False
688343;L219;1073;7;29;57.0;FABBRICATO;via sansovino andrea;98 48;45.1022661;7.6431821;Abitazione;Dal 1946 al 1960;Nessuno;Patrimonio indisponibile;Utilizzato direttamente;Altro;;;;1;False
688344;L219;1073;7;38;51.0;FABBRICATO;via sansovino andrea;98 50;45.1022661;7.6431821;Abitazione;Dal 1946 al 1960;Nessuno;Patrimonio indisponibile;Utilizzato direttamente;Altro;;;;1;False
688346;L219;1073;7;46;47.0;FABBRICATO;via sansovino andrea;98 51;45.1022661;7.6431821;Abitazione;Dal 1946 al 1960;Nessuno;Patrimonio indisponibile;Utilizzato direttamente;Altro;;;;1;False
688347;L219;1073;7;59;64.0;FABBRICATO;via sansovino andrea;98 53;45.1022661;7.6431821;Abitazione;Dal 1946 al 1960;Nessuno;Patrimonio indisponibile;Utilizzato direttamente;Altro;;;;1;False
688349;L219;1073;7;80;51.0;FABBRICATO;via sansovino andrea;98 57;45.1022661;7.6431821;Abitazione;Dal 1946 al 1960;Nessuno;Patrimonio indisponibile;Utilizzato direttamente;Altro;;;;1;False
688350;L219;1073;7;9;47.0;FABBRICATO;via sansovino andrea;98 47;45.1022661;7.6431821;Abitazione;Dal 1946 al 1960;Nessuno;Patrimonio indisponibile;Utilizzato direttamente;Altro;;;;1;False
688352;L219;1177;191;2;184.0;FABBRICATO;Via Fossano;8;45.0855663;7.6616284;Abitazione;Prima del 1919;Dichiarazione di interesse culturale;Demanio;Utilizzato direttamente;Alloggio di servizio, foresterie;;;;1;False
688354;L219;1177;206;10;63.0;FABBRICATO;via avellino;3;45.0844946;7.6620029;Abitazione;Dal 1946 al 1960;Nessuno;Patrimonio indisponibile;Utilizzato direttamente;Altro;;;;1;False
688355;L219;1177;206;11;35.0;FABBRICATO;via avellino;3;45.0844946;7.6620029;Abitazione;Dal 1946 al 1960;Nessuno;Patrimonio indisponibile;Utilizzato direttamente;Altro;;;;1;False
688356;L219;1177;206;12;71.0;FABBRICATO;via avellino;3;45.0844946;7.6620029;Abitazione;Dal 1946 al 1960;Nessuno;Patrimonio indisponibile;Utilizzato direttamente;Altro;;;;1;False
688357;L219;1177;206;13;40.0;FABBRICATO;via avellino;3;45.0844946;7.6620029;Abitazione;Dal 1946 al 1960;Nessuno;Patrimonio indisponibile;Utilizzato direttamente;Altro;;;;1;False
688358;L219;1177;206;14;60.0;FABBRICATO;via avellino;3;45.0844946;7.6620029;Abitazione;Dal 1946 al 1960;Nessuno;Patrimonio indisponibile;Utilizzato direttamente;Altro;;;;1;False
688359;L219;1177;206;15;35.0;FABBRICATO;via avellino;3;45.0844946;7.6620029;Abitazione;Dal 1946 al 1960;Nessuno;Patrimonio indisponibile;Utilizzato direttamente;Altro;;;;1;False
688360;L219;1177;206;16;71.0;FABBRICATO;via avellino;3;45.0844946;7.6620029;Abitazione;Dal 1946 al 1960;Nessuno;Patrimonio indisponibile;Utilizzato direttamente;Altro;;;;1;False
688361;L219;1177;206;17;43.0;FABBRICATO;via avellino;3;45.0844946;7.6620029;Abitazione;Dal 1946 al 1960;Nessuno;Patrimonio indisponibile;Utilizzato direttamente;Altro;;;;1;False
688362;L219;1177;206;18;61.0;FABBRICATO;via avellino;3;45.0844946;7.6620029;Abitazione;Dal 1946 al 1960;Nessuno;Patrimonio indisponibile;Utilizzato direttamente;Altro;;;;1;False
688363;L219;1177;206;19;35.0;FABBRICATO;via avellino;3;45.0844946;7.6620029;Abitazione;Dal 1946 al 1960;Nessuno;Patrimonio indisponibile;Utilizzato direttamente;Altro;;;;1;False
688364;L219;1177;206;20;40.0;FABBRICATO;via avellino;3;45.0844946;7.6620029;Abitazione;Dal 1946 al 1960;Nessuno;Patrimonio indisponibile;Utilizzato direttamente;Altro;;;;1;False
688365;L219;1177;206;21;49.0;FABBRICATO;via avellino;3;45.0844946;7.6620029;Abitazione;Dal 1946 al 1960;Nessuno;Patrimonio indisponibile;Utilizzato direttamente;Altro;;;;1;False
688366;L219;1177;206;22;53.0;FABBRICATO;via avellino;3;45.0844946;7.6620029;Abitazione;Dal 1946 al 1960;Nessuno;Patrimonio indisponibile;Utilizzato direttamente;Altro;;;;1;False
688367;L219;1177;206;23;35.0;FABBRICATO;via avellino;3;45.0844946;7.6620029;Abitazione;Dal 1946 al 1960;Nessuno;Patrimonio indisponibile;Utilizzato direttamente;Altro;;;;1;False
688368;L219;1177;206;24;76.0;FABBRICATO;via avellino;5;45.0844946;7.6620029;Abitazione;Dal 1946 al 1960;Nessuno;Patrimonio indisponibile;Utilizzato direttamente;Altro;;;;1;False
688369;L219;1177;206;25;42.0;FABBRICATO;via avellino;5;45.0844946;7.6620029;Abitazione;Dal 1946 al 1960;Nessuno;Patrimonio indisponibile;Utilizzato direttamente;Altro;;;;1;False
688370;L219;1177;206;26;59.0;FABBRICATO;via avellino;5;45.0844946;7.6620029;Abitazione;Dal 1946 al 1960;Nessuno;Patrimonio indisponibile;Utilizzato direttamente;Altro;;;;1;False
688371;L219;1177;206;27;35.0;FABBRICATO;via avellino;5;45.0844946;7.6620029;Abitazione;Dal 1946 al 1960;Nessuno;Patrimonio indisponibile;Utilizzato direttamente;Altro;;;;1;False
688372;L219;1177;206;29;39.0;FABBRICATO;via avellino;5;45.0844946;7.6620029;Abitazione;Dal 1946 al 1960;Nessuno;Patrimonio indisponibile;Utilizzato direttamente;Altro;;;;1;False
688373;L219;1177;206;30;57.0;FABBRICATO;via avellino;5;45.0844946;7.6620029;Abitazione;Dal 1946 al 1960;Nessuno;Patrimonio indisponibile;Utilizzato direttamente;Altro;;;;1;False
688374;L219;1177;206;31;35.0;FABBRICATO;via avellino;5;45.0844946;7.6620029;Abitazione;Dal 1946 al 1960;Nessuno;Patrimonio indisponibile;Utilizzato direttamente;Altro;;;;1;False
688375;L219;1177;206;32;72.0;FABBRICATO;via avellino;5;45.0844946;7.6620029;Abitazione;Dal 1946 al 1960;Nessuno;Patrimonio indisponibile;Utilizzato direttamente;Altro;;;;1;False
688376;L219;1177;206;33;40.0;FABBRICATO;via avellino;5;45.0844946;7.6620029;Abitazione;Dal 1946 al 1960;Nessuno;Patrimonio indisponibile;Utilizzato direttamente;Altro;;;;1;False
688377;L219;1177;206;34;60.0;FABBRICATO;via avellino;5;45.0844946;7.6620029;Abitazione;Dal 1946 al 1960;Nessuno;Patrimonio indisponibile;Utilizzato direttamente;Altro;;;;1;False
688378;L219;1177;206;35;34.0;FABBRICATO;via avellino;5;45.0844946;7.6620029;Abitazione;Dal 1946 al 1960;Nessuno;Patrimonio indisponibile;Utilizzato direttamente;Altro;;;;1;False
688379;L219;1177;206;36;70.0;FABBRICATO;via avellino;5;45.0844946;7.6620029;Abitazione;Dal 1946 al 1960;Nessuno;Patrimonio indisponibile;Utilizzato direttamente;Altro;;;;1;False
688380;L219;1177;206;37;39.0;FABBRICATO;via avellino;5;45.0844946;7.6620029;Abitazione;Dal 1946 al 1960;Nessuno;Patrimonio indisponibile;Utilizzato direttamente;Altro;;;;1;False
688381;L219;1177;206;38;61.0;FABBRICATO;via avellino;5;45.0844946;7.6620029;Abitazione;Dal 1946 al 1960;Nessuno;Patrimonio indisponibile;Utilizzato direttamente;Altro;;;;1;False
688382;L219;1177;206;39;35.0;FABBRICATO;via avellino;5;45.0844946;7.6620029;Abitazione;Dal 1946 al 1960;Nessuno;Patrimonio indisponibile;Utilizzato direttamente;Altro;;;;1;False
688383;L219;1177;206;4;71.0;FABBRICATO;via avellino;3;45.0844946;7.6620029;Abitazione;Dal 1946 al 1960;Nessuno;Patrimonio indisponibile;Utilizzato direttamente;Altro;;;;1;False
688384;L219;1177;206;40;38.0;FABBRICATO;via avellino;5;45.0844946;7.6620029;Abitazione;Dal 1946 al 1960;Nessuno;Patrimonio indisponibile;Utilizzato direttamente;Altro;;;;1;False
688385;L219;1177;206;41;50.0;FABBRICATO;via avellino;5;45.0844946;7.6620029;Abitazione;Dal 1946 al 1960;Nessuno;Patrimonio indisponibile;Utilizzato direttamente;Altro;;;;1;False
688386;L219;1177;206;42;55.0;FABBRICATO;via avellino;5;45.0844946;7.6620029;Abitazione;Dal 1946 al 1960;Nessuno;Patrimonio indisponibile;Utilizzato direttamente;Altro;;;;1;False
688387;L219;1177;206;43;36.0;FABBRICATO;via avellino;5;45.0844946;7.6620029;Abitazione;Dal 1946 al 1960;Nessuno;Patrimonio indisponibile;Utilizzato direttamente;Altro;;;;1;False
688388;L219;1177;206;44;73.0;FABBRICATO;via avellino;5;45.0844946;7.6620029;Abitazione;Dal 1946 al 1960;Nessuno;Patrimonio indisponibile;Utilizzato direttamente;Altro;;;;1;False
688389;L219;1177;206;45;11.0;FABBRICATO;via avellino;5;45.0844946;7.6620029;Cantina, soffitta, rimessa, box, garage, posto auto aperto/scoperto,;Dal 1946 al 1960;Nessuno;Patrimonio indisponibile;Utilizzato direttamente;Altro;;;;1;False
688390;L219;1177;206;5;43.0;FABBRICATO;via avellino;3;45.0844946;7.6620029;Abitazione;Dal 1946 al 1960;Nessuno;Patrimonio indisponibile;Utilizzato direttamente;Altro;;;;1;False
688391;L219;1177;206;6;60.0;FABBRICATO;via avellino;3;45.0844946;7.6620029;Abitazione;Dal 1946 al 1960;Nessuno;Patrimonio indisponibile;Utilizzato direttamente;Altro;;;;1;False
688392;L219;1177;206;7;35.0;FABBRICATO;via avellino;3;45.0844946;7.6620029;Abitazione;Dal 1946 al 1960;Nessuno;Patrimonio indisponibile;Utilizzato direttamente;Altro;;;;1;False
688393;L219;1177;206;8;74.0;FABBRICATO;via avellino;3;45.0844946;7.6620029;Abitazione;Dal 1946 al 1960;Nessuno;Patrimonio indisponibile;Utilizzato direttamente;Altro;;;;1;False
688394;L219;1177;206;9;42.0;FABBRICATO;via avellino;3;45.0844946;7.6620029;Abitazione;Dal 1946 al 1960;Nessuno;Patrimonio indisponibile;Utilizzato direttamente;Altro;;;;1;False
688744;L219;1156;406;;209.0;FABBRICATO;via nole;72;45.091792;7.655676;Impianto sportivo;Dal 1919 al 1945;Nessuno;Patrimonio indisponibile;Utilizzato direttamente;Attività sportiva, ricreativa e di intrattenimento;;;;1;False
688745;L219;1065;25;1;48.0;FABBRICATO;Corso Ferrara;50;45.1088208;7.6243678;Abitazione;Dal 1961 al 1970;Nessuno;Patrimonio disponibile;;Non Dichiarato;in locazione;839.0;01/06/2022;1;False
688746;L219;1065;25;2;80.0;FABBRICATO;Corso Ferrara;50;45.1088208;7.6243678;Abitazione;Dal 1961 al 1970;Nessuno;Patrimonio disponibile;;Non Dichiarato;in locazione;4667.0;01/05/2022;1;False
688747;L219;1065;25;3;64.0;FABBRICATO;Corso Ferrara;50;45.1088208;7.6243678;Abitazione;Dal 1961 al 1970;Nessuno;Patrimonio disponibile;Utilizzato direttamente;Altro;;;;1;False
688748;L219;1065;25;4;96.0;FABBRICATO;Corso Ferrara;50;45.1088208;7.6243678;Abitazione;Dal 1961 al 1970;Nessuno;Patrimonio disponibile;;Non Dichiarato;in locazione;3745.0;01/08/2022;1;False
688749;L219;1065;25;5;88.0;FABBRICATO;Corso Ferrara;50;45.1088208;7.6243678;Abitazione;Dal 1961 al 1970;Nessuno;Patrimonio disponibile;;Non Dichiarato;in locazione;1177.0;01/02/2021;1;False
688750;L219;1065;25;6;86.0;FABBRICATO;Corso Ferrara;50;45.1088208;7.6243678;Magazzino e locali di deposito;Dal 1961 al 1970;Nessuno;Patrimonio disponibile;;Non Dichiarato;in locazione;1288.0;01/07/2021;1;False
688752;L219;1156;495;3;925.0;FABBRICATO;Corso Potenza;60;45.0929216;7.6558388;Parcheggio collettivo;Dal 2001 al 2010;Nessuno;Patrimonio indisponibile;Utilizzato direttamente;Attività commerciale e di ristorazione;;;;1;False
688753;L219;1065;26;1;136.0;FABBRICATO;Corso Ferrara;50;45.1089546;7.6249603;Abitazione;Dal 1961 al 1970;Nessuno;Patrimonio disponibile;Utilizzato direttamente;Altro;;;;1;False
688754;L219;1065;26;2;136.0;FABBRICATO;Corso Ferrara;50;45.1089546;7.6249603;Abitazione;Dal 1961 al 1970;Nessuno;Patrimonio disponibile;Utilizzato direttamente;Altro;;;;1;False
688755;L219;1065;26;3;136.0;FABBRICATO;Corso Ferrara;50;45.1089546;7.6249603;Abitazione;Dal 1961 al 1970;Nessuno;Patrimonio disponibile;Utilizzato direttamente;Altro;;;;1;False
688756;L219;1065;26;4;136.0;FABBRICATO;Corso Ferrara;50;45.1089546;7.6249603;Abitazione;Dal 1961 al 1970;Nessuno;Patrimonio disponibile;Utilizzato direttamente;Altro;;;;1;False
688757;L219;1065;26;5;136.0;FABBRICATO;Corso Ferrara;50;45.1089546;7.6249603;Abitazione;Dal 1961 al 1970;Nessuno;Patrimonio disponibile;Utilizzato direttamente;Altro;;;;1;False
688758;L219;1065;26;6;331.0;FABBRICATO;Corso Ferrara;50;45.1089546;7.6249603;Parcheggio collettivo;Dal 1961 al 1970;Nessuno;Patrimonio disponibile;Utilizzato direttamente;Altro;;;;1;False
688759;L219;1065;26;7;136.0;FABBRICATO;Corso Ferrara;50;45.1089546;7.6249603;Abitazione;Dal 1961 al 1970;Nessuno;Patrimonio disponibile;Utilizzato direttamente;Altro;;;;1;False
688761;L219;1157;142;2;1264.25;FABBRICATO;Via Spoleto;0;45.0871558;7.6534277;Edificio scolastico (es.: scuola di ogni ordine e grado, università, scuola di formazione);Dal 1991 al 2000;Nessuno;Patrimonio indisponibile;Utilizzato direttamente;Attività didattica;;;;1;False
688762;L219;1157;142;3;88.0;FABBRICATO;via spoleto;5 B;45.0871558;7.6534277;Abitazione;Dal 1981 al 1990;Nessuno;Patrimonio indisponibile;Utilizzato direttamente;Alloggio di servizio, foresterie;;;;1;False
688763;L219;1157;169;;1061.0;FABBRICATO;Strada delle Ghiacciaie;58;45.0886489;7.6509859;Area urbana;ND;Nessuno;Patrimonio indisponibile;Utilizzato direttamente;Altro;;;;1;False
688765;L219;1157;30;3;65.0;FABBRICATO;Corso Potenza;15;45.0892133;7.6514255;Magazzino e locali di deposito;Dal 1961 al 1970;Nessuno;Patrimonio indisponibile;Utilizzato direttamente;Attività commerciale e di ristorazione;;;;1;False
688769;L219;1065;32;3;27.0;FABBRICATO;via traves;15;45.1110678;7.6270079;Cantina, soffitta, rimessa, box, garage, posto auto aperto/scoperto,;Dal 1961 al 1970;Nessuno;Patrimonio indisponibile;Utilizzato direttamente;Attività produttiva (industriale, artigianale o agricola);;;;1;False
688770;L219;1065;32;5;79.0;FABBRICATO;via traves;15;45.1110678;7.6270079;Magazzino e locali di deposito;Dal 1961 al 1970;Nessuno;Patrimonio indisponibile;Utilizzato direttamente;Attività produttiva (industriale, artigianale o agricola);;;;1;False
688771;L219;1158;159;3;112.0;FABBRICATO;corso regina margherita;330;45.08927;7.6495706;Abitazione;Dal 1971 al 1980;Nessuno;Patrimonio disponibile;Utilizzato direttamente;Servizi ordine pubblico, sicurezza nazionale e militare;;;;1;False
688772;L219;1158;159;5;112.0;FABBRICATO;corso regina margherita;330;45.08927;7.6495706;Abitazione;Dal 1971 al 1980;Nessuno;Patrimonio disponibile;Utilizzato direttamente;Servizi ordine pubblico, sicurezza nazionale e militare;;;;1;False
688773;L219;1158;159;6;160.0;FABBRICATO;corso regina margherita;330;45.08927;7.6495706;Abitazione;Dal 1971 al 1980;Nessuno;Patrimonio disponibile;Utilizzato direttamente;Servizi ordine pubblico, sicurezza nazionale e militare;;;;1;False
688774;L219;1158;159;7;227.0;FABBRICATO;corso regina margherita;330;45.08927;7.6495706;Parcheggio collettivo;Dal 1971 al 1980;Nessuno;Patrimonio disponibile;Utilizzato direttamente;Servizi ordine pubblico, sicurezza nazionale e militare;;;;1;False
688775;L219;1158;159;8;18624.4;FABBRICATO;corso regina margherita;330;45.08927;7.6495706;Caserma;Dal 1971 al 1980;Nessuno;Patrimonio disponibile;Utilizzato direttamente;Servizi ordine pubblico, sicurezza nazionale e militare;;;;1;False
688776;L219;1158;159;9;265.0;FABBRICATO;corso regina margherita;330;45.08927;7.6495706;Abitazione;Dal 1971 al 1980;Nessuno;Patrimonio disponibile;Utilizzato direttamente;Servizi ordine pubblico, sicurezza nazionale e militare;;;;1;False
688779;L219;1065;41;;257.0;FABBRICATO;via traves;7;45.1082261;7.6285448;Struttura residenziale collettiva (es.: collegi e convitti, educandati, ricoveri, orfanotrofi, ospizi, conventi, seminari);Dal 1991 al 2000;Nessuno;Patrimonio indisponibile;Utilizzato direttamente;Altro;;;;1;False
688781;L219;1158;166;;101.0;FABBRICATO;CORSO LECCE;SNC;45.0869503;7.6491669;Impianto sportivo;Dal 2001 al 2010;Nessuno;Patrimonio indisponibile;Utilizzato direttamente;Attività sportiva, ricreativa e di intrattenimento;;;;1;False
688782;L219;1069;150;1;54.0;FABBRICATO;Viale dei Mughetti;29;45.1035106;7.6262609;Abitazione;Dal 1946 al 1960;Nessuno;Patrimonio indisponibile;Utilizzato direttamente;Altro;;;;1;False
688785;L219;1069;150;12;56.0;FABBRICATO;Viale dei Mughetti;29;45.1035106;7.6262609;Abitazione;Dal 1946 al 1960;Nessuno;Patrimonio indisponibile;Utilizzato direttamente;Altro;;;;1;False
688786;L219;1069;150;13;56.0;FABBRICATO;Viale dei Mughetti;29;45.1035106;7.6262609;Abitazione;Dal 1946 al 1960;Nessuno;Patrimonio indisponibile;Utilizzato direttamente;Altro;;;;1;False
688787;L219;1069;150;14;72.0;FABBRICATO;Viale dei Mughetti;29;45.1035106;7.6262609;Abitazione;Dal 1946 al 1960;Nessuno;Patrimonio indisponibile;Utilizzato direttamente;Altro;;;;1;False
688788;L219;1069;150;15;56.0;FABBRICATO;Viale dei Mughetti;29;45.1035106;7.6262609;Abitazione;Dal 1946 al 1960;Nessuno;Patrimonio indisponibile;Utilizzato direttamente;Altro;;;;1;False
688790;L219;1069;150;17;56.0;FABBRICATO;Viale dei Mughetti;29;45.1035106;7.6262609;Abitazione;Dal 1946 al 1960;Nessuno;Patrimonio indisponibile;Utilizzato direttamente;Altro;;;;1;False
688792;L219;1069;150;19;72.0;FABBRICATO;Viale dei Mughetti;29;45.1035106;7.6262609;Abitazione;Dal 1946 al 1960;Nessuno;Patrimonio indisponibile;Utilizzato direttamente;Altro;;;;1;False
688794;L219;1069;150;20;56.0;FABBRICATO;Viale dei Mughetti;29;45.1035106;7.6262609;Abitazione;Dal 1946 al 1960;Nessuno;Patrimonio indisponibile;Utilizzato direttamente;Altro;;;;1;False
688799;L219;1069;150;25;56.0;FABBRICATO;Viale dei Mughetti;29;45.1035106;7.6262609;Abitazione;Dal 1946 al 1960;Nessuno;Patrimonio indisponibile;Utilizzato direttamente;Altro;;;;1;False
688801;L219;1069;150;27;56.0;FABBRICATO;Viale dei Mughetti;29;45.1035106;7.6262609;Abitazione;Dal 1946 al 1960;Nessuno;Patrimonio indisponibile;Utilizzato direttamente;Altro;;;;1;False
688803;L219;1069;150;29;56.0;FABBRICATO;Viale dei Mughetti;29;45.1035106;7.6262609;Abitazione;Dal 1946 al 1960;Nessuno;Patrimonio indisponibile;Utilizzato direttamente;Altro;;;;1;False
688805;L219;1069;150;30;72.0;FABBRICATO;Viale dei Mughetti;29;45.1035106;7.6262609;Abitazione;Dal 1946 al 1960;Nessuno;Patrimonio indisponibile;Utilizzato direttamente;Altro;;;;1;False
688807;L219;1069;150;32;55.0;FABBRICATO;Viale dei Mughetti;29;45.1035106;7.6262609;Abitazione;Dal 1946 al 1960;Nessuno;Patrimonio indisponibile;Utilizzato direttamente;Altro;;;;1;False
688811;L219;1069;150;36;48.0;FABBRICATO;Viale dei Mughetti;29;45.1035106;7.6262609;Abitazione;Dal 1946 al 1960;Nessuno;Patrimonio indisponibile;Utilizzato direttamente;Altro;;;;1;False
688818;L219;1158;170;5;82.0;FABBRICATO;Corso Appio Claudio;106;45.0863193;7.6445802;Abitazione;Dal 1971 al 1980;Nessuno;Patrimonio indisponibile;Utilizzato direttamente;Alloggio di servizio, foresterie;;;;1;False
688819;L219;1158;171;2;15.0;FABBRICATO;Corso Appio Claudio;80;45.0853808;7.6461232;Cantina, soffitta, rimessa, box, garage, posto auto aperto/scoperto,;Dal 1981 al 1990;Nessuno;Patrimonio disponibile;;Non Dichiarato;in locazione;70629.0;01/07/2011;1;False
688820;L219;1158;171;3;15.0;FABBRICATO;Corso Appio Claudio;80;45.0853808;7.6461232;Cantina, soffitta, rimessa, box, garage, posto auto aperto/scoperto,;Dal 1981 al 1990;Nessuno;Patrimonio disponibile;;Non Dichiarato;in locazione;70629.0;01/07/2011;1;False
688821;L219;1158;171;4;124.0;FABBRICATO;Corso Appio Claudio;80;45.0853808;7.6461232;Abitazione;Dal 1981 al 1990;Nessuno;Patrimonio disponibile;Utilizzato direttamente;Servizi ordine pubblico, sicurezza nazionale e militare;;;;1;False
688822;L219;1158;171;5;128.0;FABBRICATO;Corso Appio Claudio;80;45.0853808;7.6461232;Abitazione;Dal 1981 al 1990;Nessuno;Patrimonio disponibile;;Non Dichiarato;in locazione;70629.0;01/07/2011;1;False
688823;L219;1158;171;6;621.8;FABBRICATO;Corso Appio Claudio;80;45.0853808;7.6461232;Caserma;Dal 1981 al 1990;Nessuno;Patrimonio disponibile;;Non Dichiarato;in locazione;70629.0;01/07/2011;1;False
688824;L219;1159;117;2;1143.75;FABBRICATO;via lessona michele;70;45.0837247;7.6423094;Edificio scolastico (es.: scuola di ogni ordine e grado, università, scuola di formazione);Dal 1971 al 1980;Nessuno;Patrimonio indisponibile;Utilizzato direttamente;Attività didattica;;;;1;False
688825;L219;1159;117;3;105.0;FABBRICATO;via lessona michele;70;45.0837247;7.6423094;Abitazione;Dal 1971 al 1980;Nessuno;Patrimonio indisponibile;Utilizzato direttamente;Alloggio di servizio, foresterie;;;;1;False
688827;L219;1159;131;;68.0;FABBRICATO;Corso Appio Claudio;110;45.0868663;7.6432791;Impianto sportivo;Dal 1991 al 2000;Nessuno;Patrimonio indisponibile;Utilizzato direttamente;Attività sportiva, ricreativa e di intrattenimento;;;;1;False
688830;L219;1160;127;1;447.0;FABBRICATO;via salbertrand;99 G;45.0843266;7.6363581;Impianto sportivo;Dal 1991 al 2000;Nessuno;Patrimonio indisponibile;Utilizzato direttamente;Attività sportiva, ricreativa e di intrattenimento;;;;1;False
688835;L219;1160;275;3;179.0;FABBRICATO;Corso Appio Claudio;148;45.085307;7.6379815;Abitazione;Prima del 1919;Nessuno;Patrimonio indisponibile;Utilizzato direttamente;Attività amministrativa/uffici pubblici;;;;1;False
688837;L219;1160;35;4;85.0;FABBRICATO;Corso Appio Claudio;176;45.0858188;7.6349071;Ufficio strutturato ed assimilabili;Prima del 1919;Nessuno;Patrimonio indisponibile;Utilizzato direttamente;Attività amministrativa/uffici pubblici;;;;1;False
688838;L219;1160;35;5;54.0;FABBRICATO;Corso Appio Claudio;176;45.0858188;7.6349071;Ufficio strutturato ed assimilabili;Prima del 1919;Nessuno;Patrimonio indisponibile;Utilizzato direttamente;Attività amministrativa/uffici pubblici;;;;1;False
688839;L219;1160;7;1;28.0;FABBRICATO;Corso Appio Claudio;106;45.0863222;7.6380989;Abitazione;Dal 1946 al 1960;Nessuno;Patrimonio indisponibile;Utilizzato direttamente;Alloggio di servizio, foresterie;;;;1;False
688840;L219;1161;107;;116.0;FABBRICATO;via servais giovanni;74 A;45.0844309;7.629706;Impianto sportivo;Dal 1971 al 1980;Nessuno;Patrimonio indisponibile;Utilizzato direttamente;Attività sportiva, ricreativa e di intrattenimento;;;;1;False
688841;L219;1069;51;2;88.0;FABBRICATO;Viale dei Mughetti;29;45.1027845;7.626643;Abitazione;Dal 1961 al 1970;Nessuno;Patrimonio indisponibile;Utilizzato direttamente;Alloggio di servizio, foresterie;;;;1;False
688842;L219;1069;51;3;5045.0;FABBRICATO;Viale dei Mughetti;29;45.1027845;7.626643;Edificio scolastico (es.: scuola di ogni ordine e grado, università, scuola di formazione);Dal 1961 al 1970;Nessuno;Patrimonio indisponibile;Utilizzato direttamente;Attività didattica;;;;1;False
688843;L219;1069;51;4;1950.0;FABBRICATO;Viale dei Mughetti;29;45.1027845;7.626643;Edificio scolastico (es.: scuola di ogni ordine e grado, università, scuola di formazione);Dal 1961 al 1970;Nessuno;Patrimonio indisponibile;Utilizzato direttamente;Attività didattica;;;;1;False
688844;L219;1161;166;1;84.0;FABBRICATO;via servais giovanni;62;45.0842325;7.6310376;Abitazione;Dal 1971 al 1980;Nessuno;Patrimonio indisponibile;Utilizzato direttamente;Alloggio di servizio, foresterie;;;;1;False
688845;L219;1465;101;3;81.0;FABBRICATO;Piazzetta Luciano Jona;4bis;45.0202921;7.6132884;Abitazione;Dal 1971 al 1980;Nessuno;Patrimonio indisponibile;Utilizzato direttamente;Alloggio di servizio, foresterie;;;;1;False
688846;L219;1465;101;2;3740.25;FABBRICATO;Piazzetta Luciano Jona;4bis;45.0202921;7.6132884;Edificio scolastico (es.: scuola di ogni ordine e grado, università, scuola di formazione);Dal 1971 al 1980;Nessuno;Patrimonio indisponibile;Utilizzato direttamente;Attività didattica;;;;1;False
688848;L219;1070;107;10;87.0;FABBRICATO;Viale dei Mughetti;18;45.10349;7.6294585;Abitazione;Dal 1961 al 1970;Nessuno;Patrimonio indisponibile;Utilizzato direttamente;Altro;;;;1;False
688849;L219;1070;107;100;12.0;FABBRICATO;Viale dei Mughetti;18;45.10349;7.6294585;Cantina, soffitta, rimessa, box, garage, posto auto aperto/scoperto,;Dal 1961 al 1970;Nessuno;Patrimonio indisponibile;Utilizzato direttamente;Altro;;;;1;False
688850;L219;1070;107;101;12.0;FABBRICATO;Viale dei Mughetti;18;45.10349;7.6294585;Cantina, soffitta, rimessa, box, garage, posto auto aperto/scoperto,;Dal 1961 al 1970;Nessuno;Patrimonio indisponibile;Utilizzato direttamente;Altro;;;;1;False
688851;L219;1070;107;102;12.0;FABBRICATO;Viale dei Mughetti;18;45.10349;7.6294585;Cantina, soffitta, rimessa, box, garage, posto auto aperto/scoperto,;Dal 1961 al 1970;Nessuno;Patrimonio indisponibile;Utilizzato direttamente;Altro;;;;1;False
688852;L219;1070;107;103;12.0;FABBRICATO;Viale dei Mughetti;18;45.10349;7.6294585;Cantina, soffitta, rimessa, box, garage, posto auto aperto/scoperto,;Dal 1961 al 1970;Nessuno;Patrimonio indisponibile;Utilizzato direttamente;Altro;;;;1;False
688853;L219;1070;107;104;12.0;FABBRICATO;Viale dei Mughetti;18;45.10349;7.6294585;Cantina, soffitta, rimessa, box, garage, posto auto aperto/scoperto,;Dal 1961 al 1970;Nessuno;Patrimonio indisponibile;Utilizzato direttamente;Altro;;;;1;False
688854;L219;1070;107;105;12.0;FABBRICATO;Viale dei Mughetti;18;45.10349;7.6294585;Cantina, soffitta, rimessa, box, garage, posto auto aperto/scoperto,;Dal 1961 al 1970;Nessuno;Patrimonio indisponibile;Utilizzato direttamente;Altro;;;;1;False
688855;L219;1070;107;106;12.0;FABBRICATO;Viale dei Mughetti;18;45.10349;7.6294585;Cantina, soffitta, rimessa, box, garage, posto auto aperto/scoperto,;Dal 1961 al 1970;Nessuno;Patrimonio indisponibile;Utilizzato direttamente;Altro;;;;1;False
688856;L219;1070;107;107;12.0;FABBRICATO;Viale dei Mughetti;18;45.10349;7.6294585;Cantina, soffitta, rimessa, box, garage, posto auto aperto/scoperto,;Dal 1961 al 1970;Nessuno;Patrimonio indisponibile;Utilizzato direttamente;Altro;;;;1;False
688857;L219;1070;107;108;12.0;FABBRICATO;Viale dei Mughetti;18;45.10349;7.6294585;Cantina, soffitta, rimessa, box, garage, posto auto aperto/scoperto,;Dal 1961 al 1970;Nessuno;Patrimonio indisponibile;Utilizzato direttamente;Altro;;;;1;False
688858;L219;1070;107;109;12.0;FABBRICATO;Viale dei Mughetti;18;45.10349;7.6294585;Cantina, soffitta, rimessa, box, garage, posto auto aperto/scoperto,;Dal 1961 al 1970;Nessuno;Patrimonio indisponibile;Utilizzato direttamente;Altro;;;;1;False
688859;L219;1070;107;11;78.0;FABBRICATO;Viale dei Mughetti;18;45.10349;7.6294585;Abitazione;Dal 1961 al 1970;Nessuno;Patrimonio indisponibile;Utilizzato direttamente;Altro;;;;1;False
688860;L219;1070;107;110;12.0;FABBRICATO;Viale dei Mughetti;18;45.10349;7.6294585;Cantina, soffitta, rimessa, box, garage, posto auto aperto/scoperto,;Dal 1961 al 1970;Nessuno;Patrimonio indisponibile;Utilizzato direttamente;Altro;;;;1;False
688861;L219;1070;107;111;12.0;FABBRICATO;Viale dei Mughetti;18;45.10349;7.6294585;Cantina, soffitta, rimessa, box, garage, posto auto aperto/scoperto,;Dal 1961 al 1970;Nessuno;Patrimonio indisponibile;Utilizzato direttamente;Altro;;;;1;False
688862;L219;1070;107;112;12.0;FABBRICATO;Viale dei Mughetti;18;45.10349;7.6294585;Cantina, soffitta, rimessa, box, garage, posto auto aperto/scoperto,;Dal 1961 al 1970;Nessuno;Patrimonio indisponibile;Utilizzato direttamente;Altro;;;;1;False
688863;L219;1070;107;113;12.0;FABBRICATO;Viale dei Mughetti;18;45.10349;7.6294585;Cantina, soffitta, rimessa, box, garage, posto auto aperto/scoperto,;Dal 1961 al 1970;Nessuno;Patrimonio indisponibile;Utilizzato direttamente;Altro;;;;1;False
688864;L219;1070;107;114;12.0;FABBRICATO;Viale dei Mughetti;18;45.10349;7.6294585;Cantina, soffitta, rimessa, box, garage, posto auto aperto/scoperto,;Dal 1961 al 1970;Nessuno;Patrimonio indisponibile;Utilizzato direttamente;Altro;;;;1;False
688865;L219;1070;107;115;12.0;FABBRICATO;Viale dei Mughetti;18;45.10349;7.6294585;Cantina, soffitta, rimessa, box, garage, posto auto aperto/scoperto,;Dal 1961 al 1970;Nessuno;Patrimonio indisponibile;Utilizzato direttamente;Altro;;;;1;False
688866;L219;1070;107;116;12.0;FABBRICATO;Viale dei Mughetti;18;45.10349;7.6294585;Cantina, soffitta, rimessa, box, garage, posto auto aperto/scoperto,;Dal 1961 al 1970;Nessuno;Patrimonio indisponibile;Utilizzato direttamente;Altro;;;;1;False
688867;L219;1070;107;117;12.0;FABBRICATO;Viale dei Mughetti;18;45.10349;7.6294585;Cantina, soffitta, rimessa, box, garage, posto auto aperto/scoperto,;Dal 1961 al 1970;Nessuno;Patrimonio indisponibile;Utilizzato direttamente;Altro;;;;1;False
688868;L219;1070;107;118;12.0;FABBRICATO;Viale dei Mughetti;18;45.10349;7.6294585;Cantina, soffitta, rimessa, box, garage, posto auto aperto/scoperto,;Dal 1961 al 1970;Nessuno;Patrimonio indisponibile;Utilizzato direttamente;Altro;;;;1;False
688869;L219;1070;107;119;12.0;FABBRICATO;Viale dei Mughetti;18;45.10349;7.6294585;Cantina, soffitta, rimessa, box, garage, posto auto aperto/scoperto,;Dal 1961 al 1970;Nessuno;Patrimonio indisponibile;Utilizzato direttamente;Altro;;;;1;False
688870;L219;1070;107;12;86.0;FABBRICATO;Viale dei Mughetti;18;45.10349;7.6294585;Abitazione;Dal 1961 al 1970;Nessuno;Patrimonio indisponibile;Utilizzato direttamente;Altro;;;;1;False
688871;L219;1070;107;120;12.0;FABBRICATO;Viale dei Mughetti;18;45.10349;7.6294585;Cantina, soffitta, rimessa, box, garage, posto auto aperto/scoperto,;Dal 1961 al 1970;Nessuno;Patrimonio indisponibile;Utilizzato direttamente;Altro;;;;1;False
688872;L219;1070;107;121;12.0;FABBRICATO;Viale dei Mughetti;18;45.10349;7.6294585;Cantina, soffitta, rimessa, box, garage, posto auto aperto/scoperto,;Dal 1961 al 1970;Nessuno;Patrimonio indisponibile;Utilizzato direttamente;Altro;;;;1;False
688873;L219;1070;107;122;12.0;FABBRICATO;Viale dei Mughetti;18;45.10349;7.6294585;Cantina, soffitta, rimessa, box, garage, posto auto aperto/scoperto,;Dal 1961 al 1970;Nessuno;Patrimonio indisponibile;Utilizzato direttamente;Altro;;;;1;False
688874;L219;1070;107;123;12.0;FABBRICATO;Viale dei Mughetti;18;45.10349;7.6294585;Cantina, soffitta, rimessa, box, garage, posto auto aperto/scoperto,;Dal 1961 al 1970;Nessuno;Patrimonio indisponibile;Utilizzato direttamente;Altro;;;;1;False
688875;L219;1070;107;124;12.0;FABBRICATO;Viale dei Mughetti;18;45.10349;7.6294585;Cantina, soffitta, rimessa, box, garage, posto auto aperto/scoperto,;Dal 1961 al 1970;Nessuno;Patrimonio indisponibile;Utilizzato direttamente;Altro;;;;1;False
688876;L219;1070;107;125;12.0;FABBRICATO;Viale dei Mughetti;18;45.10349;7.6294585;Cantina, soffitta, rimessa, box, garage, posto auto aperto/scoperto,;Dal 1961 al 1970;Nessuno;Patrimonio indisponibile;Utilizzato direttamente;Altro;;;;1;False
688877;L219;1070;107;126;12.0;FABBRICATO;Viale dei Mughetti;18;45.10349;7.6294585;Cantina, soffitta, rimessa, box, garage, posto auto aperto/scoperto,;Dal 1961 al 1970;Nessuno;Patrimonio indisponibile;Utilizzato direttamente;Altro;;;;1;False
688878;L219;1070;107;127;12.0;FABBRICATO;Viale dei Mughetti;18;45.10349;7.6294585;Cantina, soffitta, rimessa, box, garage, posto auto aperto/scoperto,;Dal 1961 al 1970;Nessuno;Patrimonio indisponibile;Utilizzato direttamente;Altro;;;;1;False
688879;L219;1070;107;128;12.0;FABBRICATO;Viale dei Mughetti;18;45.10349;7.6294585;Cantina, soffitta, rimessa, box, garage, posto auto aperto/scoperto,;Dal 1961 al 1970;Nessuno;Patrimonio indisponibile;Utilizzato direttamente;Altro;;;;1;False
688880;L219;1070;107;13;80.0;FABBRICATO;Viale dei Mughetti;18;45.10349;7.6294585;Abitazione;Dal 1961 al 1970;Nessuno;Patrimonio indisponibile;Utilizzato direttamente;Altro;;;;1;False
688881;L219;1070;107;130;2.0;FABBRICATO;Viale dei Mughetti;20;45.10349;7.6294585;Cantina, soffitta, rimessa, box, garage, posto auto aperto/scoperto,;Dal 1961 al 1970;Nessuno;Patrimonio indisponibile;Utilizzato direttamente;Altro;;;;1;False
688882;L219;1070;107;14;86.0;FABBRICATO;Viale dei Mughetti;18;45.10349;7.6294585;Abitazione;Dal 1961 al 1970;Nessuno;Patrimonio indisponibile;Utilizzato direttamente;Altro;;;;1;False
688883;L219;1070;107;15;80.0;FABBRICATO;Viale dei Mughetti;18;45.10349;7.6294585;Abitazione;Dal 1961 al 1970;Nessuno;Patrimonio indisponibile;Utilizzato direttamente;Altro;;;;1;False
688884;L219;1070;107;16;87.0;FABBRICATO;Viale dei Mughetti;18;45.10349;7.6294585;Abitazione;Dal 1961 al 1970;Nessuno;Patrimonio indisponibile;Utilizzato direttamente;Altro;;;;1;False
688885;L219;1070;107;17;80.0;FABBRICATO;Viale dei Mughetti;18;45.10349;7.6294585;Abitazione;Dal 1961 al 1970;Nessuno;Patrimonio indisponibile;Utilizzato direttamente;Altro;;;;1;False
688886;L219;1070;107;18;86.0;FABBRICATO;Viale dei Mughetti;18;45.10349;7.6294585;Abitazione;Dal 1961 al 1970;Nessuno;Patrimonio indisponibile;Utilizzato direttamente;Altro;;;;1;False
688887;L219;1070;107;19;80.0;FABBRICATO;Viale dei Mughetti;18;45.10349;7.6294585;Abitazione;Dal 1961 al 1970;Nessuno;Patrimonio indisponibile;Utilizzato direttamente;Altro;;;;1;False
688888;L219;1070;107;2;91.0;FABBRICATO;Viale dei Mughetti;18;45.10349;7.6294585;Abitazione;Dal 1961 al 1970;Nessuno;Patrimonio indisponibile;Utilizzato direttamente;Altro;;;;1;False
688889;L219;1070;107;20;87.0;FABBRICATO;Viale dei Mughetti;18;45.10349;7.6294585;Abitazione;Dal 1961 al 1970;Nessuno;Patrimonio indisponibile;Utilizzato direttamente;Altro;;;;1;False
688890;L219;1070;107;21;80.0;FABBRICATO;Viale dei Mughetti;18;45.10349;7.6294585;Abitazione;Dal 1961 al 1970;Nessuno;Patrimonio indisponibile;Utilizzato direttamente;Altro;;;;1;False
688891;L219;1070;107;22;87.0;FABBRICATO;Viale dei Mughetti;18;45.10349;7.6294585;Abitazione;Dal 1961 al 1970;Nessuno;Patrimonio indisponibile;Utilizzato direttamente;Altro;;;;1;False
688892;L219;1070;107;23;85.0;FABBRICATO;Viale dei Mughetti;18;45.10349;7.6294585;Abitazione;Dal 1961 al 1970;Nessuno;Patrimonio indisponibile;Utilizzato direttamente;Altro;;;;1;False
688893;L219;1070;107;24;85.0;FABBRICATO;Viale dei Mughetti;18;45.10349;7.6294585;Abitazione;Dal 1961 al 1970;Nessuno;Patrimonio indisponibile;Utilizzato direttamente;Altro;;;;1;False
688894;L219;1070;107;25;83.0;FABBRICATO;Viale dei Mughetti;18;45.10349;7.6294585;Abitazione;Dal 1961 al 1970;Nessuno;Patrimonio indisponibile;Utilizzato direttamente;Altro;;;;1;False
688895;L219;1070;107;26;86.0;FABBRICATO;Viale dei Mughetti;18;45.10349;7.6294585;Abitazione;Dal 1961 al 1970;Nessuno;Patrimonio indisponibile;Utilizzato direttamente;Altro;;;;1;False
688896;L219;1070;107;27;83.0;FABBRICATO;Viale dei Mughetti;18;45.10349;7.6294585;Abitazione;Dal 1961 al 1970;Nessuno;Patrimonio indisponibile;Utilizzato direttamente;Altro;;;;1;False
688897;L219;1070;107;28;85.0;FABBRICATO;Viale dei Mughetti;18;45.10349;7.6294585;Abitazione;Dal 1961 al 1970;Nessuno;Patrimonio indisponibile;Utilizzato direttamente;Altro;;;;1;False
688898;L219;1070;107;29;84.0;FABBRICATO;Viale dei Mughetti;18;45.10349;7.6294585;Abitazione;Dal 1961 al 1970;Nessuno;Patrimonio indisponibile;Utilizzato direttamente;Altro;;;;1;False
688899;L219;1070;107;3;79.0;FABBRICATO;Viale dei Mughetti;18;45.10349;7.6294585;Abitazione;Dal 1961 al 1970;Nessuno;Patrimonio indisponibile;Utilizzato direttamente;Altro;;;;1;False
688900;L219;1070;107;30;85.0;FABBRICATO;Viale dei Mughetti;18;45.10349;7.6294585;Abitazione;Dal 1961 al 1970;Nessuno;Patrimonio indisponibile;Utilizzato direttamente;Altro;;;;1;False
688901;L219;1070;107;31;84.0;FABBRICATO;Viale dei Mughetti;18;45.10349;7.6294585;Abitazione;Dal 1961 al 1970;Nessuno;Patrimonio indisponibile;Utilizzato direttamente;Altro;;;;1;False
688902;L219;1070;107;32;85.0;FABBRICATO;Viale dei Mughetti;18;45.10349;7.6294585;Abitazione;Dal 1961 al 1970;Nessuno;Patrimonio indisponibile;Utilizzato direttamente;Altro;;;;1;False
688903;L219;1070;107;33;83.0;FABBRICATO;Viale dei Mughetti;18;45.10349;7.6294585;Abitazione;Dal 1961 al 1970;Nessuno;Patrimonio indisponibile;Utilizzato direttamente;Altro;;;;1;False
688904;L219;1070;107;34;85.0;FABBRICATO;Viale dei Mughetti;18;45.10349;7.6294585;Abitazione;Dal 1961 al 1970;Nessuno;Patrimonio indisponibile;Utilizzato direttamente;Altro;;;;1;False
688905;L219;1070;107;35;83.0;FABBRICATO;Viale dei Mughetti;18;45.10349;7.6294585;Abitazione;Dal 1961 al 1970;Nessuno;Patrimonio indisponibile;Utilizzato direttamente;Altro;;;;1;False
688906;L219;1070;107;36;84.0;FABBRICATO;Viale dei Mughetti;18;45.10349;7.6294585;Abitazione;Dal 1961 al 1970;Nessuno;Patrimonio indisponibile;Utilizzato direttamente;Altro;;;;1;False
688907;L219;1070;107;37;83.0;FABBRICATO;Viale dei Mughetti;18;45.10349;7.6294585;Abitazione;Dal 1961 al 1970;Nessuno;Patrimonio indisponibile;Utilizzato direttamente;Altro;;;;1;False
688908;L219;1070;107;38;85.0;FABBRICATO;Viale dei Mughetti;18;45.10349;7.6294585;Abitazione;Dal 1961 al 1970;Nessuno;Patrimonio indisponibile;Utilizzato direttamente;Altro;;;;1;False
688909;L219;1070;107;39;84.0;FABBRICATO;Viale dei Mughetti;18;45.10349;7.6294585;Abitazione;Dal 1961 al 1970;Nessuno;Patrimonio indisponibile;Utilizzato direttamente;Altro;;;;1;False
688910;L219;1070;107;4;86.0;FABBRICATO;Viale dei Mughetti;18;45.10349;7.6294585;Abitazione;Dal 1961 al 1970;Nessuno;Patrimonio indisponibile;Utilizzato direttamente;Altro;;;;1;False
688911;L219;1070;107;40;85.0;FABBRICATO;Viale dei Mughetti;18;45.10349;7.6294585;Abitazione;Dal 1961 al 1970;Nessuno;Patrimonio indisponibile;Utilizzato direttamente;Altro;;;;1;False
688912;L219;1070;107;41;84.0;FABBRICATO;Viale dei Mughetti;18;45.10349;7.6294585;Abitazione;Dal 1961 al 1970;Nessuno;Patrimonio indisponibile;Utilizzato direttamente;Altro;;;;1;False
688913;L219;1070;107;42;53.0;FABBRICATO;Viale dei Mughetti;18;45.10349;7.6294585;Abitazione;Dal 1961 al 1970;Nessuno;Patrimonio indisponibile;Utilizzato direttamente;Altro;;;;1;False
688914;L219;1070;107;43;73.0;FABBRICATO;Viale dei Mughetti;18;45.10349;7.6294585;Abitazione;Dal 1961 al 1970;Nessuno;Patrimonio indisponibile;Utilizzato direttamente;Altro;;;;1;False
688915;L219;1070;107;44;64.0;FABBRICATO;Viale dei Mughetti;18;45.10349;7.6294585;Abitazione;Dal 1961 al 1970;Nessuno;Patrimonio indisponibile;Utilizzato direttamente;Altro;;;;1;False
688916;L219;1070;107;45;105.0;FABBRICATO;Viale dei Mughetti;18;45.10349;7.6294585;Abitazione;Dal 1961 al 1970;Nessuno;Patrimonio indisponibile;Utilizzato direttamente;Altro;;;;1;False
688917;L219;1070;107;46;82.0;FABBRICATO;Viale dei Mughetti;18;45.10349;7.6294585;Abitazione;Dal 1961 al 1970;Nessuno;Patrimonio indisponibile;Utilizzato direttamente;Altro;;;;1;False
688918;L219;1070;107;47;107.0;FABBRICATO;Viale dei Mughetti;18;45.10349;7.6294585;Abitazione;Dal 1961 al 1970;Nessuno;Patrimonio indisponibile;Utilizzato direttamente;Altro;;;;1;False
688919;L219;1070;107;48;83.0;FABBRICATO;Viale dei Mughetti;18;45.10349;7.6294585;Abitazione;Dal 1961 al 1970;Nessuno;Patrimonio indisponibile;Utilizzato direttamente;Altro;;;;1;False
688920;L219;1070;107;49;105.0;FABBRICATO;Viale dei Mughetti;18;45.10349;7.6294585;Abitazione;Dal 1961 al 1970;Nessuno;Patrimonio indisponibile;Utilizzato direttamente;Altro;;;;1;False
688921;L219;1070;107;5;78.0;FABBRICATO;Viale dei Mughetti;18;45.10349;7.6294585;Abitazione;Dal 1961 al 1970;Nessuno;Patrimonio indisponibile;Utilizzato direttamente;Altro;;;;1;False
688922;L219;1070;107;50;82.0;FABBRICATO;Viale dei Mughetti;18;45.10349;7.6294585;Abitazione;Dal 1961 al 1970;Nessuno;Patrimonio indisponibile;Utilizzato direttamente;Altro;;;;1;False
688923;L219;1070;107;51;105.0;FABBRICATO;Viale dei Mughetti;18;45.10349;7.6294585;Abitazione;Dal 1961 al 1970;Nessuno;Patrimonio indisponibile;Utilizzato direttamente;Altro;;;;1;False
688924;L219;1070;107;52;82.0;FABBRICATO;Viale dei Mughetti;18;45.10349;7.6294585;Abitazione;Dal 1961 al 1970;Nessuno;Patrimonio indisponibile;Utilizzato direttamente;Altro;;;;1;False
688925;L219;1070;107;53;106.0;FABBRICATO;Viale dei Mughetti;18;45.10349;7.6294585;Abitazione;Dal 1961 al 1970;Nessuno;Patrimonio indisponibile;Utilizzato direttamente;Altro;;;;1;False
688926;L219;1070;107;54;82.0;FABBRICATO;Viale dei Mughetti;18;45.10349;7.6294585;Abitazione;Dal 1961 al 1970;Nessuno;Patrimonio indisponibile;Utilizzato direttamente;Altro;;;;1;False
688927;L219;1070;107;55;105.0;FABBRICATO;Viale dei Mughetti;18;45.10349;7.6294585;Abitazione;Dal 1961 al 1970;Nessuno;Patrimonio indisponibile;Utilizzato direttamente;Altro;;;;1;False
688928;L219;1070;107;56;83.0;FABBRICATO;Viale dei Mughetti;18;45.10349;7.6294585;Abitazione;Dal 1961 al 1970;Nessuno;Patrimonio indisponibile;Utilizzato direttamente;Altro;;;;1;False
688929;L219;1070;107;57;106.0;FABBRICATO;Viale dei Mughetti;18;45.10349;7.6294585;Abitazione;Dal 1961 al 1970;Nessuno;Patrimonio indisponibile;Utilizzato direttamente;Altro;;;;1;False
688930;L219;1070;107;58;82.0;FABBRICATO;Viale dei Mughetti;18;45.10349;7.6294585;Abitazione;Dal 1961 al 1970;Nessuno;Patrimonio indisponibile;Utilizzato direttamente;Altro;;;;1;False
688931;L219;1070;107;59;106.0;FABBRICATO;Viale dei Mughetti;18;45.10349;7.6294585;Abitazione;Dal 1961 al 1970;Nessuno;Patrimonio indisponibile;Utilizzato direttamente;Altro;;;;1;False
688932;L219;1070;107;6;87.0;FABBRICATO;Viale dei Mughetti;18;45.10349;7.6294585;Abitazione;Dal 1961 al 1970;Nessuno;Patrimonio indisponibile;Utilizzato direttamente;Altro;;;;1;False
688933;L219;1070;107;60;82.0;FABBRICATO;Viale dei Mughetti;18;45.10349;7.6294585;Abitazione;Dal 1961 al 1970;Nessuno;Patrimonio indisponibile;Utilizzato direttamente;Altro;;;;1;False
688934;L219;1070;107;61;106.0;FABBRICATO;Viale dei Mughetti;18;45.10349;7.6294585;Abitazione;Dal 1961 al 1970;Nessuno;Patrimonio indisponibile;Utilizzato direttamente;Altro;;;;1;False
688935;L219;1070;107;62;82.0;FABBRICATO;Viale dei Mughetti;18;45.10349;7.6294585;Abitazione;Dal 1961 al 1970;Nessuno;Patrimonio indisponibile;Utilizzato direttamente;Altro;;;;1;False
688936;L219;1070;107;67;12.0;FABBRICATO;Viale dei Mughetti;18;45.10349;7.6294585;Cantina, soffitta, rimessa, box, garage, posto auto aperto/scoperto,;Dal 1961 al 1970;Nessuno;Patrimonio indisponibile;Utilizzato direttamente;Altro;;;;1;False
688937;L219;1070;107;68;12.0;FABBRICATO;Viale dei Mughetti;18;45.10349;7.6294585;Cantina, soffitta, rimessa, box, garage, posto auto aperto/scoperto,;Dal 1961 al 1970;Nessuno;Patrimonio indisponibile;Utilizzato direttamente;Altro;;;;1;False
688938;L219;1070;107;69;12.0;FABBRICATO;Viale dei Mughetti;18;45.1032152;7.6294128;Cantina, soffitta, rimessa, box, garage, posto auto aperto/scoperto,;Dal 1961 al 1970;Nessuno;Patrimonio indisponibile;Utilizzato direttamente;Altro;;;;1;False
688939;L219;1070;107;7;79.0;FABBRICATO;Viale dei Mughetti;18;45.10349;7.6294585;Abitazione;Dal 1961 al 1970;Nessuno;Patrimonio indisponibile;Utilizzato direttamente;Altro;;;;1;False
688940;L219;1070;107;70;12.0;FABBRICATO;Viale dei Mughetti;18;45.1032152;7.6294128;Cantina, soffitta, rimessa, box, garage, posto auto aperto/scoperto,;Dal 1961 al 1970;Nessuno;Patrimonio indisponibile;Utilizzato direttamente;Altro;;;;1;False
688941;L219;1070;107;71;12.0;FABBRICATO;Viale dei Mughetti;18;45.1032152;7.6294128;Cantina, soffitta, rimessa, box, garage, posto auto aperto/scoperto,;Dal 1961 al 1970;Nessuno;Patrimonio indisponibile;Utilizzato direttamente;Altro;;;;1;False
688942;L219;1070;107;72;12.0;FABBRICATO;Viale dei Mughetti;18;45.1032152;7.6294128;Cantina, soffitta, rimessa, box, garage, posto auto aperto/scoperto,;Dal 1961 al 1970;Nessuno;Patrimonio indisponibile;Utilizzato direttamente;Altro;;;;1;False
688943;L219;1070;107;73;12.0;FABBRICATO;Viale dei Mughetti;18;45.1032152;7.6294128;Cantina, soffitta, rimessa, box, garage, posto auto aperto/scoperto,;Dal 1961 al 1970;Nessuno;Patrimonio indisponibile;Utilizzato direttamente;Altro;;;;1;False
688944;L219;1070;107;74;12.0;FABBRICATO;Viale dei Mughetti;18;45.1032152;7.6294128;Cantina, soffitta, rimessa, box, garage, posto auto aperto/scoperto,;Dal 1961 al 1970;Nessuno;Patrimonio indisponibile;Utilizzato direttamente;Altro;;;;1;False
688945;L219;1070;107;75;12.0;FABBRICATO;Viale dei Mughetti;18;45.1032152;7.6294128;Cantina, soffitta, rimessa, box, garage, posto auto aperto/scoperto,;Dal 1961 al 1970;Nessuno;Patrimonio indisponibile;Utilizzato direttamente;Altro;;;;1;False
688946;L219;1070;107;76;12.0;FABBRICATO;Viale dei Mughetti;18;45.1032152;7.6294128;Cantina, soffitta, rimessa, box, garage, posto auto aperto/scoperto,;Dal 1961 al 1970;Nessuno;Patrimonio indisponibile;Utilizzato direttamente;Altro;;;;1;False
688947;L219;1070;107;77;12.0;FABBRICATO;Viale dei Mughetti;18;45.1032152;7.6294128;Cantina, soffitta, rimessa, box, garage, posto auto aperto/scoperto,;Dal 1961 al 1970;Nessuno;Patrimonio indisponibile;Utilizzato direttamente;Altro;;;;1;False
688948;L219;1070;107;78;12.0;FABBRICATO;Viale dei Mughetti;18;45.1032152;7.6294128;Cantina, soffitta, rimessa, box, garage, posto auto aperto/scoperto,;Dal 1961 al 1970;Nessuno;Patrimonio indisponibile;Utilizzato direttamente;Altro;;;;1;False
688949;L219;1070;107;79;12.0;FABBRICATO;Viale dei Mughetti;18;45.1032152;7.6294128;Cantina, soffitta, rimessa, box, garage, posto auto aperto/scoperto,;Dal 1961 al 1970;Nessuno;Patrimonio indisponibile;Utilizzato direttamente;Altro;;;;1;False
688950;L219;1070;107;8;86.0;FABBRICATO;Viale dei Mughetti;18;45.10349;7.6294585;Abitazione;Dal 1961 al 1970;Nessuno;Patrimonio indisponibile;Utilizzato direttamente;Altro;;;;1;False
688951;L219;1070;107;80;12.0;FABBRICATO;Viale dei Mughetti;18;45.1032152;7.6294128;Cantina, soffitta, rimessa, box, garage, posto auto aperto/scoperto,;Dal 1961 al 1970;Nessuno;Patrimonio indisponibile;Utilizzato direttamente;Altro;;;;1;False
688952;L219;1070;107;81;12.0;FABBRICATO;Viale dei Mughetti;18;45.10349;7.6294585;Cantina, soffitta, rimessa, box, garage, posto auto aperto/scoperto,;Dal 1961 al 1970;Nessuno;Patrimonio indisponibile;Utilizzato direttamente;Altro;;;;1;False
688953;L219;1070;107;82;12.0;FABBRICATO;Viale dei Mughetti;18;45.10349;7.6294585;Cantina, soffitta, rimessa, box, garage, posto auto aperto/scoperto,;Dal 1961 al 1970;Nessuno;Patrimonio indisponibile;Utilizzato direttamente;Altro;;;;1;False
688954;L219;1070;107;83;12.0;FABBRICATO;Viale dei Mughetti;18;45.10349;7.6294585;Cantina, soffitta, rimessa, box, garage, posto auto aperto/scoperto,;Dal 1961 al 1970;Nessuno;Patrimonio indisponibile;Utilizzato direttamente;Altro;;;;1;False
688955;L219;1070;107;84;12.0;FABBRICATO;Viale dei Mughetti;18;45.10349;7.6294585;Cantina, soffitta, rimessa, box, garage, posto auto aperto/scoperto,;Dal 1961 al 1970;Nessuno;Patrimonio indisponibile;Utilizzato direttamente;Altro;;;;1;False
688956;L219;1070;107;85;12.0;FABBRICATO;Viale dei Mughetti;18;45.10349;7.6294585;Cantina, soffitta, rimessa, box, garage, posto auto aperto/scoperto,;Dal 1961 al 1970;Nessuno;Patrimonio indisponibile;Utilizzato direttamente;Altro;;;;1;False
688957;L219;1070;107;86;12.0;FABBRICATO;Viale dei Mughetti;18;45.10349;7.6294585;Cantina, soffitta, rimessa, box, garage, posto auto aperto/scoperto,;Dal 1961 al 1970;Nessuno;Patrimonio indisponibile;Utilizzato direttamente;Altro;;;;1;False
688958;L219;1070;107;87;12.0;FABBRICATO;Viale dei Mughetti;18;45.10349;7.6294585;Cantina, soffitta, rimessa, box, garage, posto auto aperto/scoperto,;Dal 1961 al 1970;Nessuno;Patrimonio indisponibile;Utilizzato direttamente;Altro;;;;1;False
688959;L219;1070;107;88;12.0;FABBRICATO;Viale dei Mughetti;18;45.10349;7.6294585;Cantina, soffitta, rimessa, box, garage, posto auto aperto/scoperto,;Dal 1961 al 1970;Nessuno;Patrimonio indisponibile;Utilizzato direttamente;Altro;;;;1;False
688960;L219;1070;107;89;12.0;FABBRICATO;Viale dei Mughetti;18;45.10349;7.6294585;Cantina, soffitta, rimessa, box, garage, posto auto aperto/scoperto,;Dal 1961 al 1970;Nessuno;Patrimonio indisponibile;Utilizzato direttamente;Altro;;;;1;False
688961;L219;1070;107;9;78.0;FABBRICATO;Viale dei Mughetti;18;45.10349;7.6294585;Abitazione;Dal 1961 al 1970;Nessuno;Patrimonio indisponibile;Utilizzato direttamente;Altro;;;;1;False
688962;L219;1070;107;90;12.0;FABBRICATO;Viale dei Mughetti;18;45.10349;7.6294585;Cantina, soffitta, rimessa, box, garage, posto auto aperto/scoperto,;Dal 1961 al 1970;Nessuno;Patrimonio indisponibile;Utilizzato direttamente;Altro;;;;1;False
688963;L219;1070;107;91;12.0;FABBRICATO;Viale dei Mughetti;18;45.10349;7.6294585;Cantina, soffitta, rimessa, box, garage, posto auto aperto/scoperto,;Dal 1961 al 1970;Nessuno;Patrimonio indisponibile;Utilizzato direttamente;Altro;;;;1;False
688964;L219;1070;107;92;12.0;FABBRICATO;Viale dei Mughetti;18;45.10349;7.6294585;Cantina, soffitta, rimessa, box, garage, posto auto aperto/scoperto,;Dal 1961 al 1970;Nessuno;Patrimonio indisponibile;Utilizzato direttamente;Altro;;;;1;False
688965;L219;1070;107;93;12.0;FABBRICATO;Viale dei Mughetti;18;45.10349;7.6294585;Cantina, soffitta, rimessa, box, garage, posto auto aperto/scoperto,;Dal 1961 al 1970;Nessuno;Patrimonio indisponibile;Utilizzato direttamente;Altro;;;;1;False
688966;L219;1070;107;94;12.0;FABBRICATO;Viale dei Mughetti;18;45.10349;7.6294585;Cantina, soffitta, rimessa, box, garage, posto auto aperto/scoperto,;Dal 1961 al 1970;Nessuno;Patrimonio indisponibile;Utilizzato direttamente;Altro;;;;1;False
688967;L219;1070;107;95;12.0;FABBRICATO;Viale dei Mughetti;18;45.10349;7.6294585;Cantina, soffitta, rimessa, box, garage, posto auto aperto/scoperto,;Dal 1961 al 1970;Nessuno;Patrimonio indisponibile;Utilizzato direttamente;Altro;;;;1;False
688968;L219;1070;107;96;12.0;FABBRICATO;Viale dei Mughetti;18;45.10349;7.6294585;Cantina, soffitta, rimessa, box, garage, posto auto aperto/scoperto,;Dal 1961 al 1970;Nessuno;Patrimonio indisponibile;Utilizzato direttamente;Altro;;;;1;False
688969;L219;1070;107;97;12.0;FABBRICATO;Viale dei Mughetti;18;45.10349;7.6294585;Cantina, soffitta, rimessa, box, garage, posto auto aperto/scoperto,;Dal 1961 al 1970;Nessuno;Patrimonio indisponibile;Utilizzato direttamente;Altro;;;;1;False
688970;L219;1070;107;98;12.0;FABBRICATO;Viale dei Mughetti;18;45.10349;7.6294585;Cantina, soffitta, rimessa, box, garage, posto auto aperto/scoperto,;Dal 1961 al 1970;Nessuno;Patrimonio indisponibile;Utilizzato direttamente;Altro;;;;1;False
688971;L219;1070;107;99;12.0;FABBRICATO;Viale dei Mughetti;18;45.10349;7.6294585;Cantina, soffitta, rimessa, box, garage, posto auto aperto/scoperto,;Dal 1961 al 1970;Nessuno;Patrimonio indisponibile;Utilizzato direttamente;Altro;;;;1;False
688975;L219;1164;149;2;88.0;FABBRICATO;via servais giovanni;200 3;45.0869859;7.6154154;Abitazione;Dal 1971 al 1980;Nessuno;Patrimonio indisponibile;Utilizzato direttamente;Alloggio di servizio, foresterie;;;;1;False
688976;L219;1164;149;3;11.0;FABBRICATO;via servais giovanni;200 3;45.0869859;7.6154154;Cantina, soffitta, rimessa, box, garage, posto auto aperto/scoperto,;Dal 1971 al 1980;Nessuno;Patrimonio indisponibile;Utilizzato direttamente;Attività sportiva, ricreativa e di intrattenimento;;;;1;False
688979;L219;1166;465;;275.0;FABBRICATO;Via Valentino Carrera;176;45.08103531;7.61624349;Impianto sportivo;Dal 1981 al 1990;Nessuno;Patrimonio indisponibile;Utilizzato direttamente;Attività sportiva, ricreativa e di intrattenimento;;;;1;False
688980;L219;1166;467;4;99.0;FABBRICATO;via passoni mario e pier luigi;13;45.08272706;7.61774122;Abitazione;Dal 1971 al 1980;Nessuno;Patrimonio indisponibile;Utilizzato direttamente;Alloggio di servizio, foresterie;;;;1;False
688981;L219;1166;467;5;10735.5;FABBRICATO;via passoni mario e pier luigi;13;45.08272706;7.61774122;Edificio scolastico (es.: scuola di ogni ordine e grado, università, scuola di formazione);Dal 1991 al 2000;Nessuno;Patrimonio indisponibile;Utilizzato direttamente;Attività didattica;;;;1;False
688982;L219;1166;529;;200.0;FABBRICATO;Via Giuseppe Berruti;1;45.08101636;7.61665429;Impianto sportivo;Dal 1971 al 1980;Nessuno;Patrimonio indisponibile;Utilizzato direttamente;Attività sportiva, ricreativa e di intrattenimento;;;;1;False
688986;L219;1168;237;2;3948.0;FABBRICATO;via pacchiotti giacinto;102;45.0786863;7.6249251;Edificio scolastico (es.: scuola di ogni ordine e grado, università, scuola di formazione);Dal 1961 al 1970;Nessuno;Patrimonio indisponibile;Utilizzato direttamente;Attività didattica;;;;1;False
688987;L219;1168;237;3;64.0;FABBRICATO;via pacchiotti giacinto;102;45.0786863;7.6249251;Abitazione;Dal 1961 al 1970;Nessuno;Patrimonio indisponibile;Utilizzato direttamente;Alloggio di servizio, foresterie;;;;1;False
688988;L219;1168;237;4;3158.75;FABBRICATO;via pacchiotti giacinto;102;45.0786863;7.6249251;Edificio scolastico (es.: scuola di ogni ordine e grado, università, scuola di formazione);Dal 1961 al 1970;Nessuno;Patrimonio indisponibile;Utilizzato direttamente;Attività didattica;;;;1;False
688989;L219;1168;263;1;1300.0;FABBRICATO;Via Bellardi Ludovico;56;45.079064;7.6248961;Edificio scolastico (es.: scuola di ogni ordine e grado, università, scuola di formazione);Dal 1961 al 1970;Nessuno;Patrimonio indisponibile;Utilizzato direttamente;Attività didattica;;;;1;False
688990;L219;1168;263;2;66.0;FABBRICATO;Via Bellardi Ludovico;56;45.079064;7.6248961;Abitazione;Dal 1961 al 1970;Nessuno;Patrimonio indisponibile;Utilizzato direttamente;Alloggio di servizio, foresterie;;;;1;False
688991;L219;1169;54;2;817.0;FABBRICATO;Via Pietro Cossa;115;45.0823902;7.6227387;Edificio scolastico (es.: scuola di ogni ordine e grado, università, scuola di formazione);Dal 1971 al 1980;Nessuno;Patrimonio indisponibile;Utilizzato direttamente;Attività didattica;;;;1;False
688992;L219;1169;54;3;72.0;FABBRICATO;Via Pietro Cossa;115;45.0823902;7.6227387;Abitazione;Dal 1971 al 1980;Nessuno;Patrimonio indisponibile;Utilizzato direttamente;Alloggio di servizio, foresterie;;;;1;False
688995;L219;1169;223;4;93.0;FABBRICATO;Via Nicomede Bianchi;73;45.0817902;7.6305492;Fabbricato per attività produttiva (industriale, artigianale o agricola);Dal 1946 al 1960;Nessuno;Patrimonio disponibile;Utilizzato direttamente;Attività commerciale e di ristorazione;;;;1;False
688997;L219;1170;273;2;1661.0;FABBRICATO;via valgioie;72;45.0772265;7.6279673;Edificio scolastico (es.: scuola di ogni ordine e grado, università, scuola di formazione);Dal 1971 al 1980;Nessuno;Patrimonio indisponibile;Utilizzato direttamente;Attività didattica;;;;1;False
688998;L219;1170;273;3;98.0;FABBRICATO;via valgioie;72;45.0772265;7.6279673;Abitazione;Dal 1971 al 1980;Nessuno;Patrimonio indisponibile;Utilizzato direttamente;Alloggio di servizio, foresterie;;;;1;False
688999;L219;1170;275;;1976.0;FABBRICATO;via valgioie;39;45.0765515;7.6307942;Struttura residenziale collettiva (es.: collegi e convitti, educandati, ricoveri, orfanotrofi, ospizi, conventi, seminari);Dal 1991 al 2000;Nessuno;Patrimonio indisponibile;Utilizzato direttamente;Servizi assistenza socio-sanitaria (residenziali);;;;1;False
689000;L219;1170;291;;36.0;FABBRICATO;VIA EXILLES;SNC;45.075663;7.6310514;Magazzino e locali di deposito;Dal 2001 al 2010;Nessuno;Patrimonio indisponibile;Utilizzato direttamente;Altro;;;;1;False
689003;L219;1170;31;2;4288.0;FABBRICATO;via pacchiotti giacinto;80;45.0784447;7.628124;Edificio scolastico (es.: scuola di ogni ordine e grado, università, scuola di formazione);Dal 1971 al 1980;Nessuno;Patrimonio indisponibile;Utilizzato direttamente;Attività didattica;;;;1;False
689004;L219;1170;31;3;125.0;FABBRICATO;Via Giacinto Pacchiotti;50;45.0784447;7.628124;Abitazione;Dal 1971 al 1980;Nessuno;Patrimonio indisponibile;Utilizzato direttamente;Alloggio di servizio, foresterie;;;;1;False
689005;L219;1171;447;;100.0;FABBRICATO;via valgioie;10;45.0768347;7.6341922;Abitazione;Prima del 1919;Dichiarazione di interesse culturale;Demanio;Utilizzato direttamente;Alloggio di servizio, foresterie;;;;1;False
689006;L219;1171;661;1;218.0;FABBRICATO;Via Borgosesia;1;45.0756587;7.6393523;Ufficio strutturato ed assimilabili;Prima del 1919;Dichiarazione di interesse culturale;Demanio;;Non Dichiarato;in concessione a titolo oneroso;6080.0;01/07/2022;1;False
689007;L219;1171;736;101;3008.57;FABBRICATO;corso francia;186;45.0765455;7.6383281;Ufficio strutturato ed assimilabili;Prima del 1919;Dichiarazione di interesse culturale;Demanio;Utilizzato direttamente;Attività artistica e culturale;;;;1;False
689008;L219;1171;736;102;153.0;FABBRICATO;corso francia;186;45.0765455;7.6383281;Abitazione;Prima del 1919;Dichiarazione di interesse culturale;Demanio;Utilizzato direttamente;Attività artistica e culturale;;;;1;False
689009;L219;1171;757;2;2231.25;FABBRICATO;Via Asinari di Bernezzo Vittorio;23;45.0786066;7.6387089;Edificio scolastico (es.: scuola di ogni ordine e grado, università, scuola di formazione);Dopo il 2010;Dichiarazione di interesse culturale;Demanio;Utilizzato direttamente;Attività didattica;;;;1;False
689010;L219;1171;757;3;86.0;FABBRICATO;Via Asinari di Bernezzo Vittorio;23;45.0786066;7.6387089;Abitazione;Dal 1981 al 1990;Dichiarazione di interesse culturale;Demanio;Utilizzato direttamente;Alloggio di servizio, foresterie;;;;1;False
689011;L219;1171;759;;116.0;FABBRICATO;Via Vittorio Asinari di Bernezzo;21;45.079054;7.638655;Impianto sportivo;Prima del 1919;Dichiarazione di interesse culturale;Demanio;Utilizzato direttamente;Attività sportiva, ricreativa e di intrattenimento;;;;1;False
689012;L219;1172;1040;2;337.71;FABBRICATO;Via Salbertrand;57;45.0804041;7.6349897;Ufficio strutturato ed assimilabili;Prima del 1919;Nessuno;Patrimonio indisponibile;Utilizzato direttamente;Altro;;;;1;False
689013;L219;1172;1043;2;5656.5;FABBRICATO;via capelli carlo;66;45.0802112;7.6346738;Edificio scolastico (es.: scuola di ogni ordine e grado, università, scuola di formazione);Dal 1971 al 1980;Nessuno;Patrimonio indisponibile;Utilizzato direttamente;Attività didattica;;;;1;False
689014;L219;1172;1043;3;101.0;FABBRICATO;via capelli carlo;64;45.0802112;7.6346738;Abitazione;Dal 1971 al 1980;Nessuno;Patrimonio indisponibile;Utilizzato direttamente;Alloggio di servizio, foresterie;;;;1;False
689016;L219;1172;1047;2;297.14;FABBRICATO;Via Salbertrand;57;45.0804511;7.634538;Ufficio strutturato ed assimilabili;Prima del 1919;Nessuno;Patrimonio indisponibile;Utilizzato direttamente;Attività amministrativa/uffici pubblici;;;;1;False
689017;L219;1172;1047;3;357.14;FABBRICATO;Via Salbertrand;57;45.0804511;7.634538;Ufficio strutturato ed assimilabili;Prima del 1919;Nessuno;Patrimonio indisponibile;Utilizzato direttamente;Attività amministrativa/uffici pubblici;;;;1;False
689018;L219;1172;1047;4;151.0;FABBRICATO;Via Salbertrand;57;45.0804511;7.634538;Parcheggio collettivo;Prima del 1919;Nessuno;Patrimonio indisponibile;Utilizzato direttamente;Attività amministrativa/uffici pubblici;;;;1;False
689019;L219;1172;158;1;5040.75;FABBRICATO;corso monte grappa;81;45.0826246;7.6382219;Edificio scolastico (es.: scuola di ogni ordine e grado, università, scuola di formazione);Dal 1961 al 1970;Nessuno;Patrimonio indisponibile;Utilizzato direttamente;Attività didattica;;;;1;False
689020;L219;1172;158;2;97.0;FABBRICATO;Via Giovanni Servais;5;45.0826246;7.6382219;Abitazione;Dal 1961 al 1970;Nessuno;Patrimonio indisponibile;Utilizzato direttamente;Alloggio di servizio, foresterie;;;;1;False
689021;L219;1070;21;1;4727.0;FABBRICATO;Via delle Verbene;6;45.1045183;7.6339075;Edificio scolastico (es.: scuola di ogni ordine e grado, università, scuola di formazione);Dal 1961 al 1970;Nessuno;Patrimonio indisponibile;Utilizzato direttamente;Attività didattica;;;;1;False
689022;L219;1070;21;2;89.0;FABBRICATO;Via delle Verbene;6;45.1045183;7.6339075;Abitazione;Dal 1961 al 1970;Nessuno;Patrimonio indisponibile;Utilizzato direttamente;Alloggio di servizio, foresterie;;;;1;False
689023;L219;1070;22;3;1774.0;FABBRICATO;Via delle Verbene;4;45.1051354;7.6341961;Edificio scolastico (es.: scuola di ogni ordine e grado, università, scuola di formazione);Dal 1961 al 1970;Nessuno;Patrimonio indisponibile;Utilizzato direttamente;Attività didattica;;;;1;False
689024;L219;1172;949;1;9090.0;FABBRICATO;Via Capelli Carlo;51;45.0796358;7.6326732;Edificio scolastico (es.: scuola di ogni ordine e grado, università, scuola di formazione);Dal 1919 al 1945;Dichiarazione di interesse culturale;Demanio;Utilizzato direttamente;Attività didattica;;;;1;False
689025;L219;1172;949;2;64.0;FABBRICATO;Via Capelli Carlo;51;45.0796358;7.6326732;Abitazione;Dal 1919 al 1945;Dichiarazione di interesse culturale;Demanio;Utilizzato direttamente;Alloggio di servizio, foresterie;;;;1;False
689026;L219;1172;949;3;64.0;FABBRICATO;Via Capelli Carlo;51;45.0796358;7.6326732;Abitazione;Dal 1919 al 1945;Dichiarazione di interesse culturale;Demanio;Utilizzato direttamente;Alloggio di servizio, foresterie;;;;1;False
689027;L219;1172;949;5;279.75;FABBRICATO;Via Capelli Carlo;51;45.0796358;7.6326732;Edificio scolastico (es.: scuola di ogni ordine e grado, università, scuola di formazione);Dal 1919 al 1945;Dichiarazione di interesse culturale;Demanio;Utilizzato direttamente;Attività didattica;;;;1;False
689028;L219;1070;31;1;2000.0;FABBRICATO;Via delle Verbene;11;45.104249;7.6305599;Mercato coperto;Dal 1961 al 1970;Nessuno;Patrimonio indisponibile;Utilizzato direttamente;Attività commerciale e di ristorazione;;;;1;False
689029;L219;1070;34;10;151.43;FABBRICATO;Piazza Montale Eugenio;14;45.1039316;7.6304668;Ufficio strutturato ed assimilabili;Dal 1961 al 1970;Nessuno;Patrimonio indisponibile;Utilizzato direttamente;Attività amministrativa/uffici pubblici;;;;1;False
689030;L219;1070;34;12;80.0;FABBRICATO;Piazza Montale Eugenio;14;45.1039316;7.6304668;Abitazione;Dal 1961 al 1970;Nessuno;Patrimonio indisponibile;Utilizzato direttamente;Alloggio di servizio, foresterie;;;;1;False
689031;L219;1070;34;14;86.86;FABBRICATO;Piazza Montale Eugenio;14;45.1039316;7.6304668;Ufficio strutturato ed assimilabili;Dal 1961 al 1970;Nessuno;Patrimonio indisponibile;;Non Dichiarato;in concessione a titolo oneroso;4675.0;26/07/2012;1;False
689032;L219;1070;34;3;52.0;FABBRICATO;Piazza Montale Eugenio;10;45.1039316;7.6304668;Parcheggio collettivo;Dal 1961 al 1970;Nessuno;Patrimonio indisponibile;Utilizzato direttamente;Attività amministrativa/uffici pubblici;;;;1;False
689033;L219;1070;34;8;248.57;FABBRICATO;Piazza Montale Eugenio;10;45.1039316;7.6304668;Ufficio strutturato ed assimilabili;Dal 1961 al 1970;Nessuno;Patrimonio indisponibile;Utilizzato direttamente;Attività amministrativa/uffici pubblici;;;;1;False
689034;L219;1070;34;9;403.14;FABBRICATO;Piazza Montale Eugenio;12;45.1039316;7.6304668;Ufficio strutturato ed assimilabili;Dal 1961 al 1970;Nessuno;Patrimonio indisponibile;Utilizzato direttamente;Attività amministrativa/uffici pubblici;;;;1;False
689035;L219;1172;95;14;55.0;FABBRICATO;via viverone;4;45.0824171;7.6363628;Abitazione;Dal 1946 al 1960;Nessuno;Patrimonio indisponibile;Utilizzato direttamente;Altro;;;;1;False
689036;L219;1172;962;2;465.0;FABBRICATO;Via Valentino Carrera;23;45.0796494;7.6350387;Edificio scolastico (es.: scuola di ogni ordine e grado, università, scuola di formazione);Dal 1919 al 1945;Dichiarazione di interesse culturale;Demanio;Utilizzato direttamente;Attività didattica;;;;1;False
689037;L219;1173;331;1;48.0;FABBRICATO;via fabrizi nicola;55;45.080698;7.6475243;Abitazione;Dal 1919 al 1945;Nessuno;Patrimonio disponibile;;Non Dichiarato;in locazione;11574.0;01/01/2003;1;False
689038;L219;1173;331;10;67.0;FABBRICATO;via fabrizi nicola;55;45.080698;7.6475243;Abitazione;Dal 1919 al 1945;Nessuno;Patrimonio disponibile;;Non Dichiarato;in locazione;4104.0;01/09/2008;1;False
689039;L219;1173;331;11;64.0;FABBRICATO;via fabrizi nicola;55;45.080698;7.6475243;Abitazione;Dal 1919 al 1945;Nessuno;Patrimonio disponibile;;Non Dichiarato;in locazione;977.0;01/04/2018;1;False
689040;L219;1173;331;12;67.0;FABBRICATO;via fabrizi nicola;55;45.080698;7.6475243;Abitazione;Dal 1919 al 1945;Nessuno;Patrimonio disponibile;;Non Dichiarato;in locazione;2358.0;01/03/2018;1;False
689041;L219;1173;331;124;66.0;FABBRICATO;corso lecce;64;45.080698;7.6475243;Abitazione;Dal 1919 al 1945;Nessuno;Patrimonio disponibile;;Non Dichiarato;in locazione;2648.0;01/10/2021;1;False
689042;L219;1173;331;125;86.0;FABBRICATO;corso lecce;64;45.080698;7.6475243;Abitazione;Dal 1919 al 1945;Nessuno;Patrimonio disponibile;;Non Dichiarato;in locazione;3281.0;01/10/2021;1;False
689043;L219;1173;331;13;81.0;FABBRICATO;corso lecce;64;45.080698;7.6475243;Abitazione;Dal 1919 al 1945;Nessuno;Patrimonio disponibile;;Non Dichiarato;in locazione;11574.0;01/01/2003;1;False
689044;L219;1173;331;14;56.0;FABBRICATO;corso lecce;64;45.080698;7.6475243;Abitazione;Dal 1919 al 1945;Nessuno;Patrimonio disponibile;;Non Dichiarato;in locazione;1869.0;01/10/2021;1;False
689045;L219;1173;331;15;83.0;FABBRICATO;corso lecce;64;45.080698;7.6475243;Abitazione;Dal 1919 al 1945;Nessuno;Patrimonio disponibile;;Non Dichiarato;in locazione;3913.0;01/07/2021;1;False
689046;L219;1173;331;16;65.0;FABBRICATO;corso lecce;64;45.080698;7.6475243;Abitazione;Dal 1919 al 1945;Nessuno;Patrimonio disponibile;;Non Dichiarato;in locazione;1685.0;01/01/2022;1;False
689047;L219;1173;331;18;72.0;FABBRICATO;corso lecce;64;45.080698;7.6475243;Abitazione;Dal 1919 al 1945;Nessuno;Patrimonio disponibile;;Non Dichiarato;in locazione;3602.0;01/10/2021;1;False
689048;L219;1173;331;19;72.0;FABBRICATO;corso lecce;64;45.080698;7.6475243;Abitazione;Dal 1919 al 1945;Nessuno;Patrimonio disponibile;;Non Dichiarato;in locazione;762.0;01/07/2021;1;False
689049;L219;1173;331;2;40.0;FABBRICATO;via fabrizi nicola;55;45.080698;7.6475243;Abitazione;Dal 1919 al 1945;Nessuno;Patrimonio disponibile;Utilizzato direttamente;Altro;;;;1;False
689050;L219;1173;331;20;84.0;FABBRICATO;corso lecce;64;45.080698;7.6475243;Abitazione;Dal 1919 al 1945;Nessuno;Patrimonio disponibile;;Non Dichiarato;in locazione;4104.0;01/09/2008;1;False
689051;L219;1173;331;21;68.0;FABBRICATO;corso lecce;64;45.080698;7.6475243;Abitazione;Dal 1919 al 1945;Nessuno;Patrimonio disponibile;;Non Dichiarato;in locazione;749.0;01/07/2020;1;False
689052;L219;1173;331;22;88.0;FABBRICATO;corso lecce;64;45.080698;7.6475243;Abitazione;Dal 1919 al 1945;Nessuno;Patrimonio disponibile;;Non Dichiarato;in locazione;534.0;01/04/2018;1;False
689053;L219;1173;331;23;75.0;FABBRICATO;corso lecce;64;45.080698;7.6475243;Abitazione;Dal 1919 al 1945;Nessuno;Patrimonio disponibile;Utilizzato direttamente;Altro;;;;1;False
689054;L219;1173;331;3;64.0;FABBRICATO;via fabrizi nicola;55;45.080698;7.6475243;Abitazione;Dal 1919 al 1945;Nessuno;Patrimonio disponibile;;Non Dichiarato;in locazione;864.0;01/09/2021;1;False
689055;L219;1173;331;4;64.0;FABBRICATO;via fabrizi nicola;55;45.080698;7.6475243;Abitazione;Dal 1919 al 1945;Nessuno;Patrimonio disponibile;;Non Dichiarato;in locazione;983.0;01/04/2019;1;False
689056;L219;1173;331;5;64.0;FABBRICATO;via fabrizi nicola;55;45.080698;7.6475243;Abitazione;Dal 1919 al 1945;Nessuno;Patrimonio disponibile;;Non Dichiarato;in locazione;2165.0;01/04/2019;1;False
689057;L219;1173;331;6;64.0;FABBRICATO;via fabrizi nicola;55;45.080698;7.6475243;Abitazione;Dal 1919 al 1945;Nessuno;Patrimonio disponibile;;Non Dichiarato;in locazione;536.0;01/03/2018;1;False
689058;L219;1173;331;7;65.0;FABBRICATO;via fabrizi nicola;55;45.080698;7.6475243;Abitazione;Dal 1919 al 1945;Nessuno;Patrimonio disponibile;;Non Dichiarato;in locazione;545.0;01/07/2020;1;False
689059;L219;1173;331;8;67.0;FABBRICATO;via fabrizi nicola;55;45.080698;7.6475243;Abitazione;Dal 1919 al 1945;Nessuno;Patrimonio disponibile;Utilizzato direttamente;Altro;;;;1;False
689060;L219;1173;331;9;65.0;FABBRICATO;via fabrizi nicola;55;45.080698;7.6475243;Abitazione;Dal 1919 al 1945;Nessuno;Patrimonio disponibile;;Non Dichiarato;in locazione;1045.0;01/02/2018;1;False
689061;L219;1070;67;2;1007.75;FABBRICATO;Via delle Primule;5;45.1020481;7.631245;Edificio scolastico (es.: scuola di ogni ordine e grado, università, scuola di formazione);Dal 1961 al 1970;Nessuno;Patrimonio indisponibile;Utilizzato direttamente;Attività didattica;;;;1;False
689062;L219;1070;67;3;66.0;FABBRICATO;Via delle Magnolie;22;45.1020481;7.631245;Abitazione;Dal 1961 al 1970;Nessuno;Patrimonio indisponibile;Utilizzato direttamente;Alloggio di servizio, foresterie;;;;1;False
689064;L219;1071;51;;5000.0;FABBRICATO;Via delle Primule;7;45.1013871;7.6314587;Struttura residenziale collettiva (es.: collegi e convitti, educandati, ricoveri, orfanotrofi, ospizi, conventi, seminari);Dal 1961 al 1970;Nessuno;Patrimonio indisponibile;Utilizzato direttamente;Servizi assistenza socio-sanitaria (residenziali);;;;1;False
689068;L219;1175;286;3;106.0;FABBRICATO;Via Bianzè;28;45.0787189;7.6521406;Abitazione;Dal 1946 al 1960;Nessuno;Patrimonio indisponibile;Utilizzato direttamente;Attività commerciale e di ristorazione;;;;1;False
689069;L219;1073;18;12;72.0;FABBRICATO;via parenzo;90 13;45.1012887;7.6441239;Abitazione;Dal 1946 al 1960;Nessuno;Patrimonio indisponibile;Utilizzato direttamente;Altro;;;;1;False
689070;L219;1073;18;17;61.0;FABBRICATO;via parenzo;90 16;45.1012887;7.6441239;Abitazione;Dal 1946 al 1960;Nessuno;Patrimonio indisponibile;Utilizzato direttamente;Altro;;;;1;False
689071;L219;1073;18;19;61.0;FABBRICATO;via parenzo;90 15;45.1012887;7.6441239;Abitazione;Dal 1946 al 1960;Nessuno;Patrimonio indisponibile;Utilizzato direttamente;Altro;;;;1;False
689072;L219;1073;18;38;57.0;FABBRICATO;via parenzo;80 23;45.1012887;7.6441239;Abitazione;Dal 1946 al 1960;Nessuno;Patrimonio indisponibile;Utilizzato direttamente;Altro;;;;1;False
689073;L219;1073;18;43;49.0;FABBRICATO;via parenzo;80 24;45.1012887;7.6441239;Abitazione;Dal 1946 al 1960;Nessuno;Patrimonio indisponibile;Utilizzato direttamente;Altro;;;;1;False
689074;L219;1073;18;47;48.0;FABBRICATO;via parenzo;80 24;45.1012887;7.6441239;Abitazione;Dal 1946 al 1960;Nessuno;Patrimonio indisponibile;Utilizzato direttamente;Altro;;;;1;False
689075;L219;1073;18;55;47.0;FABBRICATO;via parenzo;80 25;45.1012887;7.6441239;Abitazione;Dal 1946 al 1960;Nessuno;Patrimonio indisponibile;Utilizzato direttamente;Altro;;;;1;False
689076;L219;1073;18;57;47.0;FABBRICATO;via parenzo;80 25;45.1012887;7.6441239;Abitazione;Dal 1946 al 1960;Nessuno;Patrimonio indisponibile;Utilizzato direttamente;Altro;;;;1;False
689077;L219;1073;18;61;45.0;FABBRICATO;via parenzo;80 26;45.1012887;7.6441239;Abitazione;Dal 1946 al 1960;Nessuno;Patrimonio indisponibile;Utilizzato direttamente;Altro;;;;1;False
689079;L219;1175;450;1;4997.5;FABBRICATO;Via Bianzè;9;45.0777547;7.6550193;Edificio scolastico (es.: scuola di ogni ordine e grado, università, scuola di formazione);Dal 1961 al 1970;Nessuno;Patrimonio indisponibile;Utilizzato direttamente;Attività didattica;;;;1;False
689080;L219;1175;450;2;101.0;FABBRICATO;via montano massimo;10;45.0777547;7.6550193;Abitazione;Dal 1961 al 1970;Nessuno;Patrimonio indisponibile;Utilizzato direttamente;Alloggio di servizio, foresterie;;;;1;False
689081;L219;1175;450;3;101.0;FABBRICATO;via montano massimo;12;45.0777547;7.6550193;Abitazione;Dal 1961 al 1970;Nessuno;Patrimonio indisponibile;Utilizzato direttamente;Alloggio di servizio, foresterie;;;;1;False
689083;L219;1176;1644;;2083.75;FABBRICATO;Via Carlo Vidua;3;45.0812754;7.6600871;Edificio scolastico (es.: scuola di ogni ordine e grado, università, scuola di formazione);Prima del 1919;Dichiarazione di interesse culturale;Demanio;Utilizzato direttamente;Attività didattica;;;;1;False
689085;L219;1176;30;;778.0;FABBRICATO;Via Pier Dionigi Pinelli;59;45.0830112;7.6601843;Edificio scolastico (es.: scuola di ogni ordine e grado, università, scuola di formazione);Dal 1919 al 1945;Nessuno;Patrimonio indisponibile;Utilizzato direttamente;Servizi assistenza socio-sanitaria (non residenziali);;;;1;False
689086;L219;1176;40;1;400.86;FABBRICATO;Via Carlo Bossi;18;45.0828504;7.6607369;Ufficio strutturato ed assimilabili;Dal 1919 al 1945;Nessuno;Patrimonio indisponibile;Utilizzato direttamente;Servizi assistenza socio-sanitaria (non residenziali);;;;1;False
689087;L219;1176;40;2;86.0;FABBRICATO;Via Carlo Bossi;18;45.0828504;7.6607369;Abitazione;Dal 1919 al 1945;Nessuno;Patrimonio indisponibile;Utilizzato direttamente;Servizi assistenza socio-sanitaria (non residenziali);;;;1;False
689088;L219;1176;40;3;80.0;FABBRICATO;Via Carlo Bossi;18;45.0828504;7.6607369;Abitazione;Dal 1919 al 1945;Nessuno;Patrimonio indisponibile;Utilizzato direttamente;Servizi assistenza socio-sanitaria (non residenziali);;;;1;False
689090;L219;1073;6;21;48.0;FABBRICATO;via sansovino andrea;94 41;45.1024963;7.6425016;Abitazione;Dal 1946 al 1960;Nessuno;Patrimonio indisponibile;Utilizzato direttamente;Altro;;;;1;False
689091;L219;1073;6;22;61.0;FABBRICATO;via sansovino andrea;94 41;45.1024963;7.6425016;Abitazione;Dal 1946 al 1960;Nessuno;Patrimonio indisponibile;Utilizzato direttamente;Altro;;;;1;False
689092;L219;1073;6;41;57.0;FABBRICATO;via sansovino andrea;98 44;45.1024963;7.6425016;Abitazione;Dal 1946 al 1960;Nessuno;Patrimonio indisponibile;Utilizzato direttamente;Altro;;;;1;False
689093;L219;1073;6;43;59.0;FABBRICATO;via sansovino andrea;98 44;45.1024963;7.6425016;Abitazione;Dal 1946 al 1960;Nessuno;Patrimonio indisponibile;Utilizzato direttamente;Altro;;;;1;False
689094;L219;1073;6;45;48.0;FABBRICATO;via sansovino andrea;98 44;45.1024963;7.6425016;Abitazione;Dal 1946 al 1960;Nessuno;Patrimonio indisponibile;Utilizzato direttamente;Altro;;;;1;False
689095;L219;1073;6;47;53.0;FABBRICATO;via sansovino andrea;98 44;45.1024963;7.6425016;Abitazione;Dal 1946 al 1960;Nessuno;Patrimonio indisponibile;Utilizzato direttamente;Altro;;;;1;False
689096;L219;1073;6;48;44.0;FABBRICATO;via sansovino andrea;98 44;45.1024963;7.6425016;Abitazione;Dal 1946 al 1960;Nessuno;Patrimonio indisponibile;Utilizzato direttamente;Altro;;;;1;False
689097;L219;1073;6;50;48.0;FABBRICATO;via sansovino andrea;98 45;45.1024963;7.6425016;Abitazione;Dal 1946 al 1960;Nessuno;Patrimonio indisponibile;Utilizzato direttamente;Altro;;;;1;False
689098;L219;1073;6;55;50.0;FABBRICATO;via sansovino andrea;98 45;45.1024963;7.6425016;Abitazione;Dal 1946 al 1960;Nessuno;Patrimonio indisponibile;Utilizzato direttamente;Altro;;;;1;False
689100;L219;1176;747;3;77.0;FABBRICATO;via galvani luigi;7;45.0808453;7.6608185;Abitazione;Prima del 1919;Dichiarazione di interesse culturale;Demanio;Utilizzato direttamente;Alloggio di servizio, foresterie;;;;1;False
689101;L219;1176;769;1;1522.0;FABBRICATO;via pinelli pierdionigi;69 B;45.0826517;7.6606084;Ospedali, case di cura, cliniche e assimilabili;Dal 1919 al 1945;Nessuno;Patrimonio indisponibile;Utilizzato direttamente;Servizi assistenza socio-sanitaria (non residenziali);;;;1;False
689104;L219;1177;1251;36;88.0;FABBRICATO;via avellino;22 A;45.0856945;7.6634984;Abitazione;Dal 2001 al 2010;Nessuno;Patrimonio indisponibile;Utilizzato direttamente;Altro;;;;1;False
689105;L219;1177;1251;49;73.0;FABBRICATO;via avellino;22 B;45.0856945;7.6634984;Abitazione;Dal 2001 al 2010;Nessuno;Patrimonio indisponibile;Utilizzato direttamente;Altro;;;;1;False
689106;L219;1177;1251;55;104.0;FABBRICATO;via avellino;22 C1;45.0856945;7.6634984;Abitazione;Dal 2001 al 2010;Nessuno;Patrimonio indisponibile;Utilizzato direttamente;Altro;;;;1;False
689107;L219;1177;1251;60;69.0;FABBRICATO;via avellino;22 E2;45.0856945;7.6634984;Abitazione;Dal 2001 al 2010;Nessuno;Patrimonio indisponibile;Utilizzato direttamente;Altro;;;;1;False
689116;L219;1074;77;2;7065.0;FABBRICATO;via luini bernardino;195;45.1022616;7.6501839;Edificio scolastico (es.: scuola di ogni ordine e grado, università, scuola di formazione);Dal 1971 al 1980;Nessuno;Patrimonio indisponibile;Utilizzato direttamente;Attività didattica;;;;1;False
689117;L219;1074;77;3;103.0;FABBRICATO;via luini bernardino;195;45.1022616;7.6501839;Abitazione;Dal 1971 al 1980;Nessuno;Patrimonio indisponibile;Utilizzato direttamente;Alloggio di servizio, foresterie;;;;1;False
689118;L219;1074;80;2;2485.0;FABBRICATO;Via Fiesole;15;45.1038635;7.6475726;Edificio scolastico (es.: scuola di ogni ordine e grado, università, scuola di formazione);Dal 1971 al 1980;Nessuno;Patrimonio indisponibile;Utilizzato direttamente;Attività didattica;;;;1;False
689119;L219;1074;80;3;80.0;FABBRICATO;Via Fiesole;15;45.1038635;7.6475726;Abitazione;Dal 1971 al 1980;Nessuno;Patrimonio indisponibile;Utilizzato direttamente;Alloggio di servizio, foresterie;;;;1;False
689120;L219;1074;82;2;1412.5;FABBRICATO;Via Fiesole;15;45.1043885;7.6491084;Edificio scolastico (es.: scuola di ogni ordine e grado, università, scuola di formazione);Dal 1971 al 1980;Nessuno;Patrimonio indisponibile;Utilizzato direttamente;Servizi assistenza socio-sanitaria (non residenziali);;;;1;False
689121;L219;1074;82;3;93.0;FABBRICATO;Via Fiesole;15;45.1043885;7.6491084;Abitazione;Dal 1971 al 1980;Nessuno;Patrimonio indisponibile;Utilizzato direttamente;Servizi assistenza socio-sanitaria (non residenziali);;;;1;False
689158;L219;1075;36;1;916.5;FABBRICATO;Piazza Manno Giuseppe;22;45.1049589;7.65539;Edificio scolastico (es.: scuola di ogni ordine e grado, università, scuola di formazione);Dal 1961 al 1970;Nessuno;Patrimonio indisponibile;Utilizzato direttamente;Attività didattica;;;;1;False
689159;L219;1075;36;2;118.0;FABBRICATO;Piazza Manno Giuseppe;22;45.1049589;7.65539;Abitazione;Dal 1961 al 1970;Nessuno;Patrimonio indisponibile;Utilizzato direttamente;Alloggio di servizio, foresterie;;;;1;False
689160;L219;1075;379;1;83.0;FABBRICATO;Via Bernardino Luini;166;45.1018584;7.6520858;Abitazione;Dopo il 2010;Nessuno;Patrimonio indisponibile;Utilizzato direttamente;Altro;;;;1;False
689161;L219;1075;379;11;96.0;FABBRICATO;Via Bernardino Luini;166;45.1018584;7.6520858;Abitazione;Dopo il 2010;Nessuno;Patrimonio indisponibile;Utilizzato direttamente;Altro;;;;1;False
689162;L219;1075;379;12;79.0;FABBRICATO;Via Bernardino Luini;166;45.1018584;7.6520858;Abitazione;Dopo il 2010;Nessuno;Patrimonio indisponibile;Utilizzato direttamente;Altro;;;;1;False
689163;L219;1075;379;22;93.0;FABBRICATO;Via Giovanni Segantini;44;45.1018584;7.6520858;Abitazione;Dopo il 2010;Nessuno;Patrimonio indisponibile;Utilizzato direttamente;Altro;;;;1;False
689164;L219;1075;379;33;77.0;FABBRICATO;Via Giovanni Segantini;44;45.1018584;7.6520858;Abitazione;Dopo il 2010;Nessuno;Patrimonio indisponibile;Utilizzato direttamente;Altro;;;;1;False
689165;L219;1075;379;34;77.0;FABBRICATO;Via Giovanni Segantini;44;45.1018584;7.6520858;Abitazione;Dopo il 2010;Nessuno;Patrimonio indisponibile;Utilizzato direttamente;Altro;;;;1;False
689166;L219;1075;379;35;77.0;FABBRICATO;Via Giovanni Segantini;44;45.1018584;7.6520858;Abitazione;Dopo il 2010;Nessuno;Patrimonio indisponibile;Utilizzato direttamente;Altro;;;;1;False
689167;L219;1075;379;36;75.0;FABBRICATO;Via Giovanni Segantini;44;45.1018584;7.6520858;Abitazione;Dopo il 2010;Nessuno;Patrimonio indisponibile;Utilizzato direttamente;Altro;;;;1;False
689168;L219;1075;379;37;77.0;FABBRICATO;Via Giovanni Segantini;44;45.1018584;7.6520858;Abitazione;Dopo il 2010;Nessuno;Patrimonio indisponibile;Utilizzato direttamente;Altro;;;;1;False
689169;L219;1075;379;38;74.0;FABBRICATO;Via Giovanni Segantini;44;45.1018584;7.6520858;Abitazione;Dopo il 2010;Nessuno;Patrimonio indisponibile;Utilizzato direttamente;Altro;;;;1;False
689170;L219;1075;379;43;54.0;FABBRICATO;Via Giovanni Segantini;44;45.1018584;7.6520858;Abitazione;Dopo il 2010;Nessuno;Patrimonio indisponibile;Utilizzato direttamente;Altro;;;;1;False
689171;L219;1075;379;44;74.0;FABBRICATO;Via Giovanni Segantini;44;45.1018584;7.6520858;Abitazione;Dopo il 2010;Nessuno;Patrimonio indisponibile;Utilizzato direttamente;Altro;;;;1;False
689172;L219;1075;379;45;78.0;FABBRICATO;Via Giovanni Segantini;44;45.1018584;7.6520858;Abitazione;Dopo il 2010;Nessuno;Patrimonio indisponibile;Utilizzato direttamente;Altro;;;;1;False
689173;L219;1075;379;47;75.0;FABBRICATO;Via Giovanni Segantini;44;45.1018584;7.6520858;Abitazione;Dopo il 2010;Nessuno;Patrimonio indisponibile;Utilizzato direttamente;Altro;;;;1;False
689175;L219;1177;372;41;43.0;FABBRICATO;corso regina margherita;223;45.0838259;7.6612344;Abitazione;Prima del 1919;Nessuno;Patrimonio indisponibile;Utilizzato direttamente;Altro;;;;1;False
689178;L219;1177;443;2;2590.75;FABBRICATO;Via Fossano;16;45.0857912;7.6608008;Edificio scolastico (es.: scuola di ogni ordine e grado, università, scuola di formazione);Prima del 1919;Dichiarazione di interesse culturale;Demanio;Utilizzato direttamente;Attività didattica;;;;1;False
689179;L219;1076;304;2;9348.0;FABBRICATO;corso lombardia;190;45.1024835;7.6591157;Ufficio strutturato ed assimilabili;Dal 1919 al 1945;Nessuno;Patrimonio disponibile;Utilizzato direttamente;Attività commerciale e di ristorazione;;;;1;False
689181;L219;1178;159;6;66.0;FABBRICATO;Via Pier Dionigi Pinelli;47;45.0817551;7.6632279;Abitazione;Dal 1919 al 1945;Nessuno;Patrimonio indisponibile;Utilizzato direttamente;Altro;;;;1;False
689182;L219;1178;197;23;82.0;FABBRICATO;via sobrero ascanio;19 B;45.0810418;7.6651916;Abitazione;Dal 1991 al 2000;Nessuno;Patrimonio indisponibile;Utilizzato direttamente;Altro;;;;1;False
689183;L219;1178;197;5;70.0;FABBRICATO;via sobrero ascanio;19 A;45.0810418;7.6651916;Abitazione;Dal 1991 al 2000;Nessuno;Patrimonio indisponibile;Utilizzato direttamente;Altro;;;;1;False
689187;L219;1077;169;1;2803.75;FABBRICATO;via sospello;64;45.1027197;7.67131784;Edificio scolastico (es.: scuola di ogni ordine e grado, università, scuola di formazione);Dal 1991 al 2000;Nessuno;Patrimonio indisponibile;Utilizzato direttamente;Attività didattica;;;;1;False
689188;L219;1077;169;2;80.0;FABBRICATO;via sospello;64;45.1027197;7.67131784;Abitazione;Dal 1961 al 1970;Nessuno;Patrimonio indisponibile;Utilizzato direttamente;Alloggio di servizio, foresterie;;;;1;False
689189;L219;1077;175;1;1698.0;FABBRICATO;Via Michele Coppino;152;45.10206951;7.67177977;Edificio scolastico (es.: scuola di ogni ordine e grado, università, scuola di formazione);Dal 1961 al 1970;Nessuno;Patrimonio indisponibile;Utilizzato direttamente;Attività didattica;;;;1;False
689190;L219;1077;175;2;74.0;FABBRICATO;Via Michele Coppino;152;45.10206951;7.67177977;Abitazione;Dal 1961 al 1970;Nessuno;Patrimonio indisponibile;Utilizzato direttamente;Alloggio di servizio, foresterie;;;;1;False
689191;L219;1077;209;2;1597.25;FABBRICATO;Via Michele Coppino;147;45.10086752;7.6716842;Edificio scolastico (es.: scuola di ogni ordine e grado, università, scuola di formazione);Dal 1971 al 1980;Nessuno;Patrimonio indisponibile;Utilizzato direttamente;Attività didattica;;;;1;False
689192;L219;1077;209;3;104.0;FABBRICATO;Via Michele Coppino;147;45.10086752;7.6716842;Abitazione;Dal 1971 al 1980;Nessuno;Patrimonio indisponibile;Utilizzato direttamente;Alloggio di servizio, foresterie;;;;1;False
689194;L219;1178;271;4;42.0;FABBRICATO;Via Gaspare Saccarelli;14;45.0798425;7.6663681;Locale commerciale, negozio;Prima del 1919;Nessuno;Patrimonio indisponibile;Utilizzato direttamente;Altro;;;;1;False
689197;L219;1079;156;101;86.0;FABBRICATO;via reiss romoli guglielmo;79;45.107576;7.6887712;Abitazione;Dal 1971 al 1980;Nessuno;Patrimonio indisponibile;Utilizzato direttamente;Altro;;;;1;False
689198;L219;1079;156;115;86.0;FABBRICATO;via reiss romoli guglielmo;79;45.107576;7.6887712;Abitazione;Dal 1971 al 1980;Nessuno;Patrimonio indisponibile;Utilizzato direttamente;Altro;;;;1;False
689199;L219;1079;156;124;12.0;FABBRICATO;via reiss romoli guglielmo;67;45.107576;7.6887712;Cantina, soffitta, rimessa, box, garage, posto auto aperto/scoperto,;Dal 1971 al 1980;Nessuno;Patrimonio indisponibile;Utilizzato direttamente;Altro;;;;1;False
689200;L219;1079;156;134;12.0;FABBRICATO;via reiss romoli guglielmo;67;45.107576;7.6887712;Cantina, soffitta, rimessa, box, garage, posto auto aperto/scoperto,;Dal 1971 al 1980;Nessuno;Patrimonio indisponibile;Utilizzato direttamente;Altro;;;;1;False
689201;L219;1079;156;147;12.0;FABBRICATO;via reiss romoli guglielmo;67;45.107576;7.6887712;Cantina, soffitta, rimessa, box, garage, posto auto aperto/scoperto,;Dal 1971 al 1980;Nessuno;Patrimonio indisponibile;Utilizzato direttamente;Altro;;;;1;False
689202;L219;1079;156;160;12.0;FABBRICATO;via reiss romoli guglielmo;67;45.107576;7.6887712;Cantina, soffitta, rimessa, box, garage, posto auto aperto/scoperto,;Dal 1971 al 1980;Nessuno;Patrimonio indisponibile;Utilizzato direttamente;Altro;;;;1;False
689203;L219;1079;156;17;84.0;FABBRICATO;via reiss romoli guglielmo;67;45.107576;7.6887712;Abitazione;Dal 1971 al 1980;Nessuno;Patrimonio indisponibile;Utilizzato direttamente;Altro;;;;1;False
689204;L219;1079;156;204;85.0;FABBRICATO;Via Antonio e Vittorio Scialoja;4;45.107576;7.6887712;Abitazione;Dal 1971 al 1980;Nessuno;Patrimonio indisponibile;Utilizzato direttamente;Altro;;;;1;False
689205;L219;1079;156;211;85.0;FABBRICATO;Via Antonio e Vittorio Scialoja;6;45.107576;7.6887712;Abitazione;Dal 1971 al 1980;Nessuno;Patrimonio indisponibile;Utilizzato direttamente;Altro;;;;1;False
689206;L219;1079;156;22;72.0;FABBRICATO;Via Reiss Romoli Guglielmo;69;45.107576;7.6887712;Abitazione;Dal 1971 al 1980;Nessuno;Patrimonio indisponibile;Utilizzato direttamente;Altro;;;;1;False
689207;L219;1079;156;227;103.0;FABBRICATO;Via Antonio e Vittorio Scialoja;8;45.107576;7.6887712;Abitazione;Dal 1971 al 1980;Nessuno;Patrimonio indisponibile;Utilizzato direttamente;Altro;;;;1;False
689208;L219;1079;156;233;99.0;FABBRICATO;Via Antonio e Vittorio Scialoja;8;45.107576;7.6887712;Abitazione;Dal 1971 al 1980;Nessuno;Patrimonio indisponibile;Utilizzato direttamente;Altro;;;;1;False
689209;L219;1079;156;247;16.0;FABBRICATO;Via Antonio e Vittorio Scialoja;4;45.107576;7.6887712;Cantina, soffitta, rimessa, box, garage, posto auto aperto/scoperto,;Dal 1971 al 1980;Nessuno;Patrimonio indisponibile;Utilizzato direttamente;Altro;;;;1;False
689210;L219;1079;156;255;16.0;FABBRICATO;Via Antonio e Vittorio Scialoja;4;45.107576;7.6887712;Cantina, soffitta, rimessa, box, garage, posto auto aperto/scoperto,;Dal 1971 al 1980;Nessuno;Patrimonio indisponibile;Utilizzato direttamente;Altro;;;;1;False
689211;L219;1079;156;256;16.0;FABBRICATO;Via Antonio e Vittorio Scialoja;4;45.107576;7.6887712;Cantina, soffitta, rimessa, box, garage, posto auto aperto/scoperto,;Dal 1971 al 1980;Nessuno;Patrimonio indisponibile;Utilizzato direttamente;Altro;;;;1;False
689212;L219;1079;156;293;72.0;FABBRICATO;via reiss romoli guglielmo;81 21 21;45.107576;7.6887712;Abitazione;Dal 1971 al 1980;Nessuno;Patrimonio indisponibile;Utilizzato direttamente;Altro;;;;1;False
689213;L219;1079;156;312;72.0;FABBRICATO;via reiss romoli guglielmo;81 21 21;45.107576;7.6887712;Abitazione;Dal 1971 al 1980;Nessuno;Patrimonio indisponibile;Utilizzato direttamente;Altro;;;;1;False
689214;L219;1079;156;343;96.0;FABBRICATO;Via Reiss Romoli;81;45.107576;7.6887712;Abitazione;Dal 1971 al 1980;Nessuno;Patrimonio indisponibile;Utilizzato direttamente;Altro;;;;1;False
689215;L219;1079;156;392;81.0;FABBRICATO;Via Reiss Romoli;81;45.107576;7.6887712;Abitazione;Dal 1971 al 1980;Nessuno;Patrimonio indisponibile;Utilizzato direttamente;Altro;;;;1;False
689216;L219;1079;156;416;72.0;FABBRICATO;Via Reiss Romoli;81;45.107576;7.6887712;Abitazione;Dal 1971 al 1980;Nessuno;Patrimonio indisponibile;Utilizzato direttamente;Altro;;;;1;False
689217;L219;1079;156;418;96.0;FABBRICATO;Via Reiss Romoli;81;45.107576;7.6887712;Abitazione;Dal 1971 al 1980;Nessuno;Patrimonio indisponibile;Utilizzato direttamente;Altro;;;;1;False
689218;L219;1079;156;433;96.0;FABBRICATO;Via Reiss Romoli;81;45.107576;7.6887712;Abitazione;Dal 1971 al 1980;Nessuno;Patrimonio indisponibile;Utilizzato direttamente;Altro;;;;1;False
689219;L219;1079;156;453;72.0;FABBRICATO;via reiss romoli guglielmo;81 3 3;45.107576;7.6887712;Abitazione;Dal 1971 al 1980;Nessuno;Patrimonio indisponibile;Utilizzato direttamente;Altro;;;;1;False
689220;L219;1079;156;504;15.0;FABBRICATO;Via Reiss Romoli;81;45.107576;7.6887712;Cantina, soffitta, rimessa, box, garage, posto auto aperto/scoperto,;Dal 1971 al 1980;Nessuno;Patrimonio indisponibile;Utilizzato direttamente;Altro;;;;1;False
689221;L219;1079;156;511;15.0;FABBRICATO;Via Reiss Romoli;81;45.107576;7.6887712;Cantina, soffitta, rimessa, box, garage, posto auto aperto/scoperto,;Dal 1971 al 1980;Nessuno;Patrimonio indisponibile;Utilizzato direttamente;Altro;;;;1;False
689222;L219;1079;156;512;15.0;FABBRICATO;Via Reiss Romoli;81;45.107576;7.6887712;Cantina, soffitta, rimessa, box, garage, posto auto aperto/scoperto,;Dal 1971 al 1980;Nessuno;Patrimonio indisponibile;Utilizzato direttamente;Altro;;;;1;False
689223;L219;1079;156;564;12.0;FABBRICATO;via reiss romoli guglielmo;81 3 3;45.107576;7.6887712;Cantina, soffitta, rimessa, box, garage, posto auto aperto/scoperto,;Dal 1971 al 1980;Nessuno;Patrimonio indisponibile;Non utilizzato;Non Dichiarato;;;;1;False
689224;L219;1079;156;610;12.0;FABBRICATO;Via Antonio e Vittorio Scialoja;22;45.107576;7.6887712;Cantina, soffitta, rimessa, box, garage, posto auto aperto/scoperto,;Dal 1971 al 1980;Nessuno;Patrimonio indisponibile;Utilizzato direttamente;Altro;;;;1;False
689225;L219;1079;156;618;15.0;FABBRICATO;via scialoja antonio e vittorio;20;45.107576;7.6887712;Cantina, soffitta, rimessa, box, garage, posto auto aperto/scoperto,;Dal 1971 al 1980;Nessuno;Patrimonio indisponibile;Utilizzato direttamente;Altro;;;;1;False
689226;L219;1079;156;620;15.0;FABBRICATO;via scialoja antonio e vittorio;20;45.107576;7.6887712;Cantina, soffitta, rimessa, box, garage, posto auto aperto/scoperto,;Dal 1971 al 1980;Nessuno;Patrimonio indisponibile;Utilizzato direttamente;Altro;;;;1;False
689227;L219;1079;156;663;12.0;FABBRICATO;via reiss romoli guglielmo;81 3 3;45.107576;7.6887712;Cantina, soffitta, rimessa, box, garage, posto auto aperto/scoperto,;Dal 1971 al 1980;Nessuno;Patrimonio indisponibile;Non utilizzato;Non Dichiarato;;;;1;False
689235;L219;1079;157;102;96.0;FABBRICATO;Via Antonio e Vittorio Scialoja;26;45.1062222;7.6910365;Abitazione;Dal 1971 al 1980;Nessuno;Patrimonio indisponibile;Utilizzato direttamente;Altro;;;;1;False
689236;L219;1079;157;107;72.0;FABBRICATO;Via Antonio e Vittorio Scialoja;26;45.1062222;7.6910365;Abitazione;Dal 1971 al 1980;Nessuno;Patrimonio indisponibile;Utilizzato direttamente;Altro;;;;1;False
689237;L219;1079;157;109;72.0;FABBRICATO;Via Antonio e Vittorio Scialoja;26;45.1062222;7.6910365;Abitazione;Dal 1971 al 1980;Nessuno;Patrimonio indisponibile;Utilizzato direttamente;Altro;;;;1;False
689238;L219;1079;157;3;72.0;FABBRICATO;via scialoja antonio e vittorio;20;45.1062222;7.6910365;Abitazione;Dal 1971 al 1980;Nessuno;Patrimonio indisponibile;Utilizzato direttamente;Altro;;;;1;False
689239;L219;1079;157;62;72.0;FABBRICATO;Via Antonio e Vittorio Scialoja;22;45.1062222;7.6910365;Abitazione;Dal 1971 al 1980;Nessuno;Patrimonio indisponibile;Utilizzato direttamente;Altro;;;;1;False
689241;L219;1080;176;10;75.0;FABBRICATO;via borgo ticino;15;45.1060535;7.6951578;Abitazione;Dal 1981 al 1990;Nessuno;Patrimonio disponibile;;Non Dichiarato;in locazione;2512.0;01/06/2021;1;False
689242;L219;1080;176;11;117.0;FABBRICATO;via borgo ticino;15;45.1060535;7.6951578;Abitazione;Dal 1981 al 1990;Nessuno;Patrimonio disponibile;;Non Dichiarato;in locazione;4206.0;01/03/2020;1;False
689243;L219;1080;176;12;68.0;FABBRICATO;via borgo ticino;15;45.1060535;7.6951578;Abitazione;Dal 1981 al 1990;Nessuno;Patrimonio disponibile;;Non Dichiarato;in locazione;831.0;01/01/2021;1;False
689244;L219;1080;176;13;102.0;FABBRICATO;via borgo ticino;15;45.1060535;7.6951578;Abitazione;Dal 1981 al 1990;Nessuno;Patrimonio disponibile;;Non Dichiarato;in locazione;3843.0;01/06/2021;1;False
689245;L219;1080;176;14;73.0;FABBRICATO;via borgo ticino;17;45.1060535;7.6951578;Abitazione;Dal 1981 al 1990;Nessuno;Patrimonio disponibile;Utilizzato direttamente;Altro;;;;1;False
689246;L219;1080;176;15;75.0;FABBRICATO;via borgo ticino;17;45.1060535;7.6951578;Abitazione;Dal 1981 al 1990;Nessuno;Patrimonio disponibile;;Non Dichiarato;in locazione;3087.0;01/11/2019;1;False
689247;L219;1080;176;16;96.0;FABBRICATO;via borgo ticino;17;45.1060535;7.6951578;Abitazione;Dal 1981 al 1990;Nessuno;Patrimonio disponibile;;Non Dichiarato;in locazione;3308.0;01/07/2021;1;False
689248;L219;1080;176;17;75.0;FABBRICATO;via borgo ticino;17;45.1060535;7.6951578;Abitazione;Dal 1981 al 1990;Nessuno;Patrimonio disponibile;;Non Dichiarato;in locazione;2504.0;01/02/2022;1;False
689249;L219;1080;176;18;96.0;FABBRICATO;via borgo ticino;17;45.1060535;7.6951578;Abitazione;Dal 1981 al 1990;Nessuno;Patrimonio disponibile;;Non Dichiarato;in locazione;3298.0;01/07/2021;1;False
689250;L219;1080;176;19;75.0;FABBRICATO;via borgo ticino;17;45.1060535;7.6951578;Abitazione;Dal 1981 al 1990;Nessuno;Patrimonio disponibile;;Non Dichiarato;in locazione;1771.0;01/08/2006;1;False
689252;L219;1080;176;20;96.0;FABBRICATO;via borgo ticino;17;45.1060535;7.6951578;Abitazione;Dal 1981 al 1990;Nessuno;Patrimonio disponibile;;Non Dichiarato;in locazione;3723.0;01/07/2021;1;False
689253;L219;1080;176;21;75.0;FABBRICATO;via borgo ticino;17;45.1060535;7.6951578;Abitazione;Dal 1981 al 1990;Nessuno;Patrimonio disponibile;;Non Dichiarato;in locazione;2526.0;01/02/2011;1;False
689254;L219;1080;176;22;84.0;FABBRICATO;via borgo ticino;17;45.1060535;7.6951578;Abitazione;Dal 1981 al 1990;Nessuno;Patrimonio disponibile;;Non Dichiarato;in locazione;3777.0;01/02/2022;1;False
689255;L219;1080;176;23;67.0;FABBRICATO;via borgo ticino;17;45.1060535;7.6951578;Abitazione;Dal 1981 al 1990;Nessuno;Patrimonio disponibile;;Non Dichiarato;in locazione;800.0;01/03/2021;1;False
689256;L219;1080;176;24;10.0;FABBRICATO;via borgo ticino;15;45.1060535;7.6951578;Cantina, soffitta, rimessa, box, garage, posto auto aperto/scoperto,;Dal 1981 al 1990;Nessuno;Patrimonio disponibile;Utilizzato direttamente;Altro;;;;1;False
689257;L219;1080;176;25;9.0;FABBRICATO;via borgo ticino;15;45.1060535;7.6951578;Cantina, soffitta, rimessa, box, garage, posto auto aperto/scoperto,;Dal 1981 al 1990;Nessuno;Patrimonio disponibile;Utilizzato direttamente;Altro;;;;1;False
689258;L219;1080;176;26;10.0;FABBRICATO;via borgo ticino;15;45.1060535;7.6951578;Cantina, soffitta, rimessa, box, garage, posto auto aperto/scoperto,;Dal 1981 al 1990;Nessuno;Patrimonio disponibile;Utilizzato direttamente;Altro;;;;1;False
689259;L219;1080;176;27;13.0;FABBRICATO;via borgo ticino;15;45.1060535;7.6951578;Cantina, soffitta, rimessa, box, garage, posto auto aperto/scoperto,;Dal 1981 al 1990;Nessuno;Patrimonio disponibile;Utilizzato direttamente;Altro;;;;1;False
689260;L219;1080;176;28;14.0;FABBRICATO;via borgo ticino;17;45.1060535;7.6951578;Cantina, soffitta, rimessa, box, garage, posto auto aperto/scoperto,;Dal 1981 al 1990;Nessuno;Patrimonio disponibile;Utilizzato direttamente;Altro;;;;1;False
689261;L219;1080;176;29;10.0;FABBRICATO;via borgo ticino;17;45.1060535;7.6951578;Cantina, soffitta, rimessa, box, garage, posto auto aperto/scoperto,;Dal 1981 al 1990;Nessuno;Patrimonio disponibile;Utilizzato direttamente;Altro;;;;1;False
689262;L219;1080;176;30;9.0;FABBRICATO;via borgo ticino;17;45.1060535;7.6951578;Cantina, soffitta, rimessa, box, garage, posto auto aperto/scoperto,;Dal 1981 al 1990;Nessuno;Patrimonio disponibile;Utilizzato direttamente;Altro;;;;1;False
689263;L219;1080;176;31;10.0;FABBRICATO;via borgo ticino;17;45.1060535;7.6951578;Cantina, soffitta, rimessa, box, garage, posto auto aperto/scoperto,;Dal 1981 al 1990;Nessuno;Patrimonio disponibile;Utilizzato direttamente;Altro;;;;1;False
689264;L219;1080;176;32;15.0;FABBRICATO;via borgo ticino;17;45.1060535;7.6951578;Cantina, soffitta, rimessa, box, garage, posto auto aperto/scoperto,;Dal 1981 al 1990;Nessuno;Patrimonio disponibile;Utilizzato direttamente;Altro;;;;1;False
689265;L219;1080;176;33;10.0;FABBRICATO;via borgo ticino;17;45.1060535;7.6951578;Abitazione;Dal 1981 al 1990;Nessuno;Patrimonio disponibile;Utilizzato direttamente;Altro;;;;1;False
689266;L219;1080;176;34;10.0;FABBRICATO;via borgo ticino;17;45.1060535;7.6951578;Cantina, soffitta, rimessa, box, garage, posto auto aperto/scoperto,;Dal 1981 al 1990;Nessuno;Patrimonio disponibile;Utilizzato direttamente;Altro;;;;1;False
689267;L219;1080;176;35;11.0;FABBRICATO;via borgo ticino;17;45.1060535;7.6951578;Cantina, soffitta, rimessa, box, garage, posto auto aperto/scoperto,;Dal 1981 al 1990;Nessuno;Patrimonio disponibile;Utilizzato direttamente;Altro;;;;1;False
689268;L219;1080;176;36;17.0;FABBRICATO;via borgo ticino;17;45.1060535;7.6951578;Cantina, soffitta, rimessa, box, garage, posto auto aperto/scoperto,;Dal 1981 al 1990;Nessuno;Patrimonio disponibile;Utilizzato direttamente;Altro;;;;1;False
689269;L219;1080;176;37;9.0;FABBRICATO;via borgo ticino;17;45.1060535;7.6951578;Cantina, soffitta, rimessa, box, garage, posto auto aperto/scoperto,;Dal 1981 al 1990;Nessuno;Patrimonio disponibile;Utilizzato direttamente;Altro;;;;1;False
689270;L219;1080;176;38;10.0;FABBRICATO;via borgo ticino;17;45.1060535;7.6951578;Cantina, soffitta, rimessa, box, garage, posto auto aperto/scoperto,;Dal 1981 al 1990;Nessuno;Patrimonio disponibile;Utilizzato direttamente;Altro;;;;1;False
689271;L219;1080;176;39;10.0;FABBRICATO;via borgo ticino;15;45.1060535;7.6951578;Cantina, soffitta, rimessa, box, garage, posto auto aperto/scoperto,;Dal 1981 al 1990;Nessuno;Patrimonio disponibile;Utilizzato direttamente;Altro;;;;1;False
689272;L219;1080;176;4;75.0;FABBRICATO;via borgo ticino;15;45.1060535;7.6951578;Abitazione;Dal 1981 al 1990;Nessuno;Patrimonio disponibile;;Non Dichiarato;in locazione;1745.0;01/11/2022;1;False
689273;L219;1080;176;40;10.0;FABBRICATO;via borgo ticino;15;45.1060535;7.6951578;Cantina, soffitta, rimessa, box, garage, posto auto aperto/scoperto,;Dal 1981 al 1990;Nessuno;Patrimonio disponibile;Utilizzato direttamente;Altro;;;;1;False
689274;L219;1080;176;41;17.0;FABBRICATO;via borgo ticino;15;45.1060535;7.6951578;Cantina, soffitta, rimessa, box, garage, posto auto aperto/scoperto,;Dal 1981 al 1990;Nessuno;Patrimonio disponibile;Utilizzato direttamente;Altro;;;;1;False
689275;L219;1080;176;42;11.0;FABBRICATO;via borgo ticino;15;45.1060535;7.6951578;Cantina, soffitta, rimessa, box, garage, posto auto aperto/scoperto,;Dal 1981 al 1990;Nessuno;Patrimonio disponibile;Utilizzato direttamente;Altro;;;;1;False
689276;L219;1080;176;43;10.0;FABBRICATO;via borgo ticino;15;45.1060535;7.6951578;Cantina, soffitta, rimessa, box, garage, posto auto aperto/scoperto,;Dal 1981 al 1990;Nessuno;Patrimonio disponibile;Utilizzato direttamente;Altro;;;;1;False
689277;L219;1080;176;44;10.0;FABBRICATO;via borgo ticino;15;45.1060535;7.6951578;Cantina, soffitta, rimessa, box, garage, posto auto aperto/scoperto,;Dal 1981 al 1990;Nessuno;Patrimonio disponibile;Utilizzato direttamente;Altro;;;;1;False
689278;L219;1080;176;5;95.0;FABBRICATO;via borgo ticino;15;45.1060535;7.6951578;Abitazione;Dal 1981 al 1990;Nessuno;Patrimonio disponibile;;Non Dichiarato;in locazione;5000.0;01/07/2021;1;False
689279;L219;1080;176;6;75.0;FABBRICATO;via borgo ticino;15;45.1060535;7.6951578;Abitazione;Dal 1981 al 1990;Nessuno;Patrimonio disponibile;;Non Dichiarato;in locazione;611.0;01/11/2022;1;False
689280;L219;1080;176;7;116.0;FABBRICATO;via borgo ticino;15;45.1060535;7.6951578;Abitazione;Dal 1981 al 1990;Nessuno;Patrimonio disponibile;;Non Dichiarato;in locazione;1077.0;01/07/2011;1;False
689281;L219;1080;176;8;75.0;FABBRICATO;via borgo ticino;15;45.1060535;7.6951578;Abitazione;Dal 1981 al 1990;Nessuno;Patrimonio disponibile;Utilizzato direttamente;Altro;;;;1;False
689282;L219;1080;176;9;117.0;FABBRICATO;via borgo ticino;15;45.1060535;7.6951578;Abitazione;Dal 1981 al 1990;Nessuno;Patrimonio disponibile;;Non Dichiarato;in locazione;4527.0;01/11/2019;1;False
689284;L219;1180;235;8;33.0;FABBRICATO;Via Santa Chiara;58;45.07914;7.6715759;Cantina, soffitta, rimessa, box, garage, posto auto aperto/scoperto,;Prima del 1919;Nessuno;Patrimonio indisponibile;Utilizzato direttamente;Attività commerciale e di ristorazione;;;;1;False
689285;L219;1180;242;101;146.0;FABBRICATO;Via Santa Chiara;58;45.0786809;7.6715083;Fabbricato per attività produttiva (industriale, artigianale o agricola);Prima del 1919;Nessuno;Patrimonio indisponibile;Utilizzato direttamente;Attività commerciale e di ristorazione;;;;1;False
689286;L219;1180;244;6;24.0;FABBRICATO;Via Santa Chiara;58;45.0786319;7.6716616;Cantina, soffitta, rimessa, box, garage, posto auto aperto/scoperto,;Prima del 1919;Nessuno;Patrimonio indisponibile;Utilizzato direttamente;Altro;;;;1;False
689289;L219;1180;244;9;74.0;FABBRICATO;Via Santa Chiara;58;45.0786319;7.6716616;Struttura residenziale collettiva (es.: collegi e convitti, educandati, ricoveri, orfanotrofi, ospizi, conventi, seminari);Prima del 1919;Nessuno;Patrimonio indisponibile;Utilizzato direttamente;Altro;;;;1;False
689292;L219;1180;59;112;55.0;FABBRICATO;via macerata;4;45.0819826;7.6693394;Abitazione;Dal 1946 al 1960;Nessuno;Patrimonio indisponibile;Utilizzato direttamente;Altro;;;;1;False
689293;L219;1180;59;9;54.0;FABBRICATO;via macerata;4;45.0819826;7.6693394;Abitazione;Dal 1946 al 1960;Nessuno;Patrimonio indisponibile;Utilizzato direttamente;Altro;;;;1;False
689294;L219;1181;270;4;2055.5;FABBRICATO;corso cirie';1;45.0846113;7.6747167;Edificio scolastico (es.: scuola di ogni ordine e grado, università, scuola di formazione);Dal 1971 al 1980;Nessuno;Patrimonio indisponibile;Utilizzato direttamente;Attività didattica;;;;1;False
689295;L219;1181;270;7;132.0;FABBRICATO;Corso Ciriè;0;45.0846113;7.6747167;Abitazione;Dal 1971 al 1980;Nessuno;Patrimonio indisponibile;Utilizzato direttamente;Alloggio di servizio, foresterie;;;;1;False
689296;L219;1181;270;8;1330.75;FABBRICATO;Corso Ciriè;0;45.0846113;7.6747167;Edificio scolastico (es.: scuola di ogni ordine e grado, università, scuola di formazione);Dal 1971 al 1980;Nessuno;Patrimonio indisponibile;Utilizzato direttamente;Attività didattica;;;;1;False
689297;L219;1181;76;11;39.0;FABBRICATO;via sassari;5;45.0835106;7.67423;Abitazione;Prima del 1919;Nessuno;Patrimonio indisponibile;Utilizzato direttamente;Altro;;;;1;False
689298;L219;1181;76;15;33.0;FABBRICATO;via sassari;5;45.0835106;7.67423;Abitazione;Prima del 1919;Nessuno;Patrimonio indisponibile;Utilizzato direttamente;Altro;;;;1;False
689299;L219;1181;76;16;65.0;FABBRICATO;via sassari;5;45.0835106;7.67423;Abitazione;Prima del 1919;Nessuno;Patrimonio indisponibile;Utilizzato direttamente;Altro;;;;1;False
689300;L219;1181;76;17;72.0;FABBRICATO;via sassari;5;45.0835106;7.67423;Abitazione;Prima del 1919;Nessuno;Patrimonio indisponibile;Utilizzato direttamente;Altro;;;;1;False
689301;L219;1181;76;3;31.0;FABBRICATO;via sassari;5;45.0835106;7.67423;Abitazione;Prima del 1919;Nessuno;Patrimonio indisponibile;Utilizzato direttamente;Altro;;;;1;False
689302;L219;1181;76;4;32.0;FABBRICATO;via sassari;5;45.0835106;7.67423;Abitazione;Prima del 1919;Nessuno;Patrimonio indisponibile;Utilizzato direttamente;Altro;;;;1;False
689303;L219;1181;76;5;60.0;FABBRICATO;via sassari;5;45.0835106;7.67423;Abitazione;Prima del 1919;Nessuno;Patrimonio indisponibile;Utilizzato direttamente;Altro;;;;1;False
689304;L219;1181;76;8;34.0;FABBRICATO;via sassari;5;45.0835106;7.67423;Abitazione;Prima del 1919;Nessuno;Patrimonio indisponibile;Utilizzato direttamente;Altro;;;;1;False
689305;L219;1182;23;105;126.0;FABBRICATO;Lungo Dora Napoli;50;45.085577;7.68064;Abitazione;Prima del 1919;Nessuno;Patrimonio indisponibile;Utilizzato direttamente;Altro;;;;1;False
689308;L219;1183;202;4;15821.5;FABBRICATO;Via Antonio Cecchi;14;45.085412;7.683531;Edificio scolastico (es.: scuola di ogni ordine e grado, università, scuola di formazione);Dal 1971 al 1980;Nessuno;Patrimonio indisponibile;Utilizzato direttamente;Attività didattica;;;;1;False
689309;L219;1183;202;5;104.0;FABBRICATO;Via Antonio Cecchi;18;45.085412;7.683531;Abitazione;Dal 1971 al 1980;Nessuno;Patrimonio indisponibile;Utilizzato direttamente;Alloggio di servizio, foresterie;;;;1;False
689310;L219;1183;202;6;110.0;FABBRICATO;Via Antonio Cecchi;4;45.085412;7.683531;Abitazione;Dal 1971 al 1980;Nessuno;Patrimonio indisponibile;Utilizzato direttamente;Alloggio di servizio, foresterie;;;;1;False
689311;L219;1183;202;7;1226.25;FABBRICATO;Via Cecchi Antonio;2;45.085412;7.683531;Edificio scolastico (es.: scuola di ogni ordine e grado, università, scuola di formazione);Dal 1971 al 1980;Nessuno;Patrimonio indisponibile;Utilizzato direttamente;Attività didattica;;;;1;False
689312;L219;1183;202;8;95.0;FABBRICATO;Via Cecchi Antonio;2;45.085412;7.683531;Abitazione;Dal 1971 al 1980;Nessuno;Patrimonio indisponibile;Utilizzato direttamente;Alloggio di servizio, foresterie;;;;1;False
689313;L219;1183;211;10;17.0;FABBRICATO;Via Cuneo;29;45.0869544;7.6840532;Cantina, soffitta, rimessa, box, garage, posto auto aperto/scoperto,;Dal 2001 al 2010;Nessuno;Patrimonio indisponibile;Utilizzato direttamente;Altro;;;;1;False
689314;L219;1183;211;11;32.0;FABBRICATO;Via Cuneo;29;45.0869544;7.6840532;Cantina, soffitta, rimessa, box, garage, posto auto aperto/scoperto,;Dal 2001 al 2010;Nessuno;Patrimonio indisponibile;Utilizzato direttamente;Altro;;;;1;False
689315;L219;1183;211;12;24.0;FABBRICATO;Via Cuneo;29;45.0869544;7.6840532;Cantina, soffitta, rimessa, box, garage, posto auto aperto/scoperto,;Dal 2001 al 2010;Nessuno;Patrimonio indisponibile;Utilizzato direttamente;Altro;;;;1;False
689316;L219;1183;211;13;24.0;FABBRICATO;Via Cuneo;29;45.0869544;7.6840532;Cantina, soffitta, rimessa, box, garage, posto auto aperto/scoperto,;Dal 2001 al 2010;Nessuno;Patrimonio indisponibile;Utilizzato direttamente;Altro;;;;1;False
689317;L219;1183;211;23;95.0;FABBRICATO;Via Generale Luigi Damiano;5;45.0869544;7.6840532;Abitazione;Dal 2001 al 2010;Nessuno;Patrimonio indisponibile;Utilizzato direttamente;Altro;;;;1;False
689318;L219;1183;211;24;63.0;FABBRICATO;Via Generale Luigi Damiano;5;45.0869544;7.6840532;Abitazione;Dal 2001 al 2010;Nessuno;Patrimonio indisponibile;Utilizzato direttamente;Altro;;;;1;False
689319;L219;1183;211;26;61.0;FABBRICATO;Via Generale Luigi Damiano;5;45.0869544;7.6840532;Abitazione;Dal 2001 al 2010;Nessuno;Patrimonio indisponibile;Utilizzato direttamente;Altro;;;;1;False
689320;L219;1183;211;3;18.0;FABBRICATO;Via Cuneo;29;45.0869544;7.6840532;Cantina, soffitta, rimessa, box, garage, posto auto aperto/scoperto,;Dal 2001 al 2010;Nessuno;Patrimonio indisponibile;Utilizzato direttamente;Altro;;;;1;False
689321;L219;1183;211;33;70.0;FABBRICATO;Via Generale Luigi Damiano;5;45.0869544;7.6840532;Abitazione;Dal 2001 al 2010;Nessuno;Patrimonio indisponibile;Utilizzato direttamente;Altro;;;;1;False
689322;L219;1183;211;34;88.0;FABBRICATO;Via Generale Luigi Damiano;5;45.0869544;7.6840532;Abitazione;Dal 2001 al 2010;Nessuno;Patrimonio indisponibile;Utilizzato direttamente;Altro;;;;1;False
689323;L219;1183;211;35;69.0;FABBRICATO;Via Generale Luigi Damiano;5;45.0869544;7.6840532;Abitazione;Dal 2001 al 2010;Nessuno;Patrimonio indisponibile;Utilizzato direttamente;Altro;;;;1;False
689324;L219;1183;211;39;69.0;FABBRICATO;Via Generale Luigi Damiano;5;45.0869544;7.6840532;Abitazione;Dal 2001 al 2010;Nessuno;Patrimonio indisponibile;Utilizzato direttamente;Altro;;;;1;False
689325;L219;1183;211;4;18.0;FABBRICATO;Via Cuneo;29;45.0869544;7.6840532;Cantina, soffitta, rimessa, box, garage, posto auto aperto/scoperto,;Dal 2001 al 2010;Nessuno;Patrimonio indisponibile;Utilizzato direttamente;Altro;;;;1;False
689326;L219;1183;211;41;69.0;FABBRICATO;Via Generale Luigi Damiano;5;45.0869544;7.6840532;Abitazione;Dal 2001 al 2010;Nessuno;Patrimonio indisponibile;Utilizzato direttamente;Altro;;;;1;False
689327;L219;1183;211;5;18.0;FABBRICATO;Via Cuneo;29;45.0869544;7.6840532;Cantina, soffitta, rimessa, box, garage, posto auto aperto/scoperto,;Dal 2001 al 2010;Nessuno;Patrimonio indisponibile;Utilizzato direttamente;Altro;;;;1;False
689328;L219;1183;211;6;18.0;FABBRICATO;Via Cuneo;29;45.0869544;7.6840532;Cantina, soffitta, rimessa, box, garage, posto auto aperto/scoperto,;Dal 2001 al 2010;Nessuno;Patrimonio indisponibile;Utilizzato direttamente;Altro;;;;1;False
689329;L219;1080;42;;587.71;FABBRICATO;via pertengo;10;45.1047919;7.694004;Ufficio strutturato ed assimilabili;Dal 1961 al 1970;Nessuno;Patrimonio indisponibile;Utilizzato direttamente;Altro;;;;1;False
689330;L219;1080;52;107;59.0;FABBRICATO;via pertengo;19;45.1044658;7.6935381;Abitazione;Dal 1919 al 1945;Nessuno;Patrimonio disponibile;Utilizzato direttamente;Altro;;;;1;False
689331;L219;1080;52;108;61.0;FABBRICATO;via pertengo;19;45.1044658;7.6935381;Abitazione;Dal 1919 al 1945;Nessuno;Patrimonio disponibile;Utilizzato direttamente;Altro;;;;1;False
689332;L219;1080;52;109;83.0;FABBRICATO;via pertengo;19;45.1044658;7.6935381;Abitazione;Dal 1919 al 1945;Nessuno;Patrimonio disponibile;Utilizzato direttamente;Altro;;;;1;False
689333;L219;1183;217;31;51.0;FABBRICATO;Strada del Fortino;8;45.0831433;7.6820521;Abitazione;Dal 2001 al 2010;Nessuno;Patrimonio indisponibile;Utilizzato direttamente;Altro;;;;1;False
689334;L219;1183;220;10;30.0;FABBRICATO;Via Cuneo;29;45.0871327;7.6831132;Cantina, soffitta, rimessa, box, garage, posto auto aperto/scoperto,;Dal 2001 al 2010;Nessuno;Patrimonio indisponibile;Utilizzato direttamente;Altro;;;;1;False
689335;L219;1183;220;100;66.0;FABBRICATO;Via Cuneo;35;45.0871327;7.6831132;Abitazione;Dal 2001 al 2010;Nessuno;Patrimonio indisponibile;Utilizzato direttamente;Altro;;;;1;False
689336;L219;1183;220;101;67.0;FABBRICATO;Via Cuneo;35;45.0871327;7.6831132;Abitazione;Dal 2001 al 2010;Nessuno;Patrimonio indisponibile;Utilizzato direttamente;Altro;;;;1;False
689337;L219;1183;220;102;67.0;FABBRICATO;Via Cuneo;35;45.0871327;7.6831132;Abitazione;Dal 2001 al 2010;Nessuno;Patrimonio indisponibile;Utilizzato direttamente;Altro;;;;1;False
689338;L219;1183;220;103;67.0;FABBRICATO;Via Cuneo;35;45.0871327;7.6831132;Abitazione;Dal 2001 al 2010;Nessuno;Patrimonio indisponibile;Utilizzato direttamente;Altro;;;;1;False
689339;L219;1183;220;104;67.0;FABBRICATO;Via Cuneo;35;45.0871327;7.6831132;Abitazione;Dal 2001 al 2010;Nessuno;Patrimonio indisponibile;Utilizzato direttamente;Altro;;;;1;False
689340;L219;1183;220;105;67.0;FABBRICATO;Via Cuneo;35;45.0871327;7.6831132;Abitazione;Dal 2001 al 2010;Nessuno;Patrimonio indisponibile;Utilizzato direttamente;Altro;;;;1;False
689341;L219;1183;220;106;68.0;FABBRICATO;Via Cuneo;35;45.0871327;7.6831132;Abitazione;Dal 2001 al 2010;Nessuno;Patrimonio indisponibile;Utilizzato direttamente;Altro;;;;1;False
689342;L219;1183;220;107;65.0;FABBRICATO;Via Cuneo;35;45.0871327;7.6831132;Abitazione;Dal 2001 al 2010;Nessuno;Patrimonio indisponibile;Utilizzato direttamente;Altro;;;;1;False
689343;L219;1183;220;108;65.0;FABBRICATO;Via Cuneo;35;45.0871327;7.6831132;Abitazione;Dal 2001 al 2010;Nessuno;Patrimonio indisponibile;Utilizzato direttamente;Altro;;;;1;False
689344;L219;1183;220;109;67.0;FABBRICATO;Via Cuneo;35;45.0871327;7.6831132;Abitazione;Dal 2001 al 2010;Nessuno;Patrimonio indisponibile;Utilizzato direttamente;Altro;;;;1;False
689345;L219;1183;220;11;18.0;FABBRICATO;Via Cuneo;29;45.0871327;7.6831132;Cantina, soffitta, rimessa, box, garage, posto auto aperto/scoperto,;Dal 2001 al 2010;Nessuno;Patrimonio indisponibile;Utilizzato direttamente;Altro;;;;1;False
689346;L219;1183;220;110;67.0;FABBRICATO;Via Cuneo;35;45.0871327;7.6831132;Abitazione;Dal 2001 al 2010;Nessuno;Patrimonio indisponibile;Utilizzato direttamente;Altro;;;;1;False
689347;L219;1183;220;111;67.0;FABBRICATO;Via Cuneo;35;45.0871327;7.6831132;Abitazione;Dal 2001 al 2010;Nessuno;Patrimonio indisponibile;Utilizzato direttamente;Altro;;;;1;False
689348;L219;1183;220;112;67.0;FABBRICATO;Via Cuneo;35;45.0871327;7.6831132;Abitazione;Dal 2001 al 2010;Nessuno;Patrimonio indisponibile;Utilizzato direttamente;Altro;;;;1;False
689349;L219;1183;220;113;67.0;FABBRICATO;Via Cuneo;35;45.0871327;7.6831132;Abitazione;Dal 2001 al 2010;Nessuno;Patrimonio indisponibile;Utilizzato direttamente;Altro;;;;1;False
689350;L219;1183;220;114;67.0;FABBRICATO;Via Cuneo;35;45.0871327;7.6831132;Abitazione;Dal 2001 al 2010;Nessuno;Patrimonio indisponibile;Utilizzato direttamente;Altro;;;;1;False
689351;L219;1183;220;115;59.0;FABBRICATO;Via Cuneo;35;45.0871327;7.6831132;Abitazione;Dal 2001 al 2010;Nessuno;Patrimonio indisponibile;Utilizzato direttamente;Altro;;;;1;False
689352;L219;1183;220;116;49.0;FABBRICATO;Via Cuneo;35;45.0871327;7.6831132;Abitazione;Dal 2001 al 2010;Nessuno;Patrimonio indisponibile;Utilizzato direttamente;Altro;;;;1;False
689353;L219;1183;220;117;42.0;FABBRICATO;Via Cuneo;35;45.0871327;7.6831132;Abitazione;Dal 2001 al 2010;Nessuno;Patrimonio indisponibile;Utilizzato direttamente;Altro;;;;1;False
689354;L219;1183;220;118;65.0;FABBRICATO;Via Cuneo;33;45.0871327;7.6831132;Abitazione;Dal 2001 al 2010;Nessuno;Patrimonio indisponibile;Utilizzato direttamente;Altro;;;;1;False
689355;L219;1183;220;119;65.0;FABBRICATO;Via Cuneo;33;45.0871327;7.6831132;Abitazione;Dal 2001 al 2010;Nessuno;Patrimonio indisponibile;Utilizzato direttamente;Altro;;;;1;False
689356;L219;1183;220;12;12.0;FABBRICATO;Via Cuneo;29;45.0871327;7.6831132;Cantina, soffitta, rimessa, box, garage, posto auto aperto/scoperto,;Dal 2001 al 2010;Nessuno;Patrimonio indisponibile;Utilizzato direttamente;Altro;;;;1;False
689357;L219;1183;220;120;67.0;FABBRICATO;Via Cuneo;33;45.0871327;7.6831132;Abitazione;Dal 2001 al 2010;Nessuno;Patrimonio indisponibile;Utilizzato direttamente;Altro;;;;1;False
689358;L219;1183;220;121;67.0;FABBRICATO;Via Cuneo;33;45.0871327;7.6831132;Abitazione;Dal 2001 al 2010;Nessuno;Patrimonio indisponibile;Utilizzato direttamente;Altro;;;;1;False
689359;L219;1183;220;122;67.0;FABBRICATO;Via Cuneo;33;45.0871327;7.6831132;Abitazione;Dal 2001 al 2010;Nessuno;Patrimonio indisponibile;Utilizzato direttamente;Altro;;;;1;False
689360;L219;1183;220;123;67.0;FABBRICATO;Via Cuneo;33;45.0871327;7.6831132;Abitazione;Dal 2001 al 2010;Nessuno;Patrimonio indisponibile;Utilizzato direttamente;Altro;;;;1;False
689361;L219;1183;220;124;67.0;FABBRICATO;Via Cuneo;33;45.0871327;7.6831132;Abitazione;Dal 2001 al 2010;Nessuno;Patrimonio indisponibile;Utilizzato direttamente;Altro;;;;1;False
689362;L219;1183;220;125;67.0;FABBRICATO;Via Cuneo;33;45.0871327;7.6831132;Abitazione;Dal 2001 al 2010;Nessuno;Patrimonio indisponibile;Utilizzato direttamente;Altro;;;;1;False
689363;L219;1183;220;126;42.0;FABBRICATO;Via Cuneo;33;45.0871327;7.6831132;Abitazione;Dal 2001 al 2010;Nessuno;Patrimonio indisponibile;Utilizzato direttamente;Altro;;;;1;False
689364;L219;1183;220;127;59.0;FABBRICATO;Via Cuneo;33;45.0871327;7.6831132;Abitazione;Dal 2001 al 2010;Nessuno;Patrimonio indisponibile;Utilizzato direttamente;Altro;;;;1;False
689365;L219;1183;220;128;49.0;FABBRICATO;Via Cuneo;33;45.0871327;7.6831132;Abitazione;Dal 2001 al 2010;Nessuno;Patrimonio indisponibile;Utilizzato direttamente;Altro;;;;1;False
689366;L219;1183;220;129;65.0;FABBRICATO;Via Cuneo;33;45.0871327;7.6831132;Abitazione;Dal 2001 al 2010;Nessuno;Patrimonio indisponibile;Utilizzato direttamente;Altro;;;;1;False
689367;L219;1183;220;13;24.0;FABBRICATO;Via Cuneo;29;45.0871327;7.6831132;Cantina, soffitta, rimessa, box, garage, posto auto aperto/scoperto,;Dal 2001 al 2010;Nessuno;Patrimonio indisponibile;Utilizzato direttamente;Altro;;;;1;False
689368;L219;1183;220;130;65.0;FABBRICATO;Via Cuneo;33;45.0871327;7.6831132;Abitazione;Dal 2001 al 2010;Nessuno;Patrimonio indisponibile;Utilizzato direttamente;Altro;;;;1;False
689369;L219;1183;220;131;67.0;FABBRICATO;Via Cuneo;33;45.0871327;7.6831132;Abitazione;Dal 2001 al 2010;Nessuno;Patrimonio indisponibile;Utilizzato direttamente;Altro;;;;1;False
689370;L219;1183;220;132;67.0;FABBRICATO;Via Cuneo;33;45.0871327;7.6831132;Abitazione;Dal 2001 al 2010;Nessuno;Patrimonio indisponibile;Utilizzato direttamente;Altro;;;;1;False
689371;L219;1183;220;133;67.0;FABBRICATO;Via Cuneo;33;45.0871327;7.6831132;Abitazione;Dal 2001 al 2010;Nessuno;Patrimonio indisponibile;Utilizzato direttamente;Altro;;;;1;False
689372;L219;1183;220;134;67.0;FABBRICATO;Via Cuneo;33;45.0871327;7.6831132;Abitazione;Dal 2001 al 2010;Nessuno;Patrimonio indisponibile;Utilizzato direttamente;Altro;;;;1;False
689373;L219;1183;220;135;67.0;FABBRICATO;Via Cuneo;33;45.0871327;7.6831132;Abitazione;Dal 2001 al 2010;Nessuno;Patrimonio indisponibile;Utilizzato direttamente;Altro;;;;1;False
689374;L219;1183;220;136;68.0;FABBRICATO;Via Cuneo;33;45.0871327;7.6831132;Abitazione;Dal 2001 al 2010;Nessuno;Patrimonio indisponibile;Utilizzato direttamente;Altro;;;;1;False
689375;L219;1183;220;137;53.0;FABBRICATO;Via Cuneo;31;45.0871327;7.6831132;Abitazione;Dal 2001 al 2010;Nessuno;Patrimonio indisponibile;Utilizzato direttamente;Altro;;;;1;False
689376;L219;1183;220;138;53.0;FABBRICATO;Via Cuneo;31;45.0871327;7.6831132;Abitazione;Dal 2001 al 2010;Nessuno;Patrimonio indisponibile;Utilizzato direttamente;Altro;;;;1;False
689377;L219;1183;220;139;54.0;FABBRICATO;Via Cuneo;31;45.0871327;7.6831132;Abitazione;Dal 2001 al 2010;Nessuno;Patrimonio indisponibile;Utilizzato direttamente;Altro;;;;1;False
689378;L219;1183;220;14;18.0;FABBRICATO;Via Cuneo;29;45.0871327;7.6831132;Cantina, soffitta, rimessa, box, garage, posto auto aperto/scoperto,;Dal 2001 al 2010;Nessuno;Patrimonio indisponibile;Utilizzato direttamente;Altro;;;;1;False
689379;L219;1183;220;140;54.0;FABBRICATO;Via Cuneo;31;45.0871327;7.6831132;Abitazione;Dal 2001 al 2010;Nessuno;Patrimonio indisponibile;Utilizzato direttamente;Altro;;;;1;False
689380;L219;1183;220;141;54.0;FABBRICATO;Via Cuneo;31;45.0871327;7.6831132;Abitazione;Dal 2001 al 2010;Nessuno;Patrimonio indisponibile;Utilizzato direttamente;Altro;;;;1;False
689381;L219;1183;220;142;54.0;FABBRICATO;Via Cuneo;31;45.0871327;7.6831132;Abitazione;Dal 2001 al 2010;Nessuno;Patrimonio indisponibile;Utilizzato direttamente;Altro;;;;1;False
689382;L219;1183;220;143;54.0;FABBRICATO;Via Cuneo;31;45.0871327;7.6831132;Abitazione;Dal 2001 al 2010;Nessuno;Patrimonio indisponibile;Utilizzato direttamente;Altro;;;;1;False
689383;L219;1183;220;144;54.0;FABBRICATO;Via Cuneo;31;45.0871327;7.6831132;Abitazione;Dal 2001 al 2010;Nessuno;Patrimonio indisponibile;Utilizzato direttamente;Altro;;;;1;False
689384;L219;1183;220;145;54.0;FABBRICATO;Via Cuneo;31;45.0871327;7.6831132;Abitazione;Dal 2001 al 2010;Nessuno;Patrimonio indisponibile;Utilizzato direttamente;Altro;;;;1;False
689385;L219;1183;220;146;54.0;FABBRICATO;Via Cuneo;31;45.0871327;7.6831132;Abitazione;Dal 2001 al 2010;Nessuno;Patrimonio indisponibile;Utilizzato direttamente;Altro;;;;1;False
689386;L219;1183;220;147;54.0;FABBRICATO;Via Cuneo;31;45.0871327;7.6831132;Abitazione;Dal 2001 al 2010;Nessuno;Patrimonio indisponibile;Utilizzato direttamente;Altro;;;;1;False
689387;L219;1183;220;148;54.0;FABBRICATO;Via Cuneo;31;45.0871327;7.6831132;Abitazione;Dal 2001 al 2010;Nessuno;Patrimonio indisponibile;Utilizzato direttamente;Altro;;;;1;False
689388;L219;1183;220;149;53.0;FABBRICATO;Via Cuneo;31;45.0871327;7.6831132;Abitazione;Dal 2001 al 2010;Nessuno;Patrimonio indisponibile;Utilizzato direttamente;Altro;;;;1;False
689389;L219;1183;220;15;12.0;FABBRICATO;Via Cuneo;29;45.0871327;7.6831132;Cantina, soffitta, rimessa, box, garage, posto auto aperto/scoperto,;Dal 2001 al 2010;Nessuno;Patrimonio indisponibile;Utilizzato direttamente;Altro;;;;1;False
689390;L219;1183;220;150;53.0;FABBRICATO;Via Cuneo;31;45.0871327;7.6831132;Abitazione;Dal 2001 al 2010;Nessuno;Patrimonio indisponibile;Utilizzato direttamente;Altro;;;;1;False
689391;L219;1183;220;151;54.0;FABBRICATO;Via Cuneo;31;45.0871327;7.6831132;Abitazione;Dal 2001 al 2010;Nessuno;Patrimonio indisponibile;Utilizzato direttamente;Altro;;;;1;False
689392;L219;1183;220;152;54.0;FABBRICATO;Via Cuneo;31;45.0871327;7.6831132;Abitazione;Dal 2001 al 2010;Nessuno;Patrimonio indisponibile;Utilizzato direttamente;Altro;;;;1;False
689393;L219;1183;220;16;26.0;FABBRICATO;Via Cuneo;29;45.0871327;7.6831132;Cantina, soffitta, rimessa, box, garage, posto auto aperto/scoperto,;Dal 2001 al 2010;Nessuno;Patrimonio indisponibile;Utilizzato direttamente;Altro;;;;1;False
689394;L219;1183;220;17;18.0;FABBRICATO;Via Cuneo;29;45.0871327;7.6831132;Cantina, soffitta, rimessa, box, garage, posto auto aperto/scoperto,;Dal 2001 al 2010;Nessuno;Patrimonio indisponibile;Utilizzato direttamente;Altro;;;;1;False
689395;L219;1183;220;18;12.0;FABBRICATO;Via Cuneo;29;45.0871327;7.6831132;Cantina, soffitta, rimessa, box, garage, posto auto aperto/scoperto,;Dal 2001 al 2010;Nessuno;Patrimonio indisponibile;Utilizzato direttamente;Altro;;;;1;False
689396;L219;1183;220;19;26.0;FABBRICATO;Via Cuneo;29;45.0871327;7.6831132;Cantina, soffitta, rimessa, box, garage, posto auto aperto/scoperto,;Dal 2001 al 2010;Nessuno;Patrimonio indisponibile;Utilizzato direttamente;Altro;;;;1;False
689397;L219;1183;220;20;18.0;FABBRICATO;Via Cuneo;29;45.0871327;7.6831132;Cantina, soffitta, rimessa, box, garage, posto auto aperto/scoperto,;Dal 2001 al 2010;Nessuno;Patrimonio indisponibile;Utilizzato direttamente;Altro;;;;1;False
689398;L219;1183;220;21;12.0;FABBRICATO;Via Cuneo;29;45.0871327;7.6831132;Cantina, soffitta, rimessa, box, garage, posto auto aperto/scoperto,;Dal 2001 al 2010;Nessuno;Patrimonio indisponibile;Utilizzato direttamente;Altro;;;;1;False
689399;L219;1183;220;22;27.0;FABBRICATO;Via Cuneo;29;45.0871327;7.6831132;Cantina, soffitta, rimessa, box, garage, posto auto aperto/scoperto,;Dal 2001 al 2010;Nessuno;Patrimonio indisponibile;Utilizzato direttamente;Altro;;;;1;False
689400;L219;1183;220;23;36.0;FABBRICATO;Via Cuneo;29;45.0871327;7.6831132;Parcheggio collettivo;Dal 2001 al 2010;Nessuno;Patrimonio indisponibile;Utilizzato direttamente;Altro;;;;1;False
689401;L219;1183;220;24;20.0;FABBRICATO;Via Cuneo;29;45.0871327;7.6831132;Cantina, soffitta, rimessa, box, garage, posto auto aperto/scoperto,;Dal 2001 al 2010;Nessuno;Patrimonio indisponibile;Utilizzato direttamente;Altro;;;;1;False
689402;L219;1183;220;25;28.0;FABBRICATO;Via Cuneo;29;45.0871327;7.6831132;Cantina, soffitta, rimessa, box, garage, posto auto aperto/scoperto,;Dal 2001 al 2010;Nessuno;Patrimonio indisponibile;Utilizzato direttamente;Altro;;;;1;False
689403;L219;1183;220;26;23.0;FABBRICATO;Via Cuneo;29;45.0871327;7.6831132;Cantina, soffitta, rimessa, box, garage, posto auto aperto/scoperto,;Dal 2001 al 2010;Nessuno;Patrimonio indisponibile;Utilizzato direttamente;Altro;;;;1;False
689404;L219;1183;220;27;13.0;FABBRICATO;Via Cuneo;29;45.0871327;7.6831132;Cantina, soffitta, rimessa, box, garage, posto auto aperto/scoperto,;Dal 2001 al 2010;Nessuno;Patrimonio indisponibile;Utilizzato direttamente;Altro;;;;1;False
689405;L219;1183;220;28;13.0;FABBRICATO;Via Cuneo;29;45.0871327;7.6831132;Cantina, soffitta, rimessa, box, garage, posto auto aperto/scoperto,;Dal 2001 al 2010;Nessuno;Patrimonio indisponibile;Utilizzato direttamente;Altro;;;;1;False
689406;L219;1183;220;29;16.0;FABBRICATO;Via Cuneo;29;45.0871327;7.6831132;Cantina, soffitta, rimessa, box, garage, posto auto aperto/scoperto,;Dal 2001 al 2010;Nessuno;Patrimonio indisponibile;Utilizzato direttamente;Altro;;;;1;False
689407;L219;1183;220;30;16.0;FABBRICATO;Via Cuneo;29;45.0871327;7.6831132;Cantina, soffitta, rimessa, box, garage, posto auto aperto/scoperto,;Dal 2001 al 2010;Nessuno;Patrimonio indisponibile;Utilizzato direttamente;Altro;;;;1;False
689408;L219;1183;220;31;16.0;FABBRICATO;Via Cuneo;29;45.0871327;7.6831132;Cantina, soffitta, rimessa, box, garage, posto auto aperto/scoperto,;Dal 2001 al 2010;Nessuno;Patrimonio indisponibile;Utilizzato direttamente;Altro;;;;1;False
689409;L219;1183;220;32;16.0;FABBRICATO;Via Cuneo;29;45.0871327;7.6831132;Cantina, soffitta, rimessa, box, garage, posto auto aperto/scoperto,;Dal 2001 al 2010;Nessuno;Patrimonio indisponibile;Utilizzato direttamente;Altro;;;;1;False
689410;L219;1183;220;33;16.0;FABBRICATO;Via Cuneo;29;45.0871327;7.6831132;Cantina, soffitta, rimessa, box, garage, posto auto aperto/scoperto,;Dal 2001 al 2010;Nessuno;Patrimonio indisponibile;Utilizzato direttamente;Altro;;;;1;False
689411;L219;1183;220;34;16.0;FABBRICATO;Via Cuneo;29;45.0871327;7.6831132;Cantina, soffitta, rimessa, box, garage, posto auto aperto/scoperto,;Dal 2001 al 2010;Nessuno;Patrimonio indisponibile;Utilizzato direttamente;Altro;;;;1;False
689412;L219;1183;220;35;16.0;FABBRICATO;Via Cuneo;29;45.0871327;7.6831132;Cantina, soffitta, rimessa, box, garage, posto auto aperto/scoperto,;Dal 2001 al 2010;Nessuno;Patrimonio indisponibile;Utilizzato direttamente;Altro;;;;1;False
689413;L219;1183;220;36;16.0;FABBRICATO;Via Cuneo;29;45.0871327;7.6831132;Cantina, soffitta, rimessa, box, garage, posto auto aperto/scoperto,;Dal 2001 al 2010;Nessuno;Patrimonio indisponibile;Utilizzato direttamente;Altro;;;;1;False
689414;L219;1183;220;37;16.0;FABBRICATO;Via Cuneo;29;45.0871327;7.6831132;Cantina, soffitta, rimessa, box, garage, posto auto aperto/scoperto,;Dal 2001 al 2010;Nessuno;Patrimonio indisponibile;Utilizzato direttamente;Altro;;;;1;False
689415;L219;1183;220;38;16.0;FABBRICATO;Via Cuneo;29;45.0871327;7.6831132;Cantina, soffitta, rimessa, box, garage, posto auto aperto/scoperto,;Dal 2001 al 2010;Nessuno;Patrimonio indisponibile;Utilizzato direttamente;Altro;;;;1;False
689416;L219;1183;220;39;16.0;FABBRICATO;Via Cuneo;29;45.0871327;7.6831132;Cantina, soffitta, rimessa, box, garage, posto auto aperto/scoperto,;Dal 2001 al 2010;Nessuno;Patrimonio indisponibile;Utilizzato direttamente;Altro;;;;1;False
689417;L219;1183;220;4;30.0;FABBRICATO;Via Cuneo;29;45.0871327;7.6831132;Cantina, soffitta, rimessa, box, garage, posto auto aperto/scoperto,;Dal 2001 al 2010;Nessuno;Patrimonio indisponibile;Utilizzato direttamente;Altro;;;;1;False
689418;L219;1183;220;40;16.0;FABBRICATO;Via Cuneo;29;45.0871327;7.6831132;Cantina, soffitta, rimessa, box, garage, posto auto aperto/scoperto,;Dal 2001 al 2010;Nessuno;Patrimonio indisponibile;Utilizzato direttamente;Altro;;;;1;False
689419;L219;1183;220;41;16.0;FABBRICATO;Via Cuneo;29;45.0871327;7.6831132;Cantina, soffitta, rimessa, box, garage, posto auto aperto/scoperto,;Dal 2001 al 2010;Nessuno;Patrimonio indisponibile;Utilizzato direttamente;Altro;;;;1;False
689420;L219;1183;220;42;16.0;FABBRICATO;Via Cuneo;29;45.0871327;7.6831132;Cantina, soffitta, rimessa, box, garage, posto auto aperto/scoperto,;Dal 2001 al 2010;Nessuno;Patrimonio indisponibile;Utilizzato direttamente;Altro;;;;1;False
689421;L219;1183;220;43;16.0;FABBRICATO;Via Cuneo;29;45.0871327;7.6831132;Cantina, soffitta, rimessa, box, garage, posto auto aperto/scoperto,;Dal 2001 al 2010;Nessuno;Patrimonio indisponibile;Utilizzato direttamente;Altro;;;;1;False
689422;L219;1183;220;44;16.0;FABBRICATO;Via Cuneo;29;45.0871327;7.6831132;Cantina, soffitta, rimessa, box, garage, posto auto aperto/scoperto,;Dal 2001 al 2010;Nessuno;Patrimonio indisponibile;Utilizzato direttamente;Altro;;;;1;False
689423;L219;1183;220;45;16.0;FABBRICATO;Via Cuneo;29;45.0871327;7.6831132;Cantina, soffitta, rimessa, box, garage, posto auto aperto/scoperto,;Dal 2001 al 2010;Nessuno;Patrimonio indisponibile;Utilizzato direttamente;Altro;;;;1;False
689424;L219;1183;220;46;25.0;FABBRICATO;Via Cuneo;29;45.0871327;7.6831132;Cantina, soffitta, rimessa, box, garage, posto auto aperto/scoperto,;Dal 2001 al 2010;Nessuno;Patrimonio indisponibile;Utilizzato direttamente;Altro;;;;1;False
689425;L219;1183;220;47;19.0;FABBRICATO;Via Cuneo;29;45.0871327;7.6831132;Cantina, soffitta, rimessa, box, garage, posto auto aperto/scoperto,;Dal 2001 al 2010;Nessuno;Patrimonio indisponibile;Utilizzato direttamente;Altro;;;;1;False
689426;L219;1183;220;48;38.0;FABBRICATO;Via Cuneo;29;45.0871327;7.6831132;Parcheggio collettivo;Dal 2001 al 2010;Nessuno;Patrimonio indisponibile;Utilizzato direttamente;Altro;;;;1;False
689427;L219;1183;220;49;38.0;FABBRICATO;Via Cuneo;29;45.0871327;7.6831132;Parcheggio collettivo;Dal 2001 al 2010;Nessuno;Patrimonio indisponibile;Utilizzato direttamente;Altro;;;;1;False
689428;L219;1183;220;5;18.0;FABBRICATO;Via Cuneo;29;45.0871327;7.6831132;Cantina, soffitta, rimessa, box, garage, posto auto aperto/scoperto,;Dal 2001 al 2010;Nessuno;Patrimonio indisponibile;Non utilizzato;Non Dichiarato;;;;1;False
689429;L219;1183;220;50;19.0;FABBRICATO;Via Cuneo;29;45.0871327;7.6831132;Cantina, soffitta, rimessa, box, garage, posto auto aperto/scoperto,;Dal 2001 al 2010;Nessuno;Patrimonio indisponibile;Utilizzato direttamente;Altro;;;;1;False
689430;L219;1183;220;51;25.0;FABBRICATO;Via Cuneo;29;45.0871327;7.6831132;Cantina, soffitta, rimessa, box, garage, posto auto aperto/scoperto,;Dal 2001 al 2010;Nessuno;Patrimonio indisponibile;Utilizzato direttamente;Altro;;;;1;False
689431;L219;1183;220;52;28.0;FABBRICATO;Via Cuneo;29;45.0871327;7.6831132;Cantina, soffitta, rimessa, box, garage, posto auto aperto/scoperto,;Dal 2001 al 2010;Nessuno;Patrimonio indisponibile;Utilizzato direttamente;Altro;;;;1;False
689432;L219;1183;220;53;32.0;FABBRICATO;Via Cuneo;29;45.0871327;7.6831132;Cantina, soffitta, rimessa, box, garage, posto auto aperto/scoperto,;Dal 2001 al 2010;Nessuno;Patrimonio indisponibile;Utilizzato direttamente;Altro;;;;1;False
689433;L219;1183;220;54;26.0;FABBRICATO;Via Cuneo;29;45.0871327;7.6831132;Cantina, soffitta, rimessa, box, garage, posto auto aperto/scoperto,;Dal 2001 al 2010;Nessuno;Patrimonio indisponibile;Utilizzato direttamente;Altro;;;;1;False
689434;L219;1183;220;55;20.0;FABBRICATO;Via Cuneo;29;45.0871327;7.6831132;Cantina, soffitta, rimessa, box, garage, posto auto aperto/scoperto,;Dal 2001 al 2010;Nessuno;Patrimonio indisponibile;Utilizzato direttamente;Altro;;;;1;False
689435;L219;1183;220;56;15.0;FABBRICATO;Via Cuneo;29;45.0871327;7.6831132;Cantina, soffitta, rimessa, box, garage, posto auto aperto/scoperto,;Dal 2001 al 2010;Nessuno;Patrimonio indisponibile;Utilizzato direttamente;Altro;;;;1;False
689436;L219;1183;220;57;32.0;FABBRICATO;Via Cuneo;29;45.0871327;7.6831132;Cantina, soffitta, rimessa, box, garage, posto auto aperto/scoperto,;Dal 2001 al 2010;Nessuno;Patrimonio indisponibile;Utilizzato direttamente;Altro;;;;1;False
689437;L219;1183;220;58;28.0;FABBRICATO;Via Cuneo;29;45.0871327;7.6831132;Cantina, soffitta, rimessa, box, garage, posto auto aperto/scoperto,;Dal 2001 al 2010;Nessuno;Patrimonio indisponibile;Utilizzato direttamente;Altro;;;;1;False
689438;L219;1183;220;59;28.0;FABBRICATO;Via Cuneo;29;45.0871327;7.6831132;Cantina, soffitta, rimessa, box, garage, posto auto aperto/scoperto,;Dal 2001 al 2010;Nessuno;Patrimonio indisponibile;Utilizzato direttamente;Altro;;;;1;False
689439;L219;1183;220;6;18.0;FABBRICATO;Via Cuneo;29;45.0871327;7.6831132;Cantina, soffitta, rimessa, box, garage, posto auto aperto/scoperto,;Dal 2001 al 2010;Nessuno;Patrimonio indisponibile;Utilizzato direttamente;Altro;;;;1;False
689440;L219;1183;220;60;32.0;FABBRICATO;Via Cuneo;29;45.0871327;7.6831132;Cantina, soffitta, rimessa, box, garage, posto auto aperto/scoperto,;Dal 2001 al 2010;Nessuno;Patrimonio indisponibile;Utilizzato direttamente;Altro;;;;1;False
689441;L219;1183;220;61;25.0;FABBRICATO;Via Cuneo;29;45.0871327;7.6831132;Cantina, soffitta, rimessa, box, garage, posto auto aperto/scoperto,;Dal 2001 al 2010;Nessuno;Patrimonio indisponibile;Utilizzato direttamente;Altro;;;;1;False
689442;L219;1183;220;62;21.0;FABBRICATO;Via Cuneo;29;45.0871327;7.6831132;Cantina, soffitta, rimessa, box, garage, posto auto aperto/scoperto,;Dal 2001 al 2010;Nessuno;Patrimonio indisponibile;Utilizzato direttamente;Altro;;;;1;False
689443;L219;1183;220;63;15.0;FABBRICATO;Via Cuneo;29;45.0871327;7.6831132;Cantina, soffitta, rimessa, box, garage, posto auto aperto/scoperto,;Dal 2001 al 2010;Nessuno;Patrimonio indisponibile;Utilizzato direttamente;Altro;;;;1;False
689444;L219;1183;220;64;32.0;FABBRICATO;Via Cuneo;29;45.0871327;7.6831132;Cantina, soffitta, rimessa, box, garage, posto auto aperto/scoperto,;Dal 2001 al 2010;Nessuno;Patrimonio indisponibile;Utilizzato direttamente;Altro;;;;1;False
689445;L219;1183;220;65;30.0;FABBRICATO;Via Cuneo;29;45.0871327;7.6831132;Cantina, soffitta, rimessa, box, garage, posto auto aperto/scoperto,;Dal 2001 al 2010;Nessuno;Patrimonio indisponibile;Utilizzato direttamente;Altro;;;;1;False
689446;L219;1183;220;66;48.0;FABBRICATO;Via Cuneo;29;45.0871327;7.6831132;Parcheggio collettivo;Dal 2001 al 2010;Nessuno;Patrimonio indisponibile;Utilizzato direttamente;Altro;;;;1;False
689447;L219;1183;220;67;20.0;FABBRICATO;Via Cuneo;29;45.0871327;7.6831132;Cantina, soffitta, rimessa, box, garage, posto auto aperto/scoperto,;Dal 2001 al 2010;Nessuno;Patrimonio indisponibile;Utilizzato direttamente;Altro;;;;1;False
689448;L219;1183;220;68;48.0;FABBRICATO;Via Cuneo;29;45.0871327;7.6831132;Parcheggio collettivo;Dal 2001 al 2010;Nessuno;Patrimonio indisponibile;Utilizzato direttamente;Altro;;;;1;False
689449;L219;1183;220;69;42.0;FABBRICATO;Via Cuneo;29;45.0871327;7.6831132;Parcheggio collettivo;Dal 2001 al 2010;Nessuno;Patrimonio indisponibile;Utilizzato direttamente;Altro;;;;1;False
689450;L219;1183;220;7;17.0;FABBRICATO;Via Cuneo;29;45.0871327;7.6831132;Cantina, soffitta, rimessa, box, garage, posto auto aperto/scoperto,;Dal 2001 al 2010;Nessuno;Patrimonio indisponibile;Utilizzato direttamente;Altro;;;;1;False
689451;L219;1183;220;70;51.0;FABBRICATO;Largo Francesco Cigna;72;45.0871327;7.6831132;Abitazione;Dal 2001 al 2010;Nessuno;Patrimonio indisponibile;Utilizzato direttamente;Altro;;;;1;False
689452;L219;1183;220;71;48.0;FABBRICATO;Largo Francesco Cigna;72;45.0871327;7.6831132;Abitazione;Dal 2001 al 2010;Nessuno;Patrimonio indisponibile;Utilizzato direttamente;Altro;;;;1;False
689453;L219;1183;220;72;61.0;FABBRICATO;Largo Francesco Cigna;72;45.0871327;7.6831132;Abitazione;Dal 2001 al 2010;Nessuno;Patrimonio indisponibile;Utilizzato direttamente;Altro;;;;1;False
689454;L219;1183;220;73;61.0;FABBRICATO;Largo Francesco Cigna;72;45.0871327;7.6831132;Abitazione;Dal 2001 al 2010;Nessuno;Patrimonio indisponibile;Utilizzato direttamente;Altro;;;;1;False
689455;L219;1183;220;74;49.0;FABBRICATO;Largo Francesco Cigna;72;45.0871327;7.6831132;Abitazione;Dal 2001 al 2010;Nessuno;Patrimonio indisponibile;Utilizzato direttamente;Altro;;;;1;False
689456;L219;1183;220;75;50.0;FABBRICATO;Largo Francesco Cigna;72;45.0871327;7.6831132;Abitazione;Dal 2001 al 2010;Nessuno;Patrimonio indisponibile;Utilizzato direttamente;Altro;;;;1;False
689457;L219;1183;220;76;51.0;FABBRICATO;Largo Francesco Cigna;72;45.0871327;7.6831132;Abitazione;Dal 2001 al 2010;Nessuno;Patrimonio indisponibile;Utilizzato direttamente;Altro;;;;1;False
689458;L219;1183;220;77;48.0;FABBRICATO;Largo Francesco Cigna;72;45.0871327;7.6831132;Abitazione;Dal 2001 al 2010;Nessuno;Patrimonio indisponibile;Utilizzato direttamente;Altro;;;;1;False
689459;L219;1183;220;78;58.0;FABBRICATO;Largo Francesco Cigna;72;45.0871327;7.6831132;Abitazione;Dal 2001 al 2010;Nessuno;Patrimonio indisponibile;Utilizzato direttamente;Altro;;;;1;False
689460;L219;1183;220;79;58.0;FABBRICATO;Largo Francesco Cigna;72;45.0871327;7.6831132;Abitazione;Dal 2001 al 2010;Nessuno;Patrimonio indisponibile;Utilizzato direttamente;Altro;;;;1;False
689461;L219;1183;220;8;24.0;FABBRICATO;Via Cuneo;29;45.0871327;7.6831132;Cantina, soffitta, rimessa, box, garage, posto auto aperto/scoperto,;Dal 2001 al 2010;Nessuno;Patrimonio indisponibile;Utilizzato direttamente;Altro;;;;1;False
689462;L219;1183;220;80;49.0;FABBRICATO;Largo Francesco Cigna;72;45.0871327;7.6831132;Abitazione;Dal 2001 al 2010;Nessuno;Patrimonio indisponibile;Utilizzato direttamente;Altro;;;;1;False
689463;L219;1183;220;81;49.0;FABBRICATO;Largo Francesco Cigna;72;45.0871327;7.6831132;Abitazione;Dal 2001 al 2010;Nessuno;Patrimonio indisponibile;Utilizzato direttamente;Altro;;;;1;False
689464;L219;1183;220;82;52.0;FABBRICATO;Largo Francesco Cigna;72;45.0871327;7.6831132;Abitazione;Dal 2001 al 2010;Nessuno;Patrimonio indisponibile;Utilizzato direttamente;Altro;;;;1;False
689465;L219;1183;220;83;48.0;FABBRICATO;Largo Francesco Cigna;72;45.0871327;7.6831132;Abitazione;Dal 2001 al 2010;Nessuno;Patrimonio indisponibile;Utilizzato direttamente;Altro;;;;1;False
689466;L219;1183;220;84;58.0;FABBRICATO;Largo Francesco Cigna;72;45.0871327;7.6831132;Abitazione;Dal 2001 al 2010;Nessuno;Patrimonio indisponibile;Utilizzato direttamente;Altro;;;;1;False
689467;L219;1183;220;85;58.0;FABBRICATO;Largo Francesco Cigna;72;45.0871327;7.6831132;Abitazione;Dal 2001 al 2010;Nessuno;Patrimonio indisponibile;Utilizzato direttamente;Altro;;;;1;False
689468;L219;1183;220;86;49.0;FABBRICATO;Largo Francesco Cigna;72;45.0871327;7.6831132;Abitazione;Dal 2001 al 2010;Nessuno;Patrimonio indisponibile;Utilizzato direttamente;Altro;;;;1;False
689469;L219;1183;220;87;50.0;FABBRICATO;Largo Francesco Cigna;72;45.0871327;7.6831132;Abitazione;Dal 2001 al 2010;Nessuno;Patrimonio indisponibile;Utilizzato direttamente;Altro;;;;1;False
689470;L219;1183;220;88;51.0;FABBRICATO;Largo Francesco Cigna;72;45.0871327;7.6831132;Abitazione;Dal 2001 al 2010;Nessuno;Patrimonio indisponibile;Utilizzato direttamente;Altro;;;;1;False
689471;L219;1183;220;89;48.0;FABBRICATO;Largo Francesco Cigna;72;45.0871327;7.6831132;Abitazione;Dal 2001 al 2010;Nessuno;Patrimonio indisponibile;Utilizzato direttamente;Altro;;;;1;False
689472;L219;1183;220;9;24.0;FABBRICATO;Via Cuneo;29;45.0871327;7.6831132;Cantina, soffitta, rimessa, box, garage, posto auto aperto/scoperto,;Dal 2001 al 2010;Nessuno;Patrimonio indisponibile;Utilizzato direttamente;Altro;;;;1;False
689473;L219;1183;220;90;58.0;FABBRICATO;Largo Francesco Cigna;72;45.0871327;7.6831132;Abitazione;Dal 2001 al 2010;Nessuno;Patrimonio indisponibile;Utilizzato direttamente;Altro;;;;1;False
689474;L219;1183;220;91;58.0;FABBRICATO;Largo Francesco Cigna;72;45.0871327;7.6831132;Abitazione;Dal 2001 al 2010;Nessuno;Patrimonio indisponibile;Utilizzato direttamente;Altro;;;;1;False
689475;L219;1183;220;92;49.0;FABBRICATO;Largo Francesco Cigna;72;45.0871327;7.6831132;Abitazione;Dal 2001 al 2010;Nessuno;Patrimonio indisponibile;Utilizzato direttamente;Altro;;;;1;False
689476;L219;1183;220;93;49.0;FABBRICATO;Largo Francesco Cigna;72;45.0871327;7.6831132;Abitazione;Dal 2001 al 2010;Nessuno;Patrimonio indisponibile;Utilizzato direttamente;Altro;;;;1;False
689477;L219;1183;220;94;51.0;FABBRICATO;Largo Francesco Cigna;72;45.0871327;7.6831132;Abitazione;Dal 2001 al 2010;Nessuno;Patrimonio indisponibile;Utilizzato direttamente;Altro;;;;1;False
689478;L219;1183;220;95;49.0;FABBRICATO;Largo Francesco Cigna;72;45.0871327;7.6831132;Abitazione;Dal 2001 al 2010;Nessuno;Patrimonio indisponibile;Utilizzato direttamente;Altro;;;;1;False
689479;L219;1183;220;96;59.0;FABBRICATO;Largo Francesco Cigna;72;45.0871327;7.6831132;Abitazione;Dal 2001 al 2010;Nessuno;Patrimonio indisponibile;Utilizzato direttamente;Altro;;;;1;False
689480;L219;1183;220;97;58.0;FABBRICATO;Largo Francesco Cigna;72;45.0871327;7.6831132;Abitazione;Dal 2001 al 2010;Nessuno;Patrimonio indisponibile;Utilizzato direttamente;Altro;;;;1;False
689481;L219;1183;220;98;70.0;FABBRICATO;Largo Francesco Cigna;72;45.0871327;7.6831132;Abitazione;Dal 2001 al 2010;Nessuno;Patrimonio indisponibile;Utilizzato direttamente;Altro;;;;1;False
689482;L219;1183;220;99;65.0;FABBRICATO;Via Cuneo;35;45.0871327;7.6831132;Abitazione;Dal 2001 al 2010;Nessuno;Patrimonio indisponibile;Utilizzato direttamente;Altro;;;;1;False
689483;L219;1080;54;1;71.0;FABBRICATO;via pertengo;17;45.1044517;7.6936618;Abitazione;Dal 1919 al 1945;Nessuno;Patrimonio disponibile;Utilizzato direttamente;Altro;;;;1;False
689484;L219;1080;54;2;77.0;FABBRICATO;via pertengo;17;45.1044517;7.6936618;Abitazione;Dal 1919 al 1945;Nessuno;Patrimonio disponibile;Utilizzato direttamente;Altro;;;;1;False
689485;L219;1080;86;;334.29;FABBRICATO;PIAZZA REBAUDENGO CONTI DI;SNC;45.1038877;7.695024;Ufficio strutturato ed assimilabili;Prima del 1919;Dichiarazione di interesse culturale;Demanio;Utilizzato direttamente;Altro;;;;1;False
689486;L219;1081;44;106;114.0;FABBRICATO;Corso Vercelli;264;45.1097215;7.6981751;Abitazione;Dal 1946 al 1960;Nessuno;Patrimonio indisponibile;Utilizzato direttamente;Altro;;;;1;False
689488;L219;1081;56;1;2966.75;FABBRICATO;Via Campobasso;11;45.1088694;7.6983436;Edificio scolastico (es.: scuola di ogni ordine e grado, università, scuola di formazione);Dal 1991 al 2000;Nessuno;Patrimonio indisponibile;Utilizzato direttamente;Attività didattica;;;;1;False
689489;L219;1081;56;2;86.0;FABBRICATO;Via Campobasso;11;45.1088694;7.6983436;Abitazione;Dal 1961 al 1970;Nessuno;Patrimonio indisponibile;Utilizzato direttamente;Alloggio di servizio, foresterie;;;;1;False
689490;L219;1082;118;22;56.0;FABBRICATO;Via Bollengo;14;45.1095606;7.7022287;Abitazione;Dal 1961 al 1970;Nessuno;Patrimonio indisponibile;Utilizzato direttamente;Altro;;;;1;False
689491;L219;1082;266;3;95.0;FABBRICATO;via scotellaro rocco;7;45.1063616;7.7004232;Abitazione;Dal 1971 al 1980;Nessuno;Patrimonio indisponibile;Utilizzato direttamente;Alloggio di servizio, foresterie;;;;1;False
689505;L219;1089;1;221;83.0;FABBRICATO;Strada della Magra;11;45.105087;7.7285029;Abitazione;Dal 1971 al 1980;Nessuno;Patrimonio indisponibile;Utilizzato direttamente;Altro;;;;1;False
689506;L219;1089;1;261;16.0;FABBRICATO;Strada della Magra;11;45.105087;7.7285029;Cantina, soffitta, rimessa, box, garage, posto auto aperto/scoperto,;Dal 1971 al 1980;Nessuno;Patrimonio indisponibile;Utilizzato direttamente;Altro;;;;1;False
689507;L219;1347;2;;2589.25;FABBRICATO;Via Gian Domenico Cassini;96;45.0514322;7.6588901;Edificio scolastico (es.: scuola di ogni ordine e grado, università, scuola di formazione);Dal 1946 al 1960;Nessuno;Patrimonio indisponibile;Utilizzato direttamente;Attività didattica;;;;1;False
689508;L219;1184;3;1;58.0;FABBRICATO;Via Aosta;37;45.0857137;7.6917508;Abitazione;Dal 1946 al 1960;Nessuno;Patrimonio indisponibile;Utilizzato direttamente;Altro;;;;1;False
689509;L219;1184;3;10;40.0;FABBRICATO;Via Aosta;37;45.0857137;7.6917508;Abitazione;Dal 1946 al 1960;Nessuno;Patrimonio indisponibile;Utilizzato direttamente;Altro;;;;1;False
689510;L219;1184;3;11;41.0;FABBRICATO;Via Aosta;37;45.0857137;7.6917508;Abitazione;Dal 1946 al 1960;Nessuno;Patrimonio indisponibile;Utilizzato direttamente;Altro;;;;1;False
689511;L219;1184;3;12;43.0;FABBRICATO;Via Aosta;37;45.0857137;7.6917508;Abitazione;Dal 1946 al 1960;Nessuno;Patrimonio indisponibile;Utilizzato direttamente;Altro;;;;1;False
689512;L219;1184;3;13;42.0;FABBRICATO;Via Aosta;37;45.0857137;7.6917508;Abitazione;Dal 1946 al 1960;Nessuno;Patrimonio indisponibile;Utilizzato direttamente;Altro;;;;1;False
689513;L219;1184;3;14;43.0;FABBRICATO;Via Aosta;37;45.0857137;7.6917508;Abitazione;Dal 1946 al 1960;Nessuno;Patrimonio indisponibile;Utilizzato direttamente;Altro;;;;1;False
689514;L219;1184;3;15;48.0;FABBRICATO;Via Aosta;37;45.0857137;7.6917508;Abitazione;Dal 1946 al 1960;Nessuno;Patrimonio indisponibile;Utilizzato direttamente;Altro;;;;1;False
689515;L219;1184;3;16;43.0;FABBRICATO;Via Aosta;37;45.0857137;7.6917508;Abitazione;Dal 1946 al 1960;Nessuno;Patrimonio indisponibile;Utilizzato direttamente;Altro;;;;1;False
689516;L219;1184;3;17;41.0;FABBRICATO;Via Aosta;37;45.0857137;7.6917508;Abitazione;Dal 1946 al 1960;Nessuno;Patrimonio indisponibile;Utilizzato direttamente;Altro;;;;1;False
689517;L219;1184;3;18;44.0;FABBRICATO;Via Aosta;37;45.0857137;7.6917508;Abitazione;Dal 1946 al 1960;Nessuno;Patrimonio indisponibile;Utilizzato direttamente;Altro;;;;1;False
689518;L219;1184;3;19;41.0;FABBRICATO;Via Aosta;37;45.0857137;7.6917508;Abitazione;Dal 1946 al 1960;Nessuno;Patrimonio indisponibile;Utilizzato direttamente;Altro;;;;1;False
689519;L219;1184;3;2;43.0;FABBRICATO;Via Aosta;37;45.0857137;7.6917508;Abitazione;Dal 1946 al 1960;Nessuno;Patrimonio indisponibile;Utilizzato direttamente;Altro;;;;1;False
689520;L219;1184;3;20;43.0;FABBRICATO;Via Aosta;37;45.0857137;7.6917508;Abitazione;Dal 1946 al 1960;Nessuno;Patrimonio indisponibile;Utilizzato direttamente;Altro;;;;1;False
689521;L219;1184;3;21;41.0;FABBRICATO;Via Aosta;37;45.0857137;7.6917508;Abitazione;Dal 1946 al 1960;Nessuno;Patrimonio indisponibile;Utilizzato direttamente;Altro;;;;1;False
689522;L219;1184;3;24;43.0;FABBRICATO;Via Aosta;37;45.0857137;7.6917508;Abitazione;Dal 1946 al 1960;Nessuno;Patrimonio indisponibile;Utilizzato direttamente;Altro;;;;1;False
689523;L219;1184;3;27;40.0;FABBRICATO;Via Aosta;37;45.0857137;7.6917508;Abitazione;Dal 1946 al 1960;Nessuno;Patrimonio indisponibile;Utilizzato direttamente;Altro;;;;1;False
689524;L219;1184;3;28;44.0;FABBRICATO;Via Aosta;37;45.0857137;7.6917508;Abitazione;Dal 1946 al 1960;Nessuno;Patrimonio indisponibile;Utilizzato direttamente;Altro;;;;1;False
689525;L219;1184;3;29;41.0;FABBRICATO;Via Aosta;37;45.0857137;7.6917508;Abitazione;Dal 1946 al 1960;Nessuno;Patrimonio indisponibile;Utilizzato direttamente;Altro;;;;1;False
689526;L219;1184;3;3;41.0;FABBRICATO;Via Aosta;37;45.0857137;7.6917508;Abitazione;Dal 1946 al 1960;Nessuno;Patrimonio indisponibile;Utilizzato direttamente;Altro;;;;1;False
689527;L219;1184;3;30;91.0;FABBRICATO;Via Aosta;37;45.0857137;7.6917508;Abitazione;Dal 1946 al 1960;Nessuno;Patrimonio indisponibile;Utilizzato direttamente;Altro;;;;1;False
689528;L219;1184;3;31;85.0;FABBRICATO;Via Aosta;37;45.0857137;7.6917508;Abitazione;Dal 1946 al 1960;Nessuno;Patrimonio indisponibile;Utilizzato direttamente;Altro;;;;1;False
689529;L219;1184;3;32;82.0;FABBRICATO;Via Aosta;37;45.0857137;7.6917508;Abitazione;Dal 1946 al 1960;Nessuno;Patrimonio indisponibile;Utilizzato direttamente;Altro;;;;1;False
689530;L219;1184;3;33;89.0;FABBRICATO;Via Aosta;37;45.0857137;7.6917508;Abitazione;Dal 1946 al 1960;Nessuno;Patrimonio indisponibile;Utilizzato direttamente;Altro;;;;1;False
689531;L219;1184;3;4;44.0;FABBRICATO;Via Aosta;37;45.0857137;7.6917508;Abitazione;Dal 1946 al 1960;Nessuno;Patrimonio indisponibile;Utilizzato direttamente;Altro;;;;1;False
689532;L219;1184;3;5;39.0;FABBRICATO;Via Aosta;37;45.0857137;7.6917508;Abitazione;Dal 1946 al 1960;Nessuno;Patrimonio indisponibile;Utilizzato direttamente;Altro;;;;1;False
689533;L219;1347;243;289;28.0;FABBRICATO;corso pascoli giovanni;3 F;45.0495444;7.6587245;Magazzino e locali di deposito;Dal 2001 al 2010;Nessuno;Patrimonio indisponibile;Non utilizzato;Non Dichiarato;;;;1;False
689534;L219;1349;159;12;32.0;FABBRICATO;Via Orazio Antinori;3;45.05341868;7.66670546;Ufficio strutturato ed assimilabili;Dal 1919 al 1945;Nessuno;Patrimonio indisponibile;Utilizzato direttamente;Altro;;;;1;False
689535;L219;1349;159;2;92.0;FABBRICATO;Via Orazio Antinori;3;45.05341868;7.66670546;Abitazione;Dal 1919 al 1945;Nessuno;Patrimonio indisponibile;;Non Dichiarato;in concessione a titolo oneroso;1724.0;01/02/2006;1;False
689536;L219;1349;159;4;89.0;FABBRICATO;Via Orazio Antinori;3;45.05341868;7.66670546;Abitazione;Dal 1919 al 1945;Nessuno;Patrimonio indisponibile;;Non Dichiarato;in locazione;2991.0;01/06/2021;1;False
689537;L219;1349;159;5;77.0;FABBRICATO;Via Orazio Antinori;3;45.05341868;7.66670546;Abitazione;Dal 1919 al 1945;Nessuno;Patrimonio indisponibile;;Non Dichiarato;in locazione;998.0;01/04/2019;1;False
689538;L219;1349;159;7;70.0;FABBRICATO;Via Orazio Antinori;3;45.05341868;7.66670546;Abitazione;Dal 1919 al 1945;Nessuno;Patrimonio indisponibile;;Non Dichiarato;in locazione;1919.0;01/06/2021;1;False
689539;L219;1349;159;8;91.0;FABBRICATO;Via Orazio Antinori;3;45.05341868;7.66670546;Abitazione;Dal 1919 al 1945;Nessuno;Patrimonio indisponibile;;Non Dichiarato;in locazione;2772.0;01/06/2021;1;False
689540;L219;1349;159;9;41.0;FABBRICATO;Via Orazio Antinori;3;45.05341868;7.66670546;Abitazione;Dal 1919 al 1945;Nessuno;Patrimonio indisponibile;;Non Dichiarato;in locazione;1800.0;01/07/2021;1;False
689542;L219;1349;54;1;22.0;FABBRICATO;corso re umberto;85;45.05452218;7.66764616;Cantina, soffitta, rimessa, box, garage, posto auto aperto/scoperto,;Dal 1946 al 1960;Nessuno;Patrimonio indisponibile;Utilizzato direttamente;Altro;;;;1;False
689543;L219;135;160;;165.0;FABBRICATO;VIA FEBO;SNC;45.0472494;7.6888096;Abitazione;Prima del 1919;Nessuno;Patrimonio indisponibile;Utilizzato direttamente;Attività amministrativa/uffici pubblici;;;;1;False
689544;L219;135;457;;88.0;FABBRICATO;corso moncalieri;147;45.0454999;7.6876404;Magazzino e locali di deposito;Prima del 1919;Nessuno;Patrimonio indisponibile;Utilizzato direttamente;Attività amministrativa/uffici pubblici;;;;1;False
689545;L219;1351;121;;152.0;FABBRICATO;VIALE MATTIOLI PIER ANDREA;SNC;45.0505253;7.6820046;Abitazione;Prima del 1919;Nessuno;Patrimonio indisponibile;Utilizzato direttamente;Attività amministrativa/uffici pubblici;;;;1;False
689547;L219;1351;23;17;68.0;FABBRICATO;via nizza;67;45.0528364;7.6757393;Abitazione;Prima del 1919;Nessuno;Patrimonio indisponibile;Utilizzato direttamente;Altro;;;;1;False
689548;L219;1351;295;2;28.0;FABBRICATO;via michelangelo buonarroti;30;45.0500451;7.6794094;Ufficio strutturato ed assimilabili;Dal 1946 al 1960;Nessuno;Patrimonio disponibile;Utilizzato direttamente;Attività amministrativa/uffici pubblici;;;;1;False
689549;L219;1351;295;3;56.0;FABBRICATO;via michelangelo buonarroti;30;45.0500451;7.6794094;Abitazione;Dal 1946 al 1960;Nessuno;Patrimonio disponibile;;Non Dichiarato;in locazione;3926.0;01/03/2010;1;False
689551;L219;1352;2;10;30.0;FABBRICATO;Corso Massimo d'Azeglio;17;45.0486474;7.6821064;Cantina, soffitta, rimessa, box, garage, posto auto aperto/scoperto,;Prima del 1919;Nessuno;Patrimonio indisponibile;Utilizzato direttamente;Attività artistica e culturale;;;;1;False
689556;L219;1352;2;8;351.25;FABBRICATO;Corso Massimo d'Azeglio;17;45.0486474;7.6821064;Edificio scolastico (es.: scuola di ogni ordine e grado, università, scuola di formazione);Prima del 1919;Nessuno;Patrimonio indisponibile;Utilizzato direttamente;Attività artistica e culturale;;;;1;False
689558;L219;1184;42;3;46.0;FABBRICATO;Via Bra;12;45.0860386;7.6877104;Abitazione;Prima del 1919;Nessuno;Patrimonio indisponibile;Utilizzato direttamente;Altro;;;;1;False
689559;L219;1184;5;101;48.0;FABBRICATO;Via Aosta;31;45.0852193;7.6912085;Abitazione;Dal 1946 al 1960;Nessuno;Patrimonio indisponibile;Utilizzato direttamente;Altro;;;;1;False
689560;L219;1184;5;104;48.0;FABBRICATO;Via Aosta;31;45.0852193;7.6912085;Abitazione;Dal 1946 al 1960;Nessuno;Patrimonio indisponibile;Utilizzato direttamente;Altro;;;;1;False
689561;L219;1184;5;105;48.0;FABBRICATO;Via Aosta;31;45.0852193;7.6912085;Abitazione;Dal 1946 al 1960;Nessuno;Patrimonio indisponibile;Utilizzato direttamente;Altro;;;;1;False
689562;L219;1184;5;106;11.0;FABBRICATO;Via Aosta;31;45.0852193;7.6912085;Cantina, soffitta, rimessa, box, garage, posto auto aperto/scoperto,;Dal 1946 al 1960;Nessuno;Patrimonio indisponibile;Utilizzato direttamente;Altro;;;;1;False
689563;L219;1184;5;11;64.0;FABBRICATO;Via Aosta;31;45.0852193;7.6912085;Abitazione;Dal 1946 al 1960;Nessuno;Patrimonio indisponibile;Utilizzato direttamente;Altro;;;;1;False
689564;L219;1184;5;22;64.0;FABBRICATO;Via Aosta;31;45.0852193;7.6912085;Abitazione;Dal 1946 al 1960;Nessuno;Patrimonio indisponibile;Utilizzato direttamente;Altro;;;;1;False
689565;L219;1184;5;31;64.0;FABBRICATO;Via Aosta;31;45.0852193;7.6912085;Abitazione;Dal 1946 al 1960;Nessuno;Patrimonio indisponibile;Utilizzato direttamente;Altro;;;;1;False
689566;L219;1184;5;34;64.0;FABBRICATO;Via Aosta;31;45.0852193;7.6912085;Abitazione;Dal 1946 al 1960;Nessuno;Patrimonio indisponibile;Utilizzato direttamente;Altro;;;;1;False
689567;L219;1184;5;36;64.0;FABBRICATO;Via Aosta;31;45.0852193;7.6912085;Abitazione;Dal 1946 al 1960;Nessuno;Patrimonio indisponibile;Utilizzato direttamente;Altro;;;;1;False
689568;L219;1184;5;4;64.0;FABBRICATO;Via Aosta;31;45.0852193;7.6912085;Abitazione;Dal 1946 al 1960;Nessuno;Patrimonio indisponibile;Utilizzato direttamente;Altro;;;;1;False
689569;L219;1184;5;43;64.0;FABBRICATO;Via Aosta;31;45.0852193;7.6912085;Abitazione;Dal 1946 al 1960;Nessuno;Patrimonio indisponibile;Utilizzato direttamente;Altro;;;;1;False
689570;L219;1184;5;47;64.0;FABBRICATO;Via Aosta;31;45.0852193;7.6912085;Abitazione;Dal 1946 al 1960;Nessuno;Patrimonio indisponibile;Utilizzato direttamente;Altro;;;;1;False
689571;L219;1184;5;48;64.0;FABBRICATO;Via Aosta;31;45.0852193;7.6912085;Abitazione;Dal 1946 al 1960;Nessuno;Patrimonio indisponibile;Utilizzato direttamente;Altro;;;;1;False
689572;L219;1184;5;49;64.0;FABBRICATO;Via Aosta;31;45.0852193;7.6912085;Abitazione;Dal 1946 al 1960;Nessuno;Patrimonio indisponibile;Utilizzato direttamente;Altro;;;;1;False
689573;L219;1184;5;67;41.0;FABBRICATO;Via Aosta;31;45.0852193;7.6912085;Abitazione;Dal 1946 al 1960;Nessuno;Patrimonio indisponibile;Utilizzato direttamente;Altro;;;;1;False
689574;L219;1184;5;68;43.0;FABBRICATO;Via Aosta;31;45.0852193;7.6912085;Abitazione;Dal 1946 al 1960;Nessuno;Patrimonio indisponibile;Utilizzato direttamente;Altro;;;;1;False
689575;L219;1184;5;69;48.0;FABBRICATO;Via Aosta;31;45.0852193;7.6912085;Abitazione;Dal 1946 al 1960;Nessuno;Patrimonio indisponibile;Utilizzato direttamente;Altro;;;;1;False
689576;L219;1184;5;70;48.0;FABBRICATO;Via Aosta;31;45.0852193;7.6912085;Abitazione;Dal 1946 al 1960;Nessuno;Patrimonio indisponibile;Utilizzato direttamente;Altro;;;;1;False
689577;L219;1184;5;73;48.0;FABBRICATO;Via Aosta;31;45.0852193;7.6912085;Abitazione;Dal 1946 al 1960;Nessuno;Patrimonio indisponibile;Utilizzato direttamente;Altro;;;;1;False
689578;L219;1184;5;74;48.0;FABBRICATO;Via Aosta;31;45.0852193;7.6912085;Abitazione;Dal 1946 al 1960;Nessuno;Patrimonio indisponibile;Utilizzato direttamente;Altro;;;;1;False
689579;L219;1184;5;76;48.0;FABBRICATO;Via Aosta;31;45.0852193;7.6912085;Abitazione;Dal 1946 al 1960;Nessuno;Patrimonio indisponibile;Utilizzato direttamente;Altro;;;;1;False
689580;L219;1184;5;77;48.0;FABBRICATO;Via Aosta;31;45.0852193;7.6912085;Abitazione;Dal 1946 al 1960;Nessuno;Patrimonio indisponibile;Utilizzato direttamente;Altro;;;;1;False
689581;L219;1184;5;78;48.0;FABBRICATO;Via Aosta;31;45.0852193;7.6912085;Abitazione;Dal 1946 al 1960;Nessuno;Patrimonio indisponibile;Utilizzato direttamente;Altro;;;;1;False
689582;L219;1184;5;79;48.0;FABBRICATO;Via Aosta;31;45.0852193;7.6912085;Abitazione;Dal 1946 al 1960;Nessuno;Patrimonio indisponibile;Utilizzato direttamente;Altro;;;;1;False
689583;L219;1184;5;80;48.0;FABBRICATO;Via Aosta;31;45.0852193;7.6912085;Abitazione;Dal 1946 al 1960;Nessuno;Patrimonio indisponibile;Utilizzato direttamente;Altro;;;;1;False
689584;L219;1184;5;83;48.0;FABBRICATO;Via Aosta;31;45.0852193;7.6912085;Abitazione;Dal 1946 al 1960;Nessuno;Patrimonio indisponibile;Utilizzato direttamente;Altro;;;;1;False
689585;L219;1184;5;84;48.0;FABBRICATO;Via Aosta;31;45.0852193;7.6912085;Abitazione;Dal 1946 al 1960;Nessuno;Patrimonio indisponibile;Utilizzato direttamente;Altro;;;;1;False
689586;L219;1184;5;85;48.0;FABBRICATO;Via Aosta;31;45.0852193;7.6912085;Abitazione;Dal 1946 al 1960;Nessuno;Patrimonio indisponibile;Utilizzato direttamente;Altro;;;;1;False
689587;L219;1184;5;88;48.0;FABBRICATO;Via Aosta;31;45.0852193;7.6912085;Abitazione;Dal 1946 al 1960;Nessuno;Patrimonio indisponibile;Utilizzato direttamente;Altro;;;;1;False
689588;L219;1184;5;89;48.0;FABBRICATO;Via Aosta;31;45.0852193;7.6912085;Abitazione;Dal 1946 al 1960;Nessuno;Patrimonio indisponibile;Utilizzato direttamente;Altro;;;;1;False
689589;L219;1184;5;9;64.0;FABBRICATO;Via Aosta;31;45.0852193;7.6912085;Abitazione;Dal 1946 al 1960;Nessuno;Patrimonio indisponibile;Utilizzato direttamente;Altro;;;;1;False
689590;L219;1184;5;90;48.0;FABBRICATO;Via Aosta;31;45.0852193;7.6912085;Abitazione;Dal 1946 al 1960;Nessuno;Patrimonio indisponibile;Utilizzato direttamente;Altro;;;;1;False
689591;L219;1184;5;91;48.0;FABBRICATO;Via Aosta;31;45.0852193;7.6912085;Abitazione;Dal 1946 al 1960;Nessuno;Patrimonio indisponibile;Utilizzato direttamente;Altro;;;;1;False
689592;L219;1184;5;92;48.0;FABBRICATO;Via Aosta;31;45.0852193;7.6912085;Abitazione;Dal 1946 al 1960;Nessuno;Patrimonio indisponibile;Utilizzato direttamente;Altro;;;;1;False
689593;L219;1184;5;93;48.0;FABBRICATO;Via Aosta;31;45.0852193;7.6912085;Abitazione;Dal 1946 al 1960;Nessuno;Patrimonio indisponibile;Utilizzato direttamente;Altro;;;;1;False
689594;L219;1184;5;94;48.0;FABBRICATO;Via Aosta;31;45.0852193;7.6912085;Abitazione;Dal 1946 al 1960;Nessuno;Patrimonio indisponibile;Utilizzato direttamente;Altro;;;;1;False
689595;L219;1184;5;97;48.0;FABBRICATO;Via Aosta;31;45.0852193;7.6912085;Abitazione;Dal 1946 al 1960;Nessuno;Patrimonio indisponibile;Utilizzato direttamente;Altro;;;;1;False
689596;L219;1184;5;99;48.0;FABBRICATO;Via Aosta;31;45.0852193;7.6912085;Abitazione;Dal 1946 al 1960;Nessuno;Patrimonio indisponibile;Utilizzato direttamente;Altro;;;;1;False
689597;L219;1352;249;9;7664.5;FABBRICATO;via madama cristina;102;45.0473999;7.6750475;Edificio scolastico (es.: scuola di ogni ordine e grado, università, scuola di formazione);Prima del 1919;Dichiarazione di interesse culturale;Demanio;Utilizzato direttamente;Attività didattica;;;;1;False
689598;L219;1352;377;3;30.0;FABBRICATO;Via Pietro Giuria;56;45.0460512;7.6768958;Cantina, soffitta, rimessa, box, garage, posto auto aperto/scoperto,;Dal 1946 al 1960;Nessuno;Patrimonio indisponibile;Utilizzato direttamente;Attività sportiva, ricreativa e di intrattenimento;;;;1;False
689599;L219;1352;377;4;32.0;FABBRICATO;Via Pietro Giuria;56;45.0460512;7.6768958;Cantina, soffitta, rimessa, box, garage, posto auto aperto/scoperto,;Dal 1946 al 1960;Nessuno;Patrimonio indisponibile;Utilizzato direttamente;Attività sportiva, ricreativa e di intrattenimento;;;;1;False
689600;L219;1352;378;1;2173.25;FABBRICATO;Corso Dante;80;45.0461786;7.6775564;Edificio scolastico (es.: scuola di ogni ordine e grado, università, scuola di formazione);Dal 1961 al 1970;Nessuno;Patrimonio indisponibile;Utilizzato direttamente;Attività didattica;;;;1;False
689602;L219;1352;402;1;2130.0;FABBRICATO;VIA MONTI VINCENZO;SNC;45.0467135;7.6807642;Area urbana;ND;Nessuno;Patrimonio indisponibile;Utilizzato direttamente;Altro;;;;1;False
689604;L219;1352;405;;120.0;FABBRICATO;Via Pietro Giuria;56;45.0462361;7.6769572;Impianto sportivo;Dal 1946 al 1960;Nessuno;Patrimonio indisponibile;Utilizzato direttamente;Attività sportiva, ricreativa e di intrattenimento;;;;1;False
689665;L219;1353;11;2;98.0;FABBRICATO;Viale Virgilio;107;45.0488163;7.6852257;Locale commerciale, negozio;Prima del 1919;Dichiarazione di interesse culturale;Demanio;Utilizzato direttamente;Attività commerciale e di ristorazione;;;;1;False
689666;L219;1353;11;4;117.0;FABBRICATO;Viale Virgilio;107;45.0488163;7.6852257;Abitazione;Prima del 1919;Dichiarazione di interesse culturale;Demanio;Utilizzato direttamente;Alloggio di servizio, foresterie;;;;1;False
689667;L219;1353;11;6;112.0;FABBRICATO;Viale Virgilio;107;45.0488163;7.6852257;Abitazione;Prima del 1919;Dichiarazione di interesse culturale;Demanio;Utilizzato direttamente;Alloggio di servizio, foresterie;;;;1;False
689668;L219;1353;11;7;58.0;FABBRICATO;Viale Virgilio;107;45.0488163;7.6852257;Locale commerciale, negozio;Prima del 1919;Dichiarazione di interesse culturale;Demanio;Utilizzato direttamente;Attività commerciale e di ristorazione;;;;1;False
689669;L219;1353;11;8;12.0;FABBRICATO;Viale Virgilio;107;45.0488163;7.6852257;Cantina, soffitta, rimessa, box, garage, posto auto aperto/scoperto,;Prima del 1919;Dichiarazione di interesse culturale;Demanio;Utilizzato direttamente;Attività commerciale e di ristorazione;;;;1;False
689670;L219;1353;11;9;20.0;FABBRICATO;Viale Virgilio;107;45.0488163;7.6852257;Cantina, soffitta, rimessa, box, garage, posto auto aperto/scoperto,;Prima del 1919;Dichiarazione di interesse culturale;Demanio;Utilizzato direttamente;Attività artistica e culturale;;;;1;False
689671;L219;1353;3;10;90.0;FABBRICATO;Viale Virgilio;107;45.0492555;7.6851396;Abitazione;Prima del 1919;Dichiarazione di interesse culturale;Demanio;Utilizzato direttamente;Alloggio di servizio, foresterie;;;;1;False
689672;L219;1353;3;15;262.86;FABBRICATO;Viale Virgilio;107;45.0492555;7.6851396;Ufficio strutturato ed assimilabili;Prima del 1919;Dichiarazione di interesse culturale;Demanio;Utilizzato direttamente;Attività amministrativa/uffici pubblici;;;;1;False
689674;L219;1353;3;17;26.0;FABBRICATO;Viale Virgilio;107;45.0492555;7.6851396;Locale commerciale, negozio;Prima del 1919;Dichiarazione di interesse culturale;Demanio;Utilizzato direttamente;Attività commerciale e di ristorazione;;;;1;False
689675;L219;1353;3;18;84.0;FABBRICATO;Viale Virgilio;107;45.0492555;7.6851396;Magazzino e locali di deposito;Prima del 1919;Dichiarazione di interesse culturale;Demanio;;Non Dichiarato;in locazione;20098.0;01/10/2007;1;False
689676;L219;1353;3;20;161.0;FABBRICATO;Viale Virgilio;107;45.0492555;7.6851396;Abitazione;Prima del 1919;Dichiarazione di interesse culturale;Demanio;Utilizzato direttamente;Alloggio di servizio, foresterie;;;;1;False
689677;L219;1353;3;21;39.0;FABBRICATO;Viale Virgilio;107;45.0492555;7.6851396;Magazzino e locali di deposito;Prima del 1919;Dichiarazione di interesse culturale;Demanio;Utilizzato direttamente;Attività artistica e culturale;;;;1;False
689678;L219;1353;3;23;22.0;FABBRICATO;Viale Virgilio;107;45.0492555;7.6851396;Cantina, soffitta, rimessa, box, garage, posto auto aperto/scoperto,;Prima del 1919;Dichiarazione di interesse culturale;Demanio;Utilizzato direttamente;Attività artistica e culturale;;;;1;False
689679;L219;1353;3;3;45.0;FABBRICATO;Viale Virgilio;107;45.0492555;7.6851396;Locale commerciale, negozio;Prima del 1919;Dichiarazione di interesse culturale;Demanio;Utilizzato direttamente;Attività commerciale e di ristorazione;;;;1;False
689680;L219;1353;4;10;64.0;FABBRICATO;Viale Virgilio;107;45.0492631;7.6853665;Magazzino e locali di deposito;Prima del 1919;Dichiarazione di interesse culturale;Demanio;Utilizzato direttamente;Attività artistica e culturale;;;;1;False
689681;L219;1353;4;2;19.0;FABBRICATO;Viale Virgilio;107;45.0492631;7.6853665;Locale commerciale, negozio;Prima del 1919;Dichiarazione di interesse culturale;Demanio;Utilizzato direttamente;Attività commerciale e di ristorazione;;;;1;False
689682;L219;1353;4;3;40.0;FABBRICATO;Viale Virgilio;107;45.0492631;7.6853665;Magazzino e locali di deposito;Prima del 1919;Dichiarazione di interesse culturale;Demanio;Utilizzato direttamente;Attività artistica e culturale;;;;1;False
689683;L219;1353;4;4;22.0;FABBRICATO;Viale Virgilio;107;45.0492631;7.6853665;Locale commerciale, negozio;Prima del 1919;Dichiarazione di interesse culturale;Demanio;Utilizzato direttamente;Attività commerciale e di ristorazione;;;;1;False
689684;L219;1353;4;6;38.0;FABBRICATO;Viale Virgilio;107;45.0492631;7.6853665;Magazzino e locali di deposito;Prima del 1919;Dichiarazione di interesse culturale;Demanio;Utilizzato direttamente;Attività artistica e culturale;;;;1;False
689685;L219;1353;4;7;11.0;FABBRICATO;Viale Virgilio;107;45.0492631;7.6853665;Cantina, soffitta, rimessa, box, garage, posto auto aperto/scoperto,;Prima del 1919;Dichiarazione di interesse culturale;Demanio;Utilizzato direttamente;Attività artistica e culturale;;;;1;False
689686;L219;1353;4;8;60.0;FABBRICATO;Viale Virgilio;107;45.0492631;7.6853665;Abitazione;Prima del 1919;Dichiarazione di interesse culturale;Demanio;Utilizzato direttamente;Attività artistica e culturale;;;;1;False
689687;L219;1353;4;9;17.0;FABBRICATO;Viale Virgilio;107;45.0492631;7.6853665;Fabbricato per attività produttiva (industriale, artigianale o agricola);Prima del 1919;Dichiarazione di interesse culturale;Demanio;Utilizzato direttamente;Attività artistica e culturale;;;;1;False
689688;L219;1184;66;29;58.0;FABBRICATO;Via Carmagnola;16;45.0854207;7.6874908;Abitazione;Dal 2001 al 2010;Nessuno;Patrimonio indisponibile;Utilizzato direttamente;Altro;;;;1;False
689689;L219;1184;66;30;56.0;FABBRICATO;Via Carmagnola;16;45.0854207;7.6874908;Abitazione;Dal 2001 al 2010;Nessuno;Patrimonio indisponibile;Utilizzato direttamente;Altro;;;;1;False
689690;L219;1184;66;31;62.0;FABBRICATO;Via Carmagnola;16;45.0854207;7.6874908;Abitazione;Dal 2001 al 2010;Nessuno;Patrimonio indisponibile;Utilizzato direttamente;Altro;;;;1;False
689691;L219;1184;66;32;77.0;FABBRICATO;Via Carmagnola;16;45.0854207;7.6874908;Abitazione;Dal 2001 al 2010;Nessuno;Patrimonio indisponibile;Utilizzato direttamente;Altro;;;;1;False
689692;L219;1184;66;33;69.0;FABBRICATO;Via Carmagnola;16;45.0854207;7.6874908;Abitazione;Dal 2001 al 2010;Nessuno;Patrimonio indisponibile;Utilizzato direttamente;Altro;;;;1;False
689693;L219;1184;66;36;66.0;FABBRICATO;Via Carmagnola;16;45.0854207;7.6874908;Abitazione;Dal 2001 al 2010;Nessuno;Patrimonio indisponibile;Utilizzato direttamente;Altro;;;;1;False
689694;L219;1184;66;37;79.0;FABBRICATO;Via Carmagnola;16;45.0854207;7.6874908;Abitazione;Dal 2001 al 2010;Nessuno;Patrimonio indisponibile;Utilizzato direttamente;Altro;;;;1;False
689695;L219;1184;66;38;69.0;FABBRICATO;Via Carmagnola;16;45.0854207;7.6874908;Abitazione;Dal 2001 al 2010;Nessuno;Patrimonio indisponibile;Utilizzato direttamente;Altro;;;;1;False
689696;L219;1184;66;39;54.0;FABBRICATO;Via Carmagnola;16;45.0854207;7.6874908;Abitazione;Dal 2001 al 2010;Nessuno;Patrimonio indisponibile;Utilizzato direttamente;Altro;;;;1;False
689697;L219;1184;66;40;70.0;FABBRICATO;Via Carmagnola;16;45.0854207;7.6874908;Abitazione;Dal 2001 al 2010;Nessuno;Patrimonio indisponibile;Utilizzato direttamente;Altro;;;;1;False
689698;L219;1184;66;42;69.0;FABBRICATO;Via Carmagnola;16;45.0854207;7.6874908;Abitazione;Dal 2001 al 2010;Nessuno;Patrimonio indisponibile;Utilizzato direttamente;Altro;;;;1;False
689699;L219;1184;66;43;53.0;FABBRICATO;Via Carmagnola;16;45.0854207;7.6874908;Abitazione;Dal 2001 al 2010;Nessuno;Patrimonio indisponibile;Utilizzato direttamente;Altro;;;;1;False
689700;L219;1184;66;44;84.0;FABBRICATO;Via Carmagnola;16;45.0854207;7.6874908;Abitazione;Dal 2001 al 2010;Nessuno;Patrimonio indisponibile;Utilizzato direttamente;Altro;;;;1;False
689701;L219;1184;66;45;57.0;FABBRICATO;Via Carmagnola;16;45.0854207;7.6874908;Abitazione;Dal 2001 al 2010;Nessuno;Patrimonio indisponibile;Utilizzato direttamente;Altro;;;;1;False
689702;L219;1184;66;46;66.0;FABBRICATO;Via Carmagnola;16;45.0854207;7.6874908;Abitazione;Dal 2001 al 2010;Nessuno;Patrimonio indisponibile;Utilizzato direttamente;Altro;;;;1;False
689703;L219;1184;66;47;53.0;FABBRICATO;Via Carmagnola;16;45.0854207;7.6874908;Abitazione;Dal 2001 al 2010;Nessuno;Patrimonio indisponibile;Utilizzato direttamente;Altro;;;;1;False
689704;L219;1184;66;48;84.0;FABBRICATO;Via Carmagnola;16;45.0854207;7.6874908;Abitazione;Dal 2001 al 2010;Nessuno;Patrimonio indisponibile;Utilizzato direttamente;Altro;;;;1;False
689705;L219;1184;66;49;57.0;FABBRICATO;Via Carmagnola;16;45.0854207;7.6874908;Abitazione;Dal 2001 al 2010;Nessuno;Patrimonio indisponibile;Utilizzato direttamente;Altro;;;;1;False
689706;L219;1353;73;3;412.0;FABBRICATO;Viale Marinai d'Italia;1;45.0449726;7.6838429;Impianto sportivo;Dal 1919 al 1945;Nessuno;Patrimonio indisponibile;;Non Dichiarato;in concessione a titolo oneroso;3785.0;01/06/2022;1;False
689707;L219;1354;10;1;773.0;FABBRICATO;corso moncalieri;88;45.0517821;7.688122;Impianto sportivo;Prima del 1919;Nessuno;Patrimonio indisponibile;Utilizzato direttamente;Attività sportiva, ricreativa e di intrattenimento;;;;1;False
689708;L219;1354;10;2;45.0;FABBRICATO;corso moncalieri;88;45.0517821;7.688122;Abitazione;Prima del 1919;Nessuno;Patrimonio indisponibile;Utilizzato direttamente;Alloggio di servizio, foresterie;;;;1;False
689709;L219;1354;176;3;58.0;FABBRICATO;corso moncalieri;147;45.0474362;7.6887773;Magazzino e locali di deposito;Prima del 1919;Nessuno;Patrimonio indisponibile;Utilizzato direttamente;Attività amministrativa/uffici pubblici;;;;1;False
689710;L219;1089;337;10;16.0;FABBRICATO;strada scarafiotti;44;45.103231;7.7310744;Cantina, soffitta, rimessa, box, garage, posto auto aperto/scoperto,;Dal 1991 al 2000;Nessuno;Patrimonio indisponibile;Utilizzato direttamente;Altro;;;;1;False
689711;L219;1089;337;11;12.0;FABBRICATO;strada scarafiotti;44;45.103231;7.7310744;Cantina, soffitta, rimessa, box, garage, posto auto aperto/scoperto,;Dal 1991 al 2000;Nessuno;Patrimonio indisponibile;Utilizzato direttamente;Altro;;;;1;False
689712;L219;1089;337;12;13.0;FABBRICATO;strada scarafiotti;44;45.103231;7.7310744;Cantina, soffitta, rimessa, box, garage, posto auto aperto/scoperto,;Dal 1991 al 2000;Nessuno;Patrimonio indisponibile;Utilizzato direttamente;Altro;;;;1;False
689713;L219;1089;337;13;13.0;FABBRICATO;strada scarafiotti;44;45.103231;7.7310744;Cantina, soffitta, rimessa, box, garage, posto auto aperto/scoperto,;Dal 1991 al 2000;Nessuno;Patrimonio indisponibile;Utilizzato direttamente;Altro;;;;1;False
689714;L219;1089;337;14;14.0;FABBRICATO;strada scarafiotti;44;45.103231;7.7310744;Cantina, soffitta, rimessa, box, garage, posto auto aperto/scoperto,;Dal 1991 al 2000;Nessuno;Patrimonio indisponibile;Utilizzato direttamente;Altro;;;;1;False
689715;L219;1089;337;15;14.0;FABBRICATO;strada scarafiotti;44;45.103231;7.7310744;Cantina, soffitta, rimessa, box, garage, posto auto aperto/scoperto,;Dal 1991 al 2000;Nessuno;Patrimonio indisponibile;Utilizzato direttamente;Altro;;;;1;False
689716;L219;1089;337;16;15.0;FABBRICATO;strada scarafiotti;44;45.103231;7.7310744;Cantina, soffitta, rimessa, box, garage, posto auto aperto/scoperto,;Dal 1991 al 2000;Nessuno;Patrimonio indisponibile;Utilizzato direttamente;Altro;;;;1;False
689717;L219;1089;337;17;15.0;FABBRICATO;strada scarafiotti;44;45.103231;7.7310744;Cantina, soffitta, rimessa, box, garage, posto auto aperto/scoperto,;Dal 1991 al 2000;Nessuno;Patrimonio indisponibile;Utilizzato direttamente;Altro;;;;1;False
689718;L219;1089;337;18;14.0;FABBRICATO;strada scarafiotti;44;45.103231;7.7310744;Cantina, soffitta, rimessa, box, garage, posto auto aperto/scoperto,;Dal 1991 al 2000;Nessuno;Patrimonio indisponibile;Utilizzato direttamente;Altro;;;;1;False
689719;L219;1089;337;19;11.0;FABBRICATO;strada scarafiotti;44;45.103231;7.7310744;Cantina, soffitta, rimessa, box, garage, posto auto aperto/scoperto,;Dal 1991 al 2000;Nessuno;Patrimonio indisponibile;Utilizzato direttamente;Altro;;;;1;False
689720;L219;1089;337;20;23.0;FABBRICATO;strada scarafiotti;44;45.103231;7.7310744;Cantina, soffitta, rimessa, box, garage, posto auto aperto/scoperto,;Dal 1991 al 2000;Nessuno;Patrimonio indisponibile;Utilizzato direttamente;Altro;;;;1;False
689721;L219;1089;337;21;11.0;FABBRICATO;strada scarafiotti;44;45.103231;7.7310744;Cantina, soffitta, rimessa, box, garage, posto auto aperto/scoperto,;Dal 1991 al 2000;Nessuno;Patrimonio indisponibile;Utilizzato direttamente;Altro;;;;1;False
689722;L219;1089;337;22;12.0;FABBRICATO;strada scarafiotti;44;45.103231;7.7310744;Cantina, soffitta, rimessa, box, garage, posto auto aperto/scoperto,;Dal 1991 al 2000;Nessuno;Patrimonio indisponibile;Utilizzato direttamente;Altro;;;;1;False
689723;L219;1089;337;23;12.0;FABBRICATO;strada scarafiotti;44;45.103231;7.7310744;Cantina, soffitta, rimessa, box, garage, posto auto aperto/scoperto,;Dal 1991 al 2000;Nessuno;Patrimonio indisponibile;Utilizzato direttamente;Altro;;;;1;False
689724;L219;1089;337;24;12.0;FABBRICATO;strada scarafiotti;44;45.103231;7.7310744;Cantina, soffitta, rimessa, box, garage, posto auto aperto/scoperto,;Dal 1991 al 2000;Nessuno;Patrimonio indisponibile;Utilizzato direttamente;Altro;;;;1;False
689725;L219;1089;337;25;12.0;FABBRICATO;strada scarafiotti;44;45.103231;7.7310744;Cantina, soffitta, rimessa, box, garage, posto auto aperto/scoperto,;Dal 1991 al 2000;Nessuno;Patrimonio indisponibile;Utilizzato direttamente;Altro;;;;1;False
689726;L219;1089;337;26;12.0;FABBRICATO;strada scarafiotti;44;45.103231;7.7310744;Cantina, soffitta, rimessa, box, garage, posto auto aperto/scoperto,;Dal 1991 al 2000;Nessuno;Patrimonio indisponibile;Utilizzato direttamente;Altro;;;;1;False
689727;L219;1089;337;27;12.0;FABBRICATO;strada scarafiotti;44;45.103231;7.7310744;Cantina, soffitta, rimessa, box, garage, posto auto aperto/scoperto,;Dal 1991 al 2000;Nessuno;Patrimonio indisponibile;Utilizzato direttamente;Altro;;;;1;False
689728;L219;1089;337;28;12.0;FABBRICATO;strada scarafiotti;44;45.103231;7.7310744;Cantina, soffitta, rimessa, box, garage, posto auto aperto/scoperto,;Dal 1991 al 2000;Nessuno;Patrimonio indisponibile;Utilizzato direttamente;Altro;;;;1;False
689729;L219;1089;337;29;12.0;FABBRICATO;strada scarafiotti;44;45.103231;7.7310744;Cantina, soffitta, rimessa, box, garage, posto auto aperto/scoperto,;Dal 1991 al 2000;Nessuno;Patrimonio indisponibile;Utilizzato direttamente;Altro;;;;1;False
689730;L219;1089;337;30;12.0;FABBRICATO;strada scarafiotti;44;45.103231;7.7310744;Cantina, soffitta, rimessa, box, garage, posto auto aperto/scoperto,;Dal 1991 al 2000;Nessuno;Patrimonio indisponibile;Utilizzato direttamente;Altro;;;;1;False
689731;L219;1089;337;31;18.0;FABBRICATO;strada scarafiotti;44;45.103231;7.7310744;Cantina, soffitta, rimessa, box, garage, posto auto aperto/scoperto,;Dal 1991 al 2000;Nessuno;Patrimonio indisponibile;Utilizzato direttamente;Altro;;;;1;False
689732;L219;1089;337;32;18.0;FABBRICATO;strada scarafiotti;44;45.103231;7.7310744;Cantina, soffitta, rimessa, box, garage, posto auto aperto/scoperto,;Dal 1991 al 2000;Nessuno;Patrimonio indisponibile;Utilizzato direttamente;Altro;;;;1;False
689733;L219;1089;337;33;12.0;FABBRICATO;strada scarafiotti;44;45.103231;7.7310744;Cantina, soffitta, rimessa, box, garage, posto auto aperto/scoperto,;Dal 1991 al 2000;Nessuno;Patrimonio indisponibile;Utilizzato direttamente;Altro;;;;1;False
689734;L219;1089;337;34;12.0;FABBRICATO;strada scarafiotti;44;45.103231;7.7310744;Cantina, soffitta, rimessa, box, garage, posto auto aperto/scoperto,;Dal 1991 al 2000;Nessuno;Patrimonio indisponibile;Utilizzato direttamente;Altro;;;;1;False
689735;L219;1089;337;35;12.0;FABBRICATO;strada scarafiotti;44;45.103231;7.7310744;Cantina, soffitta, rimessa, box, garage, posto auto aperto/scoperto,;Dal 1991 al 2000;Nessuno;Patrimonio indisponibile;Utilizzato direttamente;Altro;;;;1;False
689736;L219;1089;337;36;12.0;FABBRICATO;strada scarafiotti;44;45.103231;7.7310744;Cantina, soffitta, rimessa, box, garage, posto auto aperto/scoperto,;Dal 1991 al 2000;Nessuno;Patrimonio indisponibile;Utilizzato direttamente;Altro;;;;1;False
689737;L219;1089;337;37;12.0;FABBRICATO;strada scarafiotti;44;45.103231;7.7310744;Cantina, soffitta, rimessa, box, garage, posto auto aperto/scoperto,;Dal 1991 al 2000;Nessuno;Patrimonio indisponibile;Utilizzato direttamente;Altro;;;;1;False
689738;L219;1089;337;38;12.0;FABBRICATO;strada scarafiotti;44;45.103231;7.7310744;Cantina, soffitta, rimessa, box, garage, posto auto aperto/scoperto,;Dal 1991 al 2000;Nessuno;Patrimonio indisponibile;Utilizzato direttamente;Altro;;;;1;False
689739;L219;1089;337;39;12.0;FABBRICATO;strada scarafiotti;44;45.103231;7.7310744;Cantina, soffitta, rimessa, box, garage, posto auto aperto/scoperto,;Dal 1991 al 2000;Nessuno;Patrimonio indisponibile;Utilizzato direttamente;Altro;;;;1;False
689740;L219;1089;337;40;12.0;FABBRICATO;strada scarafiotti;44;45.103231;7.7310744;Cantina, soffitta, rimessa, box, garage, posto auto aperto/scoperto,;Dal 1991 al 2000;Nessuno;Patrimonio indisponibile;Utilizzato direttamente;Altro;;;;1;False
689741;L219;1089;337;41;12.0;FABBRICATO;strada scarafiotti;44;45.103231;7.7310744;Cantina, soffitta, rimessa, box, garage, posto auto aperto/scoperto,;Dal 1991 al 2000;Nessuno;Patrimonio indisponibile;Utilizzato direttamente;Altro;;;;1;False
689742;L219;1089;337;42;12.0;FABBRICATO;strada scarafiotti;44;45.103231;7.7310744;Cantina, soffitta, rimessa, box, garage, posto auto aperto/scoperto,;Dal 1991 al 2000;Nessuno;Patrimonio indisponibile;Utilizzato direttamente;Altro;;;;1;False
689743;L219;1089;337;43;105.0;FABBRICATO;strada scarafiotti;44;45.103231;7.7310744;Abitazione;Dal 1991 al 2000;Nessuno;Patrimonio indisponibile;Utilizzato direttamente;Altro;;;;1;False
689744;L219;1089;337;44;103.0;FABBRICATO;strada scarafiotti;44;45.103231;7.7310744;Abitazione;Dal 1991 al 2000;Nessuno;Patrimonio indisponibile;Utilizzato direttamente;Altro;;;;1;False
689745;L219;1089;337;45;106.0;FABBRICATO;strada scarafiotti;44;45.103231;7.7310744;Abitazione;Dal 1991 al 2000;Nessuno;Patrimonio indisponibile;Utilizzato direttamente;Altro;;;;1;False
689746;L219;1089;337;46;102.0;FABBRICATO;strada scarafiotti;44;45.103231;7.7310744;Abitazione;Dal 1991 al 2000;Nessuno;Patrimonio indisponibile;Utilizzato direttamente;Altro;;;;1;False
689747;L219;1089;337;47;105.0;FABBRICATO;strada scarafiotti;44;45.103231;7.7310744;Abitazione;Dal 1991 al 2000;Nessuno;Patrimonio indisponibile;Utilizzato direttamente;Altro;;;;1;False
689748;L219;1089;337;48;102.0;FABBRICATO;strada scarafiotti;44;45.103231;7.7310744;Abitazione;Dal 1991 al 2000;Nessuno;Patrimonio indisponibile;Utilizzato direttamente;Altro;;;;1;False
689749;L219;1089;337;49;105.0;FABBRICATO;strada scarafiotti;44;45.103231;7.7310744;Abitazione;Dal 1991 al 2000;Nessuno;Patrimonio indisponibile;Utilizzato direttamente;Altro;;;;1;False
689750;L219;1089;337;50;103.0;FABBRICATO;strada scarafiotti;44;45.103231;7.7310744;Abitazione;Dal 1991 al 2000;Nessuno;Patrimonio indisponibile;Utilizzato direttamente;Altro;;;;1;False
689751;L219;1089;337;51;106.0;FABBRICATO;strada scarafiotti;44;45.103231;7.7310744;Abitazione;Dal 1991 al 2000;Nessuno;Patrimonio indisponibile;Utilizzato direttamente;Altro;;;;1;False
689752;L219;1089;337;52;104.0;FABBRICATO;strada scarafiotti;44;45.103231;7.7310744;Abitazione;Dal 1991 al 2000;Nessuno;Patrimonio indisponibile;Utilizzato direttamente;Altro;;;;1;False
689753;L219;1089;337;53;77.0;FABBRICATO;strada scarafiotti;44;45.103231;7.7310744;Abitazione;Dal 1991 al 2000;Nessuno;Patrimonio indisponibile;Utilizzato direttamente;Altro;;;;1;False
689754;L219;1089;337;54;55.0;FABBRICATO;strada scarafiotti;44;45.103231;7.7310744;Abitazione;Dal 1991 al 2000;Nessuno;Patrimonio indisponibile;Utilizzato direttamente;Altro;;;;1;False
689755;L219;1089;337;55;74.0;FABBRICATO;strada scarafiotti;44;45.103231;7.7310744;Abitazione;Dal 1991 al 2000;Nessuno;Patrimonio indisponibile;Utilizzato direttamente;Altro;;;;1;False
689756;L219;1089;337;56;78.0;FABBRICATO;strada scarafiotti;44;45.103231;7.7310744;Abitazione;Dal 1991 al 2000;Nessuno;Patrimonio indisponibile;Utilizzato direttamente;Altro;;;;1;False
689757;L219;1089;337;57;55.0;FABBRICATO;strada scarafiotti;44;45.103231;7.7310744;Abitazione;Dal 1991 al 2000;Nessuno;Patrimonio indisponibile;Utilizzato direttamente;Altro;;;;1;False
689758;L219;1089;337;58;74.0;FABBRICATO;strada scarafiotti;44;45.103231;7.7310744;Abitazione;Dal 1991 al 2000;Nessuno;Patrimonio indisponibile;Utilizzato direttamente;Altro;;;;1;False
689759;L219;1089;337;59;77.0;FABBRICATO;strada scarafiotti;44;45.103231;7.7310744;Abitazione;Dal 1991 al 2000;Nessuno;Patrimonio indisponibile;Utilizzato direttamente;Altro;;;;1;False
689760;L219;1089;337;6;17.0;FABBRICATO;strada scarafiotti;44;45.103231;7.7310744;Cantina, soffitta, rimessa, box, garage, posto auto aperto/scoperto,;Dal 1991 al 2000;Nessuno;Patrimonio indisponibile;Utilizzato direttamente;Altro;;;;1;False
689761;L219;1089;337;60;56.0;FABBRICATO;strada scarafiotti;44;45.103231;7.7310744;Abitazione;Dal 1991 al 2000;Nessuno;Patrimonio indisponibile;Utilizzato direttamente;Altro;;;;1;False
689762;L219;1089;337;61;74.0;FABBRICATO;strada scarafiotti;44;45.103231;7.7310744;Abitazione;Dal 1991 al 2000;Nessuno;Patrimonio indisponibile;Utilizzato direttamente;Altro;;;;1;False
689763;L219;1089;337;62;77.0;FABBRICATO;strada scarafiotti;44;45.103231;7.7310744;Abitazione;Dal 1991 al 2000;Nessuno;Patrimonio indisponibile;Utilizzato direttamente;Altro;;;;1;False
689764;L219;1089;337;63;56.0;FABBRICATO;strada scarafiotti;44;45.103231;7.7310744;Abitazione;Dal 1991 al 2000;Nessuno;Patrimonio indisponibile;Utilizzato direttamente;Altro;;;;1;False
689765;L219;1089;337;64;74.0;FABBRICATO;strada scarafiotti;44;45.103231;7.7310744;Abitazione;Dal 1991 al 2000;Nessuno;Patrimonio indisponibile;Utilizzato direttamente;Altro;;;;1;False
689766;L219;1089;337;65;76.0;FABBRICATO;strada scarafiotti;44;45.103231;7.7310744;Abitazione;Dal 1991 al 2000;Nessuno;Patrimonio indisponibile;Utilizzato direttamente;Altro;;;;1;False
689767;L219;1089;337;66;56.0;FABBRICATO;strada scarafiotti;44;45.103231;7.7310744;Abitazione;Dal 1991 al 2000;Nessuno;Patrimonio indisponibile;Utilizzato direttamente;Altro;;;;1;False
689768;L219;1089;337;67;75.0;FABBRICATO;strada scarafiotti;44;45.103231;7.7310744;Abitazione;Dal 1991 al 2000;Nessuno;Patrimonio indisponibile;Utilizzato direttamente;Altro;;;;1;False
689769;L219;1089;337;68;90.0;FABBRICATO;strada scarafiotti;44;45.103231;7.7310744;Abitazione;Dal 1991 al 2000;Nessuno;Patrimonio indisponibile;Utilizzato direttamente;Altro;;;;1;False
689770;L219;1089;337;69;90.0;FABBRICATO;strada scarafiotti;44;45.103231;7.7310744;Abitazione;Dal 1991 al 2000;Nessuno;Patrimonio indisponibile;Utilizzato direttamente;Altro;;;;1;False
689771;L219;1089;337;7;12.0;FABBRICATO;strada scarafiotti;44;45.103231;7.7310744;Cantina, soffitta, rimessa, box, garage, posto auto aperto/scoperto,;Dal 1991 al 2000;Nessuno;Patrimonio indisponibile;Utilizzato direttamente;Altro;;;;1;False
689772;L219;1089;337;70;102.0;FABBRICATO;strada scarafiotti;44;45.103231;7.7310744;Abitazione;Dal 1991 al 2000;Nessuno;Patrimonio indisponibile;Utilizzato direttamente;Altro;;;;1;False
689773;L219;1089;337;71;104.0;FABBRICATO;strada scarafiotti;44;45.103231;7.7310744;Abitazione;Dal 1991 al 2000;Nessuno;Patrimonio indisponibile;Utilizzato direttamente;Altro;;;;1;False
689774;L219;1089;337;72;101.0;FABBRICATO;strada scarafiotti;44;45.103231;7.7310744;Abitazione;Dal 1991 al 2000;Nessuno;Patrimonio indisponibile;Utilizzato direttamente;Altro;;;;1;False
689775;L219;1089;337;73;106.0;FABBRICATO;strada scarafiotti;44;45.103231;7.7310744;Abitazione;Dal 1991 al 2000;Nessuno;Patrimonio indisponibile;Utilizzato direttamente;Altro;;;;1;False
689776;L219;1089;337;74;102.0;FABBRICATO;strada scarafiotti;44;45.103231;7.7310744;Abitazione;Dal 1991 al 2000;Nessuno;Patrimonio indisponibile;Utilizzato direttamente;Altro;;;;1;False
689777;L219;1089;337;75;106.0;FABBRICATO;strada scarafiotti;44;45.103231;7.7310744;Abitazione;Dal 1991 al 2000;Nessuno;Patrimonio indisponibile;Utilizzato direttamente;Altro;;;;1;False
689778;L219;1089;337;76;88.0;FABBRICATO;strada scarafiotti;44;45.103231;7.7310744;Abitazione;Dal 1991 al 2000;Nessuno;Patrimonio indisponibile;Utilizzato direttamente;Altro;;;;1;False
689779;L219;1089;337;77;88.0;FABBRICATO;strada scarafiotti;44;45.103231;7.7310744;Abitazione;Dal 1991 al 2000;Nessuno;Patrimonio indisponibile;Utilizzato direttamente;Altro;;;;1;False
689780;L219;1089;337;78;104.0;FABBRICATO;strada scarafiotti;44;45.103231;7.7310744;Abitazione;Dal 1991 al 2000;Nessuno;Patrimonio indisponibile;Utilizzato direttamente;Altro;;;;1;False
689781;L219;1089;337;79;88.0;FABBRICATO;strada scarafiotti;44;45.103231;7.7310744;Abitazione;Dal 1991 al 2000;Nessuno;Patrimonio indisponibile;Utilizzato direttamente;Altro;;;;1;False
689782;L219;1089;337;8;12.0;FABBRICATO;strada scarafiotti;44;45.103231;7.7310744;Cantina, soffitta, rimessa, box, garage, posto auto aperto/scoperto,;Dal 1991 al 2000;Nessuno;Patrimonio indisponibile;Utilizzato direttamente;Altro;;;;1;False
689783;L219;1089;337;9;12.0;FABBRICATO;strada scarafiotti;44;45.103231;7.7310744;Cantina, soffitta, rimessa, box, garage, posto auto aperto/scoperto,;Dal 1991 al 2000;Nessuno;Patrimonio indisponibile;Utilizzato direttamente;Altro;;;;1;False
689930;L219;1369;69;;220.0;FABBRICATO;Strada Antica di Revigliasco;77;45.0426898;7.7038086;Magazzino e locali di deposito;Prima del 1919;Nessuno;Patrimonio indisponibile;;Non Dichiarato;in locazione;103.0;02/01/2013;1;False
689931;L219;1369;70;6;173.0;FABBRICATO;Strada Antica di Revigliasco;77;45.0429508;7.7036509;Abitazione;Prima del 1919;Nessuno;Patrimonio indisponibile;Utilizzato direttamente;Alloggio di servizio, foresterie;;;;1;False
689932;L219;1369;70;5;63.0;FABBRICATO;Strada Antica di Revigliasco;77;45.0429508;7.7036509;Impianto sportivo;Prima del 1919;Nessuno;Patrimonio indisponibile;Utilizzato direttamente;Attività sportiva, ricreativa e di intrattenimento;;;;1;False
689933;L219;1369;70;4;13.0;FABBRICATO;Strada Antica di Revigliasco;77;45.0429508;7.7036509;Cantina, soffitta, rimessa, box, garage, posto auto aperto/scoperto,;Prima del 1919;Nessuno;Patrimonio indisponibile;;Non Dichiarato;in concessione a titolo oneroso;33885.0;01/03/2021;1;False
689934;L219;1369;93;;88.0;FABBRICATO;Strada Antica di Revigliasco;77;45.0424707;7.7038394;Ufficio strutturato ed assimilabili;Prima del 1919;Nessuno;Patrimonio indisponibile;;Non Dichiarato;in concessione a titolo oneroso;516.0;01/09/2008;1;False
689935;L219;1372;11;1;39.0;FABBRICATO;corso moncalieri;147;45.0450558;7.6886604;Magazzino e locali di deposito;Prima del 1919;Nessuno;Patrimonio indisponibile;Utilizzato direttamente;Attività amministrativa/uffici pubblici;;;;1;False
689936;L219;1372;11;2;44.0;FABBRICATO;corso moncalieri;147;45.0450558;7.6886604;Magazzino e locali di deposito;Prima del 1919;Nessuno;Patrimonio indisponibile;Utilizzato direttamente;Attività amministrativa/uffici pubblici;;;;1;False
689937;L219;1373;119;2;797.75;FABBRICATO;corso sicilia;28;45.0417016;7.6817417;Edificio scolastico (es.: scuola di ogni ordine e grado, università, scuola di formazione);Dal 1971 al 1980;Nessuno;Patrimonio indisponibile;Utilizzato direttamente;Attività didattica;;;;1;False
689939;L219;1373;5;11;75.0;FABBRICATO;corso moncalieri;178;45.0441555;7.6852007;Abitazione;Dal 1919 al 1945;Nessuno;Patrimonio indisponibile;Utilizzato direttamente;Altro;;;;1;False
689940;L219;1373;5;12;73.0;FABBRICATO;corso moncalieri;178;45.0441555;7.6852007;Abitazione;Dal 1919 al 1945;Nessuno;Patrimonio indisponibile;Utilizzato direttamente;Altro;;;;1;False
689941;L219;1373;5;13;76.0;FABBRICATO;corso moncalieri;178;45.0441555;7.6852007;Abitazione;Dal 1919 al 1945;Nessuno;Patrimonio indisponibile;Utilizzato direttamente;Altro;;;;1;False
689942;L219;1373;5;14;65.0;FABBRICATO;corso moncalieri;178;45.0441555;7.6852007;Abitazione;Dal 1919 al 1945;Nessuno;Patrimonio indisponibile;Utilizzato direttamente;Altro;;;;1;False
689943;L219;1373;5;15;97.0;FABBRICATO;corso moncalieri;178;45.0441555;7.6852007;Abitazione;Dal 1919 al 1945;Nessuno;Patrimonio indisponibile;Utilizzato direttamente;Altro;;;;1;False
689944;L219;1373;5;16;78.0;FABBRICATO;corso moncalieri;178;45.0441555;7.6852007;Magazzino e locali di deposito;Dal 1919 al 1945;Nessuno;Patrimonio indisponibile;Utilizzato direttamente;Altro;;;;1;False
689945;L219;1373;50;1;1978.0;FABBRICATO;corso sicilia;12;45.0427844;7.6826563;Impianto sportivo;Dal 1961 al 1970;Nessuno;Patrimonio indisponibile;;Non Dichiarato;in concessione a titolo oneroso;5605.0;01/03/2022;1;False
689946;L219;1373;50;2;96.0;FABBRICATO;corso sicilia;12;45.0427844;7.6826563;Abitazione;Dal 1961 al 1970;Nessuno;Patrimonio indisponibile;Utilizzato direttamente;Attività amministrativa/uffici pubblici;;;;1;False
689955;L219;1177;474;113;78.0;FABBRICATO;Via Avellino;25;45.0857529;7.6626989;Abitazione;Dal 1961 al 1970;Nessuno;Patrimonio indisponibile;Utilizzato direttamente;Altro;;;;1;False
689956;L219;1177;474;123;78.0;FABBRICATO;Via Avellino;23;45.0857529;7.6626989;Abitazione;Dal 1961 al 1970;Nessuno;Patrimonio indisponibile;Utilizzato direttamente;Altro;;;;1;False
689957;L219;1177;474;126;77.0;FABBRICATO;Via Avellino;25;45.0857529;7.6626989;Abitazione;Dal 1961 al 1970;Nessuno;Patrimonio indisponibile;Utilizzato direttamente;Altro;;;;1;False
689958;L219;1177;474;130;105.0;FABBRICATO;Via Avellino;25;45.0857529;7.6626989;Abitazione;Dal 1961 al 1970;Nessuno;Patrimonio indisponibile;Utilizzato direttamente;Altro;;;;1;False
689959;L219;1177;474;185;75.0;FABBRICATO;Via Avellino;23;45.0857529;7.6626989;Abitazione;Dal 1961 al 1970;Nessuno;Patrimonio indisponibile;Utilizzato direttamente;Altro;;;;1;False
689960;L219;1177;474;186;80.0;FABBRICATO;Via Avellino;23;45.0857529;7.6626989;Abitazione;Dal 1961 al 1970;Nessuno;Patrimonio indisponibile;Utilizzato direttamente;Altro;;;;1;False
689961;L219;1177;81;5;165.0;FABBRICATO;Via Fossano;18;45.0856976;7.6606327;Abitazione;Prima del 1919;Dichiarazione di interesse culturale;Demanio;Utilizzato direttamente;Alloggio di servizio, foresterie;;;;1;False
689963;L219;1076;289;43;72.0;FABBRICATO;via lucento;110;45.1032318;7.6604065;Abitazione;Dal 1961 al 1970;Nessuno;Patrimonio indisponibile;;Non Dichiarato;in locazione;3002.0;01/07/2022;1;False
689964;L219;1178;144;16;34.0;FABBRICATO;via pinelli pierdionigi;22;45.0806677;7.6675353;Abitazione;Dal 1946 al 1960;Nessuno;Patrimonio disponibile;Utilizzato direttamente;Alloggio di servizio, foresterie;;;;1;False
689965;L219;1178;144;5;18.0;FABBRICATO;via pinelli pierdionigi;22;45.0806677;7.6675353;Locale commerciale, negozio;Dal 1946 al 1960;Nessuno;Patrimonio disponibile;Utilizzato direttamente;Attività commerciale e di ristorazione;;;;1;False
689966;L219;1178;144;6;18.0;FABBRICATO;via pinelli pierdionigi;22;45.0806677;7.6675353;Locale commerciale, negozio;Dal 1946 al 1960;Nessuno;Patrimonio disponibile;Utilizzato direttamente;Attività commerciale e di ristorazione;;;;1;False
689967;L219;1178;144;7;18.0;FABBRICATO;via pinelli pierdionigi;22;45.0806677;7.6675353;Locale commerciale, negozio;Dal 1946 al 1960;Nessuno;Patrimonio disponibile;Utilizzato direttamente;Attività commerciale e di ristorazione;;;;1;False
689991;L219;1077;174;131;88.0;FABBRICATO;Piazza Ruggero Bonghi;20;45.10197338;7.67115969;Abitazione;Dal 1971 al 1980;Nessuno;Patrimonio indisponibile;Utilizzato direttamente;Altro;;;;1;False
689992;L219;1077;174;266;11.0;FABBRICATO;Via Coppino Michele;156;45.10197338;7.67115969;Cantina, soffitta, rimessa, box, garage, posto auto aperto/scoperto,;Dal 1971 al 1980;Nessuno;Patrimonio indisponibile;Utilizzato direttamente;Altro;;;;1;False
689994;L219;1178;254;100;51.0;FABBRICATO;Via Antonio Pacinotti;29;45.0810133;7.6637449;Fabbricato per attività produttiva (industriale, artigianale o agricola);Prima del 1919;Nessuno;Patrimonio indisponibile;Utilizzato direttamente;Altro;;;;1;False
689995;L219;1178;254;101;114.0;FABBRICATO;Via Antonio Pacinotti;29;45.0810133;7.6637449;Abitazione;Prima del 1919;Nessuno;Patrimonio indisponibile;Utilizzato direttamente;Altro;;;;1;False
689996;L219;1178;254;103;115.0;FABBRICATO;Via Antonio Pacinotti;29;45.0810133;7.6637449;Abitazione;Prima del 1919;Nessuno;Patrimonio indisponibile;Utilizzato direttamente;Altro;;;;1;False
689997;L219;1178;254;88;31.0;FABBRICATO;Via San Donato;48;45.0810133;7.6637449;Locale commerciale, negozio;Prima del 1919;Nessuno;Patrimonio indisponibile;Utilizzato direttamente;Altro;;;;1;False
689998;L219;1178;254;89;28.0;FABBRICATO;Via San Donato;48;45.0810133;7.6637449;Locale commerciale, negozio;Prima del 1919;Nessuno;Patrimonio indisponibile;Utilizzato direttamente;Altro;;;;1;False
689999;L219;1178;254;90;23.0;FABBRICATO;Via San Donato;48;45.0810133;7.6637449;Locale commerciale, negozio;Prima del 1919;Nessuno;Patrimonio indisponibile;Utilizzato direttamente;Altro;;;;1;False
690000;L219;1178;254;97;42.0;FABBRICATO;Via Antonio Pacinotti;29;45.0810133;7.6637449;Fabbricato per attività produttiva (industriale, artigianale o agricola);Prima del 1919;Nessuno;Patrimonio indisponibile;Utilizzato direttamente;Altro;;;;1;False
690001;L219;1178;254;98;32.0;FABBRICATO;Via Antonio Pacinotti;29;45.0810133;7.6637449;Fabbricato per attività produttiva (industriale, artigianale o agricola);Prima del 1919;Nessuno;Patrimonio indisponibile;Utilizzato direttamente;Altro;;;;1;False
690002;L219;1178;254;99;34.0;FABBRICATO;Via Antonio Pacinotti;29;45.0810133;7.6637449;Fabbricato per attività produttiva (industriale, artigianale o agricola);Prima del 1919;Nessuno;Patrimonio indisponibile;Utilizzato direttamente;Altro;;;;1;False
690011;L219;1179;105;10;56.0;FABBRICATO;Via Ceva;33;45.0853455;7.6665769;Abitazione;Dal 1919 al 1945;Nessuno;Patrimonio indisponibile;Utilizzato direttamente;Altro;;;;1;False
690012;L219;1179;105;11;71.0;FABBRICATO;Via Ceva;33;45.0853455;7.6665769;Abitazione;Dal 1919 al 1945;Nessuno;Patrimonio indisponibile;Utilizzato direttamente;Altro;;;;1;False
690013;L219;1179;105;13;69.0;FABBRICATO;Via Ceva;35;45.0853455;7.6665769;Abitazione;Dal 1919 al 1945;Nessuno;Patrimonio indisponibile;Utilizzato direttamente;Altro;;;;1;False
690014;L219;1179;105;14;67.0;FABBRICATO;Via Ceva;35;45.0853455;7.6665769;Abitazione;Dal 1919 al 1945;Nessuno;Patrimonio indisponibile;Utilizzato direttamente;Altro;;;;1;False
690015;L219;1179;105;15;50.0;FABBRICATO;Via Ceva;35;45.0853455;7.6665769;Abitazione;Dal 1919 al 1945;Nessuno;Patrimonio indisponibile;Utilizzato direttamente;Altro;;;;1;False
690016;L219;1179;105;16;68.0;FABBRICATO;Via Ceva;35;45.0853455;7.6665769;Abitazione;Dal 1919 al 1945;Nessuno;Patrimonio indisponibile;Utilizzato direttamente;Altro;;;;1;False
690017;L219;1179;105;17;55.0;FABBRICATO;Via Ceva;35;45.0853455;7.6665769;Abitazione;Dal 1919 al 1945;Nessuno;Patrimonio indisponibile;Utilizzato direttamente;Altro;;;;1;False
690018;L219;1179;105;176;67.0;FABBRICATO;Via Ceva;35;45.0853455;7.6665769;Abitazione;Dal 1919 al 1945;Nessuno;Patrimonio indisponibile;Utilizzato direttamente;Altro;;;;1;False
690019;L219;1179;105;177;66.0;FABBRICATO;Via Ceva;35;45.0853455;7.6665769;Abitazione;Dal 1919 al 1945;Nessuno;Patrimonio indisponibile;Utilizzato direttamente;Altro;;;;1;False
690020;L219;1179;105;179;89.0;FABBRICATO;Via Aquila;28;45.0853455;7.6665769;Abitazione;Dal 1919 al 1945;Nessuno;Patrimonio indisponibile;Utilizzato direttamente;Altro;;;;1;False
690021;L219;1179;105;19;55.0;FABBRICATO;Via Ceva;35;45.0853455;7.6665769;Abitazione;Dal 1919 al 1945;Nessuno;Patrimonio indisponibile;Utilizzato direttamente;Altro;;;;1;False
690022;L219;1179;105;21;71.0;FABBRICATO;Via Ceva;35;45.0853455;7.6665769;Abitazione;Dal 1919 al 1945;Nessuno;Patrimonio indisponibile;Utilizzato direttamente;Altro;;;;1;False
690023;L219;1179;105;22;56.0;FABBRICATO;Via Ceva;35;45.0853455;7.6665769;Abitazione;Dal 1919 al 1945;Nessuno;Patrimonio indisponibile;Utilizzato direttamente;Altro;;;;1;False
690024;L219;1179;105;25;107.0;FABBRICATO;Via Aquila;30;45.0853455;7.6665769;Abitazione;Dal 1919 al 1945;Nessuno;Patrimonio indisponibile;Utilizzato direttamente;Altro;;;;1;False
690025;L219;1179;105;26;72.0;FABBRICATO;Via Aquila;30;45.0853455;7.6665769;Abitazione;Dal 1919 al 1945;Nessuno;Patrimonio indisponibile;Utilizzato direttamente;Altro;;;;1;False
690026;L219;1179;105;28;109.0;FABBRICATO;Via Aquila;30;45.0853455;7.6665769;Abitazione;Dal 1919 al 1945;Nessuno;Patrimonio indisponibile;Utilizzato direttamente;Altro;;;;1;False
690027;L219;1179;105;29;73.0;FABBRICATO;Via Aquila;30;45.0853455;7.6665769;Abitazione;Dal 1919 al 1945;Nessuno;Patrimonio indisponibile;Utilizzato direttamente;Altro;;;;1;False
690028;L219;1179;105;3;69.0;FABBRICATO;Via Ceva;33;45.0853455;7.6665769;Abitazione;Dal 1919 al 1945;Nessuno;Patrimonio indisponibile;Utilizzato direttamente;Altro;;;;1;False
690029;L219;1179;105;30;87.0;FABBRICATO;Via Aquila;30;45.0853455;7.6665769;Abitazione;Dal 1919 al 1945;Nessuno;Patrimonio indisponibile;Utilizzato direttamente;Altro;;;;1;False
690030;L219;1179;105;31;107.0;FABBRICATO;Via Aquila;30;45.0853455;7.6665769;Abitazione;Dal 1919 al 1945;Nessuno;Patrimonio indisponibile;Utilizzato direttamente;Altro;;;;1;False
690031;L219;1179;105;32;71.0;FABBRICATO;Via Aquila;30;45.0853455;7.6665769;Abitazione;Dal 1919 al 1945;Nessuno;Patrimonio indisponibile;Utilizzato direttamente;Altro;;;;1;False
690032;L219;1179;105;33;87.0;FABBRICATO;Via Aquila;30;45.0853455;7.6665769;Abitazione;Dal 1919 al 1945;Nessuno;Patrimonio indisponibile;Utilizzato direttamente;Altro;;;;1;False
690033;L219;1179;105;34;107.0;FABBRICATO;Via Aquila;30;45.0853455;7.6665769;Abitazione;Dal 1919 al 1945;Nessuno;Patrimonio indisponibile;Utilizzato direttamente;Altro;;;;1;False
690034;L219;1179;105;35;73.0;FABBRICATO;Via Aquila;30;45.0853455;7.6665769;Abitazione;Dal 1919 al 1945;Nessuno;Patrimonio indisponibile;Utilizzato direttamente;Altro;;;;1;False
690035;L219;1179;105;36;85.0;FABBRICATO;Via Aquila;30;45.0853455;7.6665769;Abitazione;Dal 1919 al 1945;Nessuno;Patrimonio indisponibile;Utilizzato direttamente;Altro;;;;1;False
690036;L219;1179;105;37;62.0;FABBRICATO;Via Aquila;28;45.0853455;7.6665769;Abitazione;Dal 1919 al 1945;Nessuno;Patrimonio indisponibile;Utilizzato direttamente;Altro;;;;1;False
690037;L219;1179;105;39;89.0;FABBRICATO;Via Aquila;28;45.0853455;7.6665769;Abitazione;Dal 1919 al 1945;Nessuno;Patrimonio indisponibile;Utilizzato direttamente;Altro;;;;1;False
690038;L219;1179;105;4;54.0;FABBRICATO;Via Ceva;33;45.0853455;7.6665769;Abitazione;Dal 1919 al 1945;Nessuno;Patrimonio indisponibile;Utilizzato direttamente;Altro;;;;1;False
690039;L219;1179;105;40;72.0;FABBRICATO;Via Aquila;28;45.0853455;7.6665769;Abitazione;Dal 1919 al 1945;Nessuno;Patrimonio indisponibile;Utilizzato direttamente;Altro;;;;1;False
690040;L219;1179;105;42;88.0;FABBRICATO;Via Aquila;28;45.0853455;7.6665769;Abitazione;Dal 1919 al 1945;Nessuno;Patrimonio indisponibile;Utilizzato direttamente;Altro;;;;1;False
690041;L219;1179;105;43;74.0;FABBRICATO;Via Aquila;28;45.0853455;7.6665769;Abitazione;Dal 1919 al 1945;Nessuno;Patrimonio indisponibile;Utilizzato direttamente;Altro;;;;1;False
690042;L219;1179;105;46;71.0;FABBRICATO;Via Aquila;28;45.0853455;7.6665769;Abitazione;Dal 1919 al 1945;Nessuno;Patrimonio indisponibile;Utilizzato direttamente;Altro;;;;1;False
690043;L219;1179;105;47;94.0;FABBRICATO;Via Aquila;28;45.0853455;7.6665769;Abitazione;Dal 1919 al 1945;Nessuno;Patrimonio indisponibile;Utilizzato direttamente;Altro;;;;1;False
690044;L219;1179;105;48;89.0;FABBRICATO;Via Aquila;28;45.0853455;7.6665769;Abitazione;Dal 1919 al 1945;Nessuno;Patrimonio indisponibile;Utilizzato direttamente;Altro;;;;1;False
690045;L219;1179;105;49;73.0;FABBRICATO;Via Aquila;28;45.0853455;7.6665769;Abitazione;Dal 1919 al 1945;Nessuno;Patrimonio indisponibile;Utilizzato direttamente;Altro;;;;1;False
690046;L219;1179;105;5;70.0;FABBRICATO;Via Ceva;33;45.0853455;7.6665769;Abitazione;Dal 1919 al 1945;Nessuno;Patrimonio indisponibile;Utilizzato direttamente;Altro;;;;1;False
690047;L219;1179;105;6;56.0;FABBRICATO;Via Ceva;33;45.0853455;7.6665769;Abitazione;Dal 1919 al 1945;Nessuno;Patrimonio indisponibile;Utilizzato direttamente;Altro;;;;1;False
690048;L219;1179;105;61;59.0;FABBRICATO;Via Pianfei;6;45.0853455;7.6665769;Abitazione;Dal 1919 al 1945;Nessuno;Patrimonio indisponibile;Utilizzato direttamente;Altro;;;;1;False
690049;L219;1179;105;67;59.0;FABBRICATO;Via Pianfei;6;45.0853455;7.6665769;Abitazione;Dal 1919 al 1945;Nessuno;Patrimonio indisponibile;Utilizzato direttamente;Altro;;;;1;False
690050;L219;1179;105;7;70.0;FABBRICATO;Via Ceva;33;45.0853455;7.6665769;Abitazione;Dal 1919 al 1945;Nessuno;Patrimonio indisponibile;Utilizzato direttamente;Altro;;;;1;False
690051;L219;1179;105;70;76.0;FABBRICATO;Via Pianfei;6;45.0853455;7.6665769;Abitazione;Dal 1919 al 1945;Nessuno;Patrimonio indisponibile;Utilizzato direttamente;Altro;;;;1;False
690052;L219;1179;105;71;121.0;FABBRICATO;Via Aquila;30;45.0853455;7.6665769;Abitazione;Dal 1919 al 1945;Nessuno;Patrimonio indisponibile;Utilizzato direttamente;Altro;;;;1;False
690053;L219;1179;105;72;83.0;FABBRICATO;Via Aquila;28;45.0853455;7.6665769;Locale commerciale, negozio;Dal 1919 al 1945;Nessuno;Patrimonio indisponibile;Utilizzato direttamente;Attività commerciale e di ristorazione;;;;1;False
690054;L219;1179;105;73;61.0;FABBRICATO;Via Aquila;30;45.0853455;7.6665769;Abitazione;Dal 1919 al 1945;Nessuno;Patrimonio indisponibile;Utilizzato direttamente;Altro;;;;1;False
690055;L219;1179;105;74;19.0;FABBRICATO;Via Aquila;30;45.0853455;7.6665769;Cantina, soffitta, rimessa, box, garage, posto auto aperto/scoperto,;Dal 1919 al 1945;Nessuno;Patrimonio indisponibile;Non utilizzato;Non Dichiarato;;;;1;False
690056;L219;1179;105;8;55.0;FABBRICATO;Via Ceva;33;45.0853455;7.6665769;Abitazione;Dal 1919 al 1945;Nessuno;Patrimonio indisponibile;Utilizzato direttamente;Altro;;;;1;False
690057;L219;1179;105;9;70.0;FABBRICATO;Via Ceva;33;45.0853455;7.6665769;Abitazione;Dal 1919 al 1945;Nessuno;Patrimonio indisponibile;Utilizzato direttamente;Altro;;;;1;False
690058;L219;1078;337;1;6225.75;FABBRICATO;Via Leonardo Fea;2;45.10513902;7.67772177;Edificio scolastico (es.: scuola di ogni ordine e grado, università, scuola di formazione);Dal 1991 al 2000;Nessuno;Patrimonio indisponibile;Utilizzato direttamente;Attività didattica;;;;1;False
690059;L219;1078;337;2;72.0;FABBRICATO;Via Leonardo Fea;6;45.10513902;7.67772177;Abitazione;Dal 1961 al 1970;Nessuno;Patrimonio indisponibile;Utilizzato direttamente;Alloggio di servizio, foresterie;;;;1;False
690067;L219;1179;259;2;96.0;FABBRICATO;Via Capua;7;45.0835992;7.6678697;Abitazione;Prima del 1919;Dichiarazione di interesse culturale;Demanio;;Non Dichiarato;in locazione;4301.0;01/04/2021;1;False
690068;L219;1179;259;3;107.0;FABBRICATO;Via Capua;7;45.0835992;7.6678697;Abitazione;Prima del 1919;Dichiarazione di interesse culturale;Demanio;;Non Dichiarato;in locazione;2848.0;01/04/2021;1;False
690069;L219;1179;342;4;72.0;FABBRICATO;Via Graziadio Ascoli;6;45.0831263;7.6662567;Abitazione;Prima del 1919;Nessuno;Patrimonio indisponibile;Utilizzato direttamente;Altro;;;;1;False
690070;L219;1079;167;2;429.0;FABBRICATO;Via Antonio e Vittorio Scialoja;8;45.1068835;7.6885192;Impianto sportivo;Dal 1971 al 1980;Nessuno;Patrimonio indisponibile;Utilizzato direttamente;Attività sportiva, ricreativa e di intrattenimento;;;;1;False
690071;L219;1179;394;;309.0;FABBRICATO;PIAZZALE UMBRIA;SNC;45.0846176;7.6688971;Impianto sportivo;Dal 1991 al 2000;Nessuno;Patrimonio indisponibile;Utilizzato direttamente;Altro;;;;1;False
690072;L219;1079;168;2;9220.0;FABBRICATO;via reiss romoli guglielmo;45;45.1072299;7.6910618;Edificio scolastico (es.: scuola di ogni ordine e grado, università, scuola di formazione);Dal 1991 al 2000;Nessuno;Patrimonio indisponibile;Utilizzato direttamente;Attività didattica;;;;1;False
690073;L219;1079;168;3;102.0;FABBRICATO;via reiss romoli guglielmo;49;45.1072299;7.6910618;Abitazione;Dal 1971 al 1980;Nessuno;Patrimonio indisponibile;Utilizzato direttamente;Alloggio di servizio, foresterie;;;;1;False
690074;L219;1180;1;1;55.0;FABBRICATO;via savigliano;7;45.0826547;7.6709471;Abitazione;Prima del 1919;Nessuno;Patrimonio indisponibile;Utilizzato direttamente;Alloggio di servizio, foresterie;;;;1;False
690075;L219;1180;1;10;26.0;FABBRICATO;via savigliano;7;45.0826547;7.6709471;Abitazione;Prima del 1919;Nessuno;Patrimonio indisponibile;Utilizzato direttamente;Alloggio di servizio, foresterie;;;;1;False
690076;L219;1180;1;11;44.0;FABBRICATO;via savigliano;7;45.0826547;7.6709471;Abitazione;Prima del 1919;Nessuno;Patrimonio indisponibile;Utilizzato direttamente;Alloggio di servizio, foresterie;;;;1;False
690077;L219;1180;1;12;58.0;FABBRICATO;via savigliano;7;45.0826547;7.6709471;Abitazione;Prima del 1919;Nessuno;Patrimonio indisponibile;Utilizzato direttamente;Alloggio di servizio, foresterie;;;;1;False
690078;L219;1180;1;13;18.0;FABBRICATO;via savigliano;7;45.0826547;7.6709471;Abitazione;Prima del 1919;Nessuno;Patrimonio indisponibile;Utilizzato direttamente;Alloggio di servizio, foresterie;;;;1;False
690079;L219;1180;1;14;21.0;FABBRICATO;via savigliano;7;45.0826547;7.6709471;Abitazione;Prima del 1919;Nessuno;Patrimonio indisponibile;Utilizzato direttamente;Alloggio di servizio, foresterie;;;;1;False
690080;L219;1180;1;15;24.0;FABBRICATO;via savigliano;7;45.0826547;7.6709471;Abitazione;Prima del 1919;Nessuno;Patrimonio indisponibile;Utilizzato direttamente;Alloggio di servizio, foresterie;;;;1;False
690081;L219;1180;1;16;25.0;FABBRICATO;via savigliano;7;45.0826547;7.6709471;Abitazione;Prima del 1919;Nessuno;Patrimonio indisponibile;Utilizzato direttamente;Alloggio di servizio, foresterie;;;;1;False
690082;L219;1180;1;17;25.0;FABBRICATO;via savigliano;7;45.0826547;7.6709471;Abitazione;Prima del 1919;Nessuno;Patrimonio indisponibile;Utilizzato direttamente;Alloggio di servizio, foresterie;;;;1;False
690083;L219;1180;1;18;51.0;FABBRICATO;via savigliano;7;45.0826547;7.6709471;Abitazione;Prima del 1919;Nessuno;Patrimonio indisponibile;Utilizzato direttamente;Alloggio di servizio, foresterie;;;;1;False
690084;L219;1180;1;19;27.0;FABBRICATO;via savigliano;7;45.0826547;7.6709471;Abitazione;Prima del 1919;Nessuno;Patrimonio indisponibile;Utilizzato direttamente;Alloggio di servizio, foresterie;;;;1;False
690085;L219;1180;1;2;75.0;FABBRICATO;via savigliano;7;45.0826547;7.6709471;Abitazione;Prima del 1919;Nessuno;Patrimonio indisponibile;Utilizzato direttamente;Alloggio di servizio, foresterie;;;;1;False
690086;L219;1180;1;20;16.0;FABBRICATO;via savigliano;7;45.0826547;7.6709471;Abitazione;Prima del 1919;Nessuno;Patrimonio indisponibile;Utilizzato direttamente;Alloggio di servizio, foresterie;;;;1;False
690087;L219;1180;1;3;96.0;FABBRICATO;via savigliano;7;45.0826547;7.6709471;Abitazione;Prima del 1919;Nessuno;Patrimonio indisponibile;Utilizzato direttamente;Alloggio di servizio, foresterie;;;;1;False
690088;L219;1180;1;4;49.0;FABBRICATO;via savigliano;7;45.0826547;7.6709471;Abitazione;Prima del 1919;Nessuno;Patrimonio indisponibile;Utilizzato direttamente;Alloggio di servizio, foresterie;;;;1;False
690089;L219;1180;1;5;70.0;FABBRICATO;via savigliano;7;45.0826547;7.6709471;Abitazione;Prima del 1919;Nessuno;Patrimonio indisponibile;Utilizzato direttamente;Alloggio di servizio, foresterie;;;;1;False
690090;L219;1180;1;6;45.0;FABBRICATO;via savigliano;7;45.0826547;7.6709471;Abitazione;Prima del 1919;Nessuno;Patrimonio indisponibile;Utilizzato direttamente;Alloggio di servizio, foresterie;;;;1;False
690091;L219;1180;1;7;58.0;FABBRICATO;via savigliano;7;45.0826547;7.6709471;Abitazione;Prima del 1919;Nessuno;Patrimonio indisponibile;Utilizzato direttamente;Alloggio di servizio, foresterie;;;;1;False
690092;L219;1180;1;8;50.0;FABBRICATO;via savigliano;7;45.0826547;7.6709471;Abitazione;Prima del 1919;Nessuno;Patrimonio indisponibile;Utilizzato direttamente;Alloggio di servizio, foresterie;;;;1;False
690093;L219;1180;1;9;45.0;FABBRICATO;via savigliano;7;45.0826547;7.6709471;Abitazione;Prima del 1919;Nessuno;Patrimonio indisponibile;Utilizzato direttamente;Alloggio di servizio, foresterie;;;;1;False
690098;L219;1079;253;10;55.0;FABBRICATO;via reiss romoli guglielmo;51;45.1073937;7.6906976;Mercato coperto;Prima del 1919;Nessuno;Patrimonio indisponibile;Non utilizzato;Non Dichiarato;;;;1;False
690099;L219;1079;253;2;63.0;FABBRICATO;via reiss romoli guglielmo;51;45.1073937;7.6906976;Mercato coperto;Prima del 1919;Nessuno;Patrimonio indisponibile;Non utilizzato;Non Dichiarato;;;;1;False
690100;L219;1079;253;3;74.0;FABBRICATO;via reiss romoli guglielmo;51;45.1073937;7.6906976;Mercato coperto;Prima del 1919;Nessuno;Patrimonio indisponibile;Non utilizzato;Non Dichiarato;;;;1;False
690101;L219;1079;253;4;68.0;FABBRICATO;via reiss romoli guglielmo;51;45.1073937;7.6906976;Mercato coperto;Prima del 1919;Nessuno;Patrimonio indisponibile;Non utilizzato;Non Dichiarato;;;;1;False
690102;L219;1079;253;5;68.0;FABBRICATO;via reiss romoli guglielmo;51;45.1073937;7.6906976;Mercato coperto;Prima del 1919;Nessuno;Patrimonio indisponibile;Non utilizzato;Non Dichiarato;;;;1;False
690103;L219;1079;253;6;35.0;FABBRICATO;via reiss romoli guglielmo;51;45.1073937;7.6906976;Mercato coperto;Prima del 1919;Nessuno;Patrimonio indisponibile;Non utilizzato;Non Dichiarato;;;;1;False
690104;L219;1079;253;7;35.0;FABBRICATO;via reiss romoli guglielmo;51;45.1073937;7.6906976;Mercato coperto;Prima del 1919;Nessuno;Patrimonio indisponibile;Non utilizzato;Non Dichiarato;;;;1;False
690105;L219;1079;253;8;47.0;FABBRICATO;via reiss romoli guglielmo;51;45.1073937;7.6906976;Mercato coperto;Prima del 1919;Nessuno;Patrimonio indisponibile;Non utilizzato;Non Dichiarato;;;;1;False
690106;L219;1079;253;9;23.0;FABBRICATO;via reiss romoli guglielmo;51;45.1073937;7.6906976;Mercato coperto;Prima del 1919;Nessuno;Patrimonio indisponibile;Non utilizzato;Non Dichiarato;;;;1;False
690109;L219;1180;110;1;10306.0;FABBRICATO;via masserano;4;45.080952;7.6733892;Edificio scolastico (es.: scuola di ogni ordine e grado, università, scuola di formazione);Prima del 1919;Dichiarazione di interesse culturale;Demanio;Utilizzato direttamente;Attività didattica;;;;1;False
690110;L219;1180;110;2;32.0;FABBRICATO;Via Maria Ausiliatrice;45;45.080952;7.6733892;Abitazione;Prima del 1919;Dichiarazione di interesse culturale;Demanio;Utilizzato direttamente;Alloggio di servizio, foresterie;;;;1;False
690111;L219;1180;110;3;32.0;FABBRICATO;Via Maria Ausiliatrice;45;45.080952;7.6733892;Abitazione;Prima del 1919;Dichiarazione di interesse culturale;Demanio;Utilizzato direttamente;Alloggio di servizio, foresterie;;;;1;False
690112;L219;1180;110;4;48.0;FABBRICATO;Via Maria Ausiliatrice;45;45.080952;7.6733892;Abitazione;Prima del 1919;Dichiarazione di interesse culturale;Demanio;Utilizzato direttamente;Alloggio di servizio, foresterie;;;;1;False
690119;L219;1180;201;3;72.0;FABBRICATO;Via Giambattista Balbis;19;45.0796645;7.6693656;Abitazione;Dal 1919 al 1945;Nessuno;Patrimonio indisponibile;Utilizzato direttamente;Altro;;;;1;False
690122;L219;1180;202;10;24.0;FABBRICATO;Via Giambattista Balbis;19;45.0795804;7.6692918;Abitazione;Dal 1919 al 1945;Nessuno;Patrimonio indisponibile;Utilizzato direttamente;Altro;;;;1;False
690123;L219;1180;202;14;72.0;FABBRICATO;Via Giambattista Balbis;19;45.0795804;7.6692918;Abitazione;Dal 1919 al 1945;Nessuno;Patrimonio indisponibile;Utilizzato direttamente;Altro;;;;1;False
690124;L219;1180;202;15;46.0;FABBRICATO;Via Giambattista Balbis;19;45.0795804;7.6692918;Abitazione;Dal 1919 al 1945;Nessuno;Patrimonio indisponibile;Utilizzato direttamente;Altro;;;;1;False
690125;L219;1180;202;16;48.0;FABBRICATO;Via Giambattista Balbis;19;45.0795804;7.6692918;Abitazione;Dal 1919 al 1945;Nessuno;Patrimonio indisponibile;Utilizzato direttamente;Altro;;;;1;False
690126;L219;1180;202;2;40.0;FABBRICATO;Via Giambattista Balbis;19;45.0795804;7.6692918;Abitazione;Dal 1919 al 1945;Nessuno;Patrimonio indisponibile;Utilizzato direttamente;Altro;;;;1;False
690127;L219;1180;202;3;40.0;FABBRICATO;Via Giambattista Balbis;19;45.0795804;7.6692918;Abitazione;Dal 1919 al 1945;Nessuno;Patrimonio indisponibile;Utilizzato direttamente;Altro;;;;1;False
690128;L219;1180;202;4;24.0;FABBRICATO;Via Giambattista Balbis;19;45.0795804;7.6692918;Abitazione;Dal 1919 al 1945;Nessuno;Patrimonio indisponibile;Utilizzato direttamente;Altro;;;;1;False
690129;L219;1180;202;5;40.0;FABBRICATO;Via Giambattista Balbis;19;45.0795804;7.6692918;Abitazione;Dal 1919 al 1945;Nessuno;Patrimonio indisponibile;Utilizzato direttamente;Altro;;;;1;False
690130;L219;1180;202;6;40.0;FABBRICATO;Via Giambattista Balbis;19;45.0795804;7.6692918;Abitazione;Dal 1919 al 1945;Nessuno;Patrimonio indisponibile;Utilizzato direttamente;Altro;;;;1;False
690131;L219;1180;202;7;24.0;FABBRICATO;Via Giambattista Balbis;19;45.0795804;7.6692918;Abitazione;Dal 1919 al 1945;Nessuno;Patrimonio indisponibile;Utilizzato direttamente;Altro;;;;1;False
690134;L219;1180;245;5;49.0;FABBRICATO;via s. chiara;56;45.0788284;7.6719367;Parcheggio collettivo;Dal 1946 al 1960;Nessuno;Patrimonio indisponibile;Utilizzato direttamente;Altro;;;;1;False
690135;L219;1180;245;6;37.0;FABBRICATO;via s. chiara;56;45.0788284;7.6719367;Ufficio strutturato ed assimilabili;Dal 1946 al 1960;Nessuno;Patrimonio indisponibile;Utilizzato direttamente;Altro;;;;1;False
690136;L219;1180;246;;91.0;FABBRICATO;via s. chiara;56;45.0785265;7.6717149;Fabbricato per attività produttiva (industriale, artigianale o agricola);Dal 1946 al 1960;Nessuno;Patrimonio indisponibile;;Non Dichiarato;in locazione;7039.0;01/03/2015;1;False
690137;L219;1180;247;20;9.0;FABBRICATO;via s. chiara;56;45.0785509;7.6719761;Cantina, soffitta, rimessa, box, garage, posto auto aperto/scoperto,;Prima del 1919;Nessuno;Patrimonio indisponibile;Utilizzato direttamente;Altro;;;;1;False
690138;L219;1180;247;21;200.2;FABBRICATO;via s. chiara;56;45.0785509;7.6719761;Struttura residenziale collettiva (es.: collegi e convitti, educandati, ricoveri, orfanotrofi, ospizi, conventi, seminari);Prima del 1919;Nessuno;Patrimonio indisponibile;Utilizzato direttamente;Altro;;;;1;False
690139;L219;1180;247;22;80.8;FABBRICATO;via s. chiara;56;45.0785509;7.6719761;Struttura residenziale collettiva (es.: collegi e convitti, educandati, ricoveri, orfanotrofi, ospizi, conventi, seminari);Prima del 1919;Nessuno;Patrimonio indisponibile;Utilizzato direttamente;Altro;;;;1;False
690142;L219;1180;247;25;88.0;FABBRICATO;via s. chiara;56;45.0785509;7.6719761;Fabbricato per attività produttiva (industriale, artigianale o agricola);Prima del 1919;Nessuno;Patrimonio indisponibile;;Non Dichiarato;in locazione;3383.0;01/01/2017;1;False
690145;L219;1180;247;28;69.0;FABBRICATO;via s. chiara;56;45.0785509;7.6719761;Abitazione;Prima del 1919;Nessuno;Patrimonio indisponibile;Utilizzato direttamente;Altro;;;;1;False
690151;L219;1180;247;35;12.0;FABBRICATO;via s. chiara;56;45.0785509;7.6719761;Cantina, soffitta, rimessa, box, garage, posto auto aperto/scoperto,;Prima del 1919;Nessuno;Patrimonio indisponibile;Utilizzato direttamente;Altro;;;;1;False
690154;L219;1180;247;38;10.0;FABBRICATO;via s. chiara;56;45.0785509;7.6719761;Cantina, soffitta, rimessa, box, garage, posto auto aperto/scoperto,;Prima del 1919;Nessuno;Patrimonio indisponibile;Utilizzato direttamente;Altro;;;;1;False
690319;L219;1180;320;45;88.0;FABBRICATO;corso principe eugenio;34;45.0783187;7.6713748;Abitazione;Dal 1946 al 1960;Nessuno;Patrimonio indisponibile;Utilizzato direttamente;Altro;;;;1;False
690320;L219;1180;403;1;5305.25;FABBRICATO;Via del Carmine;23;45.0765962;7.6720666;Edificio scolastico (es.: scuola di ogni ordine e grado, università, scuola di formazione);Prima del 1919;Dichiarazione di interesse culturale;Demanio;Utilizzato direttamente;Attività didattica;;;;1;False
690321;L219;1180;403;2;85.0;FABBRICATO;Via del Carmine;23;45.0765962;7.6720666;Abitazione;Prima del 1919;Dichiarazione di interesse culturale;Demanio;Utilizzato direttamente;Alloggio di servizio, foresterie;;;;1;False
690322;L219;1180;403;3;104.0;FABBRICATO;Via del Carmine;23;45.0765962;7.6720666;Abitazione;Prima del 1919;Dichiarazione di interesse culturale;Demanio;Utilizzato direttamente;Alloggio di servizio, foresterie;;;;1;False
690323;L219;1180;403;4;118.0;FABBRICATO;Via del Carmine;23;45.0765962;7.6720666;Abitazione;Prima del 1919;Dichiarazione di interesse culturale;Demanio;Utilizzato direttamente;Alloggio di servizio, foresterie;;;;1;False
690324;L219;1180;425;46;82.0;FABBRICATO;Via Giacinto Carena;6;45.0789241;7.6681201;Abitazione;Prima del 1919;Nessuno;Patrimonio indisponibile;Utilizzato direttamente;Altro;;;;1;False
690325;L219;1180;425;47;70.0;FABBRICATO;Via Giacinto Carena;6;45.0789241;7.6681201;Abitazione;Prima del 1919;Nessuno;Patrimonio indisponibile;Utilizzato direttamente;Altro;;;;1;False
690326;L219;1180;425;48;56.0;FABBRICATO;Via Giacinto Carena;6;45.0789241;7.6681201;Abitazione;Prima del 1919;Nessuno;Patrimonio indisponibile;Utilizzato direttamente;Altro;;;;1;False
690327;L219;1180;425;49;78.0;FABBRICATO;Via Giacinto Carena;6;45.0789241;7.6681201;Abitazione;Prima del 1919;Nessuno;Patrimonio indisponibile;Utilizzato direttamente;Altro;;;;1;False
690328;L219;1180;425;50;73.0;FABBRICATO;Via Giacinto Carena;6;45.0789241;7.6681201;Abitazione;Prima del 1919;Nessuno;Patrimonio indisponibile;Utilizzato direttamente;Altro;;;;1;False
690329;L219;1180;425;51;59.0;FABBRICATO;Via Giacinto Carena;6;45.0789241;7.6681201;Abitazione;Prima del 1919;Nessuno;Patrimonio indisponibile;Utilizzato direttamente;Altro;;;;1;False
690330;L219;1180;425;52;85.0;FABBRICATO;Via Giacinto Carena;6;45.0789241;7.6681201;Abitazione;Prima del 1919;Nessuno;Patrimonio indisponibile;Utilizzato direttamente;Altro;;;;1;False
690331;L219;1180;425;53;70.0;FABBRICATO;Via Giacinto Carena;6;45.0789241;7.6681201;Abitazione;Prima del 1919;Nessuno;Patrimonio indisponibile;Utilizzato direttamente;Altro;;;;1;False
690332;L219;1180;425;54;57.0;FABBRICATO;Via Giacinto Carena;6;45.0789241;7.6681201;Abitazione;Prima del 1919;Nessuno;Patrimonio indisponibile;Utilizzato direttamente;Altro;;;;1;False
690333;L219;1180;425;55;85.0;FABBRICATO;Via Giacinto Carena;6;45.0789241;7.6681201;Abitazione;Prima del 1919;Nessuno;Patrimonio indisponibile;Utilizzato direttamente;Altro;;;;1;False
690334;L219;1180;425;56;69.0;FABBRICATO;Via Giacinto Carena;6;45.0789241;7.6681201;Abitazione;Prima del 1919;Nessuno;Patrimonio indisponibile;Utilizzato direttamente;Altro;;;;1;False
690335;L219;1180;425;57;56.0;FABBRICATO;Via Giacinto Carena;6;45.0789241;7.6681201;Abitazione;Prima del 1919;Nessuno;Patrimonio indisponibile;Utilizzato direttamente;Altro;;;;1;False
690336;L219;1180;425;58;42.0;FABBRICATO;Via Giacinto Carena;6;45.0789241;7.6681201;Abitazione;Prima del 1919;Nessuno;Patrimonio indisponibile;Utilizzato direttamente;Altro;;;;1;False
690337;L219;1180;425;59;58.0;FABBRICATO;Via Giacinto Carena;6;45.0789241;7.6681201;Abitazione;Prima del 1919;Nessuno;Patrimonio indisponibile;Utilizzato direttamente;Altro;;;;1;False
690338;L219;1180;425;60;62.0;FABBRICATO;Via Giacinto Carena;6;45.0789241;7.6681201;Abitazione;Prima del 1919;Nessuno;Patrimonio indisponibile;Utilizzato direttamente;Altro;;;;1;False
690339;L219;1180;425;61;54.0;FABBRICATO;Via Giacinto Carena;6;45.0789241;7.6681201;Abitazione;Prima del 1919;Nessuno;Patrimonio indisponibile;Utilizzato direttamente;Altro;;;;1;False
690343;L219;1080;180;10;17.0;FABBRICATO;via borgo ticino;7;45.1053697;7.6944626;Cantina, soffitta, rimessa, box, garage, posto auto aperto/scoperto,;Dal 1971 al 1980;Nessuno;Patrimonio indisponibile;Utilizzato direttamente;Altro;;;;1;False
690344;L219;1080;180;11;17.0;FABBRICATO;via borgo ticino;7;45.1053697;7.6944626;Cantina, soffitta, rimessa, box, garage, posto auto aperto/scoperto,;Dal 1971 al 1980;Nessuno;Patrimonio indisponibile;Utilizzato direttamente;Altro;;;;1;False
690345;L219;1080;180;12;17.0;FABBRICATO;via borgo ticino;7;45.1053697;7.6944626;Cantina, soffitta, rimessa, box, garage, posto auto aperto/scoperto,;Dal 1971 al 1980;Nessuno;Patrimonio indisponibile;Utilizzato direttamente;Altro;;;;1;False
690346;L219;1080;180;13;18.0;FABBRICATO;via borgo ticino;7;45.1053697;7.6944626;Cantina, soffitta, rimessa, box, garage, posto auto aperto/scoperto,;Dal 1971 al 1980;Nessuno;Patrimonio indisponibile;Utilizzato direttamente;Altro;;;;1;False
690347;L219;1080;180;14;17.0;FABBRICATO;via borgo ticino;7;45.1053697;7.6944626;Cantina, soffitta, rimessa, box, garage, posto auto aperto/scoperto,;Dal 1971 al 1980;Nessuno;Patrimonio indisponibile;Utilizzato direttamente;Altro;;;;1;False
690348;L219;1080;180;15;18.0;FABBRICATO;via borgo ticino;7;45.1053697;7.6944626;Cantina, soffitta, rimessa, box, garage, posto auto aperto/scoperto,;Dal 1971 al 1980;Nessuno;Patrimonio indisponibile;Utilizzato direttamente;Altro;;;;1;False
690349;L219;1080;180;16;18.0;FABBRICATO;via borgo ticino;7;45.1053697;7.6944626;Cantina, soffitta, rimessa, box, garage, posto auto aperto/scoperto,;Dal 1971 al 1980;Nessuno;Patrimonio indisponibile;Utilizzato direttamente;Altro;;;;1;False
690350;L219;1080;180;17;17.0;FABBRICATO;via borgo ticino;7;45.1053697;7.6944626;Cantina, soffitta, rimessa, box, garage, posto auto aperto/scoperto,;Dal 1971 al 1980;Nessuno;Patrimonio indisponibile;Utilizzato direttamente;Altro;;;;1;False
690351;L219;1080;180;18;17.0;FABBRICATO;via borgo ticino;7;45.1053697;7.6944626;Cantina, soffitta, rimessa, box, garage, posto auto aperto/scoperto,;Dal 1971 al 1980;Nessuno;Patrimonio indisponibile;Utilizzato direttamente;Altro;;;;1;False
690356;L219;1080;180;4;23.0;FABBRICATO;via borgo ticino;7;45.1053697;7.6944626;Cantina, soffitta, rimessa, box, garage, posto auto aperto/scoperto,;Dal 1971 al 1980;Nessuno;Patrimonio indisponibile;Utilizzato direttamente;Altro;;;;1;False
690357;L219;1080;180;5;17.0;FABBRICATO;via borgo ticino;7;45.1053697;7.6944626;Cantina, soffitta, rimessa, box, garage, posto auto aperto/scoperto,;Dal 1971 al 1980;Nessuno;Patrimonio indisponibile;Utilizzato direttamente;Altro;;;;1;False
690358;L219;1080;180;6;17.0;FABBRICATO;via borgo ticino;7;45.1053697;7.6944626;Cantina, soffitta, rimessa, box, garage, posto auto aperto/scoperto,;Dal 1971 al 1980;Nessuno;Patrimonio indisponibile;Utilizzato direttamente;Altro;;;;1;False
690359;L219;1080;180;7;17.0;FABBRICATO;via borgo ticino;7;45.1053697;7.6944626;Cantina, soffitta, rimessa, box, garage, posto auto aperto/scoperto,;Dal 1971 al 1980;Nessuno;Patrimonio indisponibile;Utilizzato direttamente;Altro;;;;1;False
690360;L219;1080;180;8;17.0;FABBRICATO;via borgo ticino;7;45.1053697;7.6944626;Cantina, soffitta, rimessa, box, garage, posto auto aperto/scoperto,;Dal 1971 al 1980;Nessuno;Patrimonio indisponibile;Utilizzato direttamente;Altro;;;;1;False
690361;L219;1080;180;9;17.0;FABBRICATO;via borgo ticino;7;45.1053697;7.6944626;Cantina, soffitta, rimessa, box, garage, posto auto aperto/scoperto,;Dal 1971 al 1980;Nessuno;Patrimonio indisponibile;Utilizzato direttamente;Altro;;;;1;False
690365;L219;1182;358;7;61.0;FABBRICATO;Strada del Fortino;22;45.0841327;7.6807845;Ufficio strutturato ed assimilabili;Dal 2001 al 2010;Nessuno;Patrimonio indisponibile;Utilizzato direttamente;Attività amministrativa/uffici pubblici;;;;1;False
690367;L219;1080;217;16;90.0;FABBRICATO;via veronese paolo;41;45.1048679;7.690042;Abitazione;Dal 2001 al 2010;Nessuno;Patrimonio indisponibile;Utilizzato direttamente;Altro;;;;1;False
690368;L219;1080;217;20;91.0;FABBRICATO;via veronese paolo;41;45.1048679;7.690042;Abitazione;Dal 2001 al 2010;Nessuno;Patrimonio indisponibile;Utilizzato direttamente;Altro;;;;1;False
690369;L219;1080;217;24;91.0;FABBRICATO;via veronese paolo;41;45.1048679;7.690042;Abitazione;Dal 2001 al 2010;Nessuno;Patrimonio indisponibile;Utilizzato direttamente;Altro;;;;1;False
690370;L219;1080;217;36;33.0;FABBRICATO;via veronese paolo;43 A;45.1048679;7.690042;Cantina, soffitta, rimessa, box, garage, posto auto aperto/scoperto,;Dal 2001 al 2010;Nessuno;Patrimonio indisponibile;Utilizzato direttamente;Altro;;;;1;False
690371;L219;1080;217;37;37.0;FABBRICATO;via veronese paolo;43 A;45.1048679;7.690042;Parcheggio collettivo;Dal 2001 al 2010;Nessuno;Patrimonio indisponibile;Utilizzato direttamente;Altro;;;;1;False
690372;L219;1080;217;45;16.0;FABBRICATO;via veronese paolo;43 A;45.1048679;7.690042;Cantina, soffitta, rimessa, box, garage, posto auto aperto/scoperto,;Dal 2001 al 2010;Nessuno;Patrimonio indisponibile;Utilizzato direttamente;Altro;;;;1;False
690373;L219;1080;217;51;33.0;FABBRICATO;via veronese paolo;43 A;45.1048679;7.690042;Cantina, soffitta, rimessa, box, garage, posto auto aperto/scoperto,;Dal 2001 al 2010;Nessuno;Patrimonio indisponibile;Utilizzato direttamente;Altro;;;;1;False
690374;L219;1080;217;8;92.0;FABBRICATO;via veronese paolo;41;45.1048679;7.690042;Abitazione;Dal 2001 al 2010;Nessuno;Patrimonio indisponibile;Utilizzato direttamente;Altro;;;;1;False
690375;L219;1182;39;329;3680.0;FABBRICATO;STRADA DEL FORTINO;SNC;45.0854577;7.6786597;Parcheggio collettivo;Dopo il 2010;Nessuno;Patrimonio indisponibile;Utilizzato direttamente;Attività commerciale e di ristorazione;;;;1;False
690378;L219;1183;194;10;108.0;FABBRICATO;corso vercelli;15;45.0846234;7.6855438;Abitazione;Dal 1981 al 1990;Nessuno;Patrimonio indisponibile;Utilizzato direttamente;Attività amministrativa/uffici pubblici;;;;1;False
690379;L219;1183;194;11;43.0;FABBRICATO;corso vercelli;15;45.0846234;7.6855438;Parcheggio collettivo;Dal 1981 al 1990;Nessuno;Patrimonio indisponibile;Utilizzato direttamente;Attività amministrativa/uffici pubblici;;;;1;False
690380;L219;1183;194;12;287.0;FABBRICATO;corso vercelli;15;45.0846234;7.6855438;Magazzino e locali di deposito;Dal 1981 al 1990;Nessuno;Patrimonio indisponibile;Utilizzato direttamente;Attività amministrativa/uffici pubblici;;;;1;False
690381;L219;1183;194;13;235.0;FABBRICATO;corso vercelli;15;45.0846234;7.6855438;Magazzino e locali di deposito;Dal 1981 al 1990;Nessuno;Patrimonio indisponibile;Utilizzato direttamente;Attività amministrativa/uffici pubblici;;;;1;False
690382;L219;1183;194;14;106.0;FABBRICATO;corso vercelli;15;45.0846234;7.6855438;Parcheggio collettivo;Dal 1981 al 1990;Nessuno;Patrimonio indisponibile;Utilizzato direttamente;Attività amministrativa/uffici pubblici;;;;1;False
690383;L219;1183;194;7;506.0;FABBRICATO;corso vercelli;15;45.0846234;7.6855438;Edificio scolastico (es.: scuola di ogni ordine e grado, università, scuola di formazione);Dal 1981 al 1990;Nessuno;Patrimonio indisponibile;Utilizzato direttamente;Attività amministrativa/uffici pubblici;;;;1;False
690384;L219;1183;194;8;1902.0;FABBRICATO;corso vercelli;15;45.0846234;7.6855438;Ufficio strutturato ed assimilabili;Dal 1981 al 1990;Nessuno;Patrimonio indisponibile;Utilizzato direttamente;Attività amministrativa/uffici pubblici;;;;1;False
690385;L219;1183;194;9;30.0;FABBRICATO;corso vercelli;15;45.0846234;7.6855438;Cantina, soffitta, rimessa, box, garage, posto auto aperto/scoperto,;Dal 1981 al 1990;Nessuno;Patrimonio indisponibile;Utilizzato direttamente;Attività amministrativa/uffici pubblici;;;;1;False
690387;L219;1080;218;21;91.0;FABBRICATO;via veronese paolo;51;45.1054073;7.6893016;Abitazione;Dal 2001 al 2010;Nessuno;Patrimonio indisponibile;Utilizzato direttamente;Altro;;;;1;False
690388;L219;1080;218;52;29.0;FABBRICATO;via veronese paolo;49 A;45.1054073;7.6893016;Cantina, soffitta, rimessa, box, garage, posto auto aperto/scoperto,;Dal 2001 al 2010;Nessuno;Patrimonio indisponibile;Utilizzato direttamente;Altro;;;;1;False
690424;L219;1089;275;10;78.0;FABBRICATO;via vittime di bologna;21;45.1031816;7.7288041;Abitazione;Dal 1991 al 2000;Nessuno;Patrimonio indisponibile;Utilizzato direttamente;Altro;;;;1;False
690425;L219;1089;275;11;78.0;FABBRICATO;via vittime di bologna;21;45.1031816;7.7288041;Abitazione;Dal 1991 al 2000;Nessuno;Patrimonio indisponibile;Utilizzato direttamente;Altro;;;;1;False
690426;L219;1089;275;12;78.0;FABBRICATO;via vittime di bologna;21 B;45.1031816;7.7288041;Abitazione;Dal 1991 al 2000;Nessuno;Patrimonio indisponibile;Utilizzato direttamente;Altro;;;;1;False
690427;L219;1089;275;13;79.0;FABBRICATO;via vittime di bologna;21 B;45.1031816;7.7288041;Abitazione;Dal 1991 al 2000;Nessuno;Patrimonio indisponibile;Utilizzato direttamente;Altro;;;;1;False
690428;L219;1089;275;14;76.0;FABBRICATO;via vittime di bologna;21 B;45.1031816;7.7288041;Abitazione;Dal 1991 al 2000;Nessuno;Patrimonio indisponibile;Utilizzato direttamente;Altro;;;;1;False
690429;L219;1089;275;15;78.0;FABBRICATO;via vittime di bologna;21 B;45.1031816;7.7288041;Abitazione;Dal 1991 al 2000;Nessuno;Patrimonio indisponibile;Utilizzato direttamente;Altro;;;;1;False
690430;L219;1089;275;16;78.0;FABBRICATO;via vittime di bologna;21 B;45.1031816;7.7288041;Abitazione;Dal 1991 al 2000;Nessuno;Patrimonio indisponibile;Utilizzato direttamente;Altro;;;;1;False
690431;L219;1089;275;17;80.0;FABBRICATO;via vittime di bologna;21 B;45.1031816;7.7288041;Abitazione;Dal 1991 al 2000;Nessuno;Patrimonio indisponibile;Utilizzato direttamente;Altro;;;;1;False
690432;L219;1089;275;18;79.0;FABBRICATO;via vittime di bologna;21 B;45.1031816;7.7288041;Abitazione;Dal 1991 al 2000;Nessuno;Patrimonio indisponibile;Utilizzato direttamente;Altro;;;;1;False
690433;L219;1089;275;19;79.0;FABBRICATO;via vittime di bologna;21 B;45.1031816;7.7288041;Abitazione;Dal 1991 al 2000;Nessuno;Patrimonio indisponibile;Utilizzato direttamente;Altro;;;;1;False
690434;L219;1089;275;2;79.0;FABBRICATO;via vittime di bologna;21;45.1031816;7.7288041;Abitazione;Dal 1991 al 2000;Nessuno;Patrimonio indisponibile;Utilizzato direttamente;Altro;;;;1;False
690435;L219;1089;275;20;79.0;FABBRICATO;via vittime di bologna;21 B;45.1031816;7.7288041;Abitazione;Dal 1991 al 2000;Nessuno;Patrimonio indisponibile;Utilizzato direttamente;Altro;;;;1;False
690436;L219;1089;275;21;78.0;FABBRICATO;via vittime di bologna;21 B;45.1031816;7.7288041;Abitazione;Dal 1991 al 2000;Nessuno;Patrimonio indisponibile;Utilizzato direttamente;Altro;;;;1;False
690437;L219;1089;275;22;12.0;FABBRICATO;via vittime di bologna;21;45.1031816;7.7288041;Cantina, soffitta, rimessa, box, garage, posto auto aperto/scoperto,;Dal 1991 al 2000;Nessuno;Patrimonio indisponibile;Utilizzato direttamente;Altro;;;;1;False
690438;L219;1089;275;23;12.0;FABBRICATO;via vittime di bologna;21;45.1031816;7.7288041;Cantina, soffitta, rimessa, box, garage, posto auto aperto/scoperto,;Dal 1991 al 2000;Nessuno;Patrimonio indisponibile;Utilizzato direttamente;Altro;;;;1;False
690439;L219;1089;275;24;12.0;FABBRICATO;via vittime di bologna;21;45.1031816;7.7288041;Cantina, soffitta, rimessa, box, garage, posto auto aperto/scoperto,;Dal 1991 al 2000;Nessuno;Patrimonio indisponibile;Utilizzato direttamente;Altro;;;;1;False
690440;L219;1089;275;25;12.0;FABBRICATO;via vittime di bologna;21;45.1031816;7.7288041;Cantina, soffitta, rimessa, box, garage, posto auto aperto/scoperto,;Dal 1991 al 2000;Nessuno;Patrimonio indisponibile;Utilizzato direttamente;Altro;;;;1;False
690441;L219;1089;275;26;12.0;FABBRICATO;via vittime di bologna;21;45.1031816;7.7288041;Cantina, soffitta, rimessa, box, garage, posto auto aperto/scoperto,;Dal 1991 al 2000;Nessuno;Patrimonio indisponibile;Utilizzato direttamente;Altro;;;;1;False
690442;L219;1089;275;27;12.0;FABBRICATO;via vittime di bologna;21;45.1031816;7.7288041;Cantina, soffitta, rimessa, box, garage, posto auto aperto/scoperto,;Dal 1991 al 2000;Nessuno;Patrimonio indisponibile;Utilizzato direttamente;Altro;;;;1;False
690443;L219;1089;275;28;12.0;FABBRICATO;via vittime di bologna;21;45.1031816;7.7288041;Cantina, soffitta, rimessa, box, garage, posto auto aperto/scoperto,;Dal 1991 al 2000;Nessuno;Patrimonio indisponibile;Utilizzato direttamente;Altro;;;;1;False
690444;L219;1089;275;29;12.0;FABBRICATO;via vittime di bologna;21;45.1031816;7.7288041;Cantina, soffitta, rimessa, box, garage, posto auto aperto/scoperto,;Dal 1991 al 2000;Nessuno;Patrimonio indisponibile;Utilizzato direttamente;Altro;;;;1;False
690445;L219;1089;275;3;76.0;FABBRICATO;via vittime di bologna;21;45.1031816;7.7288041;Abitazione;Dal 1991 al 2000;Nessuno;Patrimonio indisponibile;Utilizzato direttamente;Altro;;;;1;False
690446;L219;1089;275;30;12.0;FABBRICATO;via vittime di bologna;21;45.1031816;7.7288041;Cantina, soffitta, rimessa, box, garage, posto auto aperto/scoperto,;Dal 1991 al 2000;Nessuno;Patrimonio indisponibile;Utilizzato direttamente;Altro;;;;1;False
690447;L219;1089;275;31;12.0;FABBRICATO;via vittime di bologna;21;45.1031816;7.7288041;Cantina, soffitta, rimessa, box, garage, posto auto aperto/scoperto,;Dal 1991 al 2000;Nessuno;Patrimonio indisponibile;Utilizzato direttamente;Altro;;;;1;False
690448;L219;1089;275;32;12.0;FABBRICATO;via vittime di bologna;21;45.1031816;7.7288041;Cantina, soffitta, rimessa, box, garage, posto auto aperto/scoperto,;Dal 1991 al 2000;Nessuno;Patrimonio indisponibile;Utilizzato direttamente;Altro;;;;1;False
690449;L219;1089;275;33;12.0;FABBRICATO;via vittime di bologna;21;45.1031816;7.7288041;Cantina, soffitta, rimessa, box, garage, posto auto aperto/scoperto,;Dal 1991 al 2000;Nessuno;Patrimonio indisponibile;Utilizzato direttamente;Altro;;;;1;False
690450;L219;1089;275;34;12.0;FABBRICATO;via vittime di bologna;21;45.1031816;7.7288041;Cantina, soffitta, rimessa, box, garage, posto auto aperto/scoperto,;Dal 1991 al 2000;Nessuno;Patrimonio indisponibile;Utilizzato direttamente;Altro;;;;1;False
690451;L219;1089;275;35;12.0;FABBRICATO;via vittime di bologna;21;45.1031816;7.7288041;Cantina, soffitta, rimessa, box, garage, posto auto aperto/scoperto,;Dal 1991 al 2000;Nessuno;Patrimonio indisponibile;Utilizzato direttamente;Altro;;;;1;False
690452;L219;1089;275;36;12.0;FABBRICATO;via vittime di bologna;21;45.1031816;7.7288041;Cantina, soffitta, rimessa, box, garage, posto auto aperto/scoperto,;Dal 1991 al 2000;Nessuno;Patrimonio indisponibile;Utilizzato direttamente;Altro;;;;1;False
690453;L219;1089;275;37;12.0;FABBRICATO;via vittime di bologna;21;45.1031816;7.7288041;Cantina, soffitta, rimessa, box, garage, posto auto aperto/scoperto,;Dal 1991 al 2000;Nessuno;Patrimonio indisponibile;Utilizzato direttamente;Altro;;;;1;False
690454;L219;1089;275;38;12.0;FABBRICATO;via vittime di bologna;21;45.1031816;7.7288041;Cantina, soffitta, rimessa, box, garage, posto auto aperto/scoperto,;Dal 1991 al 2000;Nessuno;Patrimonio indisponibile;Utilizzato direttamente;Altro;;;;1;False
690455;L219;1089;275;39;12.0;FABBRICATO;via vittime di bologna;21;45.1031816;7.7288041;Cantina, soffitta, rimessa, box, garage, posto auto aperto/scoperto,;Dal 1991 al 2000;Nessuno;Patrimonio indisponibile;Utilizzato direttamente;Altro;;;;1;False
690456;L219;1089;275;4;79.0;FABBRICATO;via vittime di bologna;21;45.1031816;7.7288041;Abitazione;Dal 1991 al 2000;Nessuno;Patrimonio indisponibile;Utilizzato direttamente;Altro;;;;1;False
690457;L219;1089;275;40;12.0;FABBRICATO;via vittime di bologna;21;45.1031816;7.7288041;Cantina, soffitta, rimessa, box, garage, posto auto aperto/scoperto,;Dal 1991 al 2000;Nessuno;Patrimonio indisponibile;Utilizzato direttamente;Altro;;;;1;False
690458;L219;1089;275;41;12.0;FABBRICATO;via vittime di bologna;21;45.1031816;7.7288041;Cantina, soffitta, rimessa, box, garage, posto auto aperto/scoperto,;Dal 1991 al 2000;Nessuno;Patrimonio indisponibile;Utilizzato direttamente;Altro;;;;1;False
690459;L219;1089;275;5;78.0;FABBRICATO;via vittime di bologna;21;45.1031816;7.7288041;Abitazione;Dal 1991 al 2000;Nessuno;Patrimonio indisponibile;Utilizzato direttamente;Altro;;;;1;False
690460;L219;1089;275;6;79.0;FABBRICATO;via vittime di bologna;21;45.1031816;7.7288041;Abitazione;Dal 1991 al 2000;Nessuno;Patrimonio indisponibile;Utilizzato direttamente;Altro;;;;1;False
690461;L219;1089;275;7;77.0;FABBRICATO;via vittime di bologna;21;45.1031816;7.7288041;Abitazione;Dal 1991 al 2000;Nessuno;Patrimonio indisponibile;Utilizzato direttamente;Altro;;;;1;False
690462;L219;1089;275;8;80.0;FABBRICATO;via vittime di bologna;21;45.1031816;7.7288041;Abitazione;Dal 1991 al 2000;Nessuno;Patrimonio indisponibile;Utilizzato direttamente;Altro;;;;1;False
690463;L219;1089;275;9;77.0;FABBRICATO;via vittime di bologna;21;45.1031816;7.7288041;Abitazione;Dal 1991 al 2000;Nessuno;Patrimonio indisponibile;Utilizzato direttamente;Altro;;;;1;False
690498;L219;1089;276;10;106.0;FABBRICATO;via vittime di bologna;16 B;45.1024998;7.7295668;Abitazione;Dal 1991 al 2000;Nessuno;Patrimonio indisponibile;Utilizzato direttamente;Altro;;;;1;False
690499;L219;1089;276;11;54.0;FABBRICATO;via vittime di bologna;16 B;45.1024998;7.7295668;Abitazione;Dal 1991 al 2000;Nessuno;Patrimonio indisponibile;Utilizzato direttamente;Altro;;;;1;False
690500;L219;1089;276;12;106.0;FABBRICATO;via vittime di bologna;16 B;45.1024998;7.7295668;Abitazione;Dal 1991 al 2000;Nessuno;Patrimonio indisponibile;Utilizzato direttamente;Altro;;;;1;False
690501;L219;1089;276;13;55.0;FABBRICATO;via vittime di bologna;16 B;45.1024998;7.7295668;Abitazione;Dal 1991 al 2000;Nessuno;Patrimonio indisponibile;Utilizzato direttamente;Altro;;;;1;False
690502;L219;1089;276;14;106.0;FABBRICATO;via vittime di bologna;16 B;45.1024998;7.7295668;Abitazione;Dal 1991 al 2000;Nessuno;Patrimonio indisponibile;Utilizzato direttamente;Altro;;;;1;False
690503;L219;1089;276;15;12.0;FABBRICATO;via vittime di bologna;16;45.1024998;7.7295668;Cantina, soffitta, rimessa, box, garage, posto auto aperto/scoperto,;Dal 1991 al 2000;Nessuno;Patrimonio indisponibile;Utilizzato direttamente;Altro;;;;1;False
690504;L219;1089;276;16;12.0;FABBRICATO;via vittime di bologna;16;45.1024998;7.7295668;Cantina, soffitta, rimessa, box, garage, posto auto aperto/scoperto,;Dal 1991 al 2000;Nessuno;Patrimonio indisponibile;Utilizzato direttamente;Altro;;;;1;False
690505;L219;1089;276;17;12.0;FABBRICATO;via vittime di bologna;16;45.1024998;7.7295668;Cantina, soffitta, rimessa, box, garage, posto auto aperto/scoperto,;Dal 1991 al 2000;Nessuno;Patrimonio indisponibile;Utilizzato direttamente;Altro;;;;1;False
690506;L219;1089;276;18;12.0;FABBRICATO;via vittime di bologna;16;45.1024998;7.7295668;Cantina, soffitta, rimessa, box, garage, posto auto aperto/scoperto,;Dal 1991 al 2000;Nessuno;Patrimonio indisponibile;Utilizzato direttamente;Altro;;;;1;False
690507;L219;1089;276;19;12.0;FABBRICATO;via vittime di bologna;16;45.1024998;7.7295668;Cantina, soffitta, rimessa, box, garage, posto auto aperto/scoperto,;Dal 1991 al 2000;Nessuno;Patrimonio indisponibile;Utilizzato direttamente;Altro;;;;1;False
690508;L219;1089;276;2;106.0;FABBRICATO;via vittime di bologna;16 A;45.1024998;7.7295668;Abitazione;Dal 1991 al 2000;Nessuno;Patrimonio indisponibile;Utilizzato direttamente;Altro;;;;1;False
690509;L219;1089;276;20;12.0;FABBRICATO;via vittime di bologna;16;45.1024998;7.7295668;Cantina, soffitta, rimessa, box, garage, posto auto aperto/scoperto,;Dal 1991 al 2000;Nessuno;Patrimonio indisponibile;Utilizzato direttamente;Altro;;;;1;False
690510;L219;1089;276;21;12.0;FABBRICATO;via vittime di bologna;16;45.1024998;7.7295668;Cantina, soffitta, rimessa, box, garage, posto auto aperto/scoperto,;Dal 1991 al 2000;Nessuno;Patrimonio indisponibile;Utilizzato direttamente;Altro;;;;1;False
690511;L219;1089;276;22;12.0;FABBRICATO;via vittime di bologna;16;45.1024998;7.7295668;Cantina, soffitta, rimessa, box, garage, posto auto aperto/scoperto,;Dal 1991 al 2000;Nessuno;Patrimonio indisponibile;Utilizzato direttamente;Altro;;;;1;False
690512;L219;1089;276;23;12.0;FABBRICATO;via vittime di bologna;16;45.1024998;7.7295668;Cantina, soffitta, rimessa, box, garage, posto auto aperto/scoperto,;Dal 1991 al 2000;Nessuno;Patrimonio indisponibile;Utilizzato direttamente;Altro;;;;1;False
690513;L219;1089;276;24;12.0;FABBRICATO;via vittime di bologna;16;45.1024998;7.7295668;Cantina, soffitta, rimessa, box, garage, posto auto aperto/scoperto,;Dal 1991 al 2000;Nessuno;Patrimonio indisponibile;Utilizzato direttamente;Altro;;;;1;False
690514;L219;1089;276;25;12.0;FABBRICATO;via vittime di bologna;16;45.1024998;7.7295668;Cantina, soffitta, rimessa, box, garage, posto auto aperto/scoperto,;Dal 1991 al 2000;Nessuno;Patrimonio indisponibile;Utilizzato direttamente;Altro;;;;1;False
690515;L219;1089;276;26;12.0;FABBRICATO;via vittime di bologna;16;45.1024998;7.7295668;Cantina, soffitta, rimessa, box, garage, posto auto aperto/scoperto,;Dal 1991 al 2000;Nessuno;Patrimonio indisponibile;Utilizzato direttamente;Altro;;;;1;False
690516;L219;1089;276;27;12.0;FABBRICATO;via vittime di bologna;16;45.1024998;7.7295668;Cantina, soffitta, rimessa, box, garage, posto auto aperto/scoperto,;Dal 1991 al 2000;Nessuno;Patrimonio indisponibile;Utilizzato direttamente;Altro;;;;1;False
690517;L219;1089;276;3;59.0;FABBRICATO;via vittime di bologna;16 A;45.1024998;7.7295668;Abitazione;Dal 1991 al 2000;Nessuno;Patrimonio indisponibile;Utilizzato direttamente;Altro;;;;1;False
690518;L219;1089;276;4;106.0;FABBRICATO;via vittime di bologna;16 A;45.1024998;7.7295668;Abitazione;Dal 1991 al 2000;Nessuno;Patrimonio indisponibile;Utilizzato direttamente;Altro;;;;1;False
690519;L219;1089;276;5;58.0;FABBRICATO;via vittime di bologna;16 A;45.1024998;7.7295668;Abitazione;Dal 1991 al 2000;Nessuno;Patrimonio indisponibile;Utilizzato direttamente;Altro;;;;1;False
690520;L219;1089;276;6;105.0;FABBRICATO;via vittime di bologna;16 A;45.1024998;7.7295668;Abitazione;Dal 1991 al 2000;Nessuno;Patrimonio indisponibile;Utilizzato direttamente;Altro;;;;1;False
690521;L219;1089;276;7;59.0;FABBRICATO;via vittime di bologna;16 A;45.1024998;7.7295668;Abitazione;Dal 1991 al 2000;Nessuno;Patrimonio indisponibile;Utilizzato direttamente;Altro;;;;1;False
690522;L219;1089;276;8;94.0;FABBRICATO;via vittime di bologna;16 B;45.1024998;7.7295668;Abitazione;Dal 1991 al 2000;Nessuno;Patrimonio indisponibile;Utilizzato direttamente;Altro;;;;1;False
690523;L219;1089;276;9;55.0;FABBRICATO;via vittime di bologna;16 B;45.1024998;7.7295668;Abitazione;Dal 1991 al 2000;Nessuno;Patrimonio indisponibile;Utilizzato direttamente;Altro;;;;1;False
690525;L219;1345;333;164;97.0;FABBRICATO;via gessi romolo;4;45.0506139;7.6533392;Abitazione;Dal 1946 al 1960;Nessuno;Patrimonio indisponibile;Utilizzato direttamente;Altro;;;;1;False
690526;L219;1345;333;165;49.0;FABBRICATO;via gessi romolo;4;45.0506139;7.6533392;Abitazione;Dal 1946 al 1960;Nessuno;Patrimonio indisponibile;Utilizzato direttamente;Altro;;;;1;False
690527;L219;1345;333;166;49.0;FABBRICATO;via gessi romolo;4;45.0506139;7.6533392;Abitazione;Dal 1946 al 1960;Nessuno;Patrimonio indisponibile;Utilizzato direttamente;Altro;;;;1;False
690528;L219;1345;333;167;49.0;FABBRICATO;via gessi romolo;4;45.0506139;7.6533392;Abitazione;Dal 1946 al 1960;Nessuno;Patrimonio indisponibile;Utilizzato direttamente;Altro;;;;1;False
690529;L219;1345;333;168;49.0;FABBRICATO;via gessi romolo;4;45.0506139;7.6533392;Abitazione;Dal 1946 al 1960;Nessuno;Patrimonio indisponibile;Utilizzato direttamente;Altro;;;;1;False
690530;L219;1345;333;169;49.0;FABBRICATO;via gessi romolo;4;45.0506139;7.6533392;Abitazione;Dal 1946 al 1960;Nessuno;Patrimonio indisponibile;Utilizzato direttamente;Altro;;;;1;False
690531;L219;1345;333;170;49.0;FABBRICATO;via gessi romolo;4;45.0506139;7.6533392;Abitazione;Dal 1946 al 1960;Nessuno;Patrimonio indisponibile;Utilizzato direttamente;Altro;;;;1;False
690532;L219;1345;333;171;49.0;FABBRICATO;via gessi romolo;4;45.0506139;7.6533392;Abitazione;Dal 1946 al 1960;Nessuno;Patrimonio indisponibile;Utilizzato direttamente;Altro;;;;1;False
690533;L219;1345;333;172;49.0;FABBRICATO;via gessi romolo;4;45.0506139;7.6533392;Abitazione;Dal 1946 al 1960;Nessuno;Patrimonio indisponibile;Utilizzato direttamente;Altro;;;;1;False
690534;L219;1345;333;173;49.0;FABBRICATO;via gessi romolo;4;45.0506139;7.6533392;Abitazione;Dal 1946 al 1960;Nessuno;Patrimonio indisponibile;Utilizzato direttamente;Altro;;;;1;False
690535;L219;1345;333;174;49.0;FABBRICATO;via gessi romolo;4;45.0506139;7.6533392;Abitazione;Dal 1946 al 1960;Nessuno;Patrimonio indisponibile;Utilizzato direttamente;Altro;;;;1;False
690536;L219;1345;333;175;49.0;FABBRICATO;via gessi romolo;4;45.0506139;7.6533392;Abitazione;Dal 1946 al 1960;Nessuno;Patrimonio indisponibile;Utilizzato direttamente;Altro;;;;1;False
690537;L219;1345;333;176;49.0;FABBRICATO;via gessi romolo;4;45.0506139;7.6533392;Abitazione;Dal 1946 al 1960;Nessuno;Patrimonio indisponibile;Utilizzato direttamente;Altro;;;;1;False
690538;L219;1345;333;177;49.0;FABBRICATO;via gessi romolo;4;45.0506139;7.6533392;Abitazione;Dal 1946 al 1960;Nessuno;Patrimonio indisponibile;Utilizzato direttamente;Altro;;;;1;False
690539;L219;1345;333;178;49.0;FABBRICATO;via gessi romolo;4;45.0506139;7.6533392;Abitazione;Dal 1946 al 1960;Nessuno;Patrimonio indisponibile;Utilizzato direttamente;Altro;;;;1;False
690540;L219;1345;333;179;49.0;FABBRICATO;via gessi romolo;4;45.0506139;7.6533392;Abitazione;Dal 1946 al 1960;Nessuno;Patrimonio indisponibile;Utilizzato direttamente;Altro;;;;1;False
690541;L219;1345;333;180;49.0;FABBRICATO;via gessi romolo;4;45.0506139;7.6533392;Abitazione;Dal 1946 al 1960;Nessuno;Patrimonio indisponibile;Utilizzato direttamente;Altro;;;;1;False
690542;L219;1345;333;181;49.0;FABBRICATO;via gessi romolo;4;45.0506139;7.6533392;Abitazione;Dal 1946 al 1960;Nessuno;Patrimonio indisponibile;Utilizzato direttamente;Altro;;;;1;False
690543;L219;1345;333;182;49.0;FABBRICATO;via gessi romolo;4;45.0506139;7.6533392;Abitazione;Dal 1946 al 1960;Nessuno;Patrimonio indisponibile;Utilizzato direttamente;Altro;;;;1;False
690544;L219;1345;333;183;49.0;FABBRICATO;via gessi romolo;4;45.0506139;7.6533392;Abitazione;Dal 1946 al 1960;Nessuno;Patrimonio indisponibile;Utilizzato direttamente;Altro;;;;1;False
690545;L219;1345;333;184;49.0;FABBRICATO;via gessi romolo;4;45.0506139;7.6533392;Abitazione;Dal 1946 al 1960;Nessuno;Patrimonio indisponibile;Utilizzato direttamente;Altro;;;;1;False
690546;L219;1345;333;185;49.0;FABBRICATO;via gessi romolo;4;45.0506139;7.6533392;Abitazione;Dal 1946 al 1960;Nessuno;Patrimonio indisponibile;Utilizzato direttamente;Altro;;;;1;False
690547;L219;1345;333;186;49.0;FABBRICATO;via gessi romolo;4;45.0506139;7.6533392;Abitazione;Dal 1946 al 1960;Nessuno;Patrimonio indisponibile;Utilizzato direttamente;Altro;;;;1;False
690548;L219;1345;333;187;49.0;FABBRICATO;via gessi romolo;4;45.0506139;7.6533392;Abitazione;Dal 1946 al 1960;Nessuno;Patrimonio indisponibile;Utilizzato direttamente;Altro;;;;1;False
690549;L219;1345;333;188;49.0;FABBRICATO;via gessi romolo;4;45.0506139;7.6533392;Abitazione;Dal 1946 al 1960;Nessuno;Patrimonio indisponibile;Utilizzato direttamente;Altro;;;;1;False
690550;L219;1345;333;189;49.0;FABBRICATO;via gessi romolo;4;45.0506139;7.6533392;Abitazione;Dal 1946 al 1960;Nessuno;Patrimonio indisponibile;Utilizzato direttamente;Altro;;;;1;False
690551;L219;1345;333;190;49.0;FABBRICATO;via gessi romolo;4;45.0506139;7.6533392;Abitazione;Dal 1946 al 1960;Nessuno;Patrimonio indisponibile;Utilizzato direttamente;Altro;;;;1;False
690552;L219;1345;333;191;49.0;FABBRICATO;via gessi romolo;4;45.0506139;7.6533392;Abitazione;Dal 1946 al 1960;Nessuno;Patrimonio indisponibile;Utilizzato direttamente;Altro;;;;1;False
690553;L219;1345;333;192;49.0;FABBRICATO;via gessi romolo;4;45.0506139;7.6533392;Abitazione;Dal 1946 al 1960;Nessuno;Patrimonio indisponibile;Utilizzato direttamente;Altro;;;;1;False
690554;L219;1345;333;193;165.0;FABBRICATO;via gessi romolo;4;45.0506139;7.6533392;Ufficio strutturato ed assimilabili;Dal 1946 al 1960;Nessuno;Patrimonio indisponibile;Utilizzato direttamente;Altro;;;;1;False
690555;L219;1345;333;194;92.0;FABBRICATO;via gessi romolo;4;45.0506139;7.6533392;Ufficio strutturato ed assimilabili;Dal 1946 al 1960;Nessuno;Patrimonio indisponibile;Utilizzato direttamente;Altro;;;;1;False
690556;L219;1183;41;29;71.0;FABBRICATO;corso vercelli;19;45.0856734;7.6863277;Abitazione;Prima del 1919;Nessuno;Patrimonio indisponibile;Utilizzato direttamente;Altro;;;;1;False
690557;L219;1183;41;30;258.0;FABBRICATO;corso vercelli;19;45.0856734;7.6863277;Abitazione;Prima del 1919;Nessuno;Patrimonio indisponibile;Utilizzato direttamente;Altro;;;;1;False
690558;L219;1183;71;1;598.0;FABBRICATO;Via Antonio Cecchi;11;45.0856123;7.6814519;Fabbricato per attività produttiva (industriale, artigianale o agricola);Dal 1919 al 1945;Nessuno;Patrimonio indisponibile;Utilizzato direttamente;Altro;;;;1;False
690559;L219;1183;71;2;197.0;FABBRICATO;Via Antonio Cecchi;11;45.0856123;7.6814519;Magazzino e locali di deposito;Dal 1919 al 1945;Nessuno;Patrimonio indisponibile;Utilizzato direttamente;Altro;;;;1;False
690560;L219;1183;71;3;330.0;FABBRICATO;Via Antonio Cecchi;11;45.0856123;7.6814519;Fabbricato per attività produttiva (industriale, artigianale o agricola);Dal 1919 al 1945;Nessuno;Patrimonio indisponibile;Utilizzato direttamente;Altro;;;;1;False
690561;L219;1183;71;4;918.0;FABBRICATO;Via Antonio Cecchi;11;45.0856123;7.681452;Magazzino e locali di deposito;Dal 1919 al 1945;Nessuno;Patrimonio indisponibile;Utilizzato direttamente;Altro;;;;1;False
690562;L219;1183;73;1;40.0;FABBRICATO;Via Antonio Cecchi;11;45.0859078;7.6819044;Abitazione;Dal 1919 al 1945;Nessuno;Patrimonio indisponibile;;Non Dichiarato;in concessione a titolo oneroso;7566.0;01/11/2021;1;False
690563;L219;1183;73;2;40.0;FABBRICATO;Via Antonio Cecchi;11;45.0859078;7.6819044;Abitazione;Dal 1919 al 1945;Nessuno;Patrimonio indisponibile;;Non Dichiarato;in concessione a titolo oneroso;7566.0;01/11/2021;1;False
690564;L219;1183;73;3;80.0;FABBRICATO;Via Antonio Cecchi;11;45.0859078;7.6819044;Abitazione;Dal 1919 al 1945;Nessuno;Patrimonio indisponibile;;Non Dichiarato;in concessione a titolo oneroso;7566.0;01/11/2021;1;False
690565;L219;1183;78;10;113.0;FABBRICATO;Via Antonio Cecchi;11;45.0855655;7.6820368;Magazzino e locali di deposito;Dal 1919 al 1945;Nessuno;Patrimonio indisponibile;Utilizzato direttamente;Altro;;;;1;False
690566;L219;1183;78;11;78.0;FABBRICATO;Via Antonio Cecchi;11;45.0855655;7.6820368;Magazzino e locali di deposito;Dal 1919 al 1945;Nessuno;Patrimonio indisponibile;Utilizzato direttamente;Altro;;;;1;False
690567;L219;1183;78;12;71.0;FABBRICATO;Via Antonio Cecchi;11;45.0855655;7.6820368;Abitazione;Dal 1919 al 1945;Nessuno;Patrimonio indisponibile;Utilizzato direttamente;Altro;;;;1;False
690568;L219;1183;78;13;20.0;FABBRICATO;Via Antonio Cecchi;11;45.0855655;7.6820368;Cantina, soffitta, rimessa, box, garage, posto auto aperto/scoperto,;Dal 1919 al 1945;Nessuno;Patrimonio indisponibile;Utilizzato direttamente;Altro;;;;1;False
690569;L219;1183;78;14;144.0;FABBRICATO;Via Antonio Cecchi;11;45.0855655;7.6820368;Abitazione;Dal 1919 al 1945;Nessuno;Patrimonio indisponibile;Utilizzato direttamente;Altro;;;;1;False
690570;L219;1183;78;7;1235.71;FABBRICATO;Via Antonio Cecchi;17;45.0855655;7.6820368;Ufficio strutturato ed assimilabili;Dal 1919 al 1945;Nessuno;Patrimonio indisponibile;Utilizzato direttamente;Altro;;;;1;False
690571;L219;1183;78;8;127.0;FABBRICATO;Via Antonio Cecchi;17;45.0855655;7.6820368;Locale commerciale, negozio;Dal 1919 al 1945;Nessuno;Patrimonio indisponibile;Utilizzato direttamente;Altro;;;;1;False
690572;L219;1183;78;9;44.0;FABBRICATO;Via Antonio Cecchi;11;45.0855655;7.6820368;Abitazione;Dal 1919 al 1945;Nessuno;Patrimonio indisponibile;Utilizzato direttamente;Altro;;;;1;False
690573;L219;1089;306;10;48.0;FABBRICATO;via vittime di bologna;5;45.1018356;7.7289107;Abitazione;Dal 1971 al 1980;Nessuno;Patrimonio indisponibile;Utilizzato direttamente;Altro;;;;1;False
690574;L219;1089;306;100;48.0;FABBRICATO;via vittime di bologna;11;45.1018356;7.7289107;Abitazione;Dal 1971 al 1980;Nessuno;Patrimonio indisponibile;Utilizzato direttamente;Altro;;;;1;False
690575;L219;1089;306;101;48.0;FABBRICATO;via vittime di bologna;11;45.1018356;7.7289107;Abitazione;Dal 1971 al 1980;Nessuno;Patrimonio indisponibile;Utilizzato direttamente;Altro;;;;1;False
690576;L219;1089;306;102;48.0;FABBRICATO;via vittime di bologna;11;45.1018356;7.7289107;Abitazione;Dal 1971 al 1980;Nessuno;Patrimonio indisponibile;Utilizzato direttamente;Altro;;;;1;False
690577;L219;1089;306;103;48.0;FABBRICATO;via vittime di bologna;11;45.1018356;7.7289107;Abitazione;Dal 1971 al 1980;Nessuno;Patrimonio indisponibile;Utilizzato direttamente;Altro;;;;1;False
690578;L219;1089;306;104;48.0;FABBRICATO;via vittime di bologna;11;45.1018356;7.7289107;Abitazione;Dal 1971 al 1980;Nessuno;Patrimonio indisponibile;Utilizzato direttamente;Altro;;;;1;False
690579;L219;1089;306;105;48.0;FABBRICATO;via vittime di bologna;11;45.1018356;7.7289107;Abitazione;Dal 1971 al 1980;Nessuno;Patrimonio indisponibile;Utilizzato direttamente;Altro;;;;1;False
690580;L219;1089;306;106;48.0;FABBRICATO;via vittime di bologna;11;45.1018356;7.7289107;Abitazione;Dal 1971 al 1980;Nessuno;Patrimonio indisponibile;Utilizzato direttamente;Altro;;;;1;False
690581;L219;1089;306;107;48.0;FABBRICATO;via vittime di bologna;11;45.1018356;7.7289107;Abitazione;Dal 1971 al 1980;Nessuno;Patrimonio indisponibile;Utilizzato direttamente;Altro;;;;1;False
690582;L219;1089;306;108;48.0;FABBRICATO;via vittime di bologna;11;45.1018356;7.7289107;Abitazione;Dal 1971 al 1980;Nessuno;Patrimonio indisponibile;Utilizzato direttamente;Altro;;;;1;False
690583;L219;1089;306;109;48.0;FABBRICATO;via vittime di bologna;11;45.1018356;7.7289107;Abitazione;Dal 1971 al 1980;Nessuno;Patrimonio indisponibile;Utilizzato direttamente;Altro;;;;1;False
690584;L219;1089;306;11;48.0;FABBRICATO;via vittime di bologna;5;45.1018356;7.7289107;Abitazione;Dal 1971 al 1980;Nessuno;Patrimonio indisponibile;Utilizzato direttamente;Altro;;;;1;False
690585;L219;1089;306;110;48.0;FABBRICATO;via vittime di bologna;11;45.1018356;7.7289107;Abitazione;Dal 1971 al 1980;Nessuno;Patrimonio indisponibile;Utilizzato direttamente;Altro;;;;1;False
690586;L219;1089;306;111;48.0;FABBRICATO;via vittime di bologna;11;45.1018356;7.7289107;Abitazione;Dal 1971 al 1980;Nessuno;Patrimonio indisponibile;Utilizzato direttamente;Altro;;;;1;False
690587;L219;1089;306;112;48.0;FABBRICATO;via vittime di bologna;11;45.1018356;7.7289107;Abitazione;Dal 1971 al 1980;Nessuno;Patrimonio indisponibile;Utilizzato direttamente;Altro;;;;1;False
690588;L219;1089;306;113;48.0;FABBRICATO;via vittime di bologna;11;45.1018356;7.7289107;Abitazione;Dal 1971 al 1980;Nessuno;Patrimonio indisponibile;Utilizzato direttamente;Altro;;;;1;False
690589;L219;1089;306;116;23.0;FABBRICATO;Via Vittime di Bologna;13;45.1018356;7.7289107;Cantina, soffitta, rimessa, box, garage, posto auto aperto/scoperto,;Dal 1971 al 1980;Nessuno;Patrimonio indisponibile;Utilizzato direttamente;Altro;;;;1;False
690590;L219;1089;306;117;48.0;FABBRICATO;Via Vittime di Bologna;13;45.1018356;7.7289107;Abitazione;Dal 1971 al 1980;Nessuno;Patrimonio indisponibile;Utilizzato direttamente;Altro;;;;1;False
690591;L219;1089;306;118;48.0;FABBRICATO;Via Vittime di Bologna;13;45.1018356;7.7289107;Abitazione;Dal 1971 al 1980;Nessuno;Patrimonio indisponibile;Utilizzato direttamente;Altro;;;;1;False
690592;L219;1089;306;119;48.0;FABBRICATO;Via Vittime di Bologna;13;45.1018356;7.7289107;Abitazione;Dal 1971 al 1980;Nessuno;Patrimonio indisponibile;Utilizzato direttamente;Altro;;;;1;False
690593;L219;1089;306;12;48.0;FABBRICATO;via vittime di bologna;5;45.1018356;7.7289107;Abitazione;Dal 1971 al 1980;Nessuno;Patrimonio indisponibile;Utilizzato direttamente;Altro;;;;1;False
690594;L219;1089;306;120;48.0;FABBRICATO;Via Vittime di Bologna;13;45.1018356;7.7289107;Abitazione;Dal 1971 al 1980;Nessuno;Patrimonio indisponibile;Utilizzato direttamente;Altro;;;;1;False
690595;L219;1089;306;121;48.0;FABBRICATO;Via Vittime di Bologna;13;45.1018356;7.7289107;Abitazione;Dal 1971 al 1980;Nessuno;Patrimonio indisponibile;Utilizzato direttamente;Altro;;;;1;False
690596;L219;1089;306;122;48.0;FABBRICATO;Via Vittime di Bologna;13;45.1018356;7.7289107;Abitazione;Dal 1971 al 1980;Nessuno;Patrimonio indisponibile;Utilizzato direttamente;Altro;;;;1;False
690597;L219;1089;306;123;48.0;FABBRICATO;Via Vittime di Bologna;13;45.1018356;7.7289107;Abitazione;Dal 1971 al 1980;Nessuno;Patrimonio indisponibile;Utilizzato direttamente;Altro;;;;1;False
690598;L219;1089;306;124;48.0;FABBRICATO;Via Vittime di Bologna;13;45.1018356;7.7289107;Abitazione;Dal 1971 al 1980;Nessuno;Patrimonio indisponibile;Utilizzato direttamente;Altro;;;;1;False
690599;L219;1089;306;125;48.0;FABBRICATO;Via Vittime di Bologna;13;45.1018356;7.7289107;Abitazione;Dal 1971 al 1980;Nessuno;Patrimonio indisponibile;Utilizzato direttamente;Altro;;;;1;False
690600;L219;1089;306;126;48.0;FABBRICATO;Via Vittime di Bologna;13;45.1018356;7.7289107;Abitazione;Dal 1971 al 1980;Nessuno;Patrimonio indisponibile;Utilizzato direttamente;Altro;;;;1;False
690601;L219;1089;306;127;48.0;FABBRICATO;Via Vittime di Bologna;13;45.1018356;7.7289107;Abitazione;Dal 1971 al 1980;Nessuno;Patrimonio indisponibile;Utilizzato direttamente;Altro;;;;1;False
690602;L219;1089;306;128;48.0;FABBRICATO;Via Vittime di Bologna;13;45.1018356;7.7289107;Abitazione;Dal 1971 al 1980;Nessuno;Patrimonio indisponibile;Utilizzato direttamente;Altro;;;;1;False
690603;L219;1089;306;129;48.0;FABBRICATO;Via Vittime di Bologna;13;45.1018356;7.7289107;Abitazione;Dal 1971 al 1980;Nessuno;Patrimonio indisponibile;Utilizzato direttamente;Altro;;;;1;False
690604;L219;1089;306;13;48.0;FABBRICATO;via vittime di bologna;5;45.1018356;7.7289107;Abitazione;Dal 1971 al 1980;Nessuno;Patrimonio indisponibile;Utilizzato direttamente;Altro;;;;1;False
690605;L219;1089;306;130;48.0;FABBRICATO;Via Vittime di Bologna;13;45.1018356;7.7289107;Abitazione;Dal 1971 al 1980;Nessuno;Patrimonio indisponibile;Utilizzato direttamente;Altro;;;;1;False
690606;L219;1089;306;131;48.0;FABBRICATO;Via Vittime di Bologna;13;45.1018356;7.7289107;Abitazione;Dal 1971 al 1980;Nessuno;Patrimonio indisponibile;Utilizzato direttamente;Altro;;;;1;False
690607;L219;1089;306;134;48.0;FABBRICATO;Via Vittime di Bologna;13;45.1018356;7.7289107;Abitazione;Dal 1971 al 1980;Nessuno;Patrimonio indisponibile;Utilizzato direttamente;Altro;;;;1;False
690608;L219;1089;306;135;48.0;FABBRICATO;Via Vittime di Bologna;13;45.1018356;7.7289107;Abitazione;Dal 1971 al 1980;Nessuno;Patrimonio indisponibile;Utilizzato direttamente;Altro;;;;1;False
690609;L219;1089;306;136;48.0;FABBRICATO;Via Vittime di Bologna;13;45.1018356;7.7289107;Abitazione;Dal 1971 al 1980;Nessuno;Patrimonio indisponibile;Utilizzato direttamente;Altro;;;;1;False
690610;L219;1089;306;137;48.0;FABBRICATO;Via Vittime di Bologna;13;45.1018356;7.7289107;Abitazione;Dal 1971 al 1980;Nessuno;Patrimonio indisponibile;Utilizzato direttamente;Altro;;;;1;False
690611;L219;1089;306;138;48.0;FABBRICATO;Via Vittime di Bologna;13;45.1018356;7.7289107;Abitazione;Dal 1971 al 1980;Nessuno;Patrimonio indisponibile;Utilizzato direttamente;Altro;;;;1;False
690612;L219;1089;306;139;48.0;FABBRICATO;Via Vittime di Bologna;13;45.1018356;7.7289107;Abitazione;Dal 1971 al 1980;Nessuno;Patrimonio indisponibile;Utilizzato direttamente;Altro;;;;1;False
690613;L219;1089;306;14;48.0;FABBRICATO;via vittime di bologna;5;45.1018356;7.7289107;Abitazione;Dal 1971 al 1980;Nessuno;Patrimonio indisponibile;Utilizzato direttamente;Altro;;;;1;False
690614;L219;1089;306;140;48.0;FABBRICATO;Via Vittime di Bologna;13;45.1018356;7.7289107;Abitazione;Dal 1971 al 1980;Nessuno;Patrimonio indisponibile;Utilizzato direttamente;Altro;;;;1;False
690615;L219;1089;306;141;53.0;FABBRICATO;Via Vittime di Bologna;13;45.1018356;7.7289107;Abitazione;Dal 1971 al 1980;Nessuno;Patrimonio indisponibile;Utilizzato direttamente;Altro;;;;1;False
690616;L219;1089;306;143;10.0;FABBRICATO;Via Vittime di Bologna;15;45.1018356;7.7289107;Cantina, soffitta, rimessa, box, garage, posto auto aperto/scoperto,;Dal 1971 al 1980;Nessuno;Patrimonio indisponibile;Utilizzato direttamente;Altro;;;;1;False
690617;L219;1089;306;144;30.0;FABBRICATO;Via Vittime di Bologna;15;45.1018356;7.7289107;Cantina, soffitta, rimessa, box, garage, posto auto aperto/scoperto,;Dal 1971 al 1980;Nessuno;Patrimonio indisponibile;Utilizzato direttamente;Altro;;;;1;False
690618;L219;1089;306;145;50.0;FABBRICATO;Via Vittime di Bologna;15;45.1018356;7.7289107;Abitazione;Dal 1971 al 1980;Nessuno;Patrimonio indisponibile;Utilizzato direttamente;Altro;;;;1;False
690619;L219;1089;306;146;48.0;FABBRICATO;Via Vittime di Bologna;15;45.1018356;7.7289107;Abitazione;Dal 1971 al 1980;Nessuno;Patrimonio indisponibile;Utilizzato direttamente;Altro;;;;1;False
690620;L219;1089;306;147;48.0;FABBRICATO;Via Vittime di Bologna;15;45.1018356;7.7289107;Abitazione;Dal 1971 al 1980;Nessuno;Patrimonio indisponibile;Utilizzato direttamente;Altro;;;;1;False
690621;L219;1089;306;148;48.0;FABBRICATO;Via Vittime di Bologna;15;45.1018356;7.7289107;Abitazione;Dal 1971 al 1980;Nessuno;Patrimonio indisponibile;Utilizzato direttamente;Altro;;;;1;False
690622;L219;1089;306;149;48.0;FABBRICATO;Via Vittime di Bologna;15;45.1018356;7.7289107;Abitazione;Dal 1971 al 1980;Nessuno;Patrimonio indisponibile;Utilizzato direttamente;Altro;;;;1;False
690623;L219;1089;306;15;48.0;FABBRICATO;via vittime di bologna;5;45.1018356;7.7289107;Abitazione;Dal 1971 al 1980;Nessuno;Patrimonio indisponibile;Utilizzato direttamente;Altro;;;;1;False
690624;L219;1089;306;150;48.0;FABBRICATO;Via Vittime di Bologna;15;45.1018356;7.7289107;Abitazione;Dal 1971 al 1980;Nessuno;Patrimonio indisponibile;Utilizzato direttamente;Altro;;;;1;False
690625;L219;1089;306;151;48.0;FABBRICATO;Via Vittime di Bologna;15;45.1018356;7.7289107;Abitazione;Dal 1971 al 1980;Nessuno;Patrimonio indisponibile;Utilizzato direttamente;Altro;;;;1;False
690626;L219;1089;306;152;48.0;FABBRICATO;Via Vittime di Bologna;15;45.1018356;7.7289107;Abitazione;Dal 1971 al 1980;Nessuno;Patrimonio indisponibile;Utilizzato direttamente;Altro;;;;1;False
690627;L219;1089;306;153;48.0;FABBRICATO;Via Vittime di Bologna;15;45.1018356;7.7289107;Abitazione;Dal 1971 al 1980;Nessuno;Patrimonio indisponibile;Utilizzato direttamente;Altro;;;;1;False
690628;L219;1089;306;154;48.0;FABBRICATO;Via Vittime di Bologna;15;45.1018356;7.7289107;Abitazione;Dal 1971 al 1980;Nessuno;Patrimonio indisponibile;Utilizzato direttamente;Altro;;;;1;False
690629;L219;1089;306;155;48.0;FABBRICATO;Via Vittime di Bologna;15;45.1018356;7.7289107;Abitazione;Dal 1971 al 1980;Nessuno;Patrimonio indisponibile;Utilizzato direttamente;Altro;;;;1;False
690630;L219;1089;306;156;48.0;FABBRICATO;Via Vittime di Bologna;15;45.1018356;7.7289107;Abitazione;Dal 1971 al 1980;Nessuno;Patrimonio indisponibile;Utilizzato direttamente;Altro;;;;1;False
690631;L219;1089;306;157;48.0;FABBRICATO;Via Vittime di Bologna;15;45.1018356;7.7289107;Abitazione;Dal 1971 al 1980;Nessuno;Patrimonio indisponibile;Utilizzato direttamente;Altro;;;;1;False
690632;L219;1089;306;158;48.0;FABBRICATO;Via Vittime di Bologna;15;45.1018356;7.7289107;Abitazione;Dal 1971 al 1980;Nessuno;Patrimonio indisponibile;Utilizzato direttamente;Altro;;;;1;False
690633;L219;1089;306;159;48.0;FABBRICATO;Via Vittime di Bologna;15;45.1018356;7.7289107;Abitazione;Dal 1971 al 1980;Nessuno;Patrimonio indisponibile;Utilizzato direttamente;Altro;;;;1;False
690634;L219;1089;306;16;48.0;FABBRICATO;via vittime di bologna;5;45.1018356;7.7289107;Abitazione;Dal 1971 al 1980;Nessuno;Patrimonio indisponibile;Utilizzato direttamente;Altro;;;;1;False
690635;L219;1089;306;160;48.0;FABBRICATO;Via Vittime di Bologna;15;45.1018356;7.7289107;Abitazione;Dal 1971 al 1980;Nessuno;Patrimonio indisponibile;Utilizzato direttamente;Altro;;;;1;False
690636;L219;1089;306;161;48.0;FABBRICATO;Via Vittime di Bologna;15;45.1018356;7.7289107;Abitazione;Dal 1971 al 1980;Nessuno;Patrimonio indisponibile;Utilizzato direttamente;Altro;;;;1;False
690637;L219;1089;306;162;48.0;FABBRICATO;Via Vittime di Bologna;15;45.1018356;7.7289107;Abitazione;Dal 1971 al 1980;Nessuno;Patrimonio indisponibile;Utilizzato direttamente;Altro;;;;1;False
690638;L219;1089;306;163;48.0;FABBRICATO;Via Vittime di Bologna;15;45.1018356;7.7289107;Abitazione;Dal 1971 al 1980;Nessuno;Patrimonio indisponibile;Utilizzato direttamente;Altro;;;;1;False
690639;L219;1089;306;164;48.0;FABBRICATO;Via Vittime di Bologna;15;45.1018356;7.7289107;Abitazione;Dal 1971 al 1980;Nessuno;Patrimonio indisponibile;Utilizzato direttamente;Altro;;;;1;False
690640;L219;1089;306;165;48.0;FABBRICATO;Via Vittime di Bologna;15;45.1018356;7.7289107;Abitazione;Dal 1971 al 1980;Nessuno;Patrimonio indisponibile;Utilizzato direttamente;Altro;;;;1;False
690641;L219;1089;306;166;48.0;FABBRICATO;Via Vittime di Bologna;15;45.1018356;7.7289107;Abitazione;Dal 1971 al 1980;Nessuno;Patrimonio indisponibile;Utilizzato direttamente;Altro;;;;1;False
690642;L219;1089;306;167;48.0;FABBRICATO;Via Vittime di Bologna;15;45.1018356;7.7289107;Abitazione;Dal 1971 al 1980;Nessuno;Patrimonio indisponibile;Utilizzato direttamente;Altro;;;;1;False
690643;L219;1089;306;168;48.0;FABBRICATO;Via Vittime di Bologna;15;45.1018356;7.7289107;Abitazione;Dal 1971 al 1980;Nessuno;Patrimonio indisponibile;Utilizzato direttamente;Altro;;;;1;False
690644;L219;1089;306;169;48.0;FABBRICATO;Via Vittime di Bologna;15;45.1018356;7.7289107;Abitazione;Dal 1971 al 1980;Nessuno;Patrimonio indisponibile;Utilizzato direttamente;Altro;;;;1;False
690645;L219;1089;306;17;48.0;FABBRICATO;via vittime di bologna;5;45.1018356;7.7289107;Abitazione;Dal 1971 al 1980;Nessuno;Patrimonio indisponibile;Utilizzato direttamente;Altro;;;;1;False
690646;L219;1089;306;18;48.0;FABBRICATO;via vittime di bologna;5;45.1018356;7.7289107;Abitazione;Dal 1971 al 1980;Nessuno;Patrimonio indisponibile;Utilizzato direttamente;Altro;;;;1;False
690647;L219;1089;306;19;48.0;FABBRICATO;via vittime di bologna;5;45.1018356;7.7289107;Abitazione;Dal 1971 al 1980;Nessuno;Patrimonio indisponibile;Utilizzato direttamente;Altro;;;;1;False
690648;L219;1089;306;20;48.0;FABBRICATO;via vittime di bologna;5;45.1018356;7.7289107;Abitazione;Dal 1971 al 1980;Nessuno;Patrimonio indisponibile;Utilizzato direttamente;Altro;;;;1;False
690649;L219;1089;306;21;48.0;FABBRICATO;via vittime di bologna;5;45.1018356;7.7289107;Abitazione;Dal 1971 al 1980;Nessuno;Patrimonio indisponibile;Utilizzato direttamente;Altro;;;;1;False
690650;L219;1089;306;22;48.0;FABBRICATO;via vittime di bologna;5;45.1018356;7.7289107;Abitazione;Dal 1971 al 1980;Nessuno;Patrimonio indisponibile;Utilizzato direttamente;Altro;;;;1;False
690651;L219;1089;306;23;48.0;FABBRICATO;via vittime di bologna;5;45.1018356;7.7289107;Abitazione;Dal 1971 al 1980;Nessuno;Patrimonio indisponibile;Utilizzato direttamente;Altro;;;;1;False
690652;L219;1089;306;25;48.0;FABBRICATO;via vittime di bologna;5;45.1018356;7.7289107;Abitazione;Dal 1971 al 1980;Nessuno;Patrimonio indisponibile;Utilizzato direttamente;Altro;;;;1;False
690653;L219;1089;306;26;48.0;FABBRICATO;via vittime di bologna;5;45.1018356;7.7289107;Abitazione;Dal 1971 al 1980;Nessuno;Patrimonio indisponibile;Utilizzato direttamente;Altro;;;;1;False
690654;L219;1089;306;27;48.0;FABBRICATO;via vittime di bologna;5;45.1018356;7.7289107;Abitazione;Dal 1971 al 1980;Nessuno;Patrimonio indisponibile;Utilizzato direttamente;Altro;;;;1;False
690655;L219;1089;306;28;48.0;FABBRICATO;via vittime di bologna;5;45.1018356;7.7289107;Abitazione;Dal 1971 al 1980;Nessuno;Patrimonio indisponibile;Utilizzato direttamente;Altro;;;;1;False
690656;L219;1089;306;29;53.0;FABBRICATO;via vittime di bologna;5;45.1018356;7.7289107;Abitazione;Dal 1971 al 1980;Nessuno;Patrimonio indisponibile;Utilizzato direttamente;Altro;;;;1;False
690657;L219;1089;306;31;10.0;FABBRICATO;via vittime di bologna;7;45.1018356;7.7289107;Cantina, soffitta, rimessa, box, garage, posto auto aperto/scoperto,;Dal 1971 al 1980;Nessuno;Patrimonio indisponibile;Utilizzato direttamente;Altro;;;;1;False
690658;L219;1089;306;32;30.0;FABBRICATO;via vittime di bologna;7;45.1018356;7.7289107;Cantina, soffitta, rimessa, box, garage, posto auto aperto/scoperto,;Dal 1971 al 1980;Nessuno;Patrimonio indisponibile;Utilizzato direttamente;Altro;;;;1;False
690659;L219;1089;306;33;48.0;FABBRICATO;via vittime di bologna;7;45.1018356;7.7289107;Abitazione;Dal 1971 al 1980;Nessuno;Patrimonio indisponibile;Utilizzato direttamente;Altro;;;;1;False
690660;L219;1089;306;34;48.0;FABBRICATO;via vittime di bologna;7;45.1018356;7.7289107;Abitazione;Dal 1971 al 1980;Nessuno;Patrimonio indisponibile;Utilizzato direttamente;Altro;;;;1;False
690661;L219;1089;306;35;48.0;FABBRICATO;via vittime di bologna;7;45.1018356;7.7289107;Abitazione;Dal 1971 al 1980;Nessuno;Patrimonio indisponibile;Utilizzato direttamente;Altro;;;;1;False
690662;L219;1089;306;36;48.0;FABBRICATO;via vittime di bologna;7;45.1018356;7.7289107;Abitazione;Dal 1971 al 1980;Nessuno;Patrimonio indisponibile;Utilizzato direttamente;Altro;;;;1;False
690663;L219;1089;306;37;48.0;FABBRICATO;via vittime di bologna;7;45.1018356;7.7289107;Abitazione;Dal 1971 al 1980;Nessuno;Patrimonio indisponibile;Utilizzato direttamente;Altro;;;;1;False
690664;L219;1089;306;38;48.0;FABBRICATO;via vittime di bologna;7;45.1018356;7.7289107;Abitazione;Dal 1971 al 1980;Nessuno;Patrimonio indisponibile;Utilizzato direttamente;Altro;;;;1;False
690665;L219;1089;306;39;48.0;FABBRICATO;via vittime di bologna;7;45.1018356;7.7289107;Abitazione;Dal 1971 al 1980;Nessuno;Patrimonio indisponibile;Utilizzato direttamente;Altro;;;;1;False
690666;L219;1089;306;4;23.0;FABBRICATO;via vittime di bologna;5;45.1018356;7.7289107;Cantina, soffitta, rimessa, box, garage, posto auto aperto/scoperto,;Dal 1971 al 1980;Nessuno;Patrimonio indisponibile;Utilizzato direttamente;Altro;;;;1;False
690667;L219;1089;306;40;48.0;FABBRICATO;via vittime di bologna;7;45.1018356;7.7289107;Abitazione;Dal 1971 al 1980;Nessuno;Patrimonio indisponibile;Utilizzato direttamente;Altro;;;;1;False
690668;L219;1089;306;41;48.0;FABBRICATO;via vittime di bologna;7;45.1018356;7.7289107;Abitazione;Dal 1971 al 1980;Nessuno;Patrimonio indisponibile;Utilizzato direttamente;Altro;;;;1;False
690669;L219;1089;306;43;48.0;FABBRICATO;via vittime di bologna;7;45.1018356;7.7289107;Abitazione;Dal 1971 al 1980;Nessuno;Patrimonio indisponibile;Utilizzato direttamente;Altro;;;;1;False
690670;L219;1089;306;44;48.0;FABBRICATO;via vittime di bologna;7;45.1018356;7.7289107;Abitazione;Dal 1971 al 1980;Nessuno;Patrimonio indisponibile;Utilizzato direttamente;Altro;;;;1;False
690671;L219;1089;306;45;48.0;FABBRICATO;via vittime di bologna;7;45.1018356;7.7289107;Abitazione;Dal 1971 al 1980;Nessuno;Patrimonio indisponibile;Utilizzato direttamente;Altro;;;;1;False
690672;L219;1089;306;46;48.0;FABBRICATO;via vittime di bologna;7;45.1018356;7.7289107;Abitazione;Dal 1971 al 1980;Nessuno;Patrimonio indisponibile;Utilizzato direttamente;Altro;;;;1;False
690673;L219;1089;306;47;48.0;FABBRICATO;via vittime di bologna;7;45.1018356;7.7289107;Abitazione;Dal 1971 al 1980;Nessuno;Patrimonio indisponibile;Utilizzato direttamente;Altro;;;;1;False
690674;L219;1089;306;48;48.0;FABBRICATO;via vittime di bologna;7;45.1018356;7.7289107;Abitazione;Dal 1971 al 1980;Nessuno;Patrimonio indisponibile;Utilizzato direttamente;Altro;;;;1;False
690675;L219;1089;306;49;48.0;FABBRICATO;via vittime di bologna;7;45.1018356;7.7289107;Abitazione;Dal 1971 al 1980;Nessuno;Patrimonio indisponibile;Utilizzato direttamente;Altro;;;;1;False
690676;L219;1089;306;5;48.0;FABBRICATO;via vittime di bologna;5;45.1018356;7.7289107;Abitazione;Dal 1971 al 1980;Nessuno;Patrimonio indisponibile;Utilizzato direttamente;Altro;;;;1;False
690677;L219;1089;306;50;48.0;FABBRICATO;via vittime di bologna;7;45.1018356;7.7289107;Abitazione;Dal 1971 al 1980;Nessuno;Patrimonio indisponibile;Utilizzato direttamente;Altro;;;;1;False
690678;L219;1089;306;51;48.0;FABBRICATO;via vittime di bologna;7;45.1018356;7.7289107;Abitazione;Dal 1971 al 1980;Nessuno;Patrimonio indisponibile;Utilizzato direttamente;Altro;;;;1;False
690679;L219;1089;306;52;48.0;FABBRICATO;via vittime di bologna;7;45.1018356;7.7289107;Abitazione;Dal 1971 al 1980;Nessuno;Patrimonio indisponibile;Utilizzato direttamente;Altro;;;;1;False
690680;L219;1089;306;53;48.0;FABBRICATO;via vittime di bologna;7;45.1018356;7.7289107;Abitazione;Dal 1971 al 1980;Nessuno;Patrimonio indisponibile;Utilizzato direttamente;Altro;;;;1;False
690681;L219;1089;306;54;48.0;FABBRICATO;via vittime di bologna;7;45.1018356;7.7289107;Abitazione;Dal 1971 al 1980;Nessuno;Patrimonio indisponibile;Utilizzato direttamente;Altro;;;;1;False
690682;L219;1089;306;55;48.0;FABBRICATO;via vittime di bologna;7;45.1018356;7.7289107;Abitazione;Dal 1971 al 1980;Nessuno;Patrimonio indisponibile;Utilizzato direttamente;Altro;;;;1;False
690683;L219;1089;306;56;48.0;FABBRICATO;via vittime di bologna;7;45.1018356;7.7289107;Abitazione;Dal 1971 al 1980;Nessuno;Patrimonio indisponibile;Utilizzato direttamente;Altro;;;;1;False
690684;L219;1089;306;57;48.0;FABBRICATO;via vittime di bologna;7;45.1018356;7.7289107;Abitazione;Dal 1971 al 1980;Nessuno;Patrimonio indisponibile;Utilizzato direttamente;Altro;;;;1;False
690685;L219;1089;306;60;23.0;FABBRICATO;Via Vittime di Bologna;13;45.1018356;7.7289107;Cantina, soffitta, rimessa, box, garage, posto auto aperto/scoperto,;Dal 1971 al 1980;Nessuno;Patrimonio indisponibile;Utilizzato direttamente;Altro;;;;1;False
690686;L219;1089;306;61;48.0;FABBRICATO;Via Vittime di Bologna;13;45.1018356;7.7289107;Abitazione;Dal 1971 al 1980;Nessuno;Patrimonio indisponibile;Utilizzato direttamente;Altro;;;;1;False
690687;L219;1089;306;62;48.0;FABBRICATO;via vittime di bologna;9;45.1018356;7.7289107;Abitazione;Dal 1971 al 1980;Nessuno;Patrimonio indisponibile;Utilizzato direttamente;Altro;;;;1;False
690688;L219;1089;306;63;48.0;FABBRICATO;via vittime di bologna;9;45.1018356;7.7289107;Abitazione;Dal 1971 al 1980;Nessuno;Patrimonio indisponibile;Utilizzato direttamente;Altro;;;;1;False
690689;L219;1089;306;64;48.0;FABBRICATO;via vittime di bologna;9;45.1018356;7.7289107;Abitazione;Dal 1971 al 1980;Nessuno;Patrimonio indisponibile;Utilizzato direttamente;Altro;;;;1;False
690690;L219;1089;306;65;48.0;FABBRICATO;via vittime di bologna;9;45.1018356;7.7289107;Abitazione;Dal 1971 al 1980;Nessuno;Patrimonio indisponibile;Utilizzato direttamente;Altro;;;;1;False
690691;L219;1089;306;66;48.0;FABBRICATO;via vittime di bologna;9;45.1018356;7.7289107;Abitazione;Dal 1971 al 1980;Nessuno;Patrimonio indisponibile;Utilizzato direttamente;Altro;;;;1;False
690692;L219;1089;306;67;48.0;FABBRICATO;via vittime di bologna;9;45.1018356;7.7289107;Abitazione;Dal 1971 al 1980;Nessuno;Patrimonio indisponibile;Utilizzato direttamente;Altro;;;;1;False
690693;L219;1089;306;68;48.0;FABBRICATO;via vittime di bologna;9;45.1018356;7.7289107;Abitazione;Dal 1971 al 1980;Nessuno;Patrimonio indisponibile;Utilizzato direttamente;Altro;;;;1;False
690694;L219;1089;306;69;48.0;FABBRICATO;via vittime di bologna;9;45.1018356;7.7289107;Abitazione;Dal 1971 al 1980;Nessuno;Patrimonio indisponibile;Utilizzato direttamente;Altro;;;;1;False
690695;L219;1089;306;7;48.0;FABBRICATO;via vittime di bologna;5;45.1018356;7.7289107;Abitazione;Dal 1971 al 1980;Nessuno;Patrimonio indisponibile;Utilizzato direttamente;Altro;;;;1;False
690696;L219;1089;306;70;48.0;FABBRICATO;via vittime di bologna;9;45.1018356;7.7289107;Abitazione;Dal 1971 al 1980;Nessuno;Patrimonio indisponibile;Utilizzato direttamente;Altro;;;;1;False
690697;L219;1089;306;71;48.0;FABBRICATO;via vittime di bologna;9;45.1018356;7.7289107;Abitazione;Dal 1971 al 1980;Nessuno;Patrimonio indisponibile;Utilizzato direttamente;Altro;;;;1;False
690698;L219;1089;306;72;48.0;FABBRICATO;via vittime di bologna;9;45.1018356;7.7289107;Abitazione;Dal 1971 al 1980;Nessuno;Patrimonio indisponibile;Utilizzato direttamente;Altro;;;;1;False
690699;L219;1089;306;73;48.0;FABBRICATO;via vittime di bologna;9;45.1018356;7.7289107;Abitazione;Dal 1971 al 1980;Nessuno;Patrimonio indisponibile;Utilizzato direttamente;Altro;;;;1;False
690700;L219;1089;306;74;48.0;FABBRICATO;via vittime di bologna;9;45.1018356;7.7289107;Abitazione;Dal 1971 al 1980;Nessuno;Patrimonio indisponibile;Utilizzato direttamente;Altro;;;;1;False
690701;L219;1089;306;75;48.0;FABBRICATO;via vittime di bologna;9;45.1018356;7.7289107;Abitazione;Dal 1971 al 1980;Nessuno;Patrimonio indisponibile;Utilizzato direttamente;Altro;;;;1;False
690702;L219;1089;306;76;48.0;FABBRICATO;via vittime di bologna;9;45.1018356;7.7289107;Abitazione;Dal 1971 al 1980;Nessuno;Patrimonio indisponibile;Utilizzato direttamente;Altro;;;;1;False
690703;L219;1089;306;77;48.0;FABBRICATO;via vittime di bologna;9;45.1018356;7.7289107;Abitazione;Dal 1971 al 1980;Nessuno;Patrimonio indisponibile;Utilizzato direttamente;Altro;;;;1;False
690704;L219;1089;306;78;48.0;FABBRICATO;via vittime di bologna;9;45.1018356;7.7289107;Abitazione;Dal 1971 al 1980;Nessuno;Patrimonio indisponibile;Utilizzato direttamente;Altro;;;;1;False
690705;L219;1089;306;79;48.0;FABBRICATO;via vittime di bologna;9;45.1018356;7.7289107;Abitazione;Dal 1971 al 1980;Nessuno;Patrimonio indisponibile;Utilizzato direttamente;Altro;;;;1;False
690706;L219;1089;306;8;48.0;FABBRICATO;via vittime di bologna;5;45.1018356;7.7289107;Abitazione;Dal 1971 al 1980;Nessuno;Patrimonio indisponibile;Utilizzato direttamente;Altro;;;;1;False
690707;L219;1089;306;80;48.0;FABBRICATO;via vittime di bologna;9;45.1018356;7.7289107;Abitazione;Dal 1971 al 1980;Nessuno;Patrimonio indisponibile;Utilizzato direttamente;Altro;;;;1;False
690708;L219;1089;306;81;48.0;FABBRICATO;via vittime di bologna;9;45.1018356;7.7289107;Abitazione;Dal 1971 al 1980;Nessuno;Patrimonio indisponibile;Utilizzato direttamente;Altro;;;;1;False
690709;L219;1089;306;82;48.0;FABBRICATO;via vittime di bologna;9;45.1018356;7.7289107;Abitazione;Dal 1971 al 1980;Nessuno;Patrimonio indisponibile;Utilizzato direttamente;Altro;;;;1;False
690710;L219;1089;306;83;48.0;FABBRICATO;via vittime di bologna;9;45.1018356;7.7289107;Abitazione;Dal 1971 al 1980;Nessuno;Patrimonio indisponibile;Utilizzato direttamente;Altro;;;;1;False
690711;L219;1089;306;84;48.0;FABBRICATO;via vittime di bologna;9;45.1018356;7.7289107;Abitazione;Dal 1971 al 1980;Nessuno;Patrimonio indisponibile;Utilizzato direttamente;Altro;;;;1;False
690712;L219;1089;306;85;53.0;FABBRICATO;via vittime di bologna;9;45.1018356;7.7289107;Abitazione;Dal 1971 al 1980;Nessuno;Patrimonio indisponibile;Utilizzato direttamente;Altro;;;;1;False
690713;L219;1089;306;87;10.0;FABBRICATO;via vittime di bologna;11;45.1018356;7.7289107;Cantina, soffitta, rimessa, box, garage, posto auto aperto/scoperto,;Dal 1971 al 1980;Nessuno;Patrimonio indisponibile;Utilizzato direttamente;Altro;;;;1;False
690714;L219;1089;306;88;30.0;FABBRICATO;via vittime di bologna;11;45.1018356;7.7289107;Cantina, soffitta, rimessa, box, garage, posto auto aperto/scoperto,;Dal 1971 al 1980;Nessuno;Patrimonio indisponibile;Utilizzato direttamente;Altro;;;;1;False
690715;L219;1089;306;89;50.0;FABBRICATO;via vittime di bologna;11;45.1018356;7.7289107;Abitazione;Dal 1971 al 1980;Nessuno;Patrimonio indisponibile;Utilizzato direttamente;Altro;;;;1;False
690716;L219;1089;306;9;48.0;FABBRICATO;via vittime di bologna;5;45.1018356;7.7289107;Abitazione;Dal 1971 al 1980;Nessuno;Patrimonio indisponibile;Utilizzato direttamente;Altro;;;;1;False
690717;L219;1089;306;90;48.0;FABBRICATO;via vittime di bologna;11;45.1018356;7.7289107;Abitazione;Dal 1971 al 1980;Nessuno;Patrimonio indisponibile;Utilizzato direttamente;Altro;;;;1;False
690718;L219;1089;306;91;48.0;FABBRICATO;via vittime di bologna;11;45.1018356;7.7289107;Abitazione;Dal 1971 al 1980;Nessuno;Patrimonio indisponibile;Utilizzato direttamente;Altro;;;;1;False
690719;L219;1089;306;92;48.0;FABBRICATO;via vittime di bologna;11;45.1018356;7.7289107;Abitazione;Dal 1971 al 1980;Nessuno;Patrimonio indisponibile;Utilizzato direttamente;Altro;;;;1;False
690720;L219;1089;306;93;48.0;FABBRICATO;via vittime di bologna;11;45.1018356;7.7289107;Abitazione;Dal 1971 al 1980;Nessuno;Patrimonio indisponibile;Utilizzato direttamente;Altro;;;;1;False
690721;L219;1089;306;94;48.0;FABBRICATO;via vittime di bologna;11;45.1018356;7.7289107;Abitazione;Dal 1971 al 1980;Nessuno;Patrimonio indisponibile;Utilizzato direttamente;Altro;;;;1;False
690722;L219;1089;306;95;48.0;FABBRICATO;via vittime di bologna;11;45.1018356;7.7289107;Abitazione;Dal 1971 al 1980;Nessuno;Patrimonio indisponibile;Utilizzato direttamente;Altro;;;;1;False
690723;L219;1089;306;96;48.0;FABBRICATO;via vittime di bologna;11;45.1018356;7.7289107;Abitazione;Dal 1971 al 1980;Nessuno;Patrimonio indisponibile;Utilizzato direttamente;Altro;;;;1;False
690724;L219;1089;306;97;48.0;FABBRICATO;via vittime di bologna;11;45.1018356;7.7289107;Abitazione;Dal 1971 al 1980;Nessuno;Patrimonio indisponibile;Utilizzato direttamente;Altro;;;;1;False
690725;L219;1089;306;98;48.0;FABBRICATO;via vittime di bologna;11;45.1018356;7.7289107;Abitazione;Dal 1971 al 1980;Nessuno;Patrimonio indisponibile;Utilizzato direttamente;Altro;;;;1;False
690726;L219;1089;306;99;48.0;FABBRICATO;via vittime di bologna;11;45.1018356;7.7289107;Abitazione;Dal 1971 al 1980;Nessuno;Patrimonio indisponibile;Utilizzato direttamente;Altro;;;;1;False
690775;L219;1184;112;70;123.0;FABBRICATO;corso giulio cesare;41;45.0846391;7.6882475;Abitazione;Dal 1946 al 1960;Nessuno;Patrimonio indisponibile;Utilizzato direttamente;Altro;;;;1;False
690776;L219;1184;120;69;75.0;FABBRICATO;via lodi;4;45.0843675;7.6890713;Abitazione;Dal 1946 al 1960;Nessuno;Patrimonio indisponibile;Utilizzato direttamente;Altro;;;;1;False
690777;L219;1184;144;1;9179.75;FABBRICATO;Corso Brescia;1;45.0832885;7.6886563;Edificio scolastico (es.: scuola di ogni ordine e grado, università, scuola di formazione);Prima del 1919;Dichiarazione di interesse culturale;Demanio;Utilizzato direttamente;Attività didattica;;;;1;False
690778;L219;1184;144;2;80.0;FABBRICATO;Corso Brescia;1;45.0832885;7.6886563;Abitazione;Prima del 1919;Dichiarazione di interesse culturale;Demanio;Utilizzato direttamente;Alloggio di servizio, foresterie;;;;1;False
690779;L219;1184;144;3;72.0;FABBRICATO;Corso Brescia;1;45.0832885;7.6886563;Abitazione;Prima del 1919;Dichiarazione di interesse culturale;Demanio;Utilizzato direttamente;Alloggio di servizio, foresterie;;;;1;False
690780;L219;1184;144;4;32.0;FABBRICATO;Corso Brescia;1;45.0832885;7.6886563;Abitazione;Prima del 1919;Dichiarazione di interesse culturale;Demanio;Utilizzato direttamente;Alloggio di servizio, foresterie;;;;1;False
690781;L219;1347;1;3;10654.25;FABBRICATO;via piazzi giuseppe;55;45.0518941;7.6589197;Edificio scolastico (es.: scuola di ogni ordine e grado, università, scuola di formazione);Dal 1946 al 1960;Nessuno;Patrimonio indisponibile;Utilizzato direttamente;Attività didattica;;;;1;False
690782;L219;1347;1;4;53.0;FABBRICATO;via piazzi giuseppe;55;45.0518941;7.6589197;Abitazione;Dal 1946 al 1960;Nessuno;Patrimonio indisponibile;Utilizzato direttamente;Alloggio di servizio, foresterie;;;;1;False
690783;L219;1184;8;2;1530.0;FABBRICATO;Via Cardinale Gaetano Alimonda;2;45.0846546;7.6900988;Edificio scolastico (es.: scuola di ogni ordine e grado, università, scuola di formazione);Dal 1981 al 1990;Nessuno;Patrimonio indisponibile;Utilizzato direttamente;Attività didattica;;;;1;False
690784;L219;1184;8;4;74.0;FABBRICATO;Via Cardinale Gaetano Alimonda;2;45.0846546;7.6900988;Abitazione;Dal 1981 al 1990;Nessuno;Patrimonio indisponibile;Utilizzato direttamente;Alloggio di servizio, foresterie;;;;1;False
690785;L219;1185;13;5011;4.0;FABBRICATO;Via Aosta;44;45.0854327;7.6918891;Cantina, soffitta, rimessa, box, garage, posto auto aperto/scoperto,;Dal 1961 al 1970;Nessuno;Patrimonio disponibile;Utilizzato direttamente;Altro;;;;1;False
690786;L219;1185;142;30;80.0;FABBRICATO;Via Aosta;20;45.083321;7.690545;Abitazione;Dal 1946 al 1960;Nessuno;Patrimonio indisponibile;Utilizzato direttamente;Altro;;;;1;False
690787;L219;1185;178;1;88.0;FABBRICATO;via pavia;17;45.0827481;7.6923895;Abitazione;Dal 1919 al 1945;Nessuno;Patrimonio disponibile;Utilizzato direttamente;Attività amministrativa/uffici pubblici;;;;1;False
690788;L219;1185;178;2;122.0;FABBRICATO;via pavia;17;45.0827481;7.6923895;Fabbricato per attività produttiva (industriale, artigianale o agricola);Dal 1919 al 1945;Nessuno;Patrimonio disponibile;Utilizzato direttamente;Attività amministrativa/uffici pubblici;;;;1;False
690789;L219;1185;178;3;993.0;FABBRICATO;via pavia;17;45.0827481;7.6923895;Magazzino e locali di deposito;Dal 1919 al 1945;Nessuno;Patrimonio disponibile;Utilizzato direttamente;Attività amministrativa/uffici pubblici;;;;1;False
690790;L219;1185;178;4;182.0;FABBRICATO;via pavia;17;45.0827481;7.6923895;Parcheggio collettivo;Dal 1919 al 1945;Nessuno;Patrimonio disponibile;Utilizzato direttamente;Attività amministrativa/uffici pubblici;;;;1;False
690791;L219;1355;75;3;115.0;FABBRICATO;Strada Comunale da San Vito a Revigliasco;65;45.0485998;7.6908539;Abitazione;Prima del 1919;Nessuno;Patrimonio indisponibile;Utilizzato direttamente;Attività amministrativa/uffici pubblici;;;;1;False
690792;L219;1185;247;177;220.0;FABBRICATO;via bologna;74;45.0822683;7.696271;Ufficio strutturato ed assimilabili;Dal 1971 al 1980;Nessuno;Patrimonio indisponibile;Utilizzato direttamente;Attività amministrativa/uffici pubblici;;;;1;False
690793;L219;1185;247;179;10000.0;FABBRICATO;via bologna;74;45.0822683;7.696271;Ufficio strutturato ed assimilabili;Dal 1971 al 1980;Nessuno;Patrimonio indisponibile;Utilizzato direttamente;Attività amministrativa/uffici pubblici;;;;1;False
690794;L219;1185;247;181;2247.43;FABBRICATO;via bologna;74;45.0822683;7.696271;Ufficio strutturato ed assimilabili;Dal 1971 al 1980;Nessuno;Patrimonio indisponibile;Utilizzato direttamente;Attività amministrativa/uffici pubblici;;;;1;False
690795;L219;1185;247;2;59.0;FABBRICATO;via bologna;74 M;45.0822683;7.696271;Locale commerciale, negozio;Dal 1971 al 1980;Nessuno;Patrimonio indisponibile;Utilizzato direttamente;Attività commerciale e di ristorazione;;;;1;False
690796;L219;1185;247;3;59.0;FABBRICATO;via bologna;74 I;45.0822683;7.696271;Locale commerciale, negozio;Dal 1971 al 1980;Nessuno;Patrimonio indisponibile;Utilizzato direttamente;Attività commerciale e di ristorazione;;;;1;False
690797;L219;1185;247;4;34.0;FABBRICATO;via bologna;74 G;45.0822683;7.696271;Locale commerciale, negozio;Dal 1971 al 1980;Nessuno;Patrimonio indisponibile;Utilizzato direttamente;Attività commerciale e di ristorazione;;;;1;False
690798;L219;1185;247;5;30.0;FABBRICATO;via bologna;74 F;45.0822683;7.696271;Locale commerciale, negozio;Dal 1971 al 1980;Nessuno;Patrimonio indisponibile;Utilizzato direttamente;Attività commerciale e di ristorazione;;;;1;False
690799;L219;1358;112;105;109.0;FABBRICATO;strada del nobile;92;45.0505735;7.7157041;Abitazione;Prima del 1919;Nessuno;Patrimonio indisponibile;Utilizzato direttamente;Altro;;;;1;False
690805;L219;1185;97;1;56.0;FABBRICATO;via novi;2;45.0848216;7.6937501;Abitazione;Dal 1971 al 1980;Nessuno;Patrimonio indisponibile;Utilizzato direttamente;Alloggio di servizio, foresterie;;;;1;False
690806;L219;1185;97;2;161.0;FABBRICATO;via novi;2;45.0848216;7.6937501;Magazzino e locali di deposito;Dal 1971 al 1980;Nessuno;Patrimonio indisponibile;Utilizzato direttamente;Attività didattica;;;;1;False
690811;L219;1186;151;10;80.0;FABBRICATO;via ternengo;48;45.08753959;7.69666841;Abitazione;Dal 1991 al 2000;Nessuno;Patrimonio indisponibile;Utilizzato direttamente;Altro;;;;1;False
690812;L219;1186;151;100;11.0;FABBRICATO;VIA CLEMENTI MUZIO;SNC;45.08753959;7.69666841;Cantina, soffitta, rimessa, box, garage, posto auto aperto/scoperto,;Dal 1991 al 2000;Nessuno;Patrimonio indisponibile;Utilizzato direttamente;Altro;;;;1;False
690813;L219;1186;151;101;10.0;FABBRICATO;VIA CLEMENTI MUZIO;SNC;45.08753959;7.69666841;Cantina, soffitta, rimessa, box, garage, posto auto aperto/scoperto,;Dal 1991 al 2000;Nessuno;Patrimonio indisponibile;Utilizzato direttamente;Altro;;;;1;False
690814;L219;1186;151;102;11.0;FABBRICATO;VIA CLEMENTI MUZIO;SNC;45.08753959;7.69666841;Cantina, soffitta, rimessa, box, garage, posto auto aperto/scoperto,;Dal 1991 al 2000;Nessuno;Patrimonio indisponibile;Utilizzato direttamente;Altro;;;;1;False
690815;L219;1186;151;103;10.0;FABBRICATO;VIA CLEMENTI MUZIO;SNC;45.08753959;7.69666841;Cantina, soffitta, rimessa, box, garage, posto auto aperto/scoperto,;Dal 1991 al 2000;Nessuno;Patrimonio indisponibile;Utilizzato direttamente;Altro;;;;1;False
690816;L219;1186;151;104;11.0;FABBRICATO;VIA CLEMENTI MUZIO;SNC;45.08753959;7.69666841;Cantina, soffitta, rimessa, box, garage, posto auto aperto/scoperto,;Dal 1991 al 2000;Nessuno;Patrimonio indisponibile;Utilizzato direttamente;Altro;;;;1;False
690817;L219;1186;151;105;10.0;FABBRICATO;VIA CLEMENTI MUZIO;SNC;45.08753959;7.69666841;Cantina, soffitta, rimessa, box, garage, posto auto aperto/scoperto,;Dal 1991 al 2000;Nessuno;Patrimonio indisponibile;Utilizzato direttamente;Altro;;;;1;False
690818;L219;1186;151;106;11.0;FABBRICATO;VIA CLEMENTI MUZIO;SNC;45.08753959;7.69666841;Cantina, soffitta, rimessa, box, garage, posto auto aperto/scoperto,;Dal 1991 al 2000;Nessuno;Patrimonio indisponibile;Utilizzato direttamente;Altro;;;;1;False
690819;L219;1186;151;107;10.0;FABBRICATO;VIA CLEMENTI MUZIO;SNC;45.08753959;7.69666841;Cantina, soffitta, rimessa, box, garage, posto auto aperto/scoperto,;Dal 1991 al 2000;Nessuno;Patrimonio indisponibile;Utilizzato direttamente;Altro;;;;1;False
690820;L219;1186;151;108;11.0;FABBRICATO;VIA CLEMENTI MUZIO;SNC;45.08753959;7.69666841;Cantina, soffitta, rimessa, box, garage, posto auto aperto/scoperto,;Dal 1991 al 2000;Nessuno;Patrimonio indisponibile;Utilizzato direttamente;Altro;;;;1;False
690821;L219;1186;151;109;10.0;FABBRICATO;VIA CLEMENTI MUZIO;SNC;45.08753959;7.69666841;Cantina, soffitta, rimessa, box, garage, posto auto aperto/scoperto,;Dal 1991 al 2000;Nessuno;Patrimonio indisponibile;Utilizzato direttamente;Altro;;;;1;False
690822;L219;1186;151;11;95.0;FABBRICATO;via ternengo;48;45.08753959;7.69666841;Abitazione;Dal 1991 al 2000;Nessuno;Patrimonio indisponibile;Utilizzato direttamente;Altro;;;;1;False
690823;L219;1186;151;110;11.0;FABBRICATO;VIA CLEMENTI MUZIO;SNC;45.08753959;7.69666841;Cantina, soffitta, rimessa, box, garage, posto auto aperto/scoperto,;Dal 1991 al 2000;Nessuno;Patrimonio indisponibile;Utilizzato direttamente;Altro;;;;1;False
690824;L219;1186;151;111;10.0;FABBRICATO;VIA CLEMENTI MUZIO;SNC;45.08753959;7.69666841;Cantina, soffitta, rimessa, box, garage, posto auto aperto/scoperto,;Dal 1991 al 2000;Nessuno;Patrimonio indisponibile;Utilizzato direttamente;Altro;;;;1;False
690825;L219;1186;151;112;11.0;FABBRICATO;VIA CLEMENTI MUZIO;SNC;45.08753959;7.69666841;Cantina, soffitta, rimessa, box, garage, posto auto aperto/scoperto,;Dal 1991 al 2000;Nessuno;Patrimonio indisponibile;Utilizzato direttamente;Altro;;;;1;False
690826;L219;1186;151;113;10.0;FABBRICATO;VIA CLEMENTI MUZIO;SNC;45.08753959;7.69666841;Cantina, soffitta, rimessa, box, garage, posto auto aperto/scoperto,;Dal 1991 al 2000;Nessuno;Patrimonio indisponibile;Utilizzato direttamente;Altro;;;;1;False
690827;L219;1186;151;114;11.0;FABBRICATO;VIA CLEMENTI MUZIO;SNC;45.08753959;7.69666841;Cantina, soffitta, rimessa, box, garage, posto auto aperto/scoperto,;Dal 1991 al 2000;Nessuno;Patrimonio indisponibile;Utilizzato direttamente;Altro;;;;1;False
690828;L219;1186;151;115;10.0;FABBRICATO;VIA CLEMENTI MUZIO;SNC;45.08753959;7.69666841;Cantina, soffitta, rimessa, box, garage, posto auto aperto/scoperto,;Dal 1991 al 2000;Nessuno;Patrimonio indisponibile;Utilizzato direttamente;Altro;;;;1;False
690829;L219;1186;151;116;11.0;FABBRICATO;VIA CLEMENTI MUZIO;SNC;45.08753959;7.69666841;Cantina, soffitta, rimessa, box, garage, posto auto aperto/scoperto,;Dal 1991 al 2000;Nessuno;Patrimonio indisponibile;Utilizzato direttamente;Altro;;;;1;False
690830;L219;1186;151;12;80.0;FABBRICATO;via ternengo;48;45.08753959;7.69666841;Abitazione;Dal 1991 al 2000;Nessuno;Patrimonio indisponibile;Utilizzato direttamente;Altro;;;;1;False
690831;L219;1186;151;13;95.0;FABBRICATO;via ternengo;48;45.08753959;7.69666841;Abitazione;Dal 1991 al 2000;Nessuno;Patrimonio indisponibile;Utilizzato direttamente;Altro;;;;1;False
690832;L219;1186;151;14;80.0;FABBRICATO;via ternengo;48;45.08753959;7.69666841;Abitazione;Dal 1991 al 2000;Nessuno;Patrimonio indisponibile;Utilizzato direttamente;Altro;;;;1;False
690833;L219;1186;151;15;95.0;FABBRICATO;via ternengo;48;45.08753959;7.69666841;Abitazione;Dal 1991 al 2000;Nessuno;Patrimonio indisponibile;Utilizzato direttamente;Altro;;;;1;False
690834;L219;1186;151;16;80.0;FABBRICATO;via ternengo;48;45.08753959;7.69666841;Abitazione;Dal 1991 al 2000;Nessuno;Patrimonio indisponibile;Utilizzato direttamente;Altro;;;;1;False
690835;L219;1186;151;17;97.0;FABBRICATO;via ternengo;48;45.08753959;7.69666841;Abitazione;Dal 1991 al 2000;Nessuno;Patrimonio indisponibile;Utilizzato direttamente;Altro;;;;1;False
690836;L219;1186;151;18;78.0;FABBRICATO;via ternengo;48;45.08753959;7.69666841;Abitazione;Dal 1991 al 2000;Nessuno;Patrimonio indisponibile;Utilizzato direttamente;Altro;;;;1;False
690837;L219;1186;151;19;97.0;FABBRICATO;via ternengo;48;45.08753959;7.69666841;Abitazione;Dal 1991 al 2000;Nessuno;Patrimonio indisponibile;Utilizzato direttamente;Altro;;;;1;False
690838;L219;1186;151;20;78.0;FABBRICATO;via ternengo;48;45.08753959;7.69666841;Abitazione;Dal 1991 al 2000;Nessuno;Patrimonio indisponibile;Utilizzato direttamente;Altro;;;;1;False
690839;L219;1186;151;21;97.0;FABBRICATO;via ternengo;48;45.08753959;7.69666841;Abitazione;Dal 1991 al 2000;Nessuno;Patrimonio indisponibile;Utilizzato direttamente;Altro;;;;1;False
690840;L219;1186;151;22;78.0;FABBRICATO;via ternengo;48;45.08753959;7.69666841;Abitazione;Dal 1991 al 2000;Nessuno;Patrimonio indisponibile;Utilizzato direttamente;Altro;;;;1;False
690841;L219;1186;151;23;97.0;FABBRICATO;via ternengo;48;45.08753959;7.69666841;Abitazione;Dal 1991 al 2000;Nessuno;Patrimonio indisponibile;Utilizzato direttamente;Altro;;;;1;False
690842;L219;1186;151;24;78.0;FABBRICATO;via ternengo;48;45.08753959;7.69666841;Abitazione;Dal 1991 al 2000;Nessuno;Patrimonio indisponibile;Utilizzato direttamente;Altro;;;;1;False
690843;L219;1186;151;25;97.0;FABBRICATO;via ternengo;48;45.08753959;7.69666841;Abitazione;Dal 1991 al 2000;Nessuno;Patrimonio indisponibile;Utilizzato direttamente;Altro;;;;1;False
690844;L219;1186;151;26;78.0;FABBRICATO;via ternengo;48;45.08753959;7.69666841;Abitazione;Dal 1991 al 2000;Nessuno;Patrimonio indisponibile;Utilizzato direttamente;Altro;;;;1;False
690845;L219;1186;151;27;78.0;FABBRICATO;Via Ternengo;50;45.08753959;7.69666841;Abitazione;Dal 1991 al 2000;Nessuno;Patrimonio indisponibile;Utilizzato direttamente;Altro;;;;1;False
690846;L219;1186;151;28;78.0;FABBRICATO;Via Ternengo;50;45.08753959;7.69666841;Abitazione;Dal 1991 al 2000;Nessuno;Patrimonio indisponibile;Utilizzato direttamente;Altro;;;;1;False
690847;L219;1186;151;29;78.0;FABBRICATO;Via Ternengo;50;45.08753959;7.69666841;Abitazione;Dal 1991 al 2000;Nessuno;Patrimonio indisponibile;Utilizzato direttamente;Altro;;;;1;False
690848;L219;1186;151;30;78.0;FABBRICATO;Via Ternengo;50;45.08753959;7.69666841;Abitazione;Dal 1991 al 2000;Nessuno;Patrimonio indisponibile;Utilizzato direttamente;Altro;;;;1;False
690849;L219;1186;151;31;78.0;FABBRICATO;Via Ternengo;50;45.08753959;7.69666841;Abitazione;Dal 1991 al 2000;Nessuno;Patrimonio indisponibile;Utilizzato direttamente;Altro;;;;1;False
690850;L219;1186;151;32;78.0;FABBRICATO;Via Ternengo;50;45.08753959;7.69666841;Abitazione;Dal 1991 al 2000;Nessuno;Patrimonio indisponibile;Utilizzato direttamente;Altro;;;;1;False
690851;L219;1186;151;33;78.0;FABBRICATO;Via Ternengo;50;45.08753959;7.69666841;Abitazione;Dal 1991 al 2000;Nessuno;Patrimonio indisponibile;Utilizzato direttamente;Altro;;;;1;False
690852;L219;1186;151;34;78.0;FABBRICATO;Via Ternengo;50;45.08753959;7.69666841;Abitazione;Dal 1991 al 2000;Nessuno;Patrimonio indisponibile;Utilizzato direttamente;Altro;;;;1;False
690853;L219;1186;151;35;78.0;FABBRICATO;Via Ternengo;50;45.08753959;7.69666841;Abitazione;Dal 1991 al 2000;Nessuno;Patrimonio indisponibile;Utilizzato direttamente;Altro;;;;1;False
690854;L219;1186;151;36;78.0;FABBRICATO;Via Ternengo;50;45.08753959;7.69666841;Abitazione;Dal 1991 al 2000;Nessuno;Patrimonio indisponibile;Utilizzato direttamente;Altro;;;;1;False
690855;L219;1186;151;37;78.0;FABBRICATO;Via Ternengo;50;45.08753959;7.69666841;Abitazione;Dal 1991 al 2000;Nessuno;Patrimonio indisponibile;Utilizzato direttamente;Altro;;;;1;False
690856;L219;1186;151;38;78.0;FABBRICATO;Via Ternengo;50;45.08753959;7.69666841;Abitazione;Dal 1991 al 2000;Nessuno;Patrimonio indisponibile;Utilizzato direttamente;Altro;;;;1;False
690857;L219;1186;151;39;78.0;FABBRICATO;Via Ternengo;50;45.08753959;7.69666841;Abitazione;Dal 1991 al 2000;Nessuno;Patrimonio indisponibile;Utilizzato direttamente;Altro;;;;1;False
690858;L219;1186;151;40;78.0;FABBRICATO;Via Ternengo;50;45.08753959;7.69666841;Abitazione;Dal 1991 al 2000;Nessuno;Patrimonio indisponibile;Utilizzato direttamente;Altro;;;;1;False
690859;L219;1186;151;41;78.0;FABBRICATO;Via Ternengo;50;45.08753959;7.69666841;Abitazione;Dal 1991 al 2000;Nessuno;Patrimonio indisponibile;Utilizzato direttamente;Altro;;;;1;False
690860;L219;1186;151;42;78.0;FABBRICATO;Via Ternengo;50;45.08753959;7.69666841;Abitazione;Dal 1991 al 2000;Nessuno;Patrimonio indisponibile;Utilizzato direttamente;Altro;;;;1;False
690861;L219;1186;151;43;78.0;FABBRICATO;Via Ternengo;50;45.08753959;7.69666841;Abitazione;Dal 1991 al 2000;Nessuno;Patrimonio indisponibile;Utilizzato direttamente;Altro;;;;1;False
690862;L219;1186;151;44;78.0;FABBRICATO;Via Ternengo;50;45.08753959;7.69666841;Abitazione;Dal 1991 al 2000;Nessuno;Patrimonio indisponibile;Utilizzato direttamente;Altro;;;;1;False
690863;L219;1186;151;45;78.0;FABBRICATO;Via Ternengo;52;45.08753959;7.69666841;Abitazione;Dal 1991 al 2000;Nessuno;Patrimonio indisponibile;Utilizzato direttamente;Altro;;;;1;False
690864;L219;1186;151;46;97.0;FABBRICATO;Via Ternengo;52;45.08753959;7.69666841;Abitazione;Dal 1991 al 2000;Nessuno;Patrimonio indisponibile;Utilizzato direttamente;Altro;;;;1;False
690865;L219;1186;151;47;78.0;FABBRICATO;Via Ternengo;52;45.08753959;7.69666841;Abitazione;Dal 1991 al 2000;Nessuno;Patrimonio indisponibile;Utilizzato direttamente;Altro;;;;1;False
690866;L219;1186;151;48;97.0;FABBRICATO;Via Ternengo;52;45.08753959;7.69666841;Abitazione;Dal 1991 al 2000;Nessuno;Patrimonio indisponibile;Utilizzato direttamente;Altro;;;;1;False
690867;L219;1186;151;49;78.0;FABBRICATO;Via Ternengo;52;45.08753959;7.69666841;Abitazione;Dal 1991 al 2000;Nessuno;Patrimonio indisponibile;Utilizzato direttamente;Altro;;;;1;False
690868;L219;1186;151;5;12.0;FABBRICATO;Via Ternengo;50;45.08753959;7.69666841;Cantina, soffitta, rimessa, box, garage, posto auto aperto/scoperto,;Dal 1991 al 2000;Nessuno;Patrimonio indisponibile;Utilizzato direttamente;Altro;;;;1;False
690869;L219;1186;151;50;97.0;FABBRICATO;Via Ternengo;52;45.08753959;7.69666841;Abitazione;Dal 1991 al 2000;Nessuno;Patrimonio indisponibile;Utilizzato direttamente;Altro;;;;1;False
690870;L219;1186;151;51;78.0;FABBRICATO;Via Ternengo;52;45.08753959;7.69666841;Abitazione;Dal 1991 al 2000;Nessuno;Patrimonio indisponibile;Utilizzato direttamente;Altro;;;;1;False
690871;L219;1186;151;52;97.0;FABBRICATO;Via Ternengo;52;45.08753959;7.69666841;Abitazione;Dal 1991 al 2000;Nessuno;Patrimonio indisponibile;Utilizzato direttamente;Altro;;;;1;False
690872;L219;1186;151;53;78.0;FABBRICATO;Via Ternengo;52;45.08753959;7.69666841;Abitazione;Dal 1991 al 2000;Nessuno;Patrimonio indisponibile;Utilizzato direttamente;Altro;;;;1;False
690873;L219;1186;151;54;97.0;FABBRICATO;Via Ternengo;52;45.08753959;7.69666841;Abitazione;Dal 1991 al 2000;Nessuno;Patrimonio indisponibile;Utilizzato direttamente;Altro;;;;1;False
690874;L219;1186;151;55;78.0;FABBRICATO;Via Ternengo;52;45.08753959;7.69666841;Abitazione;Dal 1991 al 2000;Nessuno;Patrimonio indisponibile;Utilizzato direttamente;Altro;;;;1;False
690875;L219;1186;151;56;97.0;FABBRICATO;Via Ternengo;52;45.08753959;7.69666841;Abitazione;Dal 1991 al 2000;Nessuno;Patrimonio indisponibile;Utilizzato direttamente;Altro;;;;1;False
690876;L219;1186;151;57;78.0;FABBRICATO;Via Ternengo;52;45.08753959;7.69666841;Abitazione;Dal 1991 al 2000;Nessuno;Patrimonio indisponibile;Utilizzato direttamente;Altro;;;;1;False
690877;L219;1186;151;58;97.0;FABBRICATO;Via Ternengo;52;45.08753959;7.69666841;Abitazione;Dal 1991 al 2000;Nessuno;Patrimonio indisponibile;Utilizzato direttamente;Altro;;;;1;False
690878;L219;1186;151;59;78.0;FABBRICATO;Via Ternengo;52;45.08753959;7.69666841;Abitazione;Dal 1991 al 2000;Nessuno;Patrimonio indisponibile;Utilizzato direttamente;Altro;;;;1;False
690879;L219;1186;151;6;24.0;FABBRICATO;via ternengo;48;45.08753959;7.69666841;Cantina, soffitta, rimessa, box, garage, posto auto aperto/scoperto,;Dal 1991 al 2000;Nessuno;Patrimonio indisponibile;Utilizzato direttamente;Altro;;;;1;False
690880;L219;1186;151;60;97.0;FABBRICATO;Via Ternengo;52;45.08753959;7.69666841;Abitazione;Dal 1991 al 2000;Nessuno;Patrimonio indisponibile;Utilizzato direttamente;Altro;;;;1;False
690881;L219;1186;151;61;78.0;FABBRICATO;Via Ternengo;52;45.08753959;7.69666841;Abitazione;Dal 1991 al 2000;Nessuno;Patrimonio indisponibile;Utilizzato direttamente;Altro;;;;1;False
690882;L219;1186;151;62;97.0;FABBRICATO;Via Ternengo;52;45.08753959;7.69666841;Abitazione;Dal 1991 al 2000;Nessuno;Patrimonio indisponibile;Utilizzato direttamente;Altro;;;;1;False
690883;L219;1186;151;63;17.0;FABBRICATO;via ternengo;48;45.08753959;7.69666841;Cantina, soffitta, rimessa, box, garage, posto auto aperto/scoperto,;Dal 1991 al 2000;Nessuno;Patrimonio indisponibile;Utilizzato direttamente;Altro;;;;1;False
690884;L219;1186;151;64;17.0;FABBRICATO;via ternengo;48;45.08753959;7.69666841;Cantina, soffitta, rimessa, box, garage, posto auto aperto/scoperto,;Dal 1991 al 2000;Nessuno;Patrimonio indisponibile;Utilizzato direttamente;Altro;;;;1;False
690885;L219;1186;151;65;17.0;FABBRICATO;via ternengo;48;45.08753959;7.69666841;Cantina, soffitta, rimessa, box, garage, posto auto aperto/scoperto,;Dal 1991 al 2000;Nessuno;Patrimonio indisponibile;Utilizzato direttamente;Altro;;;;1;False
690886;L219;1186;151;66;17.0;FABBRICATO;via ternengo;48;45.08753959;7.69666841;Cantina, soffitta, rimessa, box, garage, posto auto aperto/scoperto,;Dal 1991 al 2000;Nessuno;Patrimonio indisponibile;Utilizzato direttamente;Altro;;;;1;False
690887;L219;1186;151;67;11.0;FABBRICATO;via ternengo;48;45.08753959;7.69666841;Cantina, soffitta, rimessa, box, garage, posto auto aperto/scoperto,;Dal 1991 al 2000;Nessuno;Patrimonio indisponibile;Utilizzato direttamente;Altro;;;;1;False
690888;L219;1186;151;68;11.0;FABBRICATO;via ternengo;48;45.08753959;7.69666841;Cantina, soffitta, rimessa, box, garage, posto auto aperto/scoperto,;Dal 1991 al 2000;Nessuno;Patrimonio indisponibile;Utilizzato direttamente;Altro;;;;1;False
690889;L219;1186;151;69;11.0;FABBRICATO;via ternengo;48;45.08753959;7.69666841;Cantina, soffitta, rimessa, box, garage, posto auto aperto/scoperto,;Dal 1991 al 2000;Nessuno;Patrimonio indisponibile;Utilizzato direttamente;Altro;;;;1;False
690890;L219;1186;151;7;24.0;FABBRICATO;Via Ternengo;50;45.08753959;7.69666841;Cantina, soffitta, rimessa, box, garage, posto auto aperto/scoperto,;Dal 1991 al 2000;Nessuno;Patrimonio indisponibile;Utilizzato direttamente;Altro;;;;1;False
690891;L219;1186;151;70;11.0;FABBRICATO;via ternengo;48;45.08753959;7.69666841;Cantina, soffitta, rimessa, box, garage, posto auto aperto/scoperto,;Dal 1991 al 2000;Nessuno;Patrimonio indisponibile;Utilizzato direttamente;Altro;;;;1;False
690892;L219;1186;151;71;10.0;FABBRICATO;VIA CLEMENTI MUZIO;SNC;45.08753959;7.69666841;Cantina, soffitta, rimessa, box, garage, posto auto aperto/scoperto,;Dal 1991 al 2000;Nessuno;Patrimonio indisponibile;Utilizzato direttamente;Altro;;;;1;False
690893;L219;1186;151;72;11.0;FABBRICATO;VIA CLEMENTI MUZIO;SNC;45.08753959;7.69666841;Cantina, soffitta, rimessa, box, garage, posto auto aperto/scoperto,;Dal 1991 al 2000;Nessuno;Patrimonio indisponibile;Utilizzato direttamente;Altro;;;;1;False
690894;L219;1186;151;73;10.0;FABBRICATO;VIA CLEMENTI MUZIO;SNC;45.08753959;7.69666841;Cantina, soffitta, rimessa, box, garage, posto auto aperto/scoperto,;Dal 1991 al 2000;Nessuno;Patrimonio indisponibile;Utilizzato direttamente;Altro;;;;1;False
690895;L219;1186;151;74;11.0;FABBRICATO;VIA CLEMENTI MUZIO;SNC;45.08753959;7.69666841;Cantina, soffitta, rimessa, box, garage, posto auto aperto/scoperto,;Dal 1991 al 2000;Nessuno;Patrimonio indisponibile;Utilizzato direttamente;Altro;;;;1;False
690896;L219;1186;151;75;10.0;FABBRICATO;VIA CLEMENTI MUZIO;SNC;45.08753959;7.69666841;Cantina, soffitta, rimessa, box, garage, posto auto aperto/scoperto,;Dal 1991 al 2000;Nessuno;Patrimonio indisponibile;Utilizzato direttamente;Altro;;;;1;False
690897;L219;1186;151;76;11.0;FABBRICATO;VIA CLEMENTI MUZIO;SNC;45.08753959;7.69666841;Cantina, soffitta, rimessa, box, garage, posto auto aperto/scoperto,;Dal 1991 al 2000;Nessuno;Patrimonio indisponibile;Utilizzato direttamente;Altro;;;;1;False
690898;L219;1186;151;77;10.0;FABBRICATO;VIA CLEMENTI MUZIO;SNC;45.08753959;7.69666841;Cantina, soffitta, rimessa, box, garage, posto auto aperto/scoperto,;Dal 1991 al 2000;Nessuno;Patrimonio indisponibile;Utilizzato direttamente;Altro;;;;1;False
690899;L219;1186;151;78;11.0;FABBRICATO;VIA CLEMENTI MUZIO;SNC;45.08753959;7.69666841;Cantina, soffitta, rimessa, box, garage, posto auto aperto/scoperto,;Dal 1991 al 2000;Nessuno;Patrimonio indisponibile;Utilizzato direttamente;Altro;;;;1;False
690900;L219;1186;151;79;10.0;FABBRICATO;VIA CLEMENTI MUZIO;SNC;45.08753959;7.69666841;Cantina, soffitta, rimessa, box, garage, posto auto aperto/scoperto,;Dal 1991 al 2000;Nessuno;Patrimonio indisponibile;Utilizzato direttamente;Altro;;;;1;False
690901;L219;1186;151;8;24.0;FABBRICATO;Via Ternengo;52;45.08753959;7.69666841;Cantina, soffitta, rimessa, box, garage, posto auto aperto/scoperto,;Dal 1991 al 2000;Nessuno;Patrimonio indisponibile;Non utilizzato;Non Dichiarato;;;;1;False
690902;L219;1186;151;80;11.0;FABBRICATO;VIA CLEMENTI MUZIO;SNC;45.08753959;7.69666841;Cantina, soffitta, rimessa, box, garage, posto auto aperto/scoperto,;Dal 1991 al 2000;Nessuno;Patrimonio indisponibile;Utilizzato direttamente;Altro;;;;1;False
690903;L219;1186;151;81;10.0;FABBRICATO;VIA CLEMENTI MUZIO;SNC;45.08753959;7.69666841;Cantina, soffitta, rimessa, box, garage, posto auto aperto/scoperto,;Dal 1991 al 2000;Nessuno;Patrimonio indisponibile;Utilizzato direttamente;Altro;;;;1;False
690904;L219;1186;151;82;11.0;FABBRICATO;VIA CLEMENTI MUZIO;SNC;45.08753959;7.69666841;Cantina, soffitta, rimessa, box, garage, posto auto aperto/scoperto,;Dal 1991 al 2000;Nessuno;Patrimonio indisponibile;Utilizzato direttamente;Altro;;;;1;False
690905;L219;1186;151;83;10.0;FABBRICATO;VIA CLEMENTI MUZIO;SNC;45.08753959;7.69666841;Cantina, soffitta, rimessa, box, garage, posto auto aperto/scoperto,;Dal 1991 al 2000;Nessuno;Patrimonio indisponibile;Utilizzato direttamente;Altro;;;;1;False
690906;L219;1186;151;84;11.0;FABBRICATO;VIA CLEMENTI MUZIO;SNC;45.08753959;7.69666841;Cantina, soffitta, rimessa, box, garage, posto auto aperto/scoperto,;Dal 1991 al 2000;Nessuno;Patrimonio indisponibile;Utilizzato direttamente;Altro;;;;1;False
690907;L219;1186;151;85;10.0;FABBRICATO;VIA CLEMENTI MUZIO;SNC;45.08753959;7.69666841;Cantina, soffitta, rimessa, box, garage, posto auto aperto/scoperto,;Dal 1991 al 2000;Nessuno;Patrimonio indisponibile;Utilizzato direttamente;Altro;;;;1;False
690908;L219;1186;151;86;11.0;FABBRICATO;VIA CLEMENTI MUZIO;SNC;45.08753959;7.69666841;Cantina, soffitta, rimessa, box, garage, posto auto aperto/scoperto,;Dal 1991 al 2000;Nessuno;Patrimonio indisponibile;Utilizzato direttamente;Altro;;;;1;False
690909;L219;1186;151;87;10.0;FABBRICATO;VIA CLEMENTI MUZIO;SNC;45.08753959;7.69666841;Cantina, soffitta, rimessa, box, garage, posto auto aperto/scoperto,;Dal 1991 al 2000;Nessuno;Patrimonio indisponibile;Utilizzato direttamente;Altro;;;;1;False
690910;L219;1186;151;88;11.0;FABBRICATO;VIA CLEMENTI MUZIO;SNC;45.08753959;7.69666841;Cantina, soffitta, rimessa, box, garage, posto auto aperto/scoperto,;Dal 1991 al 2000;Nessuno;Patrimonio indisponibile;Utilizzato direttamente;Altro;;;;1;False
690911;L219;1186;151;89;10.0;FABBRICATO;VIA CLEMENTI MUZIO;SNC;45.08753959;7.69666841;Cantina, soffitta, rimessa, box, garage, posto auto aperto/scoperto,;Dal 1991 al 2000;Nessuno;Patrimonio indisponibile;Utilizzato direttamente;Altro;;;;1;False
690912;L219;1186;151;9;95.0;FABBRICATO;via ternengo;48;45.08753959;7.69666841;Abitazione;Dal 1991 al 2000;Nessuno;Patrimonio indisponibile;Utilizzato direttamente;Altro;;;;1;False
690913;L219;1186;151;90;11.0;FABBRICATO;VIA CLEMENTI MUZIO;SNC;45.08753959;7.69666841;Cantina, soffitta, rimessa, box, garage, posto auto aperto/scoperto,;Dal 1991 al 2000;Nessuno;Patrimonio indisponibile;Utilizzato direttamente;Altro;;;;1;False
690914;L219;1186;151;91;10.0;FABBRICATO;VIA CLEMENTI MUZIO;SNC;45.08753959;7.69666841;Cantina, soffitta, rimessa, box, garage, posto auto aperto/scoperto,;Dal 1991 al 2000;Nessuno;Patrimonio indisponibile;Utilizzato direttamente;Altro;;;;1;False
690915;L219;1186;151;92;11.0;FABBRICATO;VIA CLEMENTI MUZIO;SNC;45.08753959;7.69666841;Cantina, soffitta, rimessa, box, garage, posto auto aperto/scoperto,;Dal 1991 al 2000;Nessuno;Patrimonio indisponibile;Utilizzato direttamente;Altro;;;;1;False
690916;L219;1186;151;93;10.0;FABBRICATO;VIA CLEMENTI MUZIO;SNC;45.08753959;7.69666841;Cantina, soffitta, rimessa, box, garage, posto auto aperto/scoperto,;Dal 1991 al 2000;Nessuno;Patrimonio indisponibile;Utilizzato direttamente;Altro;;;;1;False
690917;L219;1186;151;94;11.0;FABBRICATO;VIA CLEMENTI MUZIO;SNC;45.08753959;7.69666841;Cantina, soffitta, rimessa, box, garage, posto auto aperto/scoperto,;Dal 1991 al 2000;Nessuno;Patrimonio indisponibile;Utilizzato direttamente;Altro;;;;1;False
690918;L219;1186;151;95;10.0;FABBRICATO;VIA CLEMENTI MUZIO;SNC;45.08753959;7.69666841;Cantina, soffitta, rimessa, box, garage, posto auto aperto/scoperto,;Dal 1991 al 2000;Nessuno;Patrimonio indisponibile;Utilizzato direttamente;Altro;;;;1;False
690919;L219;1186;151;96;11.0;FABBRICATO;VIA CLEMENTI MUZIO;SNC;45.08753959;7.69666841;Cantina, soffitta, rimessa, box, garage, posto auto aperto/scoperto,;Dal 1991 al 2000;Nessuno;Patrimonio indisponibile;Utilizzato direttamente;Altro;;;;1;False
690920;L219;1186;151;97;10.0;FABBRICATO;VIA CLEMENTI MUZIO;SNC;45.08753959;7.69666841;Cantina, soffitta, rimessa, box, garage, posto auto aperto/scoperto,;Dal 1991 al 2000;Nessuno;Patrimonio indisponibile;Utilizzato direttamente;Altro;;;;1;False
690921;L219;1186;151;98;11.0;FABBRICATO;VIA CLEMENTI MUZIO;SNC;45.08753959;7.69666841;Cantina, soffitta, rimessa, box, garage, posto auto aperto/scoperto,;Dal 1991 al 2000;Nessuno;Patrimonio indisponibile;Utilizzato direttamente;Altro;;;;1;False
690922;L219;1186;151;99;10.0;FABBRICATO;VIA CLEMENTI MUZIO;SNC;45.08753959;7.69666841;Cantina, soffitta, rimessa, box, garage, posto auto aperto/scoperto,;Dal 1991 al 2000;Nessuno;Patrimonio indisponibile;Utilizzato direttamente;Altro;;;;1;False
690945;L219;1359;23;;612.5;FABBRICATO;strada s. vincenzo;40;45.04706991;7.71631803;Edificio scolastico (es.: scuola di ogni ordine e grado, università, scuola di formazione);Dal 1961 al 1970;Nessuno;Patrimonio indisponibile;Utilizzato direttamente;Attività didattica;;;;1;False
690971;L219;1089;320;2;209.0;FABBRICATO;Via Martino Anglesio;23;45.1049848;7.7321939;Magazzino e locali di deposito;Dal 1981 al 1990;Nessuno;Patrimonio indisponibile;Utilizzato direttamente;Altro;;;;1;False
690972;L219;1089;320;3;227.0;FABBRICATO;Via Martino Anglesio;23;45.1049848;7.7321939;Impianto sportivo;Dal 1981 al 1990;Nessuno;Patrimonio indisponibile;Utilizzato direttamente;Altro;;;;1;False
690973;L219;1089;323;2;47.0;FABBRICATO;Via Martino Anglesio;25;45.1049984;7.7327094;Locale commerciale, negozio;Dal 1981 al 1990;Nessuno;Patrimonio disponibile;Utilizzato direttamente;Altro;;;;1;False
690974;L219;1089;323;3;47.0;FABBRICATO;Via Martino Anglesio;25;45.1049984;7.7327094;Locale commerciale, negozio;Dal 1981 al 1990;Nessuno;Patrimonio disponibile;Utilizzato direttamente;Altro;;;;1;False
690975;L219;1089;323;4;47.0;FABBRICATO;Via Martino Anglesio;25;45.1049984;7.7327094;Locale commerciale, negozio;Dal 1981 al 1990;Nessuno;Patrimonio disponibile;Utilizzato direttamente;Altro;;;;1;False
690976;L219;1089;323;5;47.0;FABBRICATO;Via Martino Anglesio;25;45.1049984;7.7327094;Locale commerciale, negozio;Dal 1981 al 1990;Nessuno;Patrimonio disponibile;Utilizzato direttamente;Altro;;;;1;False
690977;L219;1089;323;6;191.0;FABBRICATO;Via Martino Anglesio;25;45.1049984;7.7327094;Locale commerciale, negozio;Dal 1981 al 1990;Nessuno;Patrimonio disponibile;Utilizzato direttamente;Altro;;;;1;False
690979;L219;1089;325;2;3706.25;FABBRICATO;Via Martino Anglesio;15;45.1049775;7.7304901;Edificio scolastico (es.: scuola di ogni ordine e grado, università, scuola di formazione);Dal 1991 al 2000;Nessuno;Patrimonio indisponibile;Utilizzato direttamente;Attività didattica;;;;1;False
690980;L219;1089;325;3;128.0;FABBRICATO;Via Martino Anglesio;15;45.1049775;7.7304901;Abitazione;Dal 1981 al 1990;Nessuno;Patrimonio indisponibile;Utilizzato direttamente;Alloggio di servizio, foresterie;;;;1;False
690981;L219;1089;326;2;4283.0;FABBRICATO;via vittime di bologna;10;45.1017418;7.7299162;Edificio scolastico (es.: scuola di ogni ordine e grado, università, scuola di formazione);Dal 1991 al 2000;Nessuno;Patrimonio indisponibile;Utilizzato direttamente;Attività didattica;;;;1;False
690982;L219;1089;326;3;73.0;FABBRICATO;via vittime di bologna;10;45.1017418;7.7299162;Abitazione;Dal 1971 al 1980;Nessuno;Patrimonio indisponibile;Utilizzato direttamente;Alloggio di servizio, foresterie;;;;1;False
691257;L219;1380;4;1;59.0;FABBRICATO;Via Pasquale Galluppi;12;45.0441291;7.6610968;Abitazione;Dal 1946 al 1960;Nessuno;Patrimonio indisponibile;Utilizzato direttamente;Altro;;;;1;False
691258;L219;1380;4;10;52.0;FABBRICATO;Via Pasquale Galluppi;12;45.0441291;7.6610968;Abitazione;Dal 1946 al 1960;Nessuno;Patrimonio indisponibile;Utilizzato direttamente;Altro;;;;1;False
691259;L219;1380;4;11;58.0;FABBRICATO;Via Pasquale Galluppi;12;45.0441291;7.6610968;Abitazione;Dal 1946 al 1960;Nessuno;Patrimonio indisponibile;Utilizzato direttamente;Altro;;;;1;False
691260;L219;1380;4;12;59.0;FABBRICATO;Via Pasquale Galluppi;12;45.0441291;7.6610968;Abitazione;Dal 1946 al 1960;Nessuno;Patrimonio indisponibile;Utilizzato direttamente;Altro;;;;1;False
691261;L219;1380;4;13;61.0;FABBRICATO;Via Pasquale Galluppi;12;45.0441291;7.6610968;Abitazione;Dal 1946 al 1960;Nessuno;Patrimonio indisponibile;Utilizzato direttamente;Altro;;;;1;False
691262;L219;1380;4;14;52.0;FABBRICATO;Via Pasquale Galluppi;12;45.0441291;7.6610968;Abitazione;Dal 1946 al 1960;Nessuno;Patrimonio indisponibile;Utilizzato direttamente;Altro;;;;1;False
691263;L219;1380;4;15;58.0;FABBRICATO;Via Pasquale Galluppi;12;45.0441291;7.6610968;Abitazione;Dal 1946 al 1960;Nessuno;Patrimonio indisponibile;Utilizzato direttamente;Altro;;;;1;False
691264;L219;1380;4;16;60.0;FABBRICATO;Via Pasquale Galluppi;12;45.0441291;7.6610968;Abitazione;Dal 1946 al 1960;Nessuno;Patrimonio indisponibile;Utilizzato direttamente;Altro;;;;1;False
691265;L219;1380;4;17;61.0;FABBRICATO;Via Pasquale Galluppi;12;45.0441291;7.6610968;Abitazione;Dal 1946 al 1960;Nessuno;Patrimonio indisponibile;Utilizzato direttamente;Altro;;;;1;False
691266;L219;1380;4;18;52.0;FABBRICATO;Via Pasquale Galluppi;12;45.0441291;7.6610968;Abitazione;Dal 1946 al 1960;Nessuno;Patrimonio indisponibile;Utilizzato direttamente;Altro;;;;1;False
691267;L219;1380;4;19;60.0;FABBRICATO;Via Pasquale Galluppi;12;45.0441291;7.6610968;Abitazione;Dal 1946 al 1960;Nessuno;Patrimonio indisponibile;Utilizzato direttamente;Altro;;;;1;False
691268;L219;1380;4;2;53.0;FABBRICATO;Via Pasquale Galluppi;12;45.0441291;7.6610968;Abitazione;Dal 1946 al 1960;Nessuno;Patrimonio indisponibile;Utilizzato direttamente;Altro;;;;1;False
691269;L219;1380;4;20;60.0;FABBRICATO;Via Pasquale Galluppi;12;45.0441291;7.6610968;Abitazione;Dal 1946 al 1960;Nessuno;Patrimonio indisponibile;Utilizzato direttamente;Altro;;;;1;False
691270;L219;1380;4;21;35.0;FABBRICATO;Via Pasquale Galluppi;12;45.0441291;7.6610968;Cantina, soffitta, rimessa, box, garage, posto auto aperto/scoperto,;Dal 1946 al 1960;Nessuno;Patrimonio indisponibile;Utilizzato direttamente;Altro;;;;1;False
691271;L219;1380;4;3;59.0;FABBRICATO;Via Pasquale Galluppi;12;45.0441291;7.6610968;Abitazione;Dal 1946 al 1960;Nessuno;Patrimonio indisponibile;Utilizzato direttamente;Altro;;;;1;False
691272;L219;1380;4;4;59.0;FABBRICATO;Via Pasquale Galluppi;12;45.0441291;7.6610968;Abitazione;Dal 1946 al 1960;Nessuno;Patrimonio indisponibile;Utilizzato direttamente;Altro;;;;1;False
691273;L219;1380;4;5;60.0;FABBRICATO;Via Pasquale Galluppi;12;45.0441291;7.6610968;Abitazione;Dal 1946 al 1960;Nessuno;Patrimonio indisponibile;Utilizzato direttamente;Altro;;;;1;False
691274;L219;1380;4;6;52.0;FABBRICATO;Via Pasquale Galluppi;12;45.0441291;7.6610968;Abitazione;Dal 1946 al 1960;Nessuno;Patrimonio indisponibile;Utilizzato direttamente;Altro;;;;1;False
691275;L219;1380;4;7;58.0;FABBRICATO;Via Pasquale Galluppi;12;45.0441291;7.6610968;Abitazione;Dal 1946 al 1960;Nessuno;Patrimonio indisponibile;Utilizzato direttamente;Altro;;;;1;False
691276;L219;1380;4;8;60.0;FABBRICATO;Via Pasquale Galluppi;12;45.0441291;7.6610968;Abitazione;Dal 1946 al 1960;Nessuno;Patrimonio indisponibile;Utilizzato direttamente;Altro;;;;1;False
691277;L219;1380;4;9;60.0;FABBRICATO;Via Pasquale Galluppi;12;45.0441291;7.6610968;Abitazione;Dal 1946 al 1960;Nessuno;Patrimonio indisponibile;Utilizzato direttamente;Altro;;;;1;False
691278;L219;1380;5;1;69.0;FABBRICATO;Via Tunisi;9;45.0438911;7.6602667;Abitazione;Dal 1946 al 1960;Nessuno;Patrimonio indisponibile;Utilizzato direttamente;Altro;;;;1;False
691279;L219;1380;5;11;80.0;FABBRICATO;Via Tunisi;9;45.0438911;7.6602667;Abitazione;Dal 1946 al 1960;Nessuno;Patrimonio indisponibile;Utilizzato direttamente;Altro;;;;1;False
691280;L219;1380;5;12;94.0;FABBRICATO;Via Tunisi;9;45.0438911;7.6602667;Abitazione;Dal 1946 al 1960;Nessuno;Patrimonio indisponibile;Utilizzato direttamente;Altro;;;;1;False
691281;L219;1380;5;23;58.0;FABBRICATO;Via Tunisi;11;45.0438911;7.6602667;Abitazione;Dal 1946 al 1960;Nessuno;Patrimonio indisponibile;Utilizzato direttamente;Altro;;;;1;False
691282;L219;1380;5;25;59.0;FABBRICATO;Via Tunisi;11;45.0438911;7.6602667;Abitazione;Dal 1946 al 1960;Nessuno;Patrimonio indisponibile;Utilizzato direttamente;Altro;;;;1;False
691283;L219;1380;5;34;78.0;FABBRICATO;Via Tunisi;13;45.0438911;7.6602667;Abitazione;Dal 1946 al 1960;Nessuno;Patrimonio indisponibile;Utilizzato direttamente;Altro;;;;1;False
691284;L219;1380;5;38;95.0;FABBRICATO;Via Tunisi;13;45.0438911;7.6602667;Abitazione;Dal 1946 al 1960;Nessuno;Patrimonio indisponibile;Utilizzato direttamente;Altro;;;;1;False
691285;L219;1380;5;43;81.0;FABBRICATO;Via Tunisi;13;45.0438911;7.6602667;Abitazione;Dal 1946 al 1960;Nessuno;Patrimonio indisponibile;Utilizzato direttamente;Altro;;;;1;False
691286;L219;1380;6;1;60.0;FABBRICATO;Via Pasquale Galluppi;12;45.0437173;7.6606792;Abitazione;Dal 1946 al 1960;Nessuno;Patrimonio indisponibile;Utilizzato direttamente;Altro;;;;1;False
691287;L219;1380;6;10;54.0;FABBRICATO;Via Pasquale Galluppi;12;45.0437173;7.6606792;Abitazione;Dal 1946 al 1960;Nessuno;Patrimonio indisponibile;Utilizzato direttamente;Altro;;;;1;False
691288;L219;1380;6;11;59.0;FABBRICATO;Via Pasquale Galluppi;12;45.0437173;7.6606792;Abitazione;Dal 1946 al 1960;Nessuno;Patrimonio indisponibile;Utilizzato direttamente;Altro;;;;1;False
691289;L219;1380;6;12;59.0;FABBRICATO;Via Pasquale Galluppi;12;45.0437173;7.6606792;Abitazione;Dal 1946 al 1960;Nessuno;Patrimonio indisponibile;Utilizzato direttamente;Altro;;;;1;False
691290;L219;1380;6;13;60.0;FABBRICATO;Via Pasquale Galluppi;12;45.0437173;7.6606792;Abitazione;Dal 1946 al 1960;Nessuno;Patrimonio indisponibile;Utilizzato direttamente;Altro;;;;1;False
691291;L219;1380;6;14;53.0;FABBRICATO;Via Pasquale Galluppi;12;45.0437173;7.6606792;Abitazione;Dal 1946 al 1960;Nessuno;Patrimonio indisponibile;Utilizzato direttamente;Altro;;;;1;False
691292;L219;1380;6;15;60.0;FABBRICATO;Via Pasquale Galluppi;12;45.0437173;7.6606792;Abitazione;Dal 1946 al 1960;Nessuno;Patrimonio indisponibile;Utilizzato direttamente;Altro;;;;1;False
691293;L219;1380;6;16;60.0;FABBRICATO;Via Pasquale Galluppi;12;45.0437173;7.6606792;Abitazione;Dal 1946 al 1960;Nessuno;Patrimonio indisponibile;Utilizzato direttamente;Altro;;;;1;False
691294;L219;1380;6;17;60.0;FABBRICATO;Via Pasquale Galluppi;12;45.0437173;7.6606792;Abitazione;Dal 1946 al 1960;Nessuno;Patrimonio indisponibile;Utilizzato direttamente;Altro;;;;1;False
691295;L219;1380;6;18;52.0;FABBRICATO;Via Pasquale Galluppi;12;45.0437173;7.6606792;Abitazione;Dal 1946 al 1960;Nessuno;Patrimonio indisponibile;Utilizzato direttamente;Altro;;;;1;False
691296;L219;1380;6;19;59.0;FABBRICATO;Via Pasquale Galluppi;12;45.0437173;7.6606792;Abitazione;Dal 1946 al 1960;Nessuno;Patrimonio indisponibile;Utilizzato direttamente;Altro;;;;1;False
691297;L219;1380;6;2;54.0;FABBRICATO;Via Pasquale Galluppi;12;45.0437173;7.6606792;Abitazione;Dal 1946 al 1960;Nessuno;Patrimonio indisponibile;Utilizzato direttamente;Altro;;;;1;False
691298;L219;1380;6;20;61.0;FABBRICATO;Via Pasquale Galluppi;12;45.0437173;7.6606792;Abitazione;Dal 1946 al 1960;Nessuno;Patrimonio indisponibile;Utilizzato direttamente;Altro;;;;1;False
691299;L219;1380;6;21;35.0;FABBRICATO;Via Pasquale Galluppi;12;45.0437173;7.6606792;Cantina, soffitta, rimessa, box, garage, posto auto aperto/scoperto,;Dal 1946 al 1960;Nessuno;Patrimonio indisponibile;Utilizzato direttamente;Altro;;;;1;False
691300;L219;1380;6;3;59.0;FABBRICATO;Via Pasquale Galluppi;12;45.0437173;7.6606792;Abitazione;Dal 1946 al 1960;Nessuno;Patrimonio indisponibile;Utilizzato direttamente;Altro;;;;1;False
691301;L219;1380;6;4;60.0;FABBRICATO;Via Pasquale Galluppi;12;45.0437173;7.6606792;Abitazione;Dal 1946 al 1960;Nessuno;Patrimonio indisponibile;Utilizzato direttamente;Altro;;;;1;False
691302;L219;1380;6;5;61.0;FABBRICATO;Via Pasquale Galluppi;12;45.0437173;7.6606792;Abitazione;Dal 1946 al 1960;Nessuno;Patrimonio indisponibile;Utilizzato direttamente;Altro;;;;1;False
691303;L219;1380;6;6;53.0;FABBRICATO;Via Pasquale Galluppi;12;45.0437173;7.6606792;Abitazione;Dal 1946 al 1960;Nessuno;Patrimonio indisponibile;Utilizzato direttamente;Altro;;;;1;False
691304;L219;1380;6;7;60.0;FABBRICATO;Via Pasquale Galluppi;12;45.0437173;7.6606792;Abitazione;Dal 1946 al 1960;Nessuno;Patrimonio indisponibile;Utilizzato direttamente;Altro;;;;1;False
691305;L219;1380;6;8;61.0;FABBRICATO;Via Pasquale Galluppi;12;45.0437173;7.6606792;Abitazione;Dal 1946 al 1960;Nessuno;Patrimonio indisponibile;Utilizzato direttamente;Altro;;;;1;False
691306;L219;1380;6;9;61.0;FABBRICATO;Via Pasquale Galluppi;12;45.0437173;7.6606792;Abitazione;Dal 1946 al 1960;Nessuno;Patrimonio indisponibile;Utilizzato direttamente;Altro;;;;1;False
691307;L219;1188;4;11;69.0;FABBRICATO;Via Caresana;7;45.0876244;7.7054755;Abitazione;Dal 1919 al 1945;Nessuno;Patrimonio indisponibile;Utilizzato direttamente;Altro;;;;1;False
691308;L219;1188;4;12;70.0;FABBRICATO;Via Caresana;7;45.0876244;7.7054755;Abitazione;Dal 1919 al 1945;Nessuno;Patrimonio indisponibile;Utilizzato direttamente;Altro;;;;1;False
691309;L219;1188;4;13;68.0;FABBRICATO;Via Caresana;7;45.0876244;7.7054755;Abitazione;Dal 1919 al 1945;Nessuno;Patrimonio indisponibile;Utilizzato direttamente;Altro;;;;1;False
691310;L219;1188;4;19;68.0;FABBRICATO;Via Caresana;9;45.0876244;7.7054755;Abitazione;Dal 1919 al 1945;Nessuno;Patrimonio indisponibile;Utilizzato direttamente;Altro;;;;1;False
691311;L219;1188;4;2;91.0;FABBRICATO;Via Caresana;5;45.0876244;7.7054755;Abitazione;Dal 1919 al 1945;Nessuno;Patrimonio indisponibile;Utilizzato direttamente;Altro;;;;1;False
691312;L219;1188;4;20;71.0;FABBRICATO;Via Caresana;9;45.0876244;7.7054755;Abitazione;Dal 1919 al 1945;Nessuno;Patrimonio indisponibile;Utilizzato direttamente;Altro;;;;1;False
691313;L219;1188;4;24;71.0;FABBRICATO;Via Caresana;9;45.0876244;7.7054755;Abitazione;Dal 1919 al 1945;Nessuno;Patrimonio indisponibile;Utilizzato direttamente;Altro;;;;1;False
691314;L219;1188;4;27;75.0;FABBRICATO;Via Caresana;11;45.0876244;7.7054755;Abitazione;Dal 1919 al 1945;Nessuno;Patrimonio indisponibile;Utilizzato direttamente;Altro;;;;1;False
691315;L219;1188;4;28;70.0;FABBRICATO;Via Caresana;11;45.0876244;7.7054755;Abitazione;Dal 1919 al 1945;Nessuno;Patrimonio indisponibile;Utilizzato direttamente;Altro;;;;1;False
691316;L219;1188;4;3;68.0;FABBRICATO;Via Caresana;5;45.0876244;7.7054755;Abitazione;Dal 1919 al 1945;Nessuno;Patrimonio indisponibile;Utilizzato direttamente;Altro;;;;1;False
691317;L219;1188;4;30;73.0;FABBRICATO;Via Caresana;11;45.0876244;7.7054755;Abitazione;Dal 1919 al 1945;Nessuno;Patrimonio indisponibile;Utilizzato direttamente;Altro;;;;1;False
691318;L219;1188;4;34;105.0;FABBRICATO;Via Caresana;11;45.0876244;7.7054755;Abitazione;Dal 1919 al 1945;Nessuno;Patrimonio indisponibile;Utilizzato direttamente;Altro;;;;1;False
691319;L219;1188;4;35;24.0;FABBRICATO;Via Caresana;3;45.0876244;7.7054755;Cantina, soffitta, rimessa, box, garage, posto auto aperto/scoperto,;Dal 1919 al 1945;Nessuno;Patrimonio indisponibile;Utilizzato direttamente;Altro;;;;1;False
691320;L219;1188;4;6;98.0;FABBRICATO;Via Caresana;5;45.0876244;7.7054755;Abitazione;Dal 1919 al 1945;Nessuno;Patrimonio indisponibile;Utilizzato direttamente;Altro;;;;1;False
691321;L219;1188;4;7;69.0;FABBRICATO;Via Caresana;5;45.0876244;7.7054755;Abitazione;Dal 1919 al 1945;Nessuno;Patrimonio indisponibile;Utilizzato direttamente;Altro;;;;1;False
691322;L219;1188;4;8;93.0;FABBRICATO;Via Caresana;5;45.0876244;7.7054755;Abitazione;Dal 1919 al 1945;Nessuno;Patrimonio indisponibile;Utilizzato direttamente;Altro;;;;1;False
691323;L219;1388;378;3;884.0;FABBRICATO;via romita giuseppe;19;45.047983;7.6261775;Edificio scolastico (es.: scuola di ogni ordine e grado, università, scuola di formazione);Dal 1991 al 2000;Nessuno;Patrimonio indisponibile;Utilizzato direttamente;Attività didattica;;;;1;False
691324;L219;1388;378;4;102.0;FABBRICATO;Via Giacomo Balla;27;45.047983;7.6261775;Abitazione;Dal 1971 al 1980;Nessuno;Patrimonio indisponibile;Utilizzato direttamente;Alloggio di servizio, foresterie;;;;1;False
691325;L219;1388;378;5;106.0;FABBRICATO;Via Giacomo Balla;27;45.047983;7.6261775;Abitazione;Dal 1971 al 1980;Nessuno;Patrimonio indisponibile;Utilizzato direttamente;Alloggio di servizio, foresterie;;;;1;False
691326;L219;1388;378;6;106.0;FABBRICATO;via romita giuseppe;19;45.047983;7.6261775;Abitazione;Dal 1971 al 1980;Nessuno;Patrimonio indisponibile;Utilizzato direttamente;Alloggio di servizio, foresterie;;;;1;False
691328;L219;1389;156;11;108.0;FABBRICATO;Corso Canonico Giuseppe Allamano;60;45.0512727;7.6236367;Abitazione;Dal 1981 al 1990;Nessuno;Patrimonio indisponibile;Utilizzato direttamente;Altro;;;;1;False
691329;L219;1389;156;12;88.0;FABBRICATO;Corso Canonico Giuseppe Allamano;60;45.0512727;7.6236367;Abitazione;Dal 1981 al 1990;Nessuno;Patrimonio indisponibile;Utilizzato direttamente;Altro;;;;1;False
691331;L219;1389;156;2;33.0;FABBRICATO;Corso Canonico Giuseppe Allamano;60;45.0512727;7.6236367;Cantina, soffitta, rimessa, box, garage, posto auto aperto/scoperto,;Dal 1981 al 1990;Nessuno;Patrimonio indisponibile;Utilizzato direttamente;Altro;;;;1;False
691332;L219;1389;156;23;110.0;FABBRICATO;Corso Canonico Giuseppe Allamano;60;45.0512727;7.6236367;Abitazione;Dal 1981 al 1990;Nessuno;Patrimonio indisponibile;Utilizzato direttamente;Altro;;;;1;False
691333;L219;1389;156;3;89.0;FABBRICATO;Corso Canonico Giuseppe Allamano;60;45.0512727;7.6236367;Magazzino e locali di deposito;Dal 1981 al 1990;Nessuno;Patrimonio indisponibile;Utilizzato direttamente;Altro;;;;1;False
691334;L219;1389;156;30;94.0;FABBRICATO;Corso Canonico Giuseppe Allamano;60;45.0512727;7.6236367;Abitazione;Dal 1981 al 1990;Nessuno;Patrimonio indisponibile;Utilizzato direttamente;Altro;;;;1;False
691335;L219;1389;156;32;121.0;FABBRICATO;Corso Canonico Giuseppe Allamano;60;45.0512727;7.6236367;Abitazione;Dal 1981 al 1990;Nessuno;Patrimonio indisponibile;Utilizzato direttamente;Altro;;;;1;False
691336;L219;1389;156;39;102.0;FABBRICATO;Corso Canonico Giuseppe Allamano;60;45.0512727;7.6236367;Abitazione;Dal 1981 al 1990;Nessuno;Patrimonio indisponibile;Utilizzato direttamente;Altro;;;;1;False
691337;L219;1389;156;42;111.0;FABBRICATO;Corso Canonico Giuseppe Allamano;60;45.0512727;7.6236367;Abitazione;Dal 1981 al 1990;Nessuno;Patrimonio indisponibile;Utilizzato direttamente;Altro;;;;1;False
691338;L219;1389;156;46;108.0;FABBRICATO;Corso Canonico Giuseppe Allamano;60;45.0512727;7.6236367;Abitazione;Dal 1981 al 1990;Nessuno;Patrimonio indisponibile;Utilizzato direttamente;Altro;;;;1;False
691339;L219;1389;156;48;102.0;FABBRICATO;Corso Canonico Giuseppe Allamano;60;45.0512727;7.6236367;Abitazione;Dal 1981 al 1990;Nessuno;Patrimonio indisponibile;Utilizzato direttamente;Altro;;;;1;False
691340;L219;1389;156;50;109.0;FABBRICATO;Corso Canonico Giuseppe Allamano;60;45.0512727;7.6236367;Abitazione;Dal 1981 al 1990;Nessuno;Patrimonio indisponibile;Utilizzato direttamente;Altro;;;;1;False
691341;L219;1389;156;51;112.0;FABBRICATO;Corso Canonico Giuseppe Allamano;60;45.0512727;7.6236367;Abitazione;Dal 1981 al 1990;Nessuno;Patrimonio indisponibile;Utilizzato direttamente;Altro;;;;1;False
691342;L219;1389;156;54;86.0;FABBRICATO;Corso Canonico Giuseppe Allamano;60;45.0512727;7.6236367;Abitazione;Dal 1981 al 1990;Nessuno;Patrimonio indisponibile;Utilizzato direttamente;Altro;;;;1;False
691343;L219;1389;156;60;110.0;FABBRICATO;Corso Canonico Giuseppe Allamano;60;45.0512727;7.6236367;Abitazione;Dal 1981 al 1990;Nessuno;Patrimonio indisponibile;Utilizzato direttamente;Altro;;;;1;False
691344;L219;1389;156;63;88.0;FABBRICATO;Corso Canonico Giuseppe Allamano;60;45.0512727;7.6236367;Abitazione;Dal 1981 al 1990;Nessuno;Patrimonio indisponibile;Utilizzato direttamente;Altro;;;;1;False
691345;L219;1389;156;67;101.0;FABBRICATO;Corso Canonico Giuseppe Allamano;60;45.0512727;7.6236367;Abitazione;Dal 1981 al 1990;Nessuno;Patrimonio indisponibile;Utilizzato direttamente;Altro;;;;1;False
691346;L219;1389;156;74;114.0;FABBRICATO;Corso Canonico Giuseppe Allamano;60;45.0512727;7.6236367;Abitazione;Dal 1981 al 1990;Nessuno;Patrimonio indisponibile;Utilizzato direttamente;Altro;;;;1;False
691347;L219;1389;156;79;88.0;FABBRICATO;Corso Canonico Giuseppe Allamano;60;45.0512727;7.6236367;Abitazione;Dal 1981 al 1990;Nessuno;Patrimonio indisponibile;Utilizzato direttamente;Altro;;;;1;False
691348;L219;1389;156;8;84.0;FABBRICATO;Corso Canonico Giuseppe Allamano;60;45.0512727;7.6236367;Abitazione;Dal 1981 al 1990;Nessuno;Patrimonio indisponibile;Utilizzato direttamente;Altro;;;;1;False
691349;L219;1389;156;83;115.0;FABBRICATO;Corso Canonico Giuseppe Allamano;60;45.0512727;7.6236367;Abitazione;Dal 1981 al 1990;Nessuno;Patrimonio indisponibile;Utilizzato direttamente;Altro;;;;1;False
691350;L219;1389;156;86;110.0;FABBRICATO;Corso Canonico Giuseppe Allamano;60;45.0512727;7.6236367;Abitazione;Dal 1981 al 1990;Nessuno;Patrimonio indisponibile;Utilizzato direttamente;Altro;;;;1;False
691351;L219;1389;156;90;86.0;FABBRICATO;Corso Canonico Giuseppe Allamano;60;45.0512727;7.6236367;Abitazione;Dal 1981 al 1990;Nessuno;Patrimonio indisponibile;Utilizzato direttamente;Altro;;;;1;False
691352;L219;1389;156;92;108.0;FABBRICATO;Corso Canonico Giuseppe Allamano;60;45.0512727;7.6236367;Abitazione;Dal 1981 al 1990;Nessuno;Patrimonio indisponibile;Utilizzato direttamente;Altro;;;;1;False
691353;L219;1389;156;94;87.0;FABBRICATO;Corso Canonico Giuseppe Allamano;60;45.0512727;7.6236367;Abitazione;Dal 1981 al 1990;Nessuno;Patrimonio indisponibile;Utilizzato direttamente;Altro;;;;1;False
691355;L219;1188;46;2;94.0;FABBRICATO;Via Amilcare Ponchielli;68;45.0845722;7.7057968;Abitazione;Dal 1946 al 1960;Nessuno;Patrimonio indisponibile;Utilizzato direttamente;Alloggio di servizio, foresterie;;;;1;False
691356;L219;1188;46;3;109.0;FABBRICATO;Via Amilcare Ponchielli;68;45.0845722;7.7057968;Abitazione;Dal 1946 al 1960;Nessuno;Patrimonio indisponibile;Utilizzato direttamente;Alloggio di servizio, foresterie;;;;1;False
691357;L219;1188;51;4;8651.25;FABBRICATO;via tollegno;83;45.0886447;7.7054337;Edificio scolastico (es.: scuola di ogni ordine e grado, università, scuola di formazione);Dal 1991 al 2000;Nessuno;Patrimonio indisponibile;Utilizzato direttamente;Attività didattica;;;;1;False
691359;L219;1188;51;6;105.0;FABBRICATO;via tollegno;83;45.0886447;7.7054337;Abitazione;Dal 1971 al 1980;Nessuno;Patrimonio indisponibile;Utilizzato direttamente;Alloggio di servizio, foresterie;;;;1;False
691360;L219;1188;51;7;15.0;FABBRICATO;via tollegno;83;45.0886447;7.7054337;Cantina, soffitta, rimessa, box, garage, posto auto aperto/scoperto,;Dal 1971 al 1980;Nessuno;Patrimonio indisponibile;Utilizzato direttamente;Attività didattica;;;;1;False
691361;L219;1188;59;2;67.0;FABBRICATO;via petrella errico;40;45.0895169;7.7044804;Abitazione;Dal 1971 al 1980;Nessuno;Patrimonio indisponibile;Utilizzato direttamente;Alloggio di servizio, foresterie;;;;1;False
691362;L219;1188;59;3;325.0;FABBRICATO;via petrella errico;40;45.0895169;7.7044804;Impianto sportivo;Dal 1971 al 1980;Nessuno;Patrimonio indisponibile;Utilizzato direttamente;Attività sportiva, ricreativa e di intrattenimento;;;;1;False
691363;L219;1188;6;1;32.0;FABBRICATO;VIA TOLLEGNO;SNC;45.0875386;7.705208;Abitazione;Dal 1919 al 1945;Nessuno;Patrimonio indisponibile;Utilizzato direttamente;Altro;;;;1;False
691364;L219;1188;6;11;69.0;FABBRICATO;Via Borriana;8;45.0875386;7.705208;Abitazione;Dal 1919 al 1945;Nessuno;Patrimonio indisponibile;Utilizzato direttamente;Altro;;;;1;False
691365;L219;1188;6;14;69.0;FABBRICATO;Via Borriana;8;45.0875386;7.705208;Abitazione;Dal 1919 al 1945;Nessuno;Patrimonio indisponibile;Utilizzato direttamente;Altro;;;;1;False
691366;L219;1188;6;18;70.0;FABBRICATO;Via Borriana;10;45.0875386;7.705208;Abitazione;Dal 1919 al 1945;Nessuno;Patrimonio indisponibile;Utilizzato direttamente;Altro;;;;1;False
691367;L219;1188;6;19;69.0;FABBRICATO;Via Borriana;10;45.0875386;7.705208;Abitazione;Dal 1919 al 1945;Nessuno;Patrimonio indisponibile;Utilizzato direttamente;Altro;;;;1;False
691368;L219;1188;6;2;95.0;FABBRICATO;Via Borriana;6;45.0875386;7.705208;Abitazione;Dal 1919 al 1945;Nessuno;Patrimonio indisponibile;Utilizzato direttamente;Altro;;;;1;False
691369;L219;1188;6;22;71.0;FABBRICATO;Via Borriana;10;45.0875386;7.705208;Abitazione;Dal 1919 al 1945;Nessuno;Patrimonio indisponibile;Utilizzato direttamente;Altro;;;;1;False
691370;L219;1188;6;23;70.0;FABBRICATO;Via Borriana;10;45.0875386;7.705208;Abitazione;Dal 1919 al 1945;Nessuno;Patrimonio indisponibile;Utilizzato direttamente;Altro;;;;1;False
691371;L219;1188;6;26;104.0;FABBRICATO;Via Borriana;12;45.0875386;7.705208;Abitazione;Dal 1919 al 1945;Nessuno;Patrimonio indisponibile;Utilizzato direttamente;Altro;;;;1;False
691372;L219;1188;6;28;50.0;FABBRICATO;Via Borriana;12;45.0875386;7.705208;Abitazione;Dal 1919 al 1945;Nessuno;Patrimonio indisponibile;Utilizzato direttamente;Altro;;;;1;False
691373;L219;1188;6;4;94.0;FABBRICATO;Via Borriana;6;45.0875386;7.705208;Abitazione;Dal 1919 al 1945;Nessuno;Patrimonio indisponibile;Utilizzato direttamente;Altro;;;;1;False
691374;L219;1188;6;5;69.0;FABBRICATO;Via Borriana;6;45.0875386;7.705208;Abitazione;Dal 1919 al 1945;Nessuno;Patrimonio indisponibile;Utilizzato direttamente;Altro;;;;1;False
691375;L219;1188;6;6;94.0;FABBRICATO;Via Borriana;6;45.0875386;7.705208;Abitazione;Dal 1919 al 1945;Nessuno;Patrimonio indisponibile;Utilizzato direttamente;Altro;;;;1;False
691376;L219;1188;6;8;93.0;FABBRICATO;Via Borriana;6;45.0875386;7.705208;Abitazione;Dal 1919 al 1945;Nessuno;Patrimonio indisponibile;Utilizzato direttamente;Altro;;;;1;False
691377;L219;1188;6;9;69.0;FABBRICATO;Via Borriana;6;45.0875386;7.705208;Abitazione;Dal 1919 al 1945;Nessuno;Patrimonio indisponibile;Utilizzato direttamente;Altro;;;;1;False
691378;L219;1102;49;2;993.0;FABBRICATO;via mercadante saverio;129;45.09813509;7.70275865;Edificio scolastico (es.: scuola di ogni ordine e grado, università, scuola di formazione);Dal 1971 al 1980;Nessuno;Patrimonio indisponibile;Utilizzato direttamente;Attività didattica;;;;1;False
691379;L219;1102;49;3;82.0;FABBRICATO;via mercadante saverio;129;45.09813509;7.70275865;Abitazione;Dal 1971 al 1980;Nessuno;Patrimonio indisponibile;Utilizzato direttamente;Alloggio di servizio, foresterie;;;;1;False
691409;L219;120;396;2;120.0;FABBRICATO;via nizza;395;45.017904;7.6622188;Abitazione;Dal 1919 al 1945;Nessuno;Patrimonio indisponibile;Utilizzato direttamente;Alloggio di servizio, foresterie;;;;1;False
691410;L219;120;397;1;56.0;FABBRICATO;via nizza;395;45.017904;7.6622188;Abitazione;Dal 1919 al 1945;Nessuno;Patrimonio indisponibile;Utilizzato direttamente;Alloggio di servizio, foresterie;;;;1;False
691419;L219;1204;57;;54.0;FABBRICATO;Strada Comunale di Mongreno;76;45.0766152;7.7385811;Abitazione;Dal 1946 al 1960;Nessuno;Patrimonio disponibile;;Non Dichiarato;in locazione;2029.0;01/08/2006;1;False
691420;L219;1204;98;37;216.0;FABBRICATO;Strada Comunale di Mongreno;79;45.076558;7.7394235;Abitazione;Dal 1991 al 2000;Nessuno;Patrimonio disponibile;Utilizzato direttamente;Altro;;;;1;False
691421;L219;1204;98;68;50.0;FABBRICATO;Strada Comunale di Mongreno;79;45.076558;7.7394235;Parcheggio collettivo;Dal 1991 al 2000;Nessuno;Patrimonio disponibile;Utilizzato direttamente;Altro;;;;1;False
691422;L219;1207;280;1;3028.5;FABBRICATO;Strada Alta di Mongreno;53;45.078427;7.7380451;Edificio scolastico (es.: scuola di ogni ordine e grado, università, scuola di formazione);Dal 1919 al 1945;Dichiarazione di interesse culturale;Demanio;Utilizzato direttamente;Attività didattica;;;;1;False
691423;L219;1207;280;2;285.0;FABBRICATO;Strada Alta di Mongreno;53;45.078427;7.7380451;Edificio scolastico (es.: scuola di ogni ordine e grado, università, scuola di formazione);Dal 1919 al 1945;Dichiarazione di interesse culturale;Demanio;Utilizzato direttamente;Attività didattica;;;;1;False
691424;L219;1207;280;3;285.0;FABBRICATO;Strada Alta di Mongreno;53;45.078427;7.7380451;Edificio scolastico (es.: scuola di ogni ordine e grado, università, scuola di formazione);Dal 1919 al 1945;Dichiarazione di interesse culturale;Demanio;Utilizzato direttamente;Attività didattica;;;;1;False
691425;L219;1207;43;;720.0;FABBRICATO;Strada al Traforo di Pino;15;45.0810433;7.7335789;Caserma;Dal 1981 al 1990;Nessuno;Patrimonio disponibile;Utilizzato direttamente;Servizi ordine pubblico, sicurezza nazionale e militare;;;;1;False
691426;L219;1207;438;3;32.0;FABBRICATO;Strada Alta di Mongreno;72;45.0767279;7.7382279;Abitazione;Prima del 1919;Dichiarazione di interesse culturale;Demanio;Utilizzato direttamente;Alloggio di servizio, foresterie;;;;1;False
691427;L219;1207;438;4;75.0;FABBRICATO;Strada Alta di Mongreno;72;45.0767279;7.7382279;Abitazione;Prima del 1919;Dichiarazione di interesse culturale;Demanio;Utilizzato direttamente;Alloggio di servizio, foresterie;;;;1;False
691428;L219;1207;482;2;4441.25;FABBRICATO;Via Alfredo Catalani;4;45.0764667;7.73004;Edificio scolastico (es.: scuola di ogni ordine e grado, università, scuola di formazione);Dal 1971 al 1980;Nessuno;Patrimonio indisponibile;Utilizzato direttamente;Attività didattica;;;;1;False
691429;L219;1207;482;3;108.0;FABBRICATO;Via Alfredo Catalani;4;45.0764667;7.73004;Abitazione;Dal 1971 al 1980;Nessuno;Patrimonio indisponibile;Utilizzato direttamente;Alloggio di servizio, foresterie;;;;1;False
691430;L219;1391;169;;914.25;FABBRICATO;via pinchia carlo;8;45.037586;7.626327;Edificio scolastico (es.: scuola di ogni ordine e grado, università, scuola di formazione);Dal 1961 al 1970;Nessuno;Patrimonio indisponibile;Utilizzato direttamente;Altro;;;;1;False
691431;L219;1391;174;3;18000.0;FABBRICATO;Via Ignazio Collino;12;45.0397013;7.6235235;Edificio scolastico (es.: scuola di ogni ordine e grado, università, scuola di formazione);Dal 1991 al 2000;Nessuno;Patrimonio indisponibile;Utilizzato direttamente;Attività didattica;;;;1;False
691432;L219;1391;174;4;94.0;FABBRICATO;Via Ignazio Collino;12;45.0397013;7.6235235;Abitazione;Dal 1971 al 1980;Nessuno;Patrimonio indisponibile;Utilizzato direttamente;Alloggio di servizio, foresterie;;;;1;False
691433;L219;1391;174;5;87.0;FABBRICATO;Via Ignazio Collino;12;45.0397013;7.6235235;Abitazione;Dal 1971 al 1980;Nessuno;Patrimonio indisponibile;Utilizzato direttamente;Alloggio di servizio, foresterie;;;;1;False
691434;L219;1391;174;6;711.0;FABBRICATO;Via Ignazio Collino;12;45.0397013;7.6235235;Impianto sportivo;Dal 1971 al 1980;Nessuno;Patrimonio indisponibile;Utilizzato direttamente;Attività sportiva, ricreativa e di intrattenimento;;;;1;False
691435;L219;1391;183;1;3137.14;FABBRICATO;via gaidano paolo;76;45.0409906;7.6246726;Ufficio strutturato ed assimilabili;Prima del 1919;Nessuno;Patrimonio indisponibile;Utilizzato direttamente;Attività artistica e culturale;;;;1;False
691436;L219;1211;35;2;3996.0;FABBRICATO;via ragazzoni ernesto;5;45.0791468;7.7175171;Impianto sportivo;Dal 1971 al 1980;Nessuno;Patrimonio indisponibile;Utilizzato direttamente;Attività sportiva, ricreativa e di intrattenimento;;;;1;False
691437;L219;1211;35;3;85.0;FABBRICATO;via ragazzoni ernesto;5;45.0791468;7.7175171;Abitazione;Dal 1971 al 1980;Nessuno;Patrimonio indisponibile;Utilizzato direttamente;Alloggio di servizio, foresterie;;;;1;False
691439;L219;1108;236;;959.25;FABBRICATO;Via Assisi;33;45.0960249;7.6676987;Edificio scolastico (es.: scuola di ogni ordine e grado, università, scuola di formazione);Dal 1919 al 1945;Dichiarazione di interesse culturale;Demanio;Utilizzato direttamente;Attività didattica;;;;1;False
691440;L219;1108;245;1;851.0;FABBRICATO;via verolengo;46;45.0955827;7.6679907;Edificio scolastico (es.: scuola di ogni ordine e grado, università, scuola di formazione);Dal 1919 al 1945;Dichiarazione di interesse culturale;Demanio;Utilizzato direttamente;Attività didattica;;;;1;False
691442;L219;1108;245;4;83.0;FABBRICATO;via verolengo;46;45.0955827;7.6679907;Abitazione;Dal 1919 al 1945;Dichiarazione di interesse culturale;Demanio;Utilizzato direttamente;Alloggio di servizio, foresterie;;;;1;False
691443;L219;1108;245;5;48.0;FABBRICATO;via verolengo;46;45.0955827;7.6679907;Ufficio strutturato ed assimilabili;Dal 1919 al 1945;Dichiarazione di interesse culturale;Demanio;Utilizzato direttamente;Attività amministrativa/uffici pubblici;;;;1;False
691444;L219;1211;41;2;77.0;FABBRICATO;VIA ALERAMO SIBILLA;9;45.0794547;7.719166;Abitazione;Dal 1971 al 1980;Nessuno;Patrimonio indisponibile;Utilizzato direttamente;Alloggio di servizio, foresterie;;;;1;False
691446;L219;1212;102;1;72.0;FABBRICATO;Via Carlo Michele Buscalioni;23;45.0761875;7.7016374;Abitazione;Prima del 1919;Nessuno;Patrimonio indisponibile;Utilizzato direttamente;Attività amministrativa/uffici pubblici;;;;1;False
691447;L219;1212;102;2;329.0;FABBRICATO;Via Carlo Michele Buscalioni;23;45.0761875;7.7016374;Magazzino e locali di deposito;Prima del 1919;Nessuno;Patrimonio indisponibile;Utilizzato direttamente;Attività amministrativa/uffici pubblici;;;;1;False
691448;L219;1212;102;3;72.0;FABBRICATO;Via Carlo Michele Buscalioni;23;45.0761875;7.7016374;Abitazione;Prima del 1919;Nessuno;Patrimonio indisponibile;Utilizzato direttamente;Attività amministrativa/uffici pubblici;;;;1;False
691449;L219;1109;119;2;54.0;FABBRICATO;Via Cardinal Massaia;113;45.1025828;7.6680988;Abitazione;Prima del 1919;Dichiarazione di interesse culturale;Demanio;Utilizzato direttamente;Alloggio di servizio, foresterie;;;;1;False
691450;L219;1109;119;3;112.0;FABBRICATO;Via Cardinal Massaia;113;45.1025828;7.6680988;Abitazione;Prima del 1919;Dichiarazione di interesse culturale;Demanio;Utilizzato direttamente;Alloggio di servizio, foresterie;;;;1;False
691451;L219;1212;104;;306.0;FABBRICATO;Via Carlo Michele Buscalioni;23;45.0761172;7.7020584;Magazzino e locali di deposito;Prima del 1919;Nessuno;Patrimonio indisponibile;Utilizzato direttamente;Attività amministrativa/uffici pubblici;;;;1;False
691452;L219;1109;3;5;59.0;FABBRICATO;Via Salassa;1;45.1029087;7.6642516;Abitazione;Dal 1946 al 1960;Nessuno;Patrimonio indisponibile;Utilizzato direttamente;Altro;;;;1;False
691453;L219;1212;125;;40.0;FABBRICATO;Via Alfonso Varano;1;45.0761573;7.7060063;Abitazione;Dal 1919 al 1945;Nessuno;Patrimonio indisponibile;Utilizzato direttamente;Attività amministrativa/uffici pubblici;;;;1;False
691454;L219;1212;53;2;65.0;FABBRICATO;Via Carlo Michele Buscalioni;3;45.078287;7.699772;Abitazione;Prima del 1919;Nessuno;Patrimonio indisponibile;Utilizzato direttamente;Attività amministrativa/uffici pubblici;;;;1;False
691457;L219;1212;53;;166.0;FABBRICATO;Via Carlo Michele Buscalioni;3;45.078287;7.699772;Magazzino e locali di deposito;Prima del 1919;Nessuno;Patrimonio indisponibile;Utilizzato direttamente;Attività amministrativa/uffici pubblici;;;;1;False
691458;L219;1110;435;10;86.0;FABBRICATO;Via Cognetti De Martiis;42;45.0996649;7.6538967;Abitazione;Dal 1946 al 1960;Nessuno;Patrimonio indisponibile;Utilizzato direttamente;Altro;;;;1;False
691459;L219;1110;658;2;6530.0;FABBRICATO;corso toscana;88;45.0982649;7.654498;Edificio scolastico (es.: scuola di ogni ordine e grado, università, scuola di formazione);Dal 1971 al 1980;Nessuno;Patrimonio indisponibile;Utilizzato direttamente;Attività didattica;;;;1;False
691460;L219;1110;658;3;115.0;FABBRICATO;corso toscana;88;45.0982649;7.654498;Abitazione;Dal 1971 al 1980;Nessuno;Patrimonio indisponibile;Utilizzato direttamente;Alloggio di servizio, foresterie;;;;1;False
691461;L219;1212;90;14;296.4;FABBRICATO;Via Carlo Michele Buscalioni;15;45.0774956;7.700681;Caserma;Dal 1919 al 1945;Nessuno;Patrimonio indisponibile;;Non Dichiarato;in concessione a titolo oneroso;18745.0;01/01/2022;1;False
691462;L219;1212;90;15;75.0;FABBRICATO;Via Carlo Michele Buscalioni;15;45.0774956;7.700681;Abitazione;Dal 1919 al 1945;Nessuno;Patrimonio indisponibile;;Non Dichiarato;in locazione;3298.0;01/09/2021;1;False
691463;L219;1212;90;16;156.0;FABBRICATO;Via Carlo Michele Buscalioni;15;45.0774956;7.700681;Abitazione;Dal 1919 al 1945;Nessuno;Patrimonio indisponibile;;Non Dichiarato;in concessione a titolo oneroso;18745.0;01/01/2022;1;False
691464;L219;1212;90;17;102.0;FABBRICATO;Via Carlo Michele Buscalioni;15;45.0774956;7.700681;Abitazione;Dal 1919 al 1945;Nessuno;Patrimonio indisponibile;;Non Dichiarato;in locazione;3226.0;01/08/2021;1;False
691465;L219;1212;90;18;104.0;FABBRICATO;Via Carlo Michele Buscalioni;15;45.0774956;7.700681;Abitazione;Dal 1919 al 1945;Nessuno;Patrimonio indisponibile;;Non Dichiarato;in locazione;3645.0;01/09/2021;1;False
691466;L219;1212;90;19;76.0;FABBRICATO;Via Carlo Michele Buscalioni;15;45.0774956;7.700681;Abitazione;Dal 1919 al 1945;Nessuno;Patrimonio indisponibile;;Non Dichiarato;in concessione a titolo oneroso;18745.0;01/01/2022;1;False
691467;L219;1111;167;1;2295.5;FABBRICATO;corso lombardia;114;45.09728226;7.6488099;Edificio scolastico (es.: scuola di ogni ordine e grado, università, scuola di formazione);Dal 1961 al 1970;Nessuno;Patrimonio indisponibile;Utilizzato direttamente;Altro;;;;1;False
691468;L219;1111;167;2;81.0;FABBRICATO;corso lombardia;114;45.09728226;7.6488099;Abitazione;Dal 1961 al 1970;Nessuno;Patrimonio indisponibile;Utilizzato direttamente;Altro;;;;1;False
691469;L219;1213;9;3;37.0;FABBRICATO;Via Ancona;0;45.0787518;7.6903747;Magazzino e locali di deposito;Prima del 1919;Dichiarazione di interesse culturale;Demanio;Utilizzato direttamente;Attività didattica;;;;1;False
691470;L219;1213;9;4;107.0;FABBRICATO;Lungo Dora Firenze;47;45.0787518;7.6903747;Locale commerciale, negozio;Prima del 1919;Dichiarazione di interesse culturale;Demanio;Utilizzato direttamente;Attività commerciale e di ristorazione;;;;1;False
691471;L219;1213;9;5;86.0;FABBRICATO;Via Ancona;0;45.0787518;7.6903747;Abitazione;Prima del 1919;Dichiarazione di interesse culturale;Demanio;Utilizzato direttamente;Alloggio di servizio, foresterie;;;;1;False
691472;L219;1214;109;7;72.0;FABBRICATO;Via Aosta;4;45.08073617;7.68882523;Abitazione;Dal 1946 al 1960;Nessuno;Patrimonio indisponibile;Utilizzato direttamente;Altro;;;;1;False
691473;L219;1214;193;;628.4;FABBRICATO;Via Alessandria;12;45.08116662;7.69103109;Struttura residenziale collettiva (es.: collegi e convitti, educandati, ricoveri, orfanotrofi, ospizi, conventi, seminari);Prima del 1919;Nessuno;Patrimonio indisponibile;Non utilizzato;Non Dichiarato;;;;1;False
691474;L219;1214;311;15;97.0;FABBRICATO;via bologna;9;45.08041378;7.69054277;Abitazione;Prima del 1919;Nessuno;Patrimonio indisponibile;Utilizzato direttamente;Altro;;;;1;False
691475;L219;1214;54;8;16.0;FABBRICATO;corso giulio cesare;25;45.08257033;7.68697754;Abitazione;Prima del 1919;Nessuno;Patrimonio indisponibile;Utilizzato direttamente;Altro;;;;1;False
691476;L219;1214;57;10;50.0;FABBRICATO;corso giulio cesare;23 Bis;45.08247123;7.68654045;Abitazione;Dal 1946 al 1960;Nessuno;Patrimonio indisponibile;Utilizzato direttamente;Altro;;;;1;False
691477;L219;1214;57;18;102.0;FABBRICATO;corso giulio cesare;23 Bis;45.08247123;7.68654045;Abitazione;Dal 1946 al 1960;Nessuno;Patrimonio indisponibile;Utilizzato direttamente;Altro;;;;1;False
691478;L219;1214;57;19;100.0;FABBRICATO;corso giulio cesare;23 Bis;45.08247123;7.68654045;Abitazione;Dal 1946 al 1960;Nessuno;Patrimonio indisponibile;Utilizzato direttamente;Altro;;;;1;False
691479;L219;1214;57;6;49.0;FABBRICATO;corso giulio cesare;23 Bis;45.08247123;7.68654045;Abitazione;Dal 1946 al 1960;Nessuno;Patrimonio indisponibile;Utilizzato direttamente;Altro;;;;1;False
691480;L219;1391;4;1;59.0;FABBRICATO;corso salvemini gaetano;25;45.0428205;7.6250922;Abitazione;Dal 1961 al 1970;Nessuno;Patrimonio indisponibile;Utilizzato direttamente;Altro;;;;1;False
691481;L219;1391;4;10;78.0;FABBRICATO;corso salvemini gaetano;25;45.0428205;7.6250922;Abitazione;Dal 1961 al 1970;Nessuno;Patrimonio indisponibile;Utilizzato direttamente;Altro;;;;1;False
691482;L219;1391;4;11;56.0;FABBRICATO;corso salvemini gaetano;25;45.0428205;7.6250922;Abitazione;Dal 1961 al 1970;Nessuno;Patrimonio indisponibile;Utilizzato direttamente;Altro;;;;1;False
691483;L219;1391;4;12;79.0;FABBRICATO;corso salvemini gaetano;25;45.0428205;7.6250922;Abitazione;Dal 1961 al 1970;Nessuno;Patrimonio indisponibile;Utilizzato direttamente;Altro;;;;1;False
691484;L219;1391;4;13;57.0;FABBRICATO;corso salvemini gaetano;25;45.0428205;7.6250922;Abitazione;Dal 1961 al 1970;Nessuno;Patrimonio indisponibile;Utilizzato direttamente;Altro;;;;1;False
691485;L219;1391;4;14;78.0;FABBRICATO;corso salvemini gaetano;25;45.0428205;7.6250922;Abitazione;Dal 1961 al 1970;Nessuno;Patrimonio indisponibile;Utilizzato direttamente;Altro;;;;1;False
691486;L219;1391;4;15;59.0;FABBRICATO;corso salvemini gaetano;25;45.0428205;7.6250922;Abitazione;Dal 1961 al 1970;Nessuno;Patrimonio indisponibile;Utilizzato direttamente;Altro;;;;1;False
691487;L219;1391;4;16;80.0;FABBRICATO;corso salvemini gaetano;25;45.0428205;7.6250922;Abitazione;Dal 1961 al 1970;Nessuno;Patrimonio indisponibile;Utilizzato direttamente;Altro;;;;1;False
691488;L219;1391;4;17;57.0;FABBRICATO;corso salvemini gaetano;25;45.0428205;7.6250922;Abitazione;Dal 1961 al 1970;Nessuno;Patrimonio indisponibile;Utilizzato direttamente;Altro;;;;1;False
691489;L219;1391;4;18;78.0;FABBRICATO;corso salvemini gaetano;25;45.0428205;7.6250922;Abitazione;Dal 1961 al 1970;Nessuno;Patrimonio indisponibile;Utilizzato direttamente;Altro;;;;1;False
691490;L219;1391;4;19;57.0;FABBRICATO;corso salvemini gaetano;25;45.0428205;7.6250922;Abitazione;Dal 1961 al 1970;Nessuno;Patrimonio indisponibile;Utilizzato direttamente;Altro;;;;1;False
691491;L219;1391;4;2;79.0;FABBRICATO;corso salvemini gaetano;25;45.0428205;7.6250922;Abitazione;Dal 1961 al 1970;Nessuno;Patrimonio indisponibile;Utilizzato direttamente;Altro;;;;1;False
691492;L219;1391;4;20;79.0;FABBRICATO;corso salvemini gaetano;25;45.0428205;7.6250922;Abitazione;Dal 1961 al 1970;Nessuno;Patrimonio indisponibile;Utilizzato direttamente;Altro;;;;1;False
691493;L219;1391;4;21;59.0;FABBRICATO;corso salvemini gaetano;25;45.0428205;7.6250922;Abitazione;Dal 1961 al 1970;Nessuno;Patrimonio indisponibile;Utilizzato direttamente;Altro;;;;1;False
691494;L219;1391;4;22;77.0;FABBRICATO;corso salvemini gaetano;25;45.0428205;7.6250922;Abitazione;Dal 1961 al 1970;Nessuno;Patrimonio indisponibile;Utilizzato direttamente;Altro;;;;1;False
691495;L219;1391;4;23;58.0;FABBRICATO;corso salvemini gaetano;25;45.0428205;7.6250922;Abitazione;Dal 1961 al 1970;Nessuno;Patrimonio indisponibile;Utilizzato direttamente;Altro;;;;1;False
691496;L219;1391;4;24;78.0;FABBRICATO;corso salvemini gaetano;25;45.0428205;7.6250922;Abitazione;Dal 1961 al 1970;Nessuno;Patrimonio indisponibile;Utilizzato direttamente;Altro;;;;1;False
691497;L219;1391;4;25;58.0;FABBRICATO;corso salvemini gaetano;25;45.0428205;7.6250922;Abitazione;Dal 1961 al 1970;Nessuno;Patrimonio indisponibile;Utilizzato direttamente;Altro;;;;1;False
691498;L219;1391;4;26;79.0;FABBRICATO;corso salvemini gaetano;25;45.0428205;7.6250922;Abitazione;Dal 1961 al 1970;Nessuno;Patrimonio indisponibile;Utilizzato direttamente;Altro;;;;1;False
691499;L219;1391;4;27;57.0;FABBRICATO;corso salvemini gaetano;25;45.0428205;7.6250922;Abitazione;Dal 1961 al 1970;Nessuno;Patrimonio indisponibile;Utilizzato direttamente;Altro;;;;1;False
691500;L219;1391;4;28;78.0;FABBRICATO;corso salvemini gaetano;25;45.0428205;7.6250922;Abitazione;Dal 1961 al 1970;Nessuno;Patrimonio indisponibile;Utilizzato direttamente;Altro;;;;1;False
691501;L219;1391;4;29;58.0;FABBRICATO;corso salvemini gaetano;25;45.0428205;7.6250922;Abitazione;Dal 1961 al 1970;Nessuno;Patrimonio indisponibile;Utilizzato direttamente;Altro;;;;1;False
691502;L219;1391;4;3;58.0;FABBRICATO;corso salvemini gaetano;25;45.0428205;7.6250922;Abitazione;Dal 1961 al 1970;Nessuno;Patrimonio indisponibile;Utilizzato direttamente;Altro;;;;1;False
691503;L219;1391;4;30;79.0;FABBRICATO;corso salvemini gaetano;25;45.0428205;7.6250922;Abitazione;Dal 1961 al 1970;Nessuno;Patrimonio indisponibile;Utilizzato direttamente;Altro;;;;1;False
691504;L219;1391;4;31;57.0;FABBRICATO;corso salvemini gaetano;25;45.0428205;7.6250922;Abitazione;Dal 1961 al 1970;Nessuno;Patrimonio indisponibile;Utilizzato direttamente;Altro;;;;1;False
691505;L219;1391;4;32;77.0;FABBRICATO;corso salvemini gaetano;25;45.0428205;7.6250922;Abitazione;Dal 1961 al 1970;Nessuno;Patrimonio indisponibile;Utilizzato direttamente;Altro;;;;1;False
691506;L219;1391;4;33;58.0;FABBRICATO;corso salvemini gaetano;25;45.0428205;7.6250922;Abitazione;Dal 1961 al 1970;Nessuno;Patrimonio indisponibile;Utilizzato direttamente;Altro;;;;1;False
691507;L219;1391;4;34;77.0;FABBRICATO;corso salvemini gaetano;25;45.0428205;7.6250922;Abitazione;Dal 1961 al 1970;Nessuno;Patrimonio indisponibile;Utilizzato direttamente;Altro;;;;1;False
691508;L219;1391;4;35;58.0;FABBRICATO;corso salvemini gaetano;25;45.0428205;7.6250922;Abitazione;Dal 1961 al 1970;Nessuno;Patrimonio indisponibile;Utilizzato direttamente;Altro;;;;1;False
691509;L219;1391;4;36;78.0;FABBRICATO;corso salvemini gaetano;25;45.0428205;7.6250922;Abitazione;Dal 1961 al 1970;Nessuno;Patrimonio indisponibile;Utilizzato direttamente;Altro;;;;1;False
691510;L219;1391;4;37;58.0;FABBRICATO;corso salvemini gaetano;25;45.0428205;7.6250922;Abitazione;Dal 1961 al 1970;Nessuno;Patrimonio indisponibile;Utilizzato direttamente;Altro;;;;1;False
691511;L219;1391;4;38;79.0;FABBRICATO;corso salvemini gaetano;25;45.0428205;7.6250922;Abitazione;Dal 1961 al 1970;Nessuno;Patrimonio indisponibile;Utilizzato direttamente;Altro;;;;1;False
691512;L219;1391;4;39;58.0;FABBRICATO;corso salvemini gaetano;25;45.0428205;7.6250922;Abitazione;Dal 1961 al 1970;Nessuno;Patrimonio indisponibile;Utilizzato direttamente;Altro;;;;1;False
691513;L219;1391;4;4;80.0;FABBRICATO;corso salvemini gaetano;25;45.0428205;7.6250922;Abitazione;Dal 1961 al 1970;Nessuno;Patrimonio indisponibile;Utilizzato direttamente;Altro;;;;1;False
691514;L219;1391;4;40;78.0;FABBRICATO;corso salvemini gaetano;25;45.0428205;7.6250922;Abitazione;Dal 1961 al 1970;Nessuno;Patrimonio indisponibile;Utilizzato direttamente;Altro;;;;1;False
691515;L219;1391;4;41;60.0;FABBRICATO;corso salvemini gaetano;25;45.0428205;7.6250922;Abitazione;Dal 1961 al 1970;Nessuno;Patrimonio indisponibile;Utilizzato direttamente;Altro;;;;1;False
691516;L219;1391;4;42;78.0;FABBRICATO;corso salvemini gaetano;25;45.0428205;7.6250922;Abitazione;Dal 1961 al 1970;Nessuno;Patrimonio indisponibile;Utilizzato direttamente;Altro;;;;1;False
691517;L219;1391;4;43;57.0;FABBRICATO;corso salvemini gaetano;25;45.0428205;7.6250922;Abitazione;Dal 1961 al 1970;Nessuno;Patrimonio indisponibile;Utilizzato direttamente;Altro;;;;1;False
691518;L219;1391;4;44;77.0;FABBRICATO;corso salvemini gaetano;25;45.0428205;7.6250922;Abitazione;Dal 1961 al 1970;Nessuno;Patrimonio indisponibile;Utilizzato direttamente;Altro;;;;1;False
691519;L219;1391;4;45;59.0;FABBRICATO;corso salvemini gaetano;25;45.0428205;7.6250922;Abitazione;Dal 1961 al 1970;Nessuno;Patrimonio indisponibile;Utilizzato direttamente;Altro;;;;1;False
691520;L219;1391;4;46;76.0;FABBRICATO;corso salvemini gaetano;25;45.0428205;7.6250922;Abitazione;Dal 1961 al 1970;Nessuno;Patrimonio indisponibile;Utilizzato direttamente;Altro;;;;1;False
691521;L219;1391;4;47;57.0;FABBRICATO;corso salvemini gaetano;25;45.0428205;7.6250922;Abitazione;Dal 1961 al 1970;Nessuno;Patrimonio indisponibile;Utilizzato direttamente;Altro;;;;1;False
691522;L219;1391;4;48;77.0;FABBRICATO;corso salvemini gaetano;25;45.0428205;7.6250922;Abitazione;Dal 1961 al 1970;Nessuno;Patrimonio indisponibile;Utilizzato direttamente;Altro;;;;1;False
691523;L219;1391;4;49;57.0;FABBRICATO;corso salvemini gaetano;25;45.0428205;7.6250922;Abitazione;Dal 1961 al 1970;Nessuno;Patrimonio indisponibile;Utilizzato direttamente;Altro;;;;1;False
691524;L219;1391;4;5;57.0;FABBRICATO;corso salvemini gaetano;25;45.0428205;7.6250922;Abitazione;Dal 1961 al 1970;Nessuno;Patrimonio indisponibile;Utilizzato direttamente;Altro;;;;1;False
691525;L219;1391;4;50;77.0;FABBRICATO;corso salvemini gaetano;25;45.0428205;7.6250922;Abitazione;Dal 1961 al 1970;Nessuno;Patrimonio indisponibile;Utilizzato direttamente;Altro;;;;1;False
691526;L219;1391;4;51;58.0;FABBRICATO;corso salvemini gaetano;25;45.0428205;7.6250922;Abitazione;Dal 1961 al 1970;Nessuno;Patrimonio indisponibile;Utilizzato direttamente;Altro;;;;1;False
691527;L219;1391;4;52;78.0;FABBRICATO;corso salvemini gaetano;25;45.0428205;7.6250922;Abitazione;Dal 1961 al 1970;Nessuno;Patrimonio indisponibile;Utilizzato direttamente;Altro;;;;1;False
691528;L219;1391;4;53;58.0;FABBRICATO;corso salvemini gaetano;25;45.0428205;7.6250922;Abitazione;Dal 1961 al 1970;Nessuno;Patrimonio indisponibile;Utilizzato direttamente;Altro;;;;1;False
691529;L219;1391;4;54;77.0;FABBRICATO;corso salvemini gaetano;25;45.0428205;7.6250922;Abitazione;Dal 1961 al 1970;Nessuno;Patrimonio indisponibile;Utilizzato direttamente;Altro;;;;1;False
691530;L219;1391;4;55;57.0;FABBRICATO;corso salvemini gaetano;25;45.0428205;7.6250922;Abitazione;Dal 1961 al 1970;Nessuno;Patrimonio indisponibile;Utilizzato direttamente;Altro;;;;1;False
691531;L219;1391;4;56;77.0;FABBRICATO;corso salvemini gaetano;25;45.0428205;7.6250922;Abitazione;Dal 1961 al 1970;Nessuno;Patrimonio indisponibile;Utilizzato direttamente;Altro;;;;1;False
691532;L219;1391;4;57;57.0;FABBRICATO;corso salvemini gaetano;25;45.0428205;7.6250922;Abitazione;Dal 1961 al 1970;Nessuno;Patrimonio indisponibile;Utilizzato direttamente;Altro;;;;1;False
691533;L219;1391;4;58;76.0;FABBRICATO;corso salvemini gaetano;25;45.0428205;7.6250922;Abitazione;Dal 1961 al 1970;Nessuno;Patrimonio indisponibile;Utilizzato direttamente;Altro;;;;1;False
691534;L219;1391;4;59;59.0;FABBRICATO;corso salvemini gaetano;25;45.0428205;7.6250922;Abitazione;Dal 1961 al 1970;Nessuno;Patrimonio indisponibile;Utilizzato direttamente;Altro;;;;1;False
691535;L219;1391;4;6;78.0;FABBRICATO;corso salvemini gaetano;25;45.0428205;7.6250922;Abitazione;Dal 1961 al 1970;Nessuno;Patrimonio indisponibile;Utilizzato direttamente;Altro;;;;1;False
691536;L219;1391;4;60;77.0;FABBRICATO;corso salvemini gaetano;25;45.0428205;7.6250922;Abitazione;Dal 1961 al 1970;Nessuno;Patrimonio indisponibile;Utilizzato direttamente;Altro;;;;1;False
691537;L219;1391;4;61;59.0;FABBRICATO;corso salvemini gaetano;25;45.0428205;7.6250922;Abitazione;Dal 1961 al 1970;Nessuno;Patrimonio indisponibile;Utilizzato direttamente;Altro;;;;1;False
691538;L219;1391;4;62;78.0;FABBRICATO;corso salvemini gaetano;25;45.0428205;7.6250922;Abitazione;Dal 1961 al 1970;Nessuno;Patrimonio indisponibile;Utilizzato direttamente;Altro;;;;1;False
691539;L219;1391;4;63;59.0;FABBRICATO;corso salvemini gaetano;25;45.0428205;7.6250922;Abitazione;Dal 1961 al 1970;Nessuno;Patrimonio indisponibile;Utilizzato direttamente;Altro;;;;1;False
691540;L219;1391;4;64;79.0;FABBRICATO;corso salvemini gaetano;25;45.0428205;7.6250922;Abitazione;Dal 1961 al 1970;Nessuno;Patrimonio indisponibile;Utilizzato direttamente;Altro;;;;1;False
691541;L219;1391;4;65;58.0;FABBRICATO;corso salvemini gaetano;25;45.0428205;7.6250922;Abitazione;Dal 1961 al 1970;Nessuno;Patrimonio indisponibile;Utilizzato direttamente;Altro;;;;1;False
691542;L219;1391;4;66;78.0;FABBRICATO;corso salvemini gaetano;25;45.0428205;7.6250922;Abitazione;Dal 1961 al 1970;Nessuno;Patrimonio indisponibile;Utilizzato direttamente;Altro;;;;1;False
691543;L219;1391;4;67;59.0;FABBRICATO;corso salvemini gaetano;25;45.0428205;7.6250922;Abitazione;Dal 1961 al 1970;Nessuno;Patrimonio indisponibile;Utilizzato direttamente;Altro;;;;1;False
691544;L219;1391;4;68;79.0;FABBRICATO;corso salvemini gaetano;25;45.0428205;7.6250922;Abitazione;Dal 1961 al 1970;Nessuno;Patrimonio indisponibile;Utilizzato direttamente;Altro;;;;1;False
691545;L219;1391;4;69;59.0;FABBRICATO;corso salvemini gaetano;25;45.0428205;7.6250922;Abitazione;Dal 1961 al 1970;Nessuno;Patrimonio indisponibile;Utilizzato direttamente;Altro;;;;1;False
691546;L219;1391;4;7;58.0;FABBRICATO;corso salvemini gaetano;25;45.0428205;7.6250922;Abitazione;Dal 1961 al 1970;Nessuno;Patrimonio indisponibile;Utilizzato direttamente;Altro;;;;1;False
691547;L219;1391;4;70;77.0;FABBRICATO;corso salvemini gaetano;25;45.0428205;7.6250922;Abitazione;Dal 1961 al 1970;Nessuno;Patrimonio indisponibile;Utilizzato direttamente;Altro;;;;1;False
691548;L219;1391;4;71;58.0;FABBRICATO;corso salvemini gaetano;25;45.0428205;7.6250922;Abitazione;Dal 1961 al 1970;Nessuno;Patrimonio indisponibile;Utilizzato direttamente;Altro;;;;1;False
691549;L219;1391;4;72;77.0;FABBRICATO;corso salvemini gaetano;25;45.0428205;7.6250922;Abitazione;Dal 1961 al 1970;Nessuno;Patrimonio indisponibile;Utilizzato direttamente;Altro;;;;1;False
691550;L219;1391;4;73;59.0;FABBRICATO;corso salvemini gaetano;25;45.0428205;7.6250922;Abitazione;Dal 1961 al 1970;Nessuno;Patrimonio indisponibile;Utilizzato direttamente;Altro;;;;1;False
691551;L219;1391;4;74;77.0;FABBRICATO;corso salvemini gaetano;25;45.0428205;7.6250922;Abitazione;Dal 1961 al 1970;Nessuno;Patrimonio indisponibile;Utilizzato direttamente;Altro;;;;1;False
691552;L219;1391;4;75;58.0;FABBRICATO;corso salvemini gaetano;25;45.0428205;7.6250922;Abitazione;Dal 1961 al 1970;Nessuno;Patrimonio indisponibile;Utilizzato direttamente;Altro;;;;1;False
691553;L219;1391;4;76;76.0;FABBRICATO;corso salvemini gaetano;25;45.0428205;7.6250922;Abitazione;Dal 1961 al 1970;Nessuno;Patrimonio indisponibile;Utilizzato direttamente;Altro;;;;1;False
691554;L219;1391;4;77;60.0;FABBRICATO;corso salvemini gaetano;25;45.0428205;7.6250922;Abitazione;Dal 1961 al 1970;Nessuno;Patrimonio indisponibile;Utilizzato direttamente;Altro;;;;1;False
691555;L219;1391;4;78;77.0;FABBRICATO;corso salvemini gaetano;25;45.0428205;7.6250922;Abitazione;Dal 1961 al 1970;Nessuno;Patrimonio indisponibile;Utilizzato direttamente;Altro;;;;1;False
691556;L219;1391;4;79;60.0;FABBRICATO;corso salvemini gaetano;25;45.0428205;7.6250922;Abitazione;Dal 1961 al 1970;Nessuno;Patrimonio indisponibile;Utilizzato direttamente;Altro;;;;1;False
691557;L219;1391;4;8;78.0;FABBRICATO;corso salvemini gaetano;25;45.0428205;7.6250922;Abitazione;Dal 1961 al 1970;Nessuno;Patrimonio indisponibile;Utilizzato direttamente;Altro;;;;1;False
691558;L219;1391;4;80;77.0;FABBRICATO;corso salvemini gaetano;25;45.0428205;7.6250922;Abitazione;Dal 1961 al 1970;Nessuno;Patrimonio indisponibile;Utilizzato direttamente;Altro;;;;1;False
691559;L219;1391;4;9;57.0;FABBRICATO;corso salvemini gaetano;25;45.0428205;7.6250922;Abitazione;Dal 1961 al 1970;Nessuno;Patrimonio indisponibile;Utilizzato direttamente;Altro;;;;1;False
691560;L219;1111;87;1;48.0;FABBRICATO;corso lombardia;121;45.09852565;7.64843227;Abitazione;Dal 1946 al 1960;Nessuno;Patrimonio indisponibile;Utilizzato direttamente;Altro;;;;1;False
691561;L219;1111;87;10;98.0;FABBRICATO;corso lombardia;121;45.09852565;7.64843227;Abitazione;Dal 1946 al 1960;Nessuno;Patrimonio indisponibile;;Non Dichiarato;in locazione;1491.0;01/04/2018;1;False
691562;L219;1111;87;11;96.0;FABBRICATO;corso lombardia;121;45.09852565;7.64843227;Abitazione;Dal 1946 al 1960;Nessuno;Patrimonio indisponibile;;Non Dichiarato;in locazione;3539.0;01/02/2011;1;False
691563;L219;1111;87;12;100.0;FABBRICATO;corso lombardia;121;45.09852565;7.64843227;Abitazione;Dal 1946 al 1960;Nessuno;Patrimonio indisponibile;Utilizzato direttamente;Altro;;;;1;False
691564;L219;1111;87;13;94.0;FABBRICATO;corso lombardia;121;45.09852565;7.64843227;Abitazione;Dal 1946 al 1960;Nessuno;Patrimonio indisponibile;;Non Dichiarato;in locazione;3150.0;01/03/2018;1;False
691565;L219;1111;87;14;100.0;FABBRICATO;corso lombardia;121;45.09852565;7.64843227;Abitazione;Dal 1946 al 1960;Nessuno;Patrimonio indisponibile;;Non Dichiarato;in locazione;4084.0;01/07/2022;1;False
691566;L219;1111;87;15;98.0;FABBRICATO;corso lombardia;121;45.09852565;7.64843227;Abitazione;Dal 1946 al 1960;Nessuno;Patrimonio indisponibile;;Non Dichiarato;in locazione;3084.0;01/10/2022;1;False
691567;L219;1111;87;16;102.0;FABBRICATO;corso lombardia;121;45.09852565;7.64843227;Abitazione;Dal 1946 al 1960;Nessuno;Patrimonio indisponibile;;Non Dichiarato;in locazione;2541.0;01/12/2022;1;False
691568;L219;1111;87;17;115.0;FABBRICATO;corso lombardia;121;45.09852565;7.64843227;Abitazione;Dal 1946 al 1960;Nessuno;Patrimonio indisponibile;;Non Dichiarato;in locazione;4795.0;01/07/2021;1;False
691569;L219;1111;87;18;93.0;FABBRICATO;corso lombardia;121;45.09852565;7.64843227;Abitazione;Dal 1946 al 1960;Nessuno;Patrimonio indisponibile;;Non Dichiarato;in locazione;4266.0;01/03/2021;1;False
691570;L219;1111;87;19;94.0;FABBRICATO;corso lombardia;121;45.09852565;7.64843227;Abitazione;Dal 1946 al 1960;Nessuno;Patrimonio indisponibile;;Non Dichiarato;in locazione;3366.0;01/10/2022;1;False
691571;L219;1111;87;2;115.0;FABBRICATO;corso lombardia;121;45.09852565;7.64843227;Abitazione;Dal 1946 al 1960;Nessuno;Patrimonio indisponibile;;Non Dichiarato;in locazione;1409.0;01/05/2022;1;False
691572;L219;1111;87;20;97.0;FABBRICATO;corso lombardia;121;45.09852565;7.64843227;Abitazione;Dal 1946 al 1960;Nessuno;Patrimonio indisponibile;;Non Dichiarato;in locazione;480.0;01/10/2022;1;False
691573;L219;1111;87;21;94.0;FABBRICATO;corso lombardia;121;45.09852565;7.64843227;Abitazione;Dal 1946 al 1960;Nessuno;Patrimonio indisponibile;;Non Dichiarato;in locazione;3006.0;01/10/2022;1;False
691574;L219;1111;87;22;96.0;FABBRICATO;corso lombardia;121;45.09852565;7.64843227;Abitazione;Dal 1946 al 1960;Nessuno;Patrimonio indisponibile;;Non Dichiarato;in locazione;3814.0;01/09/2021;1;False
691575;L219;1111;87;23;93.0;FABBRICATO;corso lombardia;121;45.09852565;7.64843227;Abitazione;Dal 1946 al 1960;Nessuno;Patrimonio indisponibile;;Non Dichiarato;in locazione;3308.0;01/04/2019;1;False
691576;L219;1111;87;24;97.0;FABBRICATO;corso lombardia;121;45.09852565;7.64843227;Abitazione;Dal 1946 al 1960;Nessuno;Patrimonio indisponibile;;Non Dichiarato;in locazione;2672.0;01/12/2022;1;False
691577;L219;1111;87;25;93.0;FABBRICATO;corso lombardia;121;45.09852565;7.64843227;Abitazione;Dal 1946 al 1960;Nessuno;Patrimonio indisponibile;;Non Dichiarato;in locazione;1103.0;01/11/2018;1;False
691578;L219;1111;87;26;97.0;FABBRICATO;corso lombardia;121;45.09852565;7.64843227;Abitazione;Dal 1946 al 1960;Nessuno;Patrimonio indisponibile;;Non Dichiarato;in locazione;4208.0;01/10/2020;1;False
691579;L219;1111;87;27;93.0;FABBRICATO;corso lombardia;121;45.09852565;7.64843227;Abitazione;Dal 1946 al 1960;Nessuno;Patrimonio indisponibile;;Non Dichiarato;in locazione;3348.0;01/10/2022;1;False
691580;L219;1111;87;28;96.0;FABBRICATO;corso lombardia;121;45.09852565;7.64843227;Abitazione;Dal 1946 al 1960;Nessuno;Patrimonio indisponibile;;Non Dichiarato;in locazione;3265.0;01/12/2011;1;False
691581;L219;1111;87;29;94.0;FABBRICATO;corso lombardia;121;45.09852565;7.64843227;Abitazione;Dal 1946 al 1960;Nessuno;Patrimonio indisponibile;;Non Dichiarato;in locazione;3408.0;01/06/2018;1;False
691582;L219;1111;87;3;98.0;FABBRICATO;corso lombardia;121;45.09852565;7.64843227;Abitazione;Dal 1946 al 1960;Nessuno;Patrimonio indisponibile;;Non Dichiarato;in locazione;3366.0;01/06/2022;1;False
691583;L219;1111;87;30;99.0;FABBRICATO;corso lombardia;121;45.09852565;7.64843227;Abitazione;Dal 1946 al 1960;Nessuno;Patrimonio indisponibile;;Non Dichiarato;in locazione;3839.0;01/08/2022;1;False
691584;L219;1111;87;31;97.0;FABBRICATO;corso lombardia;121;45.09852565;7.64843227;Abitazione;Dal 1946 al 1960;Nessuno;Patrimonio indisponibile;;Non Dichiarato;in locazione;3969.0;01/10/2022;1;False
691585;L219;1111;87;32;24.0;FABBRICATO;corso lombardia;123;45.09852565;7.64843227;Ufficio strutturato ed assimilabili;Dal 1946 al 1960;Nessuno;Patrimonio indisponibile;Utilizzato direttamente;Attività amministrativa/uffici pubblici;;;;1;False
691586;L219;1111;87;33;80.0;FABBRICATO;corso lombardia;123;45.09852565;7.64843227;Abitazione;Dal 1946 al 1960;Nessuno;Patrimonio indisponibile;;Non Dichiarato;in locazione;3008.0;01/10/2022;1;False
691587;L219;1111;87;34;84.0;FABBRICATO;corso lombardia;123;45.09852565;7.64843227;Abitazione;Dal 1946 al 1960;Nessuno;Patrimonio indisponibile;Utilizzato direttamente;Altro;;;;1;False
691588;L219;1111;87;35;64.0;FABBRICATO;corso lombardia;123;45.09852565;7.64843227;Abitazione;Dal 1946 al 1960;Nessuno;Patrimonio indisponibile;Utilizzato direttamente;Altro;;;;1;False
691589;L219;1111;87;36;83.0;FABBRICATO;corso lombardia;123;45.09852565;7.64843227;Abitazione;Dal 1946 al 1960;Nessuno;Patrimonio indisponibile;;Non Dichiarato;in locazione;2924.0;01/05/2022;1;False
691590;L219;1111;87;37;64.0;FABBRICATO;corso lombardia;123;45.09852565;7.64843227;Abitazione;Dal 1946 al 1960;Nessuno;Patrimonio indisponibile;Utilizzato direttamente;Altro;;;;1;False
691591;L219;1111;87;38;84.0;FABBRICATO;corso lombardia;123;45.09852565;7.64843227;Abitazione;Dal 1946 al 1960;Nessuno;Patrimonio indisponibile;;Non Dichiarato;in locazione;4158.0;01/10/2022;1;False
691592;L219;1111;87;39;65.0;FABBRICATO;corso lombardia;123;45.09852565;7.64843227;Abitazione;Dal 1946 al 1960;Nessuno;Patrimonio indisponibile;;Non Dichiarato;in locazione;929.0;01/12/2018;1;False
691593;L219;1111;87;4;96.0;FABBRICATO;corso lombardia;121;45.09852565;7.64843227;Abitazione;Dal 1946 al 1960;Nessuno;Patrimonio indisponibile;;Non Dichiarato;in locazione;4275.0;01/02/2021;1;False
691594;L219;1111;87;40;85.0;FABBRICATO;corso lombardia;123;45.09852565;7.64843227;Abitazione;Dal 1946 al 1960;Nessuno;Patrimonio indisponibile;;Non Dichiarato;in locazione;953.0;01/02/2021;1;False
691595;L219;1111;87;41;65.0;FABBRICATO;corso lombardia;123;45.09852565;7.64843227;Abitazione;Dal 1946 al 1960;Nessuno;Patrimonio indisponibile;;Non Dichiarato;in locazione;2319.0;01/12/2022;1;False
691596;L219;1111;87;42;84.0;FABBRICATO;corso lombardia;123;45.09852565;7.64843227;Abitazione;Dal 1946 al 1960;Nessuno;Patrimonio indisponibile;;Non Dichiarato;in locazione;2760.0;01/10/2022;1;False
691597;L219;1111;87;43;64.0;FABBRICATO;corso lombardia;123;45.09852565;7.64843227;Abitazione;Dal 1946 al 1960;Nessuno;Patrimonio indisponibile;;Non Dichiarato;in locazione;2805.0;01/12/2021;1;False
691598;L219;1111;87;44;84.0;FABBRICATO;corso lombardia;123;45.09852565;7.64843227;Abitazione;Dal 1946 al 1960;Nessuno;Patrimonio indisponibile;Utilizzato direttamente;Altro;;;;1;False
691599;L219;1111;87;45;65.0;FABBRICATO;corso lombardia;123;45.09852565;7.64843227;Abitazione;Dal 1946 al 1960;Nessuno;Patrimonio indisponibile;Utilizzato direttamente;Altro;;;;1;False
691600;L219;1111;87;46;88.0;FABBRICATO;corso lombardia;123;45.09852565;7.64843227;Abitazione;Dal 1946 al 1960;Nessuno;Patrimonio indisponibile;;Non Dichiarato;in locazione;3518.0;01/03/2018;1;False
691601;L219;1111;87;47;66.0;FABBRICATO;corso lombardia;123;45.09852565;7.64843227;Abitazione;Dal 1946 al 1960;Nessuno;Patrimonio indisponibile;;Non Dichiarato;in locazione;2781.0;01/10/2022;1;False
691602;L219;1111;87;48;11.0;FABBRICATO;corso lombardia;123;45.09852565;7.64843227;Ufficio strutturato ed assimilabili;Dal 1946 al 1960;Nessuno;Patrimonio indisponibile;Utilizzato direttamente;Attività amministrativa/uffici pubblici;;;;1;False
691603;L219;1111;87;49;80.0;FABBRICATO;corso lombardia;123;45.09852565;7.64843227;Abitazione;Dal 1946 al 1960;Nessuno;Patrimonio indisponibile;Utilizzato direttamente;Altro;;;;1;False
691604;L219;1111;87;5;93.0;FABBRICATO;corso lombardia;121;45.09852565;7.64843227;Abitazione;Dal 1946 al 1960;Nessuno;Patrimonio indisponibile;;Non Dichiarato;in locazione;4686.0;01/04/2012;1;False
691605;L219;1111;87;50;82.0;FABBRICATO;corso lombardia;123;45.09852565;7.64843227;Abitazione;Dal 1946 al 1960;Nessuno;Patrimonio indisponibile;;Non Dichiarato;in locazione;2861.0;01/03/2021;1;False
691606;L219;1111;87;51;67.0;FABBRICATO;corso lombardia;123;45.09852565;7.64843227;Abitazione;Dal 1946 al 1960;Nessuno;Patrimonio indisponibile;;Non Dichiarato;in locazione;740.0;01/07/2015;1;False
691607;L219;1111;87;52;84.0;FABBRICATO;corso lombardia;123;45.09852565;7.64843227;Abitazione;Dal 1946 al 1960;Nessuno;Patrimonio indisponibile;;Non Dichiarato;in locazione;2783.0;01/10/2022;1;False
691608;L219;1111;87;53;69.0;FABBRICATO;corso lombardia;123;45.09852565;7.64843227;Abitazione;Dal 1946 al 1960;Nessuno;Patrimonio indisponibile;;Non Dichiarato;in locazione;2393.0;01/08/2020;1;False
691609;L219;1111;87;54;84.0;FABBRICATO;corso lombardia;123;45.09852565;7.64843227;Abitazione;Dal 1946 al 1960;Nessuno;Patrimonio indisponibile;;Non Dichiarato;in locazione;3142.0;01/10/2022;1;False
691610;L219;1111;87;55;67.0;FABBRICATO;corso lombardia;123;45.09852565;7.64843227;Abitazione;Dal 1946 al 1960;Nessuno;Patrimonio indisponibile;;Non Dichiarato;in locazione;2441.0;01/06/2011;1;False
691611;L219;1111;87;56;84.0;FABBRICATO;corso lombardia;123;45.09852565;7.64843227;Abitazione;Dal 1946 al 1960;Nessuno;Patrimonio indisponibile;;Non Dichiarato;in locazione;2804.0;01/11/2022;1;False
691612;L219;1111;87;57;67.0;FABBRICATO;corso lombardia;123;45.09852565;7.64843227;Abitazione;Dal 1946 al 1960;Nessuno;Patrimonio indisponibile;;Non Dichiarato;in locazione;2359.0;01/10/2022;1;False
691613;L219;1111;87;58;84.0;FABBRICATO;corso lombardia;123;45.09852565;7.64843227;Abitazione;Dal 1946 al 1960;Nessuno;Patrimonio indisponibile;;Non Dichiarato;in locazione;3169.0;01/10/2022;1;False
691614;L219;1111;87;59;68.0;FABBRICATO;corso lombardia;123;45.09852565;7.64843227;Abitazione;Dal 1946 al 1960;Nessuno;Patrimonio indisponibile;Utilizzato direttamente;Altro;;;;1;False
691615;L219;1111;87;6;99.0;FABBRICATO;corso lombardia;121;45.09852565;7.64843227;Abitazione;Dal 1946 al 1960;Nessuno;Patrimonio indisponibile;;Non Dichiarato;in locazione;3580.0;01/07/2022;1;False
691616;L219;1111;87;60;84.0;FABBRICATO;corso lombardia;123;45.09852565;7.64843227;Abitazione;Dal 1946 al 1960;Nessuno;Patrimonio indisponibile;;Non Dichiarato;in locazione;2774.0;01/10/2022;1;False
691617;L219;1111;87;61;67.0;FABBRICATO;corso lombardia;123;45.09852565;7.64843227;Abitazione;Dal 1946 al 1960;Nessuno;Patrimonio indisponibile;;Non Dichiarato;in locazione;2874.0;01/10/2022;1;False
691618;L219;1111;87;62;90.0;FABBRICATO;corso lombardia;123;45.09852565;7.64843227;Abitazione;Dal 1946 al 1960;Nessuno;Patrimonio indisponibile;;Non Dichiarato;in locazione;3462.0;01/07/2020;1;False
691619;L219;1111;87;63;69.0;FABBRICATO;corso lombardia;123;45.09852565;7.64843227;Abitazione;Dal 1946 al 1960;Nessuno;Patrimonio indisponibile;;Non Dichiarato;in locazione;773.0;01/06/2018;1;False
691620;L219;1111;87;7;93.0;FABBRICATO;corso lombardia;121;45.09852565;7.64843227;Abitazione;Dal 1946 al 1960;Nessuno;Patrimonio indisponibile;;Non Dichiarato;in locazione;4622.0;01/06/2022;1;False
691621;L219;1111;87;8;99.0;FABBRICATO;corso lombardia;121;45.09852565;7.64843227;Abitazione;Dal 1946 al 1960;Nessuno;Patrimonio indisponibile;Utilizzato direttamente;Altro;;;;1;False
691622;L219;1111;87;9;94.0;FABBRICATO;corso lombardia;121;45.09852565;7.64843227;Abitazione;Dal 1946 al 1960;Nessuno;Patrimonio indisponibile;;Non Dichiarato;in locazione;3021.0;01/07/2022;1;False
691623;L219;1215;114;1;757.25;FABBRICATO;via s. simone;5;45.0792997;7.6839347;Edificio scolastico (es.: scuola di ogni ordine e grado, università, scuola di formazione);Prima del 1919;Nessuno;Patrimonio indisponibile;Utilizzato direttamente;Attività didattica;;;;1;False
691624;L219;1215;114;2;95.0;FABBRICATO;via s. simone;5;45.0792997;7.6839347;Abitazione;Prima del 1919;Nessuno;Patrimonio indisponibile;Utilizzato direttamente;Alloggio di servizio, foresterie;;;;1;False
691625;L219;1215;123;5;768.6;FABBRICATO;via s. pietro in vincoli;28;45.082552;7.6819004;Biblioteca, pinacoteca, museo, gallerie;Prima del 1919;Dichiarazione di interesse culturale;Demanio;;Non Dichiarato;in concessione a titolo oneroso;13720.0;01/01/2022;1;False
691626;L219;1215;123;6;146.0;FABBRICATO;via s. pietro in vincoli;28;45.082552;7.6819004;Abitazione;Prima del 1919;Dichiarazione di interesse culturale;Demanio;;Non Dichiarato;in concessione a titolo oneroso;13720.0;01/01/2022;1;False
691629;L219;1215;39;3;54.0;FABBRICATO;Via Vittorio Andreis;18;45.0811624;7.6822713;Ufficio strutturato ed assimilabili;Prima del 1919;Dichiarazione di interesse culturale;Demanio;Utilizzato direttamente;Attività amministrativa/uffici pubblici;;;;1;False
691630;L219;1215;39;4;1228.5;FABBRICATO;Via Vittorio Andreis;18;45.0811624;7.6822713;Edificio scolastico (es.: scuola di ogni ordine e grado, università, scuola di formazione);Prima del 1919;Dichiarazione di interesse culturale;Demanio;Utilizzato direttamente;Attività didattica;;;;1;False
691631;L219;1215;39;5;365.4;FABBRICATO;Via Vittorio Andreis;18;45.0811624;7.6822713;Struttura residenziale collettiva (es.: collegi e convitti, educandati, ricoveri, orfanotrofi, ospizi, conventi, seminari);Prima del 1919;Dichiarazione di interesse culturale;Demanio;Utilizzato direttamente;Altro;;;;1;False
691632;L219;1215;39;7;147.25;FABBRICATO;Via Vittorio Andreis;18;45.0811624;7.6822713;Edificio scolastico (es.: scuola di ogni ordine e grado, università, scuola di formazione);Prima del 1919;Dichiarazione di interesse culturale;Demanio;Utilizzato direttamente;Attività didattica;;;;1;False
691633;L219;1215;39;8;2326.75;FABBRICATO;Via Vittorio Andreis;18;45.0811624;7.6822713;Edificio scolastico (es.: scuola di ogni ordine e grado, università, scuola di formazione);Prima del 1919;Dichiarazione di interesse culturale;Demanio;Utilizzato direttamente;Attività didattica;;;;1;False
691634;L219;1215;40;2;50.0;FABBRICATO;Via Vittorio Andreis;18;45.0807765;7.6824838;Locale commerciale, negozio;Prima del 1919;Dichiarazione di interesse culturale;Demanio;Utilizzato direttamente;Attività commerciale e di ristorazione;;;;1;False
691635;L219;1216;110;;2100.0;FABBRICATO;Lungo Dora Savona;30;45.076897;7.689713;Ospedali, case di cura, cliniche e assimilabili;Dal 1961 al 1970;Nessuno;Patrimonio indisponibile;Utilizzato direttamente;Servizi assistenza socio-sanitaria (non residenziali);;;;1;False
691639;L219;1216;141;10;10000.0;FABBRICATO;Via Giovanni Antonio Bazzi;4;45.0770981;7.688346;Ufficio strutturato ed assimilabili;Dal 1919 al 1945;Nessuno;Patrimonio indisponibile;Utilizzato direttamente;Attività amministrativa/uffici pubblici;;;;1;False
691640;L219;1216;141;9;139.0;FABBRICATO;Via Giovanni Antonio Bazzi;4;45.0770981;7.688346;Abitazione;Dal 1919 al 1945;Nessuno;Patrimonio indisponibile;Utilizzato direttamente;Attività amministrativa/uffici pubblici;;;;1;False
691641;L219;1217;100;2;869.8;FABBRICATO;Piazza della Repubblica;25;45.0773775;7.6832785;Biblioteca, pinacoteca, museo, gallerie;Dal 2001 al 2010;Nessuno;Patrimonio indisponibile;Utilizzato direttamente;Attività commerciale e di ristorazione;;;;1;False
691647;L219;1217;12;18;89.0;FABBRICATO;via lanino bernardino;1;45.0783314;7.6832519;Locale commerciale, negozio;Prima del 1919;Nessuno;Patrimonio indisponibile;;Non Dichiarato;in concessione a titolo oneroso;903.0;03/05/2019;1;False
691648;L219;1217;12;19;28.0;FABBRICATO;via lanino bernardino;1;45.0783314;7.6832519;Locale commerciale, negozio;Prima del 1919;Nessuno;Patrimonio indisponibile;Utilizzato direttamente;Attività commerciale e di ristorazione;;;;1;False
691649;L219;1217;12;20;77.0;FABBRICATO;via mameli goffredo;3;45.0783314;7.6832519;Locale commerciale, negozio;Prima del 1919;Nessuno;Patrimonio indisponibile;Utilizzato direttamente;Attività commerciale e di ristorazione;;;;1;False
691650;L219;1217;12;21;44.0;FABBRICATO;via mameli goffredo;3;45.0783314;7.6832519;Locale commerciale, negozio;Prima del 1919;Nessuno;Patrimonio indisponibile;Utilizzato direttamente;Attività commerciale e di ristorazione;;;;1;False
691651;L219;1217;12;22;90.0;FABBRICATO;via mameli goffredo;3;45.0783314;7.6832519;Abitazione;Prima del 1919;Nessuno;Patrimonio indisponibile;Utilizzato direttamente;Altro;;;;1;False
691652;L219;1217;12;23;92.0;FABBRICATO;via mameli goffredo;3;45.0783314;7.6832519;Abitazione;Prima del 1919;Nessuno;Patrimonio indisponibile;Utilizzato direttamente;Altro;;;;1;False
691653;L219;1217;12;24;97.0;FABBRICATO;via mameli goffredo;3;45.0783314;7.6832519;Abitazione;Prima del 1919;Nessuno;Patrimonio indisponibile;Utilizzato direttamente;Altro;;;;1;False
691654;L219;1217;12;25;96.0;FABBRICATO;via lanino bernardino;1 H;45.0783314;7.6832519;Abitazione;Prima del 1919;Nessuno;Patrimonio indisponibile;Utilizzato direttamente;Altro;;;;1;False
691655;L219;1217;12;26;86.0;FABBRICATO;via lanino bernardino;1 I;45.0783314;7.6832519;Abitazione;Prima del 1919;Nessuno;Patrimonio indisponibile;Utilizzato direttamente;Altro;;;;1;False
691656;L219;1217;12;27;89.0;FABBRICATO;via lanino bernardino;1 L;45.0783314;7.6832519;Abitazione;Prima del 1919;Nessuno;Patrimonio indisponibile;Utilizzato direttamente;Altro;;;;1;False
691657;L219;1217;12;28;95.0;FABBRICATO;via lanino bernardino;1 M;45.0783314;7.6832519;Abitazione;Prima del 1919;Nessuno;Patrimonio indisponibile;Utilizzato direttamente;Altro;;;;1;False
691658;L219;1217;12;29;96.0;FABBRICATO;via lanino bernardino;1 N;45.0783314;7.6832519;Abitazione;Prima del 1919;Nessuno;Patrimonio indisponibile;Utilizzato direttamente;Altro;;;;1;False
691659;L219;1217;12;30;89.0;FABBRICATO;via lanino bernardino;1 O;45.0783314;7.6832519;Abitazione;Prima del 1919;Nessuno;Patrimonio indisponibile;Utilizzato direttamente;Altro;;;;1;False
691660;L219;1217;12;31;89.0;FABBRICATO;via lanino bernardino;1;45.0783314;7.6832519;Abitazione;Prima del 1919;Nessuno;Patrimonio indisponibile;Utilizzato direttamente;Altro;;;;1;False
691661;L219;1217;12;32;96.0;FABBRICATO;via lanino bernardino;1 Q;45.0783314;7.6832519;Abitazione;Prima del 1919;Nessuno;Patrimonio indisponibile;Utilizzato direttamente;Altro;;;;1;False
691662;L219;1217;12;33;95.0;FABBRICATO;via lanino bernardino;1 R;45.0783314;7.6832519;Abitazione;Prima del 1919;Nessuno;Patrimonio indisponibile;Utilizzato direttamente;Altro;;;;1;False
691663;L219;1217;12;34;157.0;FABBRICATO;via mameli goffredo;3;45.0783314;7.6832519;Locale commerciale, negozio;Prima del 1919;Nessuno;Patrimonio indisponibile;Utilizzato direttamente;Altro;;;;1;False
691664;L219;1217;12;35;19.0;FABBRICATO;via mameli goffredo;3;45.0783314;7.6832519;Cantina, soffitta, rimessa, box, garage, posto auto aperto/scoperto,;Prima del 1919;Nessuno;Patrimonio indisponibile;Utilizzato direttamente;Altro;;;;1;False
691665;L219;1217;12;36;25.0;FABBRICATO;via mameli goffredo;3;45.0783314;7.6832519;Cantina, soffitta, rimessa, box, garage, posto auto aperto/scoperto,;Prima del 1919;Nessuno;Patrimonio indisponibile;Utilizzato direttamente;Altro;;;;1;False
691666;L219;1217;12;37;139.0;FABBRICATO;via mameli goffredo;3;45.0783314;7.6832519;Abitazione;Prima del 1919;Nessuno;Patrimonio indisponibile;Utilizzato direttamente;Altro;;;;1;False
691667;L219;1217;12;38;109.0;FABBRICATO;via mameli goffredo;3;45.0783314;7.6832519;Abitazione;Prima del 1919;Nessuno;Patrimonio indisponibile;Utilizzato direttamente;Altro;;;;1;False
691668;L219;1111;88;1;14.0;FABBRICATO;corso lombardia;123;45.09835556;7.64831445;Cantina, soffitta, rimessa, box, garage, posto auto aperto/scoperto,;Dal 1946 al 1960;Nessuno;Patrimonio indisponibile;Utilizzato direttamente;Altro;;;;1;False
691669;L219;1111;88;2;14.0;FABBRICATO;corso lombardia;123;45.09835556;7.64831445;Cantina, soffitta, rimessa, box, garage, posto auto aperto/scoperto,;Dal 1946 al 1960;Nessuno;Patrimonio indisponibile;;Non Dichiarato;in locazione;836.0;01/03/2021;1;False
691670;L219;1111;88;3;14.0;FABBRICATO;corso lombardia;123;45.09835556;7.64831445;Cantina, soffitta, rimessa, box, garage, posto auto aperto/scoperto,;Dal 1946 al 1960;Nessuno;Patrimonio indisponibile;Utilizzato direttamente;Altro;;;;1;False
691671;L219;1111;88;4;14.0;FABBRICATO;corso lombardia;123;45.09835556;7.64831445;Cantina, soffitta, rimessa, box, garage, posto auto aperto/scoperto,;Dal 1946 al 1960;Nessuno;Patrimonio indisponibile;;Non Dichiarato;in locazione;796.0;01/08/2021;1;False
691672;L219;1111;88;5;14.0;FABBRICATO;corso lombardia;123;45.09835556;7.64831445;Cantina, soffitta, rimessa, box, garage, posto auto aperto/scoperto,;Dal 1946 al 1960;Nessuno;Patrimonio indisponibile;Utilizzato direttamente;Altro;;;;1;False
691673;L219;1111;88;6;14.0;FABBRICATO;corso lombardia;123;45.09835556;7.64831445;Cantina, soffitta, rimessa, box, garage, posto auto aperto/scoperto,;Dal 1946 al 1960;Nessuno;Patrimonio indisponibile;;Non Dichiarato;in locazione;1120.0;01/10/2020;1;False
691674;L219;1111;88;7;14.0;FABBRICATO;corso lombardia;123;45.09835556;7.64831445;Cantina, soffitta, rimessa, box, garage, posto auto aperto/scoperto,;Dal 1946 al 1960;Nessuno;Patrimonio indisponibile;;Non Dichiarato;in locazione;817.0;01/12/2021;1;False
691675;L219;1111;88;8;14.0;FABBRICATO;corso lombardia;123;45.09835556;7.64831445;Cantina, soffitta, rimessa, box, garage, posto auto aperto/scoperto,;Dal 1946 al 1960;Nessuno;Patrimonio indisponibile;;Non Dichiarato;in locazione;752.0;01/05/2021;1;False
691676;L219;1111;88;9;14.0;FABBRICATO;corso lombardia;123;45.09835556;7.64831445;Cantina, soffitta, rimessa, box, garage, posto auto aperto/scoperto,;Dal 1946 al 1960;Nessuno;Patrimonio indisponibile;Utilizzato direttamente;Altro;;;;1;False
691678;L219;1217;163;5;46.0;FABBRICATO;Piazza della Repubblica;27;45.0764764;7.6825208;Locale commerciale, negozio;Prima del 1919;Nessuno;Patrimonio indisponibile;Utilizzato direttamente;Attività amministrativa/uffici pubblici;;;;1;False
691679;L219;1217;163;6;152.0;FABBRICATO;Piazza della Repubblica;27;45.0764764;7.6825208;Abitazione;Prima del 1919;Nessuno;Patrimonio indisponibile;Utilizzato direttamente;Attività amministrativa/uffici pubblici;;;;1;False
691680;L219;1217;163;7;1002.86;FABBRICATO;Piazza della Repubblica;27;45.0764764;7.6825208;Ufficio strutturato ed assimilabili;Prima del 1919;Nessuno;Patrimonio indisponibile;Utilizzato direttamente;Attività amministrativa/uffici pubblici;;;;1;False
691681;L219;1373;60;1;112.0;FABBRICATO;Corso Sicilia;23;45.0419937;7.6830466;Abitazione;Prima del 1919;Nessuno;Patrimonio disponibile;Non utilizzato;Non Dichiarato;;;;1;False
691683;L219;1374;199;;214.25;FABBRICATO;via giuria pietro;41;45.0454692;7.6774084;Edificio scolastico (es.: scuola di ogni ordine e grado, università, scuola di formazione);Dal 1971 al 1980;Nessuno;Patrimonio indisponibile;Non utilizzato;Non Dichiarato;;;;1;False
691686;L219;1375;357;108;5740.25;FABBRICATO;Corso Bramante;75;45.04267939;7.67349637;Edificio scolastico (es.: scuola di ogni ordine e grado, università, scuola di formazione);Dal 1991 al 2000;Dichiarazione di interesse culturale;Demanio;Utilizzato direttamente;Attività didattica;;;;1;False
691687;L219;1375;367;2;2286.25;FABBRICATO;via lugaro ernesto;6;45.04835642;7.67194327;Edificio scolastico (es.: scuola di ogni ordine e grado, università, scuola di formazione);Dal 1991 al 2000;Nessuno;Patrimonio indisponibile;Utilizzato direttamente;Attività didattica;;;;1;False
691688;L219;1375;367;3;98.0;FABBRICATO;Via Ernesto Lugaro;8;45.04835642;7.67194327;Abitazione;Dal 1971 al 1980;Nessuno;Patrimonio indisponibile;Utilizzato direttamente;Alloggio di servizio, foresterie;;;;1;False
691689;L219;1376;106;;86.0;FABBRICATO;Corso Dante;40;45.04762;7.67229;Magazzino e locali di deposito;Prima del 1919;Nessuno;Patrimonio indisponibile;Utilizzato direttamente;Attività amministrativa/uffici pubblici;;;;1;False
691690;L219;1376;107;1;215.0;FABBRICATO;Corso Dante;28;45.04866;7.66813;Impianto sportivo;Prima del 1919;Nessuno;Patrimonio indisponibile;;Non Dichiarato;in concessione a titolo oneroso;3007.0;01/10/2018;1;False
691691;L219;1376;82;2;1391.25;FABBRICATO;via leonardo da vinci;8;45.0437905;7.6685152;Edificio scolastico (es.: scuola di ogni ordine e grado, università, scuola di formazione);Prima del 1919;Nessuno;Patrimonio indisponibile;Utilizzato direttamente;Attività didattica;;;;1;False
691692;L219;1376;82;3;58.0;FABBRICATO;via leonardo da vinci;8;45.0437905;7.6685152;Abitazione;Prima del 1919;Nessuno;Patrimonio indisponibile;Utilizzato direttamente;Alloggio di servizio, foresterie;;;;1;False
691693;L219;1186;154;;1465.14;FABBRICATO;via tamagno francesco;5;45.0878947;7.7040217;Ufficio strutturato ed assimilabili;Dal 1971 al 1980;Nessuno;Patrimonio indisponibile;Utilizzato direttamente;Servizi assistenza socio-sanitaria (non residenziali);;;;1;False
691695;L219;1186;155;11;127.0;FABBRICATO;Via Ruggero Leoncavallo;25;45.0865403;7.6980193;Abitazione;Dal 1946 al 1960;Nessuno;Patrimonio indisponibile;Utilizzato direttamente;Attività amministrativa/uffici pubblici;;;;1;False
691696;L219;1186;155;113;1496.0;FABBRICATO;Via Leoncavallo Ruggero;27;45.0865403;7.6980193;Struttura residenziale collettiva (es.: collegi e convitti, educandati, ricoveri, orfanotrofi, ospizi, conventi, seminari);Dal 1946 al 1960;Nessuno;Patrimonio indisponibile;Utilizzato direttamente;Attività amministrativa/uffici pubblici;;;;1;False
691697;L219;1186;155;114;10000.0;FABBRICATO;Via Ruggero Leoncavallo;25;45.0865403;7.6980193;Ufficio strutturato ed assimilabili;Dal 1946 al 1960;Nessuno;Patrimonio indisponibile;Utilizzato direttamente;Attività amministrativa/uffici pubblici;;;;1;False
691698;L219;1186;155;115;1954.57;FABBRICATO;Via Ruggero Leoncavallo;25;45.0865403;7.6980193;Ufficio strutturato ed assimilabili;Dal 1946 al 1960;Nessuno;Patrimonio indisponibile;Utilizzato direttamente;Attività amministrativa/uffici pubblici;;;;1;False
691699;L219;1186;155;7;560.0;FABBRICATO;via pacini giovanni;18;45.0865403;7.6980193;Struttura residenziale collettiva (es.: collegi e convitti, educandati, ricoveri, orfanotrofi, ospizi, conventi, seminari);Dal 1946 al 1960;Nessuno;Patrimonio indisponibile;Utilizzato direttamente;Attività amministrativa/uffici pubblici;;;;1;False
691700;L219;1186;155;8;486.4;FABBRICATO;via pacini giovanni;18;45.0865403;7.6980193;Struttura residenziale collettiva (es.: collegi e convitti, educandati, ricoveri, orfanotrofi, ospizi, conventi, seminari);Dal 1946 al 1960;Nessuno;Patrimonio indisponibile;Utilizzato direttamente;Attività amministrativa/uffici pubblici;;;;1;False
691702;L219;1377;322;2;1395.2;FABBRICATO;via nizza;219;45.03704528;7.66938525;Caserma;Prima del 1919;Nessuno;Patrimonio disponibile;;Non Dichiarato;in locazione;38425.0;01/07/2003;1;False
691703;L219;1377;322;3;94.0;FABBRICATO;via nizza;219;45.03704528;7.66938525;Abitazione;Prima del 1919;Nessuno;Patrimonio disponibile;;Non Dichiarato;in locazione;38425.0;01/07/2003;1;False
691705;L219;1377;400;;36.0;FABBRICATO;Piazza Camillo Bozzolo;11;45.03696429;7.67184637;Locale commerciale, negozio;Dal 2001 al 2010;Nessuno;Patrimonio indisponibile;;Non Dichiarato;in concessione a titolo oneroso;6664.0;01/10/2020;1;False
691706;L219;1377;403;;32.0;FABBRICATO;Corso Spezia;36;45.03711885;7.6707752;Locale commerciale, negozio;Dal 2001 al 2010;Nessuno;Patrimonio indisponibile;Utilizzato direttamente;Attività commerciale e di ristorazione;;;;1;False
691707;L219;1377;404;;34.0;FABBRICATO;Corso Spezia;37;45.03720929;7.67081227;Locale commerciale, negozio;Dal 2001 al 2010;Nessuno;Patrimonio indisponibile;Utilizzato direttamente;Attività commerciale e di ristorazione;;;;1;False
691708;L219;1186;167;100;99.0;FABBRICATO;Via Bioglio;30;45.0872881;7.6974772;Abitazione;Prima del 1919;Nessuno;Patrimonio indisponibile;Utilizzato direttamente;Altro;;;;1;False
691709;L219;1186;167;101;92.0;FABBRICATO;Via Bioglio;30;45.0872881;7.6974772;Abitazione;Prima del 1919;Nessuno;Patrimonio indisponibile;Utilizzato direttamente;Altro;;;;1;False
691710;L219;1186;167;102;54.0;FABBRICATO;Via Bioglio;30;45.0872881;7.6974772;Abitazione;Prima del 1919;Nessuno;Patrimonio indisponibile;Utilizzato direttamente;Altro;;;;1;False
691711;L219;1186;167;103;55.0;FABBRICATO;Via Bioglio;32;45.0872881;7.6974772;Abitazione;Prima del 1919;Nessuno;Patrimonio indisponibile;Utilizzato direttamente;Altro;;;;1;False
691712;L219;1186;167;104;55.0;FABBRICATO;Via Bioglio;32;45.0872881;7.6974772;Abitazione;Prima del 1919;Nessuno;Patrimonio indisponibile;Utilizzato direttamente;Altro;;;;1;False
691713;L219;1186;167;107;53.0;FABBRICATO;Via Bioglio;32;45.0872881;7.6974772;Abitazione;Prima del 1919;Nessuno;Patrimonio indisponibile;Utilizzato direttamente;Altro;;;;1;False
691714;L219;1186;167;108;91.0;FABBRICATO;Via Bioglio;32;45.0872881;7.6974772;Abitazione;Prima del 1919;Nessuno;Patrimonio indisponibile;Utilizzato direttamente;Altro;;;;1;False
691715;L219;1186;167;109;96.0;FABBRICATO;Via Bioglio;32;45.0872881;7.6974772;Abitazione;Prima del 1919;Nessuno;Patrimonio indisponibile;Utilizzato direttamente;Altro;;;;1;False
691716;L219;1186;167;110;54.0;FABBRICATO;Via Bioglio;32;45.0872881;7.6974772;Abitazione;Prima del 1919;Nessuno;Patrimonio indisponibile;Utilizzato direttamente;Altro;;;;1;False
691717;L219;1186;167;111;91.0;FABBRICATO;Via Bioglio;32;45.0872881;7.6974772;Abitazione;Prima del 1919;Nessuno;Patrimonio indisponibile;Utilizzato direttamente;Altro;;;;1;False
691718;L219;1186;167;112;96.0;FABBRICATO;Via Bioglio;32;45.0872881;7.6974772;Abitazione;Prima del 1919;Nessuno;Patrimonio indisponibile;Utilizzato direttamente;Altro;;;;1;False
691719;L219;1186;167;113;53.0;FABBRICATO;Via Bioglio;32;45.0872881;7.6974772;Abitazione;Prima del 1919;Nessuno;Patrimonio indisponibile;Utilizzato direttamente;Altro;;;;1;False
691720;L219;1186;167;114;91.0;FABBRICATO;Via Bioglio;32;45.0872881;7.6974772;Abitazione;Prima del 1919;Nessuno;Patrimonio indisponibile;Utilizzato direttamente;Altro;;;;1;False
691721;L219;1186;167;115;95.0;FABBRICATO;Via Bioglio;32;45.0872881;7.6974772;Abitazione;Prima del 1919;Nessuno;Patrimonio indisponibile;Utilizzato direttamente;Altro;;;;1;False
691722;L219;1186;167;116;54.0;FABBRICATO;Via Bioglio;32;45.0872881;7.6974772;Abitazione;Prima del 1919;Nessuno;Patrimonio indisponibile;Utilizzato direttamente;Altro;;;;1;False
691723;L219;1186;167;117;92.0;FABBRICATO;Via Bioglio;32;45.0872881;7.6974772;Abitazione;Prima del 1919;Nessuno;Patrimonio indisponibile;Utilizzato direttamente;Altro;;;;1;False
691724;L219;1186;167;118;96.0;FABBRICATO;Via Bioglio;32;45.0872881;7.6974772;Abitazione;Prima del 1919;Nessuno;Patrimonio indisponibile;Utilizzato direttamente;Altro;;;;1;False
691725;L219;1186;167;119;54.0;FABBRICATO;Via Bioglio;32;45.0872881;7.6974772;Abitazione;Prima del 1919;Nessuno;Patrimonio indisponibile;Utilizzato direttamente;Altro;;;;1;False
691726;L219;1186;167;120;91.0;FABBRICATO;Via Bioglio;32;45.0872881;7.6974772;Abitazione;Prima del 1919;Nessuno;Patrimonio indisponibile;Utilizzato direttamente;Altro;;;;1;False
691727;L219;1186;167;121;96.0;FABBRICATO;Via Bioglio;32;45.0872881;7.6974772;Abitazione;Prima del 1919;Nessuno;Patrimonio indisponibile;Utilizzato direttamente;Altro;;;;1;False
691728;L219;1186;167;122;50.0;FABBRICATO;Via Bioglio;36;45.0872881;7.6974772;Abitazione;Prima del 1919;Nessuno;Patrimonio indisponibile;Utilizzato direttamente;Altro;;;;1;False
691729;L219;1186;167;123;55.0;FABBRICATO;Via Bioglio;36;45.0872881;7.6974772;Abitazione;Prima del 1919;Nessuno;Patrimonio indisponibile;Utilizzato direttamente;Altro;;;;1;False
691730;L219;1186;167;125;70.0;FABBRICATO;Via Bioglio;36;45.0872881;7.6974772;Abitazione;Prima del 1919;Nessuno;Patrimonio indisponibile;Utilizzato direttamente;Altro;;;;1;False
691731;L219;1186;167;126;50.0;FABBRICATO;Via Bioglio;36;45.0872881;7.6974772;Abitazione;Prima del 1919;Nessuno;Patrimonio indisponibile;Utilizzato direttamente;Altro;;;;1;False
691732;L219;1186;167;127;56.0;FABBRICATO;Via Bioglio;36;45.0872881;7.6974772;Abitazione;Prima del 1919;Nessuno;Patrimonio indisponibile;Utilizzato direttamente;Altro;;;;1;False
691733;L219;1186;167;128;110.0;FABBRICATO;Via Bioglio;36;45.0872881;7.6974772;Abitazione;Prima del 1919;Nessuno;Patrimonio indisponibile;Utilizzato direttamente;Altro;;;;1;False
691734;L219;1186;167;129;110.0;FABBRICATO;Via Bioglio;36;45.0872881;7.6974772;Abitazione;Prima del 1919;Nessuno;Patrimonio indisponibile;Utilizzato direttamente;Altro;;;;1;False
691735;L219;1186;167;130;109.0;FABBRICATO;Via Bioglio;36;45.0872881;7.6974772;Abitazione;Prima del 1919;Nessuno;Patrimonio indisponibile;Utilizzato direttamente;Altro;;;;1;False
691736;L219;1186;167;131;110.0;FABBRICATO;Via Bioglio;36;45.0872881;7.6974772;Abitazione;Prima del 1919;Nessuno;Patrimonio indisponibile;Utilizzato direttamente;Altro;;;;1;False
691737;L219;1186;167;132;110.0;FABBRICATO;Via Bioglio;36;45.0872881;7.6974772;Abitazione;Prima del 1919;Nessuno;Patrimonio indisponibile;Utilizzato direttamente;Altro;;;;1;False
691738;L219;1186;167;133;109.0;FABBRICATO;Via Bioglio;36;45.0872881;7.6974772;Abitazione;Prima del 1919;Nessuno;Patrimonio indisponibile;Utilizzato direttamente;Altro;;;;1;False
691739;L219;1186;167;134;58.0;FABBRICATO;Via Giovanni Pacini;2;45.0872881;7.6974772;Abitazione;Prima del 1919;Nessuno;Patrimonio indisponibile;Utilizzato direttamente;Altro;;;;1;False
691740;L219;1186;167;135;53.0;FABBRICATO;Via Giovanni Pacini;2;45.0872881;7.6974772;Abitazione;Prima del 1919;Nessuno;Patrimonio indisponibile;Utilizzato direttamente;Altro;;;;1;False
691741;L219;1186;167;136;58.0;FABBRICATO;Via Giovanni Pacini;2;45.0872881;7.6974772;Abitazione;Prima del 1919;Nessuno;Patrimonio indisponibile;Utilizzato direttamente;Altro;;;;1;False
691742;L219;1186;167;137;92.0;FABBRICATO;Via Giovanni Pacini;2;45.0872881;7.6974772;Abitazione;Prima del 1919;Nessuno;Patrimonio indisponibile;Utilizzato direttamente;Altro;;;;1;False
691743;L219;1186;167;138;105.0;FABBRICATO;Via Giovanni Pacini;2;45.0872881;7.6974772;Abitazione;Prima del 1919;Nessuno;Patrimonio indisponibile;Utilizzato direttamente;Altro;;;;1;False
691744;L219;1186;167;139;53.0;FABBRICATO;Via Giovanni Pacini;2;45.0872881;7.6974772;Abitazione;Prima del 1919;Nessuno;Patrimonio indisponibile;Utilizzato direttamente;Altro;;;;1;False
691745;L219;1186;167;140;68.0;FABBRICATO;Via Giovanni Pacini;2;45.0872881;7.6974772;Abitazione;Prima del 1919;Nessuno;Patrimonio indisponibile;Utilizzato direttamente;Altro;;;;1;False
691746;L219;1186;167;141;104.0;FABBRICATO;Via Giovanni Pacini;2;45.0872881;7.6974772;Abitazione;Prima del 1919;Nessuno;Patrimonio indisponibile;Utilizzato direttamente;Altro;;;;1;False
691747;L219;1186;167;142;54.0;FABBRICATO;Via Giovanni Pacini;2;45.0872881;7.6974772;Abitazione;Prima del 1919;Nessuno;Patrimonio indisponibile;Utilizzato direttamente;Altro;;;;1;False
691748;L219;1186;167;143;68.0;FABBRICATO;Via Giovanni Pacini;2;45.0872881;7.6974772;Abitazione;Prima del 1919;Nessuno;Patrimonio indisponibile;Utilizzato direttamente;Altro;;;;1;False
691749;L219;1186;167;144;104.0;FABBRICATO;Via Giovanni Pacini;2;45.0872881;7.6974772;Abitazione;Prima del 1919;Nessuno;Patrimonio indisponibile;Utilizzato direttamente;Altro;;;;1;False
691750;L219;1186;167;145;53.0;FABBRICATO;Via Giovanni Pacini;2;45.0872881;7.6974772;Abitazione;Prima del 1919;Nessuno;Patrimonio indisponibile;Utilizzato direttamente;Altro;;;;1;False
691751;L219;1186;167;146;69.0;FABBRICATO;Via Giovanni Pacini;2;45.0872881;7.6974772;Abitazione;Prima del 1919;Nessuno;Patrimonio indisponibile;Utilizzato direttamente;Altro;;;;1;False
691752;L219;1186;167;147;8.0;FABBRICATO;Via Giovanni Pacini;2;45.0872881;7.6974772;Cantina, soffitta, rimessa, box, garage, posto auto aperto/scoperto,;Prima del 1919;Nessuno;Patrimonio indisponibile;Utilizzato direttamente;Altro;;;;1;False
691753;L219;1186;167;148;60.0;FABBRICATO;Via Giovanni Pacini;4;45.0872881;7.6974772;Abitazione;Prima del 1919;Nessuno;Patrimonio indisponibile;Utilizzato direttamente;Altro;;;;1;False
691754;L219;1186;167;149;69.0;FABBRICATO;Via Giovanni Pacini;4;45.0872881;7.6974772;Abitazione;Prima del 1919;Nessuno;Patrimonio indisponibile;Utilizzato direttamente;Altro;;;;1;False
691755;L219;1186;167;150;57.0;FABBRICATO;Via Giovanni Pacini;4;45.0872881;7.6974772;Abitazione;Prima del 1919;Nessuno;Patrimonio indisponibile;Utilizzato direttamente;Altro;;;;1;False
691756;L219;1186;167;151;69.0;FABBRICATO;Via Giovanni Pacini;4;45.0872881;7.6974772;Abitazione;Prima del 1919;Nessuno;Patrimonio indisponibile;Utilizzato direttamente;Altro;;;;1;False
691757;L219;1186;167;152;84.0;FABBRICATO;Via Giovanni Pacini;4;45.0872881;7.6974772;Abitazione;Prima del 1919;Nessuno;Patrimonio indisponibile;Utilizzato direttamente;Altro;;;;1;False
691758;L219;1186;167;153;54.0;FABBRICATO;Via Giovanni Pacini;4;45.0872881;7.6974772;Abitazione;Prima del 1919;Nessuno;Patrimonio indisponibile;Utilizzato direttamente;Altro;;;;1;False
691759;L219;1186;167;154;96.0;FABBRICATO;Via Giovanni Pacini;4;45.0872881;7.6974772;Abitazione;Prima del 1919;Nessuno;Patrimonio indisponibile;Utilizzato direttamente;Altro;;;;1;False
691760;L219;1186;167;155;92.0;FABBRICATO;Via Giovanni Pacini;4;45.0872881;7.6974772;Abitazione;Prima del 1919;Nessuno;Patrimonio indisponibile;Utilizzato direttamente;Altro;;;;1;False
691761;L219;1186;167;156;53.0;FABBRICATO;Via Giovanni Pacini;4;45.0872881;7.6974772;Abitazione;Prima del 1919;Nessuno;Patrimonio indisponibile;Utilizzato direttamente;Altro;;;;1;False
691762;L219;1186;167;157;94.0;FABBRICATO;Via Giovanni Pacini;4;45.0872881;7.6974772;Abitazione;Prima del 1919;Nessuno;Patrimonio indisponibile;Utilizzato direttamente;Altro;;;;1;False
691763;L219;1186;167;158;92.0;FABBRICATO;Via Giovanni Pacini;4;45.0872881;7.6974772;Abitazione;Prima del 1919;Nessuno;Patrimonio indisponibile;Utilizzato direttamente;Altro;;;;1;False
691764;L219;1186;167;159;53.0;FABBRICATO;Via Giovanni Pacini;4;45.0872881;7.6974772;Abitazione;Prima del 1919;Nessuno;Patrimonio indisponibile;Utilizzato direttamente;Altro;;;;1;False
691765;L219;1186;167;160;96.0;FABBRICATO;Via Giovanni Pacini;4;45.0872881;7.6974772;Abitazione;Prima del 1919;Nessuno;Patrimonio indisponibile;Utilizzato direttamente;Altro;;;;1;False
691766;L219;1186;167;161;92.0;FABBRICATO;Via Giovanni Pacini;4;45.0872881;7.6974772;Abitazione;Prima del 1919;Nessuno;Patrimonio indisponibile;Utilizzato direttamente;Altro;;;;1;False
691767;L219;1186;167;162;53.0;FABBRICATO;Via Giovanni Pacini;4;45.0872881;7.6974772;Abitazione;Prima del 1919;Nessuno;Patrimonio indisponibile;Utilizzato direttamente;Altro;;;;1;False
691768;L219;1186;167;163;55.0;FABBRICATO;Via Giovanni Pacini;6;45.0872881;7.6974772;Abitazione;Prima del 1919;Nessuno;Patrimonio indisponibile;Utilizzato direttamente;Altro;;;;1;False
691769;L219;1186;167;164;55.0;FABBRICATO;Via Giovanni Pacini;6;45.0872881;7.6974772;Abitazione;Prima del 1919;Nessuno;Patrimonio indisponibile;Utilizzato direttamente;Altro;;;;1;False
691770;L219;1186;167;167;53.0;FABBRICATO;Via Giovanni Pacini;6;45.0872881;7.6974772;Abitazione;Prima del 1919;Nessuno;Patrimonio indisponibile;Utilizzato direttamente;Altro;;;;1;False
691771;L219;1186;167;168;91.0;FABBRICATO;Via Giovanni Pacini;6;45.0872881;7.6974772;Abitazione;Prima del 1919;Nessuno;Patrimonio indisponibile;Utilizzato direttamente;Altro;;;;1;False
691772;L219;1186;167;169;97.0;FABBRICATO;Via Giovanni Pacini;6;45.0872881;7.6974772;Abitazione;Prima del 1919;Nessuno;Patrimonio indisponibile;Utilizzato direttamente;Altro;;;;1;False
691773;L219;1186;167;17;54.0;FABBRICATO;Via Bioglio;16;45.0872881;7.6974772;Abitazione;Prima del 1919;Nessuno;Patrimonio indisponibile;Utilizzato direttamente;Altro;;;;1;False
691774;L219;1186;167;170;52.0;FABBRICATO;Via Giovanni Pacini;6;45.0872881;7.6974772;Abitazione;Prima del 1919;Nessuno;Patrimonio indisponibile;Utilizzato direttamente;Altro;;;;1;False
691775;L219;1186;167;171;91.0;FABBRICATO;Via Giovanni Pacini;6;45.0872881;7.6974772;Abitazione;Prima del 1919;Nessuno;Patrimonio indisponibile;Utilizzato direttamente;Altro;;;;1;False
691776;L219;1186;167;172;96.0;FABBRICATO;Via Giovanni Pacini;6;45.0872881;7.6974772;Abitazione;Prima del 1919;Nessuno;Patrimonio indisponibile;Utilizzato direttamente;Altro;;;;1;False
691777;L219;1186;167;173;52.0;FABBRICATO;Via Giovanni Pacini;6;45.0872881;7.6974772;Abitazione;Prima del 1919;Nessuno;Patrimonio indisponibile;Utilizzato direttamente;Altro;;;;1;False
691778;L219;1186;167;174;91.0;FABBRICATO;Via Giovanni Pacini;6;45.0872881;7.6974772;Abitazione;Prima del 1919;Nessuno;Patrimonio indisponibile;Utilizzato direttamente;Altro;;;;1;False
691779;L219;1186;167;175;97.0;FABBRICATO;Via Giovanni Pacini;6;45.0872881;7.6974772;Abitazione;Prima del 1919;Nessuno;Patrimonio indisponibile;Utilizzato direttamente;Altro;;;;1;False
691780;L219;1186;167;176;54.0;FABBRICATO;Via Giovanni Pacini;6;45.0872881;7.6974772;Abitazione;Prima del 1919;Nessuno;Patrimonio indisponibile;Utilizzato direttamente;Altro;;;;1;False
691781;L219;1186;167;177;90.0;FABBRICATO;Via Giovanni Pacini;6;45.0872881;7.6974772;Abitazione;Prima del 1919;Nessuno;Patrimonio indisponibile;Utilizzato direttamente;Altro;;;;1;False
691782;L219;1186;167;178;98.0;FABBRICATO;Via Giovanni Pacini;6;45.0872881;7.6974772;Abitazione;Prima del 1919;Nessuno;Patrimonio indisponibile;Utilizzato direttamente;Altro;;;;1;False
691783;L219;1186;167;179;10.0;FABBRICATO;via ternengo;38 A;45.0872881;7.6974772;Cantina, soffitta, rimessa, box, garage, posto auto aperto/scoperto,;Prima del 1919;Nessuno;Patrimonio indisponibile;Utilizzato direttamente;Altro;;;;1;False
691784;L219;1186;167;18;50.0;FABBRICATO;Via Bioglio;16;45.0872881;7.6974772;Abitazione;Prima del 1919;Nessuno;Patrimonio indisponibile;Utilizzato direttamente;Altro;;;;1;False
691785;L219;1186;167;180;10.0;FABBRICATO;via ternengo;38 A;45.0872881;7.6974772;Cantina, soffitta, rimessa, box, garage, posto auto aperto/scoperto,;Prima del 1919;Nessuno;Patrimonio indisponibile;Utilizzato direttamente;Altro;;;;1;False
691786;L219;1186;167;181;10.0;FABBRICATO;via ternengo;38 A;45.0872881;7.6974772;Cantina, soffitta, rimessa, box, garage, posto auto aperto/scoperto,;Prima del 1919;Nessuno;Patrimonio indisponibile;Utilizzato direttamente;Altro;;;;1;False
691787;L219;1186;167;182;10.0;FABBRICATO;via ternengo;38 A;45.0872881;7.6974772;Cantina, soffitta, rimessa, box, garage, posto auto aperto/scoperto,;Prima del 1919;Nessuno;Patrimonio indisponibile;Utilizzato direttamente;Altro;;;;1;False
691788;L219;1186;167;183;10.0;FABBRICATO;via ternengo;38 A;45.0872881;7.6974772;Cantina, soffitta, rimessa, box, garage, posto auto aperto/scoperto,;Prima del 1919;Nessuno;Patrimonio indisponibile;Utilizzato direttamente;Altro;;;;1;False
691789;L219;1186;167;184;12.0;FABBRICATO;via ternengo;38 A;45.0872881;7.6974772;Cantina, soffitta, rimessa, box, garage, posto auto aperto/scoperto,;Prima del 1919;Nessuno;Patrimonio indisponibile;Utilizzato direttamente;Altro;;;;1;False
691790;L219;1186;167;185;12.0;FABBRICATO;via ternengo;38 A;45.0872881;7.6974772;Cantina, soffitta, rimessa, box, garage, posto auto aperto/scoperto,;Prima del 1919;Nessuno;Patrimonio indisponibile;Utilizzato direttamente;Altro;;;;1;False
691791;L219;1186;167;186;12.0;FABBRICATO;via ternengo;38 A;45.0872881;7.6974772;Cantina, soffitta, rimessa, box, garage, posto auto aperto/scoperto,;Prima del 1919;Nessuno;Patrimonio indisponibile;Utilizzato direttamente;Altro;;;;1;False
691792;L219;1186;167;187;12.0;FABBRICATO;via ternengo;38 A;45.0872881;7.6974772;Cantina, soffitta, rimessa, box, garage, posto auto aperto/scoperto,;Prima del 1919;Nessuno;Patrimonio indisponibile;Utilizzato direttamente;Altro;;;;1;False
691793;L219;1186;167;188;12.0;FABBRICATO;via ternengo;38 A;45.0872881;7.6974772;Cantina, soffitta, rimessa, box, garage, posto auto aperto/scoperto,;Prima del 1919;Nessuno;Patrimonio indisponibile;Utilizzato direttamente;Altro;;;;1;False
691794;L219;1186;167;189;12.0;FABBRICATO;via ternengo;38 A;45.0872881;7.6974772;Cantina, soffitta, rimessa, box, garage, posto auto aperto/scoperto,;Prima del 1919;Nessuno;Patrimonio indisponibile;Utilizzato direttamente;Altro;;;;1;False
691795;L219;1186;167;19;53.0;FABBRICATO;Via Bioglio;16;45.0872881;7.6974772;Abitazione;Prima del 1919;Nessuno;Patrimonio indisponibile;Utilizzato direttamente;Altro;;;;1;False
691796;L219;1186;167;190;12.0;FABBRICATO;via ternengo;38 A;45.0872881;7.6974772;Cantina, soffitta, rimessa, box, garage, posto auto aperto/scoperto,;Prima del 1919;Nessuno;Patrimonio indisponibile;Utilizzato direttamente;Altro;;;;1;False
691797;L219;1186;167;191;12.0;FABBRICATO;via ternengo;38 A;45.0872881;7.6974772;Cantina, soffitta, rimessa, box, garage, posto auto aperto/scoperto,;Prima del 1919;Nessuno;Patrimonio indisponibile;Utilizzato direttamente;Altro;;;;1;False
691798;L219;1186;167;192;12.0;FABBRICATO;via ternengo;38 A;45.0872881;7.6974772;Cantina, soffitta, rimessa, box, garage, posto auto aperto/scoperto,;Prima del 1919;Nessuno;Patrimonio indisponibile;Utilizzato direttamente;Altro;;;;1;False
691799;L219;1186;167;193;12.0;FABBRICATO;via ternengo;38 A;45.0872881;7.6974772;Cantina, soffitta, rimessa, box, garage, posto auto aperto/scoperto,;Prima del 1919;Nessuno;Patrimonio indisponibile;Utilizzato direttamente;Altro;;;;1;False
691800;L219;1186;167;194;12.0;FABBRICATO;via ternengo;38 A;45.0872881;7.6974772;Cantina, soffitta, rimessa, box, garage, posto auto aperto/scoperto,;Prima del 1919;Nessuno;Patrimonio indisponibile;Utilizzato direttamente;Altro;;;;1;False
691801;L219;1186;167;195;12.0;FABBRICATO;via ternengo;38 A;45.0872881;7.6974772;Cantina, soffitta, rimessa, box, garage, posto auto aperto/scoperto,;Prima del 1919;Nessuno;Patrimonio indisponibile;Utilizzato direttamente;Altro;;;;1;False
691802;L219;1186;167;196;12.0;FABBRICATO;via ternengo;38 A;45.0872881;7.6974772;Cantina, soffitta, rimessa, box, garage, posto auto aperto/scoperto,;Prima del 1919;Nessuno;Patrimonio indisponibile;Utilizzato direttamente;Altro;;;;1;False
691803;L219;1186;167;197;12.0;FABBRICATO;via ternengo;38 A;45.0872881;7.6974772;Cantina, soffitta, rimessa, box, garage, posto auto aperto/scoperto,;Prima del 1919;Nessuno;Patrimonio indisponibile;Utilizzato direttamente;Altro;;;;1;False
691804;L219;1186;167;198;12.0;FABBRICATO;via ternengo;38 A;45.0872881;7.6974772;Cantina, soffitta, rimessa, box, garage, posto auto aperto/scoperto,;Prima del 1919;Nessuno;Patrimonio indisponibile;Utilizzato direttamente;Altro;;;;1;False
691805;L219;1186;167;199;12.0;FABBRICATO;via ternengo;38 A;45.0872881;7.6974772;Cantina, soffitta, rimessa, box, garage, posto auto aperto/scoperto,;Prima del 1919;Nessuno;Patrimonio indisponibile;Utilizzato direttamente;Altro;;;;1;False
691806;L219;1186;167;20;54.0;FABBRICATO;Via Bioglio;16;45.0872881;7.6974772;Abitazione;Prima del 1919;Nessuno;Patrimonio indisponibile;Utilizzato direttamente;Altro;;;;1;False
691807;L219;1186;167;200;12.0;FABBRICATO;via ternengo;38 A;45.0872881;7.6974772;Cantina, soffitta, rimessa, box, garage, posto auto aperto/scoperto,;Prima del 1919;Nessuno;Patrimonio indisponibile;Utilizzato direttamente;Altro;;;;1;False
691808;L219;1186;167;201;12.0;FABBRICATO;via ternengo;38 A;45.0872881;7.6974772;Cantina, soffitta, rimessa, box, garage, posto auto aperto/scoperto,;Prima del 1919;Nessuno;Patrimonio indisponibile;Utilizzato direttamente;Altro;;;;1;False
691809;L219;1186;167;202;12.0;FABBRICATO;via ternengo;38 A;45.0872881;7.6974772;Cantina, soffitta, rimessa, box, garage, posto auto aperto/scoperto,;Prima del 1919;Nessuno;Patrimonio indisponibile;Utilizzato direttamente;Altro;;;;1;False
691810;L219;1186;167;203;12.0;FABBRICATO;via ternengo;38 A;45.0872881;7.6974772;Cantina, soffitta, rimessa, box, garage, posto auto aperto/scoperto,;Prima del 1919;Nessuno;Patrimonio indisponibile;Utilizzato direttamente;Altro;;;;1;False
691811;L219;1186;167;204;12.0;FABBRICATO;via ternengo;38 A;45.0872881;7.6974772;Cantina, soffitta, rimessa, box, garage, posto auto aperto/scoperto,;Prima del 1919;Nessuno;Patrimonio indisponibile;Utilizzato direttamente;Altro;;;;1;False
691812;L219;1186;167;205;12.0;FABBRICATO;via ternengo;38 A;45.0872881;7.6974772;Cantina, soffitta, rimessa, box, garage, posto auto aperto/scoperto,;Prima del 1919;Nessuno;Patrimonio indisponibile;Utilizzato direttamente;Altro;;;;1;False
691813;L219;1186;167;206;12.0;FABBRICATO;via ternengo;38 A;45.0872881;7.6974772;Cantina, soffitta, rimessa, box, garage, posto auto aperto/scoperto,;Prima del 1919;Nessuno;Patrimonio indisponibile;Utilizzato direttamente;Altro;;;;1;False
691814;L219;1186;167;207;12.0;FABBRICATO;via ternengo;38 A;45.0872881;7.6974772;Cantina, soffitta, rimessa, box, garage, posto auto aperto/scoperto,;Prima del 1919;Nessuno;Patrimonio indisponibile;Utilizzato direttamente;Altro;;;;1;False
691815;L219;1186;167;208;12.0;FABBRICATO;via ternengo;38 A;45.0872881;7.6974772;Cantina, soffitta, rimessa, box, garage, posto auto aperto/scoperto,;Prima del 1919;Nessuno;Patrimonio indisponibile;Utilizzato direttamente;Altro;;;;1;False
691816;L219;1186;167;209;12.0;FABBRICATO;via ternengo;38 A;45.0872881;7.6974772;Cantina, soffitta, rimessa, box, garage, posto auto aperto/scoperto,;Prima del 1919;Nessuno;Patrimonio indisponibile;Utilizzato direttamente;Altro;;;;1;False
691817;L219;1186;167;21;50.0;FABBRICATO;Via Bioglio;16;45.0872881;7.6974772;Abitazione;Prima del 1919;Nessuno;Patrimonio indisponibile;Utilizzato direttamente;Altro;;;;1;False
691818;L219;1186;167;210;17.0;FABBRICATO;via ternengo;38 A;45.0872881;7.6974772;Cantina, soffitta, rimessa, box, garage, posto auto aperto/scoperto,;Prima del 1919;Nessuno;Patrimonio indisponibile;Utilizzato direttamente;Altro;;;;1;False
691819;L219;1186;167;211;9.0;FABBRICATO;via ternengo;38 A;45.0872881;7.6974772;Cantina, soffitta, rimessa, box, garage, posto auto aperto/scoperto,;Prima del 1919;Nessuno;Patrimonio indisponibile;Utilizzato direttamente;Altro;;;;1;False
691820;L219;1186;167;212;9.0;FABBRICATO;via ternengo;38 A;45.0872881;7.6974772;Cantina, soffitta, rimessa, box, garage, posto auto aperto/scoperto,;Prima del 1919;Nessuno;Patrimonio indisponibile;Utilizzato direttamente;Altro;;;;1;False
691821;L219;1186;167;213;9.0;FABBRICATO;via ternengo;38 A;45.0872881;7.6974772;Cantina, soffitta, rimessa, box, garage, posto auto aperto/scoperto,;Prima del 1919;Nessuno;Patrimonio indisponibile;Utilizzato direttamente;Altro;;;;1;False
691822;L219;1186;167;214;9.0;FABBRICATO;via ternengo;38 A;45.0872881;7.6974772;Cantina, soffitta, rimessa, box, garage, posto auto aperto/scoperto,;Prima del 1919;Nessuno;Patrimonio indisponibile;Utilizzato direttamente;Altro;;;;1;False
691823;L219;1186;167;215;9.0;FABBRICATO;via ternengo;38 A;45.0872881;7.6974772;Cantina, soffitta, rimessa, box, garage, posto auto aperto/scoperto,;Prima del 1919;Nessuno;Patrimonio indisponibile;Utilizzato direttamente;Altro;;;;1;False
691824;L219;1186;167;216;17.0;FABBRICATO;via ternengo;38 A;45.0872881;7.6974772;Cantina, soffitta, rimessa, box, garage, posto auto aperto/scoperto,;Prima del 1919;Nessuno;Patrimonio indisponibile;Utilizzato direttamente;Altro;;;;1;False
691825;L219;1186;167;217;17.0;FABBRICATO;via ternengo;38 A;45.0872881;7.6974772;Cantina, soffitta, rimessa, box, garage, posto auto aperto/scoperto,;Prima del 1919;Nessuno;Patrimonio indisponibile;Utilizzato direttamente;Altro;;;;1;False
691826;L219;1186;167;218;25.0;FABBRICATO;via ternengo;38 A;45.0872881;7.6974772;Cantina, soffitta, rimessa, box, garage, posto auto aperto/scoperto,;Prima del 1919;Nessuno;Patrimonio indisponibile;Utilizzato direttamente;Altro;;;;1;False
691827;L219;1186;167;219;17.0;FABBRICATO;via ternengo;38 A;45.0872881;7.6974772;Cantina, soffitta, rimessa, box, garage, posto auto aperto/scoperto,;Prima del 1919;Nessuno;Patrimonio indisponibile;Utilizzato direttamente;Altro;;;;1;False
691828;L219;1186;167;22;66.0;FABBRICATO;Via Bioglio;16;45.0872881;7.6974772;Abitazione;Prima del 1919;Nessuno;Patrimonio indisponibile;Utilizzato direttamente;Altro;;;;1;False
691829;L219;1186;167;220;17.0;FABBRICATO;via ternengo;38 A;45.0872881;7.6974772;Cantina, soffitta, rimessa, box, garage, posto auto aperto/scoperto,;Prima del 1919;Nessuno;Patrimonio indisponibile;Utilizzato direttamente;Altro;;;;1;False
691830;L219;1186;167;221;25.0;FABBRICATO;via ternengo;38 A;45.0872881;7.6974772;Cantina, soffitta, rimessa, box, garage, posto auto aperto/scoperto,;Prima del 1919;Nessuno;Patrimonio indisponibile;Utilizzato direttamente;Altro;;;;1;False
691831;L219;1186;167;222;14.0;FABBRICATO;via ternengo;38 A;45.0872881;7.6974772;Cantina, soffitta, rimessa, box, garage, posto auto aperto/scoperto,;Prima del 1919;Nessuno;Patrimonio indisponibile;Utilizzato direttamente;Altro;;;;1;False
691832;L219;1186;167;223;14.0;FABBRICATO;via ternengo;38 A;45.0872881;7.6974772;Cantina, soffitta, rimessa, box, garage, posto auto aperto/scoperto,;Prima del 1919;Nessuno;Patrimonio indisponibile;Utilizzato direttamente;Altro;;;;1;False
691833;L219;1186;167;224;19.0;FABBRICATO;via ternengo;38 A;45.0872881;7.6974772;Cantina, soffitta, rimessa, box, garage, posto auto aperto/scoperto,;Prima del 1919;Nessuno;Patrimonio indisponibile;Utilizzato direttamente;Altro;;;;1;False
691834;L219;1186;167;225;15.0;FABBRICATO;via ternengo;38 A;45.0872881;7.6974772;Cantina, soffitta, rimessa, box, garage, posto auto aperto/scoperto,;Prima del 1919;Nessuno;Patrimonio indisponibile;Utilizzato direttamente;Altro;;;;1;False
691835;L219;1186;167;226;9.0;FABBRICATO;via ternengo;38 A;45.0872881;7.6974772;Cantina, soffitta, rimessa, box, garage, posto auto aperto/scoperto,;Prima del 1919;Nessuno;Patrimonio indisponibile;Utilizzato direttamente;Altro;;;;1;False
691836;L219;1186;167;227;14.0;FABBRICATO;via ternengo;38 A;45.0872881;7.6974772;Cantina, soffitta, rimessa, box, garage, posto auto aperto/scoperto,;Prima del 1919;Nessuno;Patrimonio indisponibile;Utilizzato direttamente;Altro;;;;1;False
691837;L219;1186;167;228;15.0;FABBRICATO;via ternengo;38 A;45.0872881;7.6974772;Cantina, soffitta, rimessa, box, garage, posto auto aperto/scoperto,;Prima del 1919;Nessuno;Patrimonio indisponibile;Utilizzato direttamente;Altro;;;;1;False
691838;L219;1186;167;229;14.0;FABBRICATO;via ternengo;38 A;45.0872881;7.6974772;Cantina, soffitta, rimessa, box, garage, posto auto aperto/scoperto,;Prima del 1919;Nessuno;Patrimonio indisponibile;Utilizzato direttamente;Altro;;;;1;False
691839;L219;1186;167;23;56.0;FABBRICATO;Via Bioglio;16;45.0872881;7.6974772;Abitazione;Prima del 1919;Nessuno;Patrimonio indisponibile;Utilizzato direttamente;Altro;;;;1;False
691840;L219;1186;167;230;14.0;FABBRICATO;via ternengo;38 A;45.0872881;7.6974772;Cantina, soffitta, rimessa, box, garage, posto auto aperto/scoperto,;Prima del 1919;Nessuno;Patrimonio indisponibile;Utilizzato direttamente;Altro;;;;1;False
691841;L219;1186;167;231;9.0;FABBRICATO;via ternengo;38 A;45.0872881;7.6974772;Cantina, soffitta, rimessa, box, garage, posto auto aperto/scoperto,;Prima del 1919;Nessuno;Patrimonio indisponibile;Utilizzato direttamente;Altro;;;;1;False
691842;L219;1186;167;232;14.0;FABBRICATO;via ternengo;38 A;45.0872881;7.6974772;Cantina, soffitta, rimessa, box, garage, posto auto aperto/scoperto,;Prima del 1919;Nessuno;Patrimonio indisponibile;Utilizzato direttamente;Altro;;;;1;False
691843;L219;1186;167;233;9.0;FABBRICATO;via ternengo;38 A;45.0872881;7.6974772;Cantina, soffitta, rimessa, box, garage, posto auto aperto/scoperto,;Prima del 1919;Nessuno;Patrimonio indisponibile;Utilizzato direttamente;Altro;;;;1;False
691844;L219;1186;167;234;8.0;FABBRICATO;via ternengo;38 A;45.0872881;7.6974772;Cantina, soffitta, rimessa, box, garage, posto auto aperto/scoperto,;Prima del 1919;Nessuno;Patrimonio indisponibile;Utilizzato direttamente;Altro;;;;1;False
691845;L219;1186;167;235;14.0;FABBRICATO;via ternengo;38 A;45.0872881;7.6974772;Cantina, soffitta, rimessa, box, garage, posto auto aperto/scoperto,;Prima del 1919;Nessuno;Patrimonio indisponibile;Utilizzato direttamente;Altro;;;;1;False
691846;L219;1186;167;236;13.0;FABBRICATO;via ternengo;38 A;45.0872881;7.6974772;Cantina, soffitta, rimessa, box, garage, posto auto aperto/scoperto,;Prima del 1919;Nessuno;Patrimonio indisponibile;Utilizzato direttamente;Altro;;;;1;False
691847;L219;1186;167;237;17.0;FABBRICATO;via ternengo;38 A;45.0872881;7.6974772;Cantina, soffitta, rimessa, box, garage, posto auto aperto/scoperto,;Prima del 1919;Nessuno;Patrimonio indisponibile;Utilizzato direttamente;Altro;;;;1;False
691848;L219;1186;167;238;12.0;FABBRICATO;via ternengo;38 A;45.0872881;7.6974772;Cantina, soffitta, rimessa, box, garage, posto auto aperto/scoperto,;Prima del 1919;Nessuno;Patrimonio indisponibile;Utilizzato direttamente;Altro;;;;1;False
691849;L219;1186;167;239;12.0;FABBRICATO;via ternengo;38 A;45.0872881;7.6974772;Cantina, soffitta, rimessa, box, garage, posto auto aperto/scoperto,;Prima del 1919;Nessuno;Patrimonio indisponibile;Utilizzato direttamente;Altro;;;;1;False
691850;L219;1186;167;24;55.0;FABBRICATO;Via Bioglio;16;45.0872881;7.6974772;Abitazione;Prima del 1919;Nessuno;Patrimonio indisponibile;Utilizzato direttamente;Altro;;;;1;False
691851;L219;1186;167;240;11.0;FABBRICATO;via ternengo;38 A;45.0872881;7.6974772;Cantina, soffitta, rimessa, box, garage, posto auto aperto/scoperto,;Prima del 1919;Nessuno;Patrimonio indisponibile;Utilizzato direttamente;Altro;;;;1;False
691852;L219;1186;167;241;11.0;FABBRICATO;via ternengo;38 A;45.0872881;7.6974772;Cantina, soffitta, rimessa, box, garage, posto auto aperto/scoperto,;Prima del 1919;Nessuno;Patrimonio indisponibile;Utilizzato direttamente;Altro;;;;1;False
691853;L219;1186;167;242;13.0;FABBRICATO;via ternengo;38 A;45.0872881;7.6974772;Cantina, soffitta, rimessa, box, garage, posto auto aperto/scoperto,;Prima del 1919;Nessuno;Patrimonio indisponibile;Utilizzato direttamente;Altro;;;;1;False
691854;L219;1186;167;243;9.0;FABBRICATO;via ternengo;38 A;45.0872881;7.6974772;Cantina, soffitta, rimessa, box, garage, posto auto aperto/scoperto,;Prima del 1919;Nessuno;Patrimonio indisponibile;Utilizzato direttamente;Altro;;;;1;False
691855;L219;1186;167;244;9.0;FABBRICATO;via ternengo;38 A;45.0872881;7.6974772;Cantina, soffitta, rimessa, box, garage, posto auto aperto/scoperto,;Prima del 1919;Nessuno;Patrimonio indisponibile;Utilizzato direttamente;Altro;;;;1;False
691856;L219;1186;167;245;9.0;FABBRICATO;via ternengo;38 A;45.0872881;7.6974772;Cantina, soffitta, rimessa, box, garage, posto auto aperto/scoperto,;Prima del 1919;Nessuno;Patrimonio indisponibile;Utilizzato direttamente;Altro;;;;1;False
691857;L219;1186;167;246;12.0;FABBRICATO;via ternengo;38 A;45.0872881;7.6974772;Cantina, soffitta, rimessa, box, garage, posto auto aperto/scoperto,;Prima del 1919;Nessuno;Patrimonio indisponibile;Utilizzato direttamente;Altro;;;;1;False
691858;L219;1186;167;247;9.0;FABBRICATO;via ternengo;38 A;45.0872881;7.6974772;Cantina, soffitta, rimessa, box, garage, posto auto aperto/scoperto,;Prima del 1919;Nessuno;Patrimonio indisponibile;Utilizzato direttamente;Altro;;;;1;False
691859;L219;1186;167;248;9.0;FABBRICATO;via ternengo;38 A;45.0872881;7.6974772;Cantina, soffitta, rimessa, box, garage, posto auto aperto/scoperto,;Prima del 1919;Nessuno;Patrimonio indisponibile;Utilizzato direttamente;Altro;;;;1;False
691860;L219;1186;167;249;10.0;FABBRICATO;via ternengo;38 A;45.0872881;7.6974772;Cantina, soffitta, rimessa, box, garage, posto auto aperto/scoperto,;Prima del 1919;Nessuno;Patrimonio indisponibile;Utilizzato direttamente;Altro;;;;1;False
691861;L219;1186;167;25;50.0;FABBRICATO;Via Bioglio;16;45.0872881;7.6974772;Abitazione;Prima del 1919;Nessuno;Patrimonio indisponibile;Utilizzato direttamente;Altro;;;;1;False
691862;L219;1186;167;250;9.0;FABBRICATO;Via Bioglio;38;45.0872881;7.6974772;Cantina, soffitta, rimessa, box, garage, posto auto aperto/scoperto,;Prima del 1919;Nessuno;Patrimonio indisponibile;Utilizzato direttamente;Altro;;;;1;False
691863;L219;1186;167;251;9.0;FABBRICATO;Via Bioglio;38;45.0872881;7.6974772;Cantina, soffitta, rimessa, box, garage, posto auto aperto/scoperto,;Prima del 1919;Nessuno;Patrimonio indisponibile;Utilizzato direttamente;Altro;;;;1;False
691864;L219;1186;167;252;9.0;FABBRICATO;Via Bioglio;38;45.0872881;7.6974772;Cantina, soffitta, rimessa, box, garage, posto auto aperto/scoperto,;Prima del 1919;Nessuno;Patrimonio indisponibile;Utilizzato direttamente;Altro;;;;1;False
691865;L219;1186;167;253;9.0;FABBRICATO;Via Bioglio;38;45.0872881;7.6974772;Cantina, soffitta, rimessa, box, garage, posto auto aperto/scoperto,;Prima del 1919;Nessuno;Patrimonio indisponibile;Utilizzato direttamente;Altro;;;;1;False
691866;L219;1186;167;254;9.0;FABBRICATO;Via Bioglio;38;45.0872881;7.6974772;Cantina, soffitta, rimessa, box, garage, posto auto aperto/scoperto,;Prima del 1919;Nessuno;Patrimonio indisponibile;Utilizzato direttamente;Altro;;;;1;False
691867;L219;1186;167;255;9.0;FABBRICATO;Via Bioglio;38;45.0872881;7.6974772;Cantina, soffitta, rimessa, box, garage, posto auto aperto/scoperto,;Prima del 1919;Nessuno;Patrimonio indisponibile;Utilizzato direttamente;Altro;;;;1;False
691868;L219;1186;167;256;11.0;FABBRICATO;Via Bioglio;38;45.0872881;7.6974772;Cantina, soffitta, rimessa, box, garage, posto auto aperto/scoperto,;Prima del 1919;Nessuno;Patrimonio indisponibile;Utilizzato direttamente;Altro;;;;1;False
691869;L219;1186;167;257;15.0;FABBRICATO;Via Bioglio;38;45.0872881;7.6974772;Cantina, soffitta, rimessa, box, garage, posto auto aperto/scoperto,;Prima del 1919;Nessuno;Patrimonio indisponibile;Utilizzato direttamente;Altro;;;;1;False
691870;L219;1186;167;258;15.0;FABBRICATO;Via Bioglio;38;45.0872881;7.6974772;Cantina, soffitta, rimessa, box, garage, posto auto aperto/scoperto,;Prima del 1919;Nessuno;Patrimonio indisponibile;Utilizzato direttamente;Altro;;;;1;False
691871;L219;1186;167;259;11.0;FABBRICATO;Via Bioglio;38;45.0872881;7.6974772;Cantina, soffitta, rimessa, box, garage, posto auto aperto/scoperto,;Prima del 1919;Nessuno;Patrimonio indisponibile;Utilizzato direttamente;Altro;;;;1;False
691872;L219;1186;167;26;46.0;FABBRICATO;Via Bioglio;16;45.0872881;7.6974772;Abitazione;Prima del 1919;Nessuno;Patrimonio indisponibile;Utilizzato direttamente;Altro;;;;1;False
691873;L219;1186;167;260;11.0;FABBRICATO;Via Bioglio;38;45.0872881;7.6974772;Cantina, soffitta, rimessa, box, garage, posto auto aperto/scoperto,;Prima del 1919;Nessuno;Patrimonio indisponibile;Utilizzato direttamente;Altro;;;;1;False
691874;L219;1186;167;261;11.0;FABBRICATO;Via Bioglio;38;45.0872881;7.6974772;Cantina, soffitta, rimessa, box, garage, posto auto aperto/scoperto,;Prima del 1919;Nessuno;Patrimonio indisponibile;Utilizzato direttamente;Altro;;;;1;False
691875;L219;1186;167;262;11.0;FABBRICATO;Via Bioglio;38;45.0872881;7.6974772;Cantina, soffitta, rimessa, box, garage, posto auto aperto/scoperto,;Prima del 1919;Nessuno;Patrimonio indisponibile;Utilizzato direttamente;Altro;;;;1;False
691876;L219;1186;167;263;11.0;FABBRICATO;Via Bioglio;38;45.0872881;7.6974772;Cantina, soffitta, rimessa, box, garage, posto auto aperto/scoperto,;Prima del 1919;Nessuno;Patrimonio indisponibile;Utilizzato direttamente;Altro;;;;1;False
691877;L219;1186;167;264;23.0;FABBRICATO;Via Bioglio;38;45.0872881;7.6974772;Cantina, soffitta, rimessa, box, garage, posto auto aperto/scoperto,;Prima del 1919;Nessuno;Patrimonio indisponibile;Utilizzato direttamente;Altro;;;;1;False
691878;L219;1186;167;265;9.0;FABBRICATO;Via Bioglio;38;45.0872881;7.6974772;Cantina, soffitta, rimessa, box, garage, posto auto aperto/scoperto,;Prima del 1919;Nessuno;Patrimonio indisponibile;Utilizzato direttamente;Altro;;;;1;False
691879;L219;1186;167;266;9.0;FABBRICATO;Via Bioglio;38;45.0872881;7.6974772;Cantina, soffitta, rimessa, box, garage, posto auto aperto/scoperto,;Prima del 1919;Nessuno;Patrimonio indisponibile;Utilizzato direttamente;Altro;;;;1;False
691880;L219;1186;167;267;9.0;FABBRICATO;Via Bioglio;38;45.0872881;7.6974772;Cantina, soffitta, rimessa, box, garage, posto auto aperto/scoperto,;Prima del 1919;Nessuno;Patrimonio indisponibile;Utilizzato direttamente;Altro;;;;1;False
691881;L219;1186;167;268;11.0;FABBRICATO;Via Bioglio;38;45.0872881;7.6974772;Cantina, soffitta, rimessa, box, garage, posto auto aperto/scoperto,;Prima del 1919;Nessuno;Patrimonio indisponibile;Utilizzato direttamente;Altro;;;;1;False
691882;L219;1186;167;269;13.0;FABBRICATO;Via Bioglio;38;45.0872881;7.6974772;Cantina, soffitta, rimessa, box, garage, posto auto aperto/scoperto,;Prima del 1919;Nessuno;Patrimonio indisponibile;Utilizzato direttamente;Altro;;;;1;False
691883;L219;1186;167;27;51.0;FABBRICATO;Via Bioglio;16;45.0872881;7.6974772;Abitazione;Prima del 1919;Nessuno;Patrimonio indisponibile;Utilizzato direttamente;Altro;;;;1;False
691884;L219;1186;167;270;9.0;FABBRICATO;Via Bioglio;38;45.0872881;7.6974772;Cantina, soffitta, rimessa, box, garage, posto auto aperto/scoperto,;Prima del 1919;Nessuno;Patrimonio indisponibile;Utilizzato direttamente;Altro;;;;1;False
691885;L219;1186;167;271;8.0;FABBRICATO;Via Bioglio;38;45.0872881;7.6974772;Cantina, soffitta, rimessa, box, garage, posto auto aperto/scoperto,;Prima del 1919;Nessuno;Patrimonio indisponibile;Utilizzato direttamente;Altro;;;;1;False
691886;L219;1186;167;272;12.0;FABBRICATO;Via Bioglio;38;45.0872881;7.6974772;Cantina, soffitta, rimessa, box, garage, posto auto aperto/scoperto,;Prima del 1919;Nessuno;Patrimonio indisponibile;Utilizzato direttamente;Altro;;;;1;False
691887;L219;1186;167;273;13.0;FABBRICATO;Via Bioglio;38;45.0872881;7.6974772;Cantina, soffitta, rimessa, box, garage, posto auto aperto/scoperto,;Prima del 1919;Nessuno;Patrimonio indisponibile;Utilizzato direttamente;Altro;;;;1;False
691888;L219;1186;167;274;13.0;FABBRICATO;Via Bioglio;38;45.0872881;7.6974772;Cantina, soffitta, rimessa, box, garage, posto auto aperto/scoperto,;Prima del 1919;Nessuno;Patrimonio indisponibile;Utilizzato direttamente;Altro;;;;1;False
691889;L219;1186;167;275;12.0;FABBRICATO;Via Bioglio;38;45.0872881;7.6974772;Cantina, soffitta, rimessa, box, garage, posto auto aperto/scoperto,;Prima del 1919;Nessuno;Patrimonio indisponibile;Utilizzato direttamente;Altro;;;;1;False
691890;L219;1186;167;276;10.0;FABBRICATO;Via Bioglio;38;45.0872881;7.6974772;Cantina, soffitta, rimessa, box, garage, posto auto aperto/scoperto,;Prima del 1919;Nessuno;Patrimonio indisponibile;Utilizzato direttamente;Altro;;;;1;False
691891;L219;1186;167;277;19.0;FABBRICATO;Via Bioglio;38;45.0872881;7.6974772;Cantina, soffitta, rimessa, box, garage, posto auto aperto/scoperto,;Prima del 1919;Nessuno;Patrimonio indisponibile;Utilizzato direttamente;Altro;;;;1;False
691892;L219;1186;167;278;18.0;FABBRICATO;Via Bioglio;38;45.0872881;7.6974772;Cantina, soffitta, rimessa, box, garage, posto auto aperto/scoperto,;Prima del 1919;Nessuno;Patrimonio indisponibile;Utilizzato direttamente;Altro;;;;1;False
691893;L219;1186;167;279;12.0;FABBRICATO;Via Bioglio;38;45.0872881;7.6974772;Cantina, soffitta, rimessa, box, garage, posto auto aperto/scoperto,;Prima del 1919;Nessuno;Patrimonio indisponibile;Utilizzato direttamente;Altro;;;;1;False
691894;L219;1186;167;28;57.0;FABBRICATO;Via Bioglio;16;45.0872881;7.6974772;Abitazione;Prima del 1919;Nessuno;Patrimonio indisponibile;Utilizzato direttamente;Altro;;;;1;False
691895;L219;1186;167;280;12.0;FABBRICATO;Via Bioglio;38;45.0872881;7.6974772;Cantina, soffitta, rimessa, box, garage, posto auto aperto/scoperto,;Prima del 1919;Nessuno;Patrimonio indisponibile;Utilizzato direttamente;Altro;;;;1;False
691896;L219;1186;167;281;15.0;FABBRICATO;Via Bioglio;38;45.0872881;7.6974772;Cantina, soffitta, rimessa, box, garage, posto auto aperto/scoperto,;Prima del 1919;Nessuno;Patrimonio indisponibile;Utilizzato direttamente;Altro;;;;1;False
691897;L219;1186;167;282;22.0;FABBRICATO;Via Bioglio;38;45.0872881;7.6974772;Cantina, soffitta, rimessa, box, garage, posto auto aperto/scoperto,;Prima del 1919;Nessuno;Patrimonio indisponibile;Utilizzato direttamente;Altro;;;;1;False
691898;L219;1186;167;283;12.0;FABBRICATO;Via Bioglio;38;45.0872881;7.6974772;Cantina, soffitta, rimessa, box, garage, posto auto aperto/scoperto,;Prima del 1919;Nessuno;Patrimonio indisponibile;Utilizzato direttamente;Altro;;;;1;False
691899;L219;1186;167;284;17.0;FABBRICATO;Via Bioglio;38;45.0872881;7.6974772;Cantina, soffitta, rimessa, box, garage, posto auto aperto/scoperto,;Prima del 1919;Nessuno;Patrimonio indisponibile;Utilizzato direttamente;Altro;;;;1;False
691900;L219;1186;167;285;14.0;FABBRICATO;Via Bioglio;38;45.0872881;7.6974772;Cantina, soffitta, rimessa, box, garage, posto auto aperto/scoperto,;Prima del 1919;Nessuno;Patrimonio indisponibile;Utilizzato direttamente;Altro;;;;1;False
691901;L219;1186;167;286;13.0;FABBRICATO;Via Bioglio;38;45.0872881;7.6974772;Cantina, soffitta, rimessa, box, garage, posto auto aperto/scoperto,;Prima del 1919;Nessuno;Patrimonio indisponibile;Utilizzato direttamente;Altro;;;;1;False
691902;L219;1186;167;287;9.0;FABBRICATO;Via Bioglio;38;45.0872881;7.6974772;Cantina, soffitta, rimessa, box, garage, posto auto aperto/scoperto,;Prima del 1919;Nessuno;Patrimonio indisponibile;Utilizzato direttamente;Altro;;;;1;False
691903;L219;1186;167;288;12.0;FABBRICATO;Via Bioglio;38;45.0872881;7.6974772;Cantina, soffitta, rimessa, box, garage, posto auto aperto/scoperto,;Prima del 1919;Nessuno;Patrimonio indisponibile;Utilizzato direttamente;Altro;;;;1;False
691904;L219;1186;167;289;12.0;FABBRICATO;Via Bioglio;38;45.0872881;7.6974772;Cantina, soffitta, rimessa, box, garage, posto auto aperto/scoperto,;Prima del 1919;Nessuno;Patrimonio indisponibile;Utilizzato direttamente;Altro;;;;1;False
691905;L219;1186;167;29;55.0;FABBRICATO;Via Bioglio;16;45.0872881;7.6974772;Abitazione;Prima del 1919;Nessuno;Patrimonio indisponibile;Utilizzato direttamente;Altro;;;;1;False
691906;L219;1186;167;290;13.0;FABBRICATO;Via Bioglio;38;45.0872881;7.6974772;Cantina, soffitta, rimessa, box, garage, posto auto aperto/scoperto,;Prima del 1919;Nessuno;Patrimonio indisponibile;Utilizzato direttamente;Altro;;;;1;False
691907;L219;1186;167;291;11.0;FABBRICATO;Via Bioglio;38;45.0872881;7.6974772;Cantina, soffitta, rimessa, box, garage, posto auto aperto/scoperto,;Prima del 1919;Nessuno;Patrimonio indisponibile;Utilizzato direttamente;Altro;;;;1;False
691908;L219;1186;167;292;13.0;FABBRICATO;Via Bioglio;38;45.0872881;7.6974772;Cantina, soffitta, rimessa, box, garage, posto auto aperto/scoperto,;Prima del 1919;Nessuno;Patrimonio indisponibile;Utilizzato direttamente;Altro;;;;1;False
691909;L219;1186;167;293;12.0;FABBRICATO;Via Bioglio;38;45.0872881;7.6974772;Cantina, soffitta, rimessa, box, garage, posto auto aperto/scoperto,;Prima del 1919;Nessuno;Patrimonio indisponibile;Utilizzato direttamente;Altro;;;;1;False
691910;L219;1186;167;294;14.0;FABBRICATO;Via Bioglio;38;45.0872881;7.6974772;Cantina, soffitta, rimessa, box, garage, posto auto aperto/scoperto,;Prima del 1919;Nessuno;Patrimonio indisponibile;Utilizzato direttamente;Altro;;;;1;False
691911;L219;1186;167;295;11.0;FABBRICATO;Via Bioglio;38;45.0872881;7.6974772;Cantina, soffitta, rimessa, box, garage, posto auto aperto/scoperto,;Prima del 1919;Nessuno;Patrimonio indisponibile;Utilizzato direttamente;Altro;;;;1;False
691912;L219;1186;167;296;10.0;FABBRICATO;Via Bioglio;38;45.0872881;7.6974772;Cantina, soffitta, rimessa, box, garage, posto auto aperto/scoperto,;Prima del 1919;Nessuno;Patrimonio indisponibile;Utilizzato direttamente;Altro;;;;1;False
691913;L219;1186;167;297;12.0;FABBRICATO;Via Bioglio;38;45.0872881;7.6974772;Cantina, soffitta, rimessa, box, garage, posto auto aperto/scoperto,;Prima del 1919;Nessuno;Patrimonio indisponibile;Utilizzato direttamente;Altro;;;;1;False
691914;L219;1186;167;298;9.0;FABBRICATO;Via Bioglio;38;45.0872881;7.6974772;Cantina, soffitta, rimessa, box, garage, posto auto aperto/scoperto,;Prima del 1919;Nessuno;Patrimonio indisponibile;Utilizzato direttamente;Altro;;;;1;False
691915;L219;1186;167;299;13.0;FABBRICATO;Via Bioglio;38;45.0872881;7.6974772;Cantina, soffitta, rimessa, box, garage, posto auto aperto/scoperto,;Prima del 1919;Nessuno;Patrimonio indisponibile;Utilizzato direttamente;Altro;;;;1;False
691916;L219;1186;167;30;50.0;FABBRICATO;Via Bioglio;16;45.0872881;7.6974772;Abitazione;Prima del 1919;Nessuno;Patrimonio indisponibile;Utilizzato direttamente;Altro;;;;1;False
691917;L219;1186;167;300;13.0;FABBRICATO;Via Bioglio;38;45.0872881;7.6974772;Cantina, soffitta, rimessa, box, garage, posto auto aperto/scoperto,;Prima del 1919;Nessuno;Patrimonio indisponibile;Utilizzato direttamente;Altro;;;;1;False
691918;L219;1186;167;301;12.0;FABBRICATO;Via Bioglio;38;45.0872881;7.6974772;Cantina, soffitta, rimessa, box, garage, posto auto aperto/scoperto,;Prima del 1919;Nessuno;Patrimonio indisponibile;Utilizzato direttamente;Altro;;;;1;False
691919;L219;1186;167;302;11.0;FABBRICATO;Via Bioglio;38;45.0872881;7.6974772;Cantina, soffitta, rimessa, box, garage, posto auto aperto/scoperto,;Prima del 1919;Nessuno;Patrimonio indisponibile;Utilizzato direttamente;Altro;;;;1;False
691920;L219;1186;167;303;9.0;FABBRICATO;Via Bioglio;38;45.0872881;7.6974772;Cantina, soffitta, rimessa, box, garage, posto auto aperto/scoperto,;Prima del 1919;Nessuno;Patrimonio indisponibile;Utilizzato direttamente;Altro;;;;1;False
691921;L219;1186;167;304;9.0;FABBRICATO;Via Bioglio;38;45.0872881;7.6974772;Cantina, soffitta, rimessa, box, garage, posto auto aperto/scoperto,;Prima del 1919;Nessuno;Patrimonio indisponibile;Utilizzato direttamente;Altro;;;;1;False
691922;L219;1186;167;305;9.0;FABBRICATO;Via Bioglio;38;45.0872881;7.6974772;Cantina, soffitta, rimessa, box, garage, posto auto aperto/scoperto,;Prima del 1919;Nessuno;Patrimonio indisponibile;Utilizzato direttamente;Altro;;;;1;False
691923;L219;1186;167;306;9.0;FABBRICATO;Via Bioglio;38;45.0872881;7.6974772;Cantina, soffitta, rimessa, box, garage, posto auto aperto/scoperto,;Prima del 1919;Nessuno;Patrimonio indisponibile;Utilizzato direttamente;Altro;;;;1;False
691924;L219;1186;167;307;9.0;FABBRICATO;Via Bioglio;38;45.0872881;7.6974772;Cantina, soffitta, rimessa, box, garage, posto auto aperto/scoperto,;Prima del 1919;Nessuno;Patrimonio indisponibile;Utilizzato direttamente;Altro;;;;1;False
691925;L219;1186;167;308;9.0;FABBRICATO;Via Bioglio;38;45.0872881;7.6974772;Cantina, soffitta, rimessa, box, garage, posto auto aperto/scoperto,;Prima del 1919;Nessuno;Patrimonio indisponibile;Utilizzato direttamente;Altro;;;;1;False
691926;L219;1186;167;309;9.0;FABBRICATO;Via Bioglio;38;45.0872881;7.6974772;Cantina, soffitta, rimessa, box, garage, posto auto aperto/scoperto,;Prima del 1919;Nessuno;Patrimonio indisponibile;Utilizzato direttamente;Altro;;;;1;False
691927;L219;1186;167;31;46.0;FABBRICATO;Via Bioglio;16;45.0872881;7.6974772;Abitazione;Prima del 1919;Nessuno;Patrimonio indisponibile;Utilizzato direttamente;Altro;;;;1;False
691928;L219;1186;167;310;9.0;FABBRICATO;Via Bioglio;38;45.0872881;7.6974772;Cantina, soffitta, rimessa, box, garage, posto auto aperto/scoperto,;Prima del 1919;Nessuno;Patrimonio indisponibile;Utilizzato direttamente;Altro;;;;1;False
691929;L219;1186;167;311;9.0;FABBRICATO;Via Bioglio;38;45.0872881;7.6974772;Cantina, soffitta, rimessa, box, garage, posto auto aperto/scoperto,;Prima del 1919;Nessuno;Patrimonio indisponibile;Utilizzato direttamente;Altro;;;;1;False
691930;L219;1186;167;312;9.0;FABBRICATO;Via Bioglio;38;45.0872881;7.6974772;Cantina, soffitta, rimessa, box, garage, posto auto aperto/scoperto,;Prima del 1919;Nessuno;Patrimonio indisponibile;Utilizzato direttamente;Altro;;;;1;False
691931;L219;1186;167;313;9.0;FABBRICATO;Via Bioglio;38;45.0872881;7.6974772;Cantina, soffitta, rimessa, box, garage, posto auto aperto/scoperto,;Prima del 1919;Nessuno;Patrimonio indisponibile;Utilizzato direttamente;Altro;;;;1;False
691932;L219;1186;167;314;9.0;FABBRICATO;Via Bioglio;38;45.0872881;7.6974772;Cantina, soffitta, rimessa, box, garage, posto auto aperto/scoperto,;Prima del 1919;Nessuno;Patrimonio indisponibile;Utilizzato direttamente;Altro;;;;1;False
691933;L219;1186;167;315;9.0;FABBRICATO;Via Bioglio;38;45.0872881;7.6974772;Cantina, soffitta, rimessa, box, garage, posto auto aperto/scoperto,;Prima del 1919;Nessuno;Patrimonio indisponibile;Utilizzato direttamente;Altro;;;;1;False
691934;L219;1186;167;316;9.0;FABBRICATO;Via Bioglio;38;45.0872881;7.6974772;Cantina, soffitta, rimessa, box, garage, posto auto aperto/scoperto,;Prima del 1919;Nessuno;Patrimonio indisponibile;Utilizzato direttamente;Altro;;;;1;False
691935;L219;1186;167;317;9.0;FABBRICATO;Via Bioglio;38;45.0872881;7.6974772;Cantina, soffitta, rimessa, box, garage, posto auto aperto/scoperto,;Prima del 1919;Nessuno;Patrimonio indisponibile;Utilizzato direttamente;Altro;;;;1;False
691936;L219;1186;167;318;9.0;FABBRICATO;Via Bioglio;38;45.0872881;7.6974772;Cantina, soffitta, rimessa, box, garage, posto auto aperto/scoperto,;Prima del 1919;Nessuno;Patrimonio indisponibile;Utilizzato direttamente;Altro;;;;1;False
691937;L219;1186;167;319;9.0;FABBRICATO;Via Bioglio;38;45.0872881;7.6974772;Cantina, soffitta, rimessa, box, garage, posto auto aperto/scoperto,;Prima del 1919;Nessuno;Patrimonio indisponibile;Utilizzato direttamente;Altro;;;;1;False
691938;L219;1186;167;32;51.0;FABBRICATO;Via Bioglio;16;45.0872881;7.6974772;Abitazione;Prima del 1919;Nessuno;Patrimonio indisponibile;Utilizzato direttamente;Altro;;;;1;False
691939;L219;1186;167;320;17.0;FABBRICATO;Via Bioglio;38;45.0872881;7.6974772;Cantina, soffitta, rimessa, box, garage, posto auto aperto/scoperto,;Prima del 1919;Nessuno;Patrimonio indisponibile;Utilizzato direttamente;Altro;;;;1;False
691940;L219;1186;167;321;9.0;FABBRICATO;Via Bioglio;38;45.0872881;7.6974772;Cantina, soffitta, rimessa, box, garage, posto auto aperto/scoperto,;Prima del 1919;Nessuno;Patrimonio indisponibile;Utilizzato direttamente;Altro;;;;1;False
691941;L219;1186;167;322;9.0;FABBRICATO;Via Bioglio;38;45.0872881;7.6974772;Cantina, soffitta, rimessa, box, garage, posto auto aperto/scoperto,;Prima del 1919;Nessuno;Patrimonio indisponibile;Utilizzato direttamente;Altro;;;;1;False
691942;L219;1186;167;323;9.0;FABBRICATO;Via Bioglio;38;45.0872881;7.6974772;Cantina, soffitta, rimessa, box, garage, posto auto aperto/scoperto,;Prima del 1919;Nessuno;Patrimonio indisponibile;Utilizzato direttamente;Altro;;;;1;False
691943;L219;1186;167;324;9.0;FABBRICATO;Via Bioglio;38;45.0872881;7.6974772;Cantina, soffitta, rimessa, box, garage, posto auto aperto/scoperto,;Prima del 1919;Nessuno;Patrimonio indisponibile;Utilizzato direttamente;Altro;;;;1;False
691944;L219;1186;167;325;16.0;FABBRICATO;Via Bioglio;38;45.0872881;7.6974772;Cantina, soffitta, rimessa, box, garage, posto auto aperto/scoperto,;Prima del 1919;Nessuno;Patrimonio indisponibile;Utilizzato direttamente;Altro;;;;1;False
691945;L219;1186;167;326;12.0;FABBRICATO;Via Bioglio;38;45.0872881;7.6974772;Cantina, soffitta, rimessa, box, garage, posto auto aperto/scoperto,;Prima del 1919;Nessuno;Patrimonio indisponibile;Utilizzato direttamente;Altro;;;;1;False
691946;L219;1186;167;327;12.0;FABBRICATO;Via Bioglio;38;45.0872881;7.6974772;Cantina, soffitta, rimessa, box, garage, posto auto aperto/scoperto,;Prima del 1919;Nessuno;Patrimonio indisponibile;Utilizzato direttamente;Altro;;;;1;False
691947;L219;1186;167;328;12.0;FABBRICATO;Via Bioglio;38;45.0872881;7.6974772;Cantina, soffitta, rimessa, box, garage, posto auto aperto/scoperto,;Prima del 1919;Nessuno;Patrimonio indisponibile;Utilizzato direttamente;Altro;;;;1;False
691948;L219;1186;167;329;12.0;FABBRICATO;Via Bioglio;38;45.0872881;7.6974772;Cantina, soffitta, rimessa, box, garage, posto auto aperto/scoperto,;Prima del 1919;Nessuno;Patrimonio indisponibile;Utilizzato direttamente;Altro;;;;1;False
691949;L219;1186;167;33;56.0;FABBRICATO;Via Bioglio;16;45.0872881;7.6974772;Abitazione;Prima del 1919;Nessuno;Patrimonio indisponibile;Utilizzato direttamente;Altro;;;;1;False
691950;L219;1186;167;330;12.0;FABBRICATO;Via Bioglio;38;45.0872881;7.6974772;Cantina, soffitta, rimessa, box, garage, posto auto aperto/scoperto,;Prima del 1919;Nessuno;Patrimonio indisponibile;Utilizzato direttamente;Altro;;;;1;False
691951;L219;1186;167;331;12.0;FABBRICATO;Via Bioglio;38;45.0872881;7.6974772;Cantina, soffitta, rimessa, box, garage, posto auto aperto/scoperto,;Prima del 1919;Nessuno;Patrimonio indisponibile;Utilizzato direttamente;Altro;;;;1;False
691952;L219;1186;167;332;12.0;FABBRICATO;Via Bioglio;38;45.0872881;7.6974772;Cantina, soffitta, rimessa, box, garage, posto auto aperto/scoperto,;Prima del 1919;Nessuno;Patrimonio indisponibile;Utilizzato direttamente;Altro;;;;1;False
691953;L219;1186;167;333;12.0;FABBRICATO;Via Bioglio;38;45.0872881;7.6974772;Cantina, soffitta, rimessa, box, garage, posto auto aperto/scoperto,;Prima del 1919;Nessuno;Patrimonio indisponibile;Utilizzato direttamente;Altro;;;;1;False
691954;L219;1186;167;334;12.0;FABBRICATO;Via Bioglio;38;45.0872881;7.6974772;Cantina, soffitta, rimessa, box, garage, posto auto aperto/scoperto,;Prima del 1919;Nessuno;Patrimonio indisponibile;Utilizzato direttamente;Altro;;;;1;False
691955;L219;1186;167;335;12.0;FABBRICATO;Via Bioglio;38;45.0872881;7.6974772;Cantina, soffitta, rimessa, box, garage, posto auto aperto/scoperto,;Prima del 1919;Nessuno;Patrimonio indisponibile;Utilizzato direttamente;Altro;;;;1;False
691956;L219;1186;167;336;12.0;FABBRICATO;Via Bioglio;38;45.0872881;7.6974772;Cantina, soffitta, rimessa, box, garage, posto auto aperto/scoperto,;Prima del 1919;Nessuno;Patrimonio indisponibile;Utilizzato direttamente;Altro;;;;1;False
691957;L219;1186;167;337;12.0;FABBRICATO;Via Bioglio;38;45.0872881;7.6974772;Cantina, soffitta, rimessa, box, garage, posto auto aperto/scoperto,;Prima del 1919;Nessuno;Patrimonio indisponibile;Utilizzato direttamente;Altro;;;;1;False
691958;L219;1186;167;338;12.0;FABBRICATO;Via Bioglio;38;45.0872881;7.6974772;Cantina, soffitta, rimessa, box, garage, posto auto aperto/scoperto,;Prima del 1919;Nessuno;Patrimonio indisponibile;Utilizzato direttamente;Altro;;;;1;False
691959;L219;1186;167;339;12.0;FABBRICATO;Via Bioglio;38;45.0872881;7.6974772;Cantina, soffitta, rimessa, box, garage, posto auto aperto/scoperto,;Prima del 1919;Nessuno;Patrimonio indisponibile;Utilizzato direttamente;Altro;;;;1;False
691960;L219;1186;167;34;55.0;FABBRICATO;Via Bioglio;16;45.0872881;7.6974772;Abitazione;Prima del 1919;Nessuno;Patrimonio indisponibile;Utilizzato direttamente;Altro;;;;1;False
691961;L219;1186;167;340;12.0;FABBRICATO;Via Bioglio;38;45.0872881;7.6974772;Cantina, soffitta, rimessa, box, garage, posto auto aperto/scoperto,;Prima del 1919;Nessuno;Patrimonio indisponibile;Utilizzato direttamente;Altro;;;;1;False
691962;L219;1186;167;341;12.0;FABBRICATO;Via Bioglio;38;45.0872881;7.6974772;Cantina, soffitta, rimessa, box, garage, posto auto aperto/scoperto,;Prima del 1919;Nessuno;Patrimonio indisponibile;Utilizzato direttamente;Altro;;;;1;False
691963;L219;1186;167;342;10.0;FABBRICATO;Via Bioglio;38;45.0872881;7.6974772;Cantina, soffitta, rimessa, box, garage, posto auto aperto/scoperto,;Prima del 1919;Nessuno;Patrimonio indisponibile;Utilizzato direttamente;Altro;;;;1;False
691964;L219;1186;167;343;10.0;FABBRICATO;Via Bioglio;38;45.0872881;7.6974772;Cantina, soffitta, rimessa, box, garage, posto auto aperto/scoperto,;Prima del 1919;Nessuno;Patrimonio indisponibile;Utilizzato direttamente;Altro;;;;1;False
691965;L219;1186;167;344;10.0;FABBRICATO;Via Bioglio;38;45.0872881;7.6974772;Cantina, soffitta, rimessa, box, garage, posto auto aperto/scoperto,;Prima del 1919;Nessuno;Patrimonio indisponibile;Utilizzato direttamente;Altro;;;;1;False
691966;L219;1186;167;345;10.0;FABBRICATO;Via Bioglio;38;45.0872881;7.6974772;Cantina, soffitta, rimessa, box, garage, posto auto aperto/scoperto,;Prima del 1919;Nessuno;Patrimonio indisponibile;Utilizzato direttamente;Altro;;;;1;False
691967;L219;1186;167;35;50.0;FABBRICATO;Via Bioglio;16;45.0872881;7.6974772;Abitazione;Prima del 1919;Nessuno;Patrimonio indisponibile;Utilizzato direttamente;Altro;;;;1;False
691968;L219;1186;167;36;46.0;FABBRICATO;Via Bioglio;16;45.0872881;7.6974772;Abitazione;Prima del 1919;Nessuno;Patrimonio indisponibile;Utilizzato direttamente;Altro;;;;1;False
691969;L219;1186;167;37;50.0;FABBRICATO;Via Bioglio;16;45.0872881;7.6974772;Abitazione;Prima del 1919;Nessuno;Patrimonio indisponibile;Utilizzato direttamente;Altro;;;;1;False
691970;L219;1186;167;39;54.0;FABBRICATO;Via Bioglio;18;45.0872881;7.6974772;Abitazione;Prima del 1919;Nessuno;Patrimonio indisponibile;Utilizzato direttamente;Altro;;;;1;False
691971;L219;1186;167;40;67.0;FABBRICATO;Via Bioglio;18;45.0872881;7.6974772;Abitazione;Prima del 1919;Nessuno;Patrimonio indisponibile;Utilizzato direttamente;Altro;;;;1;False
691972;L219;1186;167;41;54.0;FABBRICATO;Via Bioglio;18;45.0872881;7.6974772;Abitazione;Prima del 1919;Nessuno;Patrimonio indisponibile;Utilizzato direttamente;Altro;;;;1;False
691973;L219;1186;167;42;79.0;FABBRICATO;Via Bioglio;18;45.0872881;7.6974772;Abitazione;Prima del 1919;Nessuno;Patrimonio indisponibile;Utilizzato direttamente;Altro;;;;1;False
691974;L219;1186;167;43;83.0;FABBRICATO;Via Bioglio;18;45.0872881;7.6974772;Abitazione;Prima del 1919;Nessuno;Patrimonio indisponibile;Utilizzato direttamente;Altro;;;;1;False
691975;L219;1186;167;44;79.0;FABBRICATO;Via Bioglio;18;45.0872881;7.6974772;Abitazione;Prima del 1919;Nessuno;Patrimonio indisponibile;Utilizzato direttamente;Altro;;;;1;False
691976;L219;1186;167;45;83.0;FABBRICATO;Via Bioglio;18;45.0872881;7.6974772;Abitazione;Prima del 1919;Nessuno;Patrimonio indisponibile;Utilizzato direttamente;Altro;;;;1;False
691977;L219;1186;167;46;78.0;FABBRICATO;Via Bioglio;18;45.0872881;7.6974772;Abitazione;Prima del 1919;Nessuno;Patrimonio indisponibile;Utilizzato direttamente;Altro;;;;1;False
691978;L219;1186;167;47;81.0;FABBRICATO;Via Bioglio;18;45.0872881;7.6974772;Abitazione;Prima del 1919;Nessuno;Patrimonio indisponibile;Utilizzato direttamente;Altro;;;;1;False
691979;L219;1186;167;48;57.0;FABBRICATO;Via Bioglio;20;45.0872881;7.6974772;Abitazione;Prima del 1919;Nessuno;Patrimonio indisponibile;Utilizzato direttamente;Altro;;;;1;False
691980;L219;1186;167;49;54.0;FABBRICATO;Via Bioglio;20;45.0872881;7.6974772;Abitazione;Prima del 1919;Nessuno;Patrimonio indisponibile;Utilizzato direttamente;Altro;;;;1;False
691981;L219;1186;167;52;54.0;FABBRICATO;Via Bioglio;20;45.0872881;7.6974772;Abitazione;Prima del 1919;Nessuno;Patrimonio indisponibile;Utilizzato direttamente;Altro;;;;1;False
691982;L219;1186;167;53;93.0;FABBRICATO;Via Bioglio;20;45.0872881;7.6974772;Abitazione;Prima del 1919;Nessuno;Patrimonio indisponibile;Utilizzato direttamente;Altro;;;;1;False
691983;L219;1186;167;54;95.0;FABBRICATO;Via Bioglio;20;45.0872881;7.6974772;Abitazione;Prima del 1919;Nessuno;Patrimonio indisponibile;Utilizzato direttamente;Altro;;;;1;False
691984;L219;1186;167;55;53.0;FABBRICATO;Via Bioglio;20;45.0872881;7.6974772;Abitazione;Prima del 1919;Nessuno;Patrimonio indisponibile;Utilizzato direttamente;Altro;;;;1;False
691985;L219;1186;167;56;92.0;FABBRICATO;Via Bioglio;20;45.0872881;7.6974772;Abitazione;Prima del 1919;Nessuno;Patrimonio indisponibile;Utilizzato direttamente;Altro;;;;1;False
691986;L219;1186;167;57;94.0;FABBRICATO;Via Bioglio;20;45.0872881;7.6974772;Abitazione;Prima del 1919;Nessuno;Patrimonio indisponibile;Utilizzato direttamente;Altro;;;;1;False
691987;L219;1186;167;58;54.0;FABBRICATO;Via Bioglio;20;45.0872881;7.6974772;Abitazione;Prima del 1919;Nessuno;Patrimonio indisponibile;Utilizzato direttamente;Altro;;;;1;False
691988;L219;1186;167;59;92.0;FABBRICATO;Via Bioglio;20;45.0872881;7.6974772;Abitazione;Prima del 1919;Nessuno;Patrimonio indisponibile;Utilizzato direttamente;Altro;;;;1;False
691989;L219;1186;167;60;95.0;FABBRICATO;Via Bioglio;20;45.0872881;7.6974772;Abitazione;Prima del 1919;Nessuno;Patrimonio indisponibile;Utilizzato direttamente;Altro;;;;1;False
691990;L219;1186;167;61;53.0;FABBRICATO;Via Bioglio;20;45.0872881;7.6974772;Abitazione;Prima del 1919;Nessuno;Patrimonio indisponibile;Utilizzato direttamente;Altro;;;;1;False
691991;L219;1186;167;62;92.0;FABBRICATO;Via Bioglio;20;45.0872881;7.6974772;Abitazione;Prima del 1919;Nessuno;Patrimonio indisponibile;Utilizzato direttamente;Altro;;;;1;False
691992;L219;1186;167;63;93.0;FABBRICATO;Via Bioglio;20;45.0872881;7.6974772;Abitazione;Prima del 1919;Nessuno;Patrimonio indisponibile;Utilizzato direttamente;Altro;;;;1;False
691993;L219;1186;167;64;54.0;FABBRICATO;Via Bioglio;20;45.0872881;7.6974772;Abitazione;Prima del 1919;Nessuno;Patrimonio indisponibile;Utilizzato direttamente;Altro;;;;1;False
691994;L219;1186;167;65;92.0;FABBRICATO;Via Bioglio;20;45.0872881;7.6974772;Abitazione;Prima del 1919;Nessuno;Patrimonio indisponibile;Utilizzato direttamente;Altro;;;;1;False
691995;L219;1186;167;66;94.0;FABBRICATO;Via Bioglio;20;45.0872881;7.6974772;Abitazione;Prima del 1919;Nessuno;Patrimonio indisponibile;Utilizzato direttamente;Altro;;;;1;False
691996;L219;1186;167;67;56.0;FABBRICATO;Via Bioglio;24;45.0872881;7.6974772;Abitazione;Prima del 1919;Nessuno;Patrimonio indisponibile;Utilizzato direttamente;Altro;;;;1;False
691997;L219;1186;167;70;53.0;FABBRICATO;Via Bioglio;24;45.0872881;7.6974772;Abitazione;Prima del 1919;Nessuno;Patrimonio indisponibile;Utilizzato direttamente;Altro;;;;1;False
691998;L219;1186;167;71;81.0;FABBRICATO;Via Bioglio;24;45.0872881;7.6974772;Abitazione;Prima del 1919;Nessuno;Patrimonio indisponibile;Utilizzato direttamente;Altro;;;;1;False
691999;L219;1186;167;72;69.0;FABBRICATO;Via Bioglio;24;45.0872881;7.6974772;Abitazione;Prima del 1919;Nessuno;Patrimonio indisponibile;Utilizzato direttamente;Altro;;;;1;False
692000;L219;1186;167;73;54.0;FABBRICATO;Via Bioglio;24;45.0872881;7.6974772;Abitazione;Prima del 1919;Nessuno;Patrimonio indisponibile;Utilizzato direttamente;Altro;;;;1;False
692001;L219;1186;167;74;91.0;FABBRICATO;Via Bioglio;24;45.0872881;7.6974772;Abitazione;Prima del 1919;Nessuno;Patrimonio indisponibile;Utilizzato direttamente;Altro;;;;1;False
692002;L219;1186;167;75;96.0;FABBRICATO;Via Bioglio;24;45.0872881;7.6974772;Abitazione;Prima del 1919;Nessuno;Patrimonio indisponibile;Utilizzato direttamente;Altro;;;;1;False
692003;L219;1186;167;76;53.0;FABBRICATO;Via Bioglio;24;45.0872881;7.6974772;Abitazione;Prima del 1919;Nessuno;Patrimonio indisponibile;Utilizzato direttamente;Altro;;;;1;False
692004;L219;1186;167;77;93.0;FABBRICATO;Via Bioglio;24;45.0872881;7.6974772;Abitazione;Prima del 1919;Nessuno;Patrimonio indisponibile;Utilizzato direttamente;Altro;;;;1;False
692005;L219;1186;167;78;98.0;FABBRICATO;Via Bioglio;24;45.0872881;7.6974772;Abitazione;Prima del 1919;Nessuno;Patrimonio indisponibile;Utilizzato direttamente;Altro;;;;1;False
692006;L219;1186;167;79;53.0;FABBRICATO;Via Bioglio;24;45.0872881;7.6974772;Abitazione;Prima del 1919;Nessuno;Patrimonio indisponibile;Utilizzato direttamente;Altro;;;;1;False
692007;L219;1186;167;80;90.0;FABBRICATO;Via Bioglio;24;45.0872881;7.6974772;Abitazione;Prima del 1919;Nessuno;Patrimonio indisponibile;Utilizzato direttamente;Altro;;;;1;False
692008;L219;1186;167;81;97.0;FABBRICATO;Via Bioglio;24;45.0872881;7.6974772;Abitazione;Prima del 1919;Nessuno;Patrimonio indisponibile;Utilizzato direttamente;Altro;;;;1;False
692009;L219;1186;167;82;53.0;FABBRICATO;Via Bioglio;24;45.0872881;7.6974772;Abitazione;Prima del 1919;Nessuno;Patrimonio indisponibile;Utilizzato direttamente;Altro;;;;1;False
692010;L219;1186;167;83;92.0;FABBRICATO;Via Bioglio;24;45.0872881;7.6974772;Abitazione;Prima del 1919;Nessuno;Patrimonio indisponibile;Utilizzato direttamente;Altro;;;;1;False
692011;L219;1186;167;84;99.0;FABBRICATO;Via Bioglio;24;45.0872881;7.6974772;Abitazione;Prima del 1919;Nessuno;Patrimonio indisponibile;Utilizzato direttamente;Altro;;;;1;False
692012;L219;1186;167;87;56.0;FABBRICATO;Via Bioglio;30;45.0872881;7.6974772;Abitazione;Prima del 1919;Nessuno;Patrimonio indisponibile;Utilizzato direttamente;Altro;;;;1;False
692013;L219;1186;167;88;68.0;FABBRICATO;Via Bioglio;30;45.0872881;7.6974772;Abitazione;Prima del 1919;Nessuno;Patrimonio indisponibile;Utilizzato direttamente;Altro;;;;1;False
692014;L219;1186;167;89;80.0;FABBRICATO;Via Bioglio;30;45.0872881;7.6974772;Abitazione;Prima del 1919;Nessuno;Patrimonio indisponibile;Utilizzato direttamente;Altro;;;;1;False
692015;L219;1186;167;90;53.0;FABBRICATO;Via Bioglio;30;45.0872881;7.6974772;Abitazione;Prima del 1919;Nessuno;Patrimonio indisponibile;Utilizzato direttamente;Altro;;;;1;False
692016;L219;1186;167;91;98.0;FABBRICATO;Via Bioglio;30;45.0872881;7.6974772;Abitazione;Prima del 1919;Nessuno;Patrimonio indisponibile;Utilizzato direttamente;Altro;;;;1;False
692017;L219;1186;167;92;91.0;FABBRICATO;Via Bioglio;30;45.0872881;7.6974772;Abitazione;Prima del 1919;Nessuno;Patrimonio indisponibile;Utilizzato direttamente;Altro;;;;1;False
692018;L219;1186;167;93;53.0;FABBRICATO;Via Bioglio;30;45.0872881;7.6974772;Abitazione;Prima del 1919;Nessuno;Patrimonio indisponibile;Utilizzato direttamente;Altro;;;;1;False
692019;L219;1186;167;94;99.0;FABBRICATO;Via Bioglio;30;45.0872881;7.6974772;Abitazione;Prima del 1919;Nessuno;Patrimonio indisponibile;Utilizzato direttamente;Altro;;;;1;False
692020;L219;1186;167;95;92.0;FABBRICATO;Via Bioglio;30;45.0872881;7.6974772;Abitazione;Prima del 1919;Nessuno;Patrimonio indisponibile;Utilizzato direttamente;Altro;;;;1;False
692021;L219;1186;167;96;53.0;FABBRICATO;Via Bioglio;30;45.0872881;7.6974772;Abitazione;Prima del 1919;Nessuno;Patrimonio indisponibile;Utilizzato direttamente;Altro;;;;1;False
692022;L219;1186;167;97;99.0;FABBRICATO;Via Bioglio;30;45.0872881;7.6974772;Abitazione;Prima del 1919;Nessuno;Patrimonio indisponibile;Utilizzato direttamente;Altro;;;;1;False
692023;L219;1186;167;98;92.0;FABBRICATO;Via Bioglio;30;45.0872881;7.6974772;Abitazione;Prima del 1919;Nessuno;Patrimonio indisponibile;Utilizzato direttamente;Altro;;;;1;False
692024;L219;1186;167;99;54.0;FABBRICATO;Via Bioglio;30;45.0872881;7.6974772;Abitazione;Prima del 1919;Nessuno;Patrimonio indisponibile;Utilizzato direttamente;Altro;;;;1;False
692026;L219;1379;130;;900.0;FABBRICATO;via giordano bruno;11;45.0430313;7.6642897;Edificio scolastico (es.: scuola di ogni ordine e grado, università, scuola di formazione);Dal 2001 al 2010;Nessuno;Patrimonio indisponibile;Utilizzato direttamente;Attività artistica e culturale;;;;1;False
692027;L219;1380;10;1;60.0;FABBRICATO;Via Pasquale Galluppi;12;45.0438326;7.6615874;Abitazione;Dal 1946 al 1960;Nessuno;Patrimonio indisponibile;Utilizzato direttamente;Altro;;;;1;False
692028;L219;1380;10;11;62.0;FABBRICATO;Via Pasquale Galluppi;12;45.0438326;7.6615874;Abitazione;Dal 1946 al 1960;Nessuno;Patrimonio indisponibile;Utilizzato direttamente;Altro;;;;1;False
692029;L219;1380;10;12;63.0;FABBRICATO;Via Pasquale Galluppi;12;45.0438326;7.6615874;Abitazione;Dal 1946 al 1960;Nessuno;Patrimonio indisponibile;Utilizzato direttamente;Altro;;;;1;False
692030;L219;1380;10;13;62.0;FABBRICATO;Via Pasquale Galluppi;12;45.0438326;7.6615874;Abitazione;Dal 1946 al 1960;Nessuno;Patrimonio indisponibile;Utilizzato direttamente;Altro;;;;1;False
692031;L219;1380;10;15;62.0;FABBRICATO;Via Pasquale Galluppi;12;45.0438326;7.6615874;Abitazione;Dal 1946 al 1960;Nessuno;Patrimonio indisponibile;Utilizzato direttamente;Altro;;;;1;False
692032;L219;1380;10;17;62.0;FABBRICATO;Via Pasquale Galluppi;12;45.0438326;7.6615874;Abitazione;Dal 1946 al 1960;Nessuno;Patrimonio indisponibile;Utilizzato direttamente;Altro;;;;1;False
692033;L219;1380;10;18;60.0;FABBRICATO;Via Pasquale Galluppi;12;45.0438326;7.6615874;Abitazione;Dal 1946 al 1960;Nessuno;Patrimonio indisponibile;Utilizzato direttamente;Altro;;;;1;False
692034;L219;1380;10;19;61.0;FABBRICATO;Via Pasquale Galluppi;12;45.0438326;7.6615874;Abitazione;Dal 1946 al 1960;Nessuno;Patrimonio indisponibile;Utilizzato direttamente;Altro;;;;1;False
692035;L219;1380;10;2;63.0;FABBRICATO;Via Pasquale Galluppi;12;45.0438326;7.6615874;Abitazione;Dal 1946 al 1960;Nessuno;Patrimonio indisponibile;Utilizzato direttamente;Altro;;;;1;False
692036;L219;1380;10;20;62.0;FABBRICATO;Via Pasquale Galluppi;12;45.0438326;7.6615874;Abitazione;Dal 1946 al 1960;Nessuno;Patrimonio indisponibile;Utilizzato direttamente;Altro;;;;1;False
692037;L219;1380;10;21;61.0;FABBRICATO;Via Pasquale Galluppi;12;45.0438326;7.6615874;Abitazione;Dal 1946 al 1960;Nessuno;Patrimonio indisponibile;Utilizzato direttamente;Altro;;;;1;False
692038;L219;1380;10;22;60.0;FABBRICATO;Via Pasquale Galluppi;12;45.0438326;7.6615874;Abitazione;Dal 1946 al 1960;Nessuno;Patrimonio indisponibile;Utilizzato direttamente;Altro;;;;1;False
692039;L219;1380;10;23;61.0;FABBRICATO;Via Pasquale Galluppi;12;45.0438326;7.6615874;Abitazione;Dal 1946 al 1960;Nessuno;Patrimonio indisponibile;Utilizzato direttamente;Altro;;;;1;False
692040;L219;1380;10;24;63.0;FABBRICATO;Via Pasquale Galluppi;12;45.0438326;7.6615874;Abitazione;Dal 1946 al 1960;Nessuno;Patrimonio indisponibile;Utilizzato direttamente;Altro;;;;1;False
692041;L219;1380;10;26;62.0;FABBRICATO;Via Pasquale Galluppi;12;45.0438326;7.6615874;Abitazione;Dal 1946 al 1960;Nessuno;Patrimonio indisponibile;Utilizzato direttamente;Altro;;;;1;False
692042;L219;1380;10;27;63.0;FABBRICATO;Via Pasquale Galluppi;12;45.0438326;7.6615874;Abitazione;Dal 1946 al 1960;Nessuno;Patrimonio indisponibile;Utilizzato direttamente;Altro;;;;1;False
692043;L219;1380;10;28;62.0;FABBRICATO;Via Pasquale Galluppi;12;45.0438326;7.6615874;Abitazione;Dal 1946 al 1960;Nessuno;Patrimonio indisponibile;Utilizzato direttamente;Altro;;;;1;False
692044;L219;1380;10;29;63.0;FABBRICATO;Via Pasquale Galluppi;12;45.0438326;7.6615874;Abitazione;Dal 1946 al 1960;Nessuno;Patrimonio indisponibile;Utilizzato direttamente;Altro;;;;1;False
692045;L219;1380;10;3;60.0;FABBRICATO;Via Pasquale Galluppi;12;45.0438326;7.6615874;Abitazione;Dal 1946 al 1960;Nessuno;Patrimonio indisponibile;Utilizzato direttamente;Altro;;;;1;False
692046;L219;1380;10;30;62.0;FABBRICATO;Via Pasquale Galluppi;12;45.0438326;7.6615874;Abitazione;Dal 1946 al 1960;Nessuno;Patrimonio indisponibile;Utilizzato direttamente;Altro;;;;1;False
692047;L219;1380;10;31;64.0;FABBRICATO;Via Pasquale Galluppi;12;45.0438326;7.6615874;Abitazione;Dal 1946 al 1960;Nessuno;Patrimonio indisponibile;Utilizzato direttamente;Altro;;;;1;False
692048;L219;1380;10;32;62.0;FABBRICATO;Via Pasquale Galluppi;12;45.0438326;7.6615874;Abitazione;Dal 1946 al 1960;Nessuno;Patrimonio indisponibile;Utilizzato direttamente;Altro;;;;1;False
692049;L219;1380;10;33;63.0;FABBRICATO;Via Pasquale Galluppi;12;45.0438326;7.6615874;Abitazione;Dal 1946 al 1960;Nessuno;Patrimonio indisponibile;Utilizzato direttamente;Altro;;;;1;False
692050;L219;1380;10;34;61.0;FABBRICATO;Via Pasquale Galluppi;12;45.0438326;7.6615874;Abitazione;Dal 1946 al 1960;Nessuno;Patrimonio indisponibile;Utilizzato direttamente;Altro;;;;1;False
692051;L219;1380;10;35;62.0;FABBRICATO;Via Pasquale Galluppi;12;45.0438326;7.6615874;Abitazione;Dal 1946 al 1960;Nessuno;Patrimonio indisponibile;Utilizzato direttamente;Altro;;;;1;False
692052;L219;1380;10;36;61.0;FABBRICATO;Via Pasquale Galluppi;12;45.0438326;7.6615874;Abitazione;Dal 1946 al 1960;Nessuno;Patrimonio indisponibile;Utilizzato direttamente;Altro;;;;1;False
692053;L219;1380;10;37;20.0;FABBRICATO;Via Pasquale Galluppi;12;45.0438326;7.6615874;Cantina, soffitta, rimessa, box, garage, posto auto aperto/scoperto,;Dal 1946 al 1960;Nessuno;Patrimonio indisponibile;Utilizzato direttamente;Altro;;;;1;False
692054;L219;1380;10;4;63.0;FABBRICATO;Via Pasquale Galluppi;12;45.0438326;7.6615874;Abitazione;Dal 1946 al 1960;Nessuno;Patrimonio indisponibile;Utilizzato direttamente;Altro;;;;1;False
692055;L219;1380;10;6;62.0;FABBRICATO;Via Pasquale Galluppi;12;45.0438326;7.6615874;Abitazione;Dal 1946 al 1960;Nessuno;Patrimonio indisponibile;Utilizzato direttamente;Altro;;;;1;False
692056;L219;1380;10;7;61.0;FABBRICATO;Via Pasquale Galluppi;12;45.0438326;7.6615874;Abitazione;Dal 1946 al 1960;Nessuno;Patrimonio indisponibile;Utilizzato direttamente;Altro;;;;1;False
692057;L219;1380;10;8;64.0;FABBRICATO;Via Pasquale Galluppi;12;45.0438326;7.6615874;Abitazione;Dal 1946 al 1960;Nessuno;Patrimonio indisponibile;Utilizzato direttamente;Altro;;;;1;False
692058;L219;1380;10;9;61.0;FABBRICATO;Via Pasquale Galluppi;12;45.0438326;7.6615874;Abitazione;Dal 1946 al 1960;Nessuno;Patrimonio indisponibile;Utilizzato direttamente;Altro;;;;1;False
692059;L219;1089;361;10;12.0;FABBRICATO;strada scarafiotti;43 A;45.1028189;7.7301626;Cantina, soffitta, rimessa, box, garage, posto auto aperto/scoperto,;Dal 1981 al 1990;Nessuno;Patrimonio indisponibile;Utilizzato direttamente;Altro;;;;1;False
692060;L219;1089;361;11;12.0;FABBRICATO;strada scarafiotti;43 A;45.1028189;7.7301626;Cantina, soffitta, rimessa, box, garage, posto auto aperto/scoperto,;Dal 1981 al 1990;Nessuno;Patrimonio indisponibile;Utilizzato direttamente;Altro;;;;1;False
692061;L219;1089;361;12;12.0;FABBRICATO;strada scarafiotti;43 A;45.1028189;7.7301626;Cantina, soffitta, rimessa, box, garage, posto auto aperto/scoperto,;Dal 1981 al 1990;Nessuno;Patrimonio indisponibile;Utilizzato direttamente;Altro;;;;1;False
692062;L219;1089;361;13;12.0;FABBRICATO;strada scarafiotti;43 A;45.1028189;7.7301626;Cantina, soffitta, rimessa, box, garage, posto auto aperto/scoperto,;Dal 1981 al 1990;Nessuno;Patrimonio indisponibile;Utilizzato direttamente;Altro;;;;1;False
692063;L219;1089;361;14;12.0;FABBRICATO;strada scarafiotti;43 A;45.1028189;7.7301626;Cantina, soffitta, rimessa, box, garage, posto auto aperto/scoperto,;Dal 1981 al 1990;Nessuno;Patrimonio indisponibile;Utilizzato direttamente;Altro;;;;1;False
692064;L219;1089;361;15;12.0;FABBRICATO;strada scarafiotti;43 A;45.1028189;7.7301626;Cantina, soffitta, rimessa, box, garage, posto auto aperto/scoperto,;Dal 1981 al 1990;Nessuno;Patrimonio indisponibile;Utilizzato direttamente;Altro;;;;1;False
692065;L219;1089;361;16;12.0;FABBRICATO;strada scarafiotti;43 A;45.1028189;7.7301626;Cantina, soffitta, rimessa, box, garage, posto auto aperto/scoperto,;Dal 1981 al 1990;Nessuno;Patrimonio indisponibile;Utilizzato direttamente;Altro;;;;1;False
692066;L219;1089;361;17;12.0;FABBRICATO;strada scarafiotti;43 A;45.1028189;7.7301626;Cantina, soffitta, rimessa, box, garage, posto auto aperto/scoperto,;Dal 1981 al 1990;Nessuno;Patrimonio indisponibile;Utilizzato direttamente;Altro;;;;1;False
692067;L219;1089;361;18;12.0;FABBRICATO;strada scarafiotti;43 A;45.1028189;7.7301626;Cantina, soffitta, rimessa, box, garage, posto auto aperto/scoperto,;Dal 1981 al 1990;Nessuno;Patrimonio indisponibile;Utilizzato direttamente;Altro;;;;1;False
692068;L219;1089;361;19;12.0;FABBRICATO;strada scarafiotti;43 A;45.1028189;7.7301626;Cantina, soffitta, rimessa, box, garage, posto auto aperto/scoperto,;Dal 1981 al 1990;Nessuno;Patrimonio indisponibile;Utilizzato direttamente;Altro;;;;1;False
692069;L219;1089;361;20;12.0;FABBRICATO;strada scarafiotti;43 A;45.1028189;7.7301626;Cantina, soffitta, rimessa, box, garage, posto auto aperto/scoperto,;Dal 1981 al 1990;Nessuno;Patrimonio indisponibile;Utilizzato direttamente;Altro;;;;1;False
692070;L219;1089;361;21;12.0;FABBRICATO;strada scarafiotti;43 A;45.1028189;7.7301626;Cantina, soffitta, rimessa, box, garage, posto auto aperto/scoperto,;Dal 1981 al 1990;Nessuno;Patrimonio indisponibile;Utilizzato direttamente;Altro;;;;1;False
692071;L219;1089;361;22;12.0;FABBRICATO;strada scarafiotti;43 A;45.1028189;7.7301626;Cantina, soffitta, rimessa, box, garage, posto auto aperto/scoperto,;Dal 1981 al 1990;Nessuno;Patrimonio indisponibile;Utilizzato direttamente;Altro;;;;1;False
692072;L219;1089;361;23;12.0;FABBRICATO;strada scarafiotti;43 A;45.1028189;7.7301626;Cantina, soffitta, rimessa, box, garage, posto auto aperto/scoperto,;Dal 1981 al 1990;Nessuno;Patrimonio indisponibile;Utilizzato direttamente;Altro;;;;1;False
692073;L219;1089;361;24;12.0;FABBRICATO;strada scarafiotti;43 A;45.1028189;7.7301626;Cantina, soffitta, rimessa, box, garage, posto auto aperto/scoperto,;Dal 1981 al 1990;Nessuno;Patrimonio indisponibile;Utilizzato direttamente;Altro;;;;1;False
692074;L219;1089;361;25;12.0;FABBRICATO;strada scarafiotti;43 A;45.1028189;7.7301626;Cantina, soffitta, rimessa, box, garage, posto auto aperto/scoperto,;Dal 1981 al 1990;Nessuno;Patrimonio indisponibile;Utilizzato direttamente;Altro;;;;1;False
692075;L219;1089;361;26;12.0;FABBRICATO;strada scarafiotti;43 A;45.1028189;7.7301626;Cantina, soffitta, rimessa, box, garage, posto auto aperto/scoperto,;Dal 1981 al 1990;Nessuno;Patrimonio indisponibile;Utilizzato direttamente;Altro;;;;1;False
692076;L219;1089;361;27;12.0;FABBRICATO;strada scarafiotti;43 A;45.1028189;7.7301626;Cantina, soffitta, rimessa, box, garage, posto auto aperto/scoperto,;Dal 1981 al 1990;Nessuno;Patrimonio indisponibile;Utilizzato direttamente;Altro;;;;1;False
692077;L219;1089;361;28;12.0;FABBRICATO;strada scarafiotti;43 A;45.1028189;7.7301626;Cantina, soffitta, rimessa, box, garage, posto auto aperto/scoperto,;Dal 1981 al 1990;Nessuno;Patrimonio indisponibile;Utilizzato direttamente;Altro;;;;1;False
692078;L219;1089;361;29;90.0;FABBRICATO;strada scarafiotti;43;45.1028189;7.7301626;Abitazione;Dal 1981 al 1990;Nessuno;Patrimonio indisponibile;Utilizzato direttamente;Altro;;;;1;False
692079;L219;1089;361;30;86.0;FABBRICATO;strada scarafiotti;43;45.1028189;7.7301626;Abitazione;Dal 1981 al 1990;Nessuno;Patrimonio indisponibile;Utilizzato direttamente;Altro;;;;1;False
692080;L219;1089;361;31;91.0;FABBRICATO;strada scarafiotti;43;45.1028189;7.7301626;Abitazione;Dal 1981 al 1990;Nessuno;Patrimonio indisponibile;Utilizzato direttamente;Altro;;;;1;False
692081;L219;1089;361;32;86.0;FABBRICATO;strada scarafiotti;43;45.1028189;7.7301626;Abitazione;Dal 1981 al 1990;Nessuno;Patrimonio indisponibile;Utilizzato direttamente;Altro;;;;1;False
692082;L219;1089;361;33;91.0;FABBRICATO;strada scarafiotti;43;45.1028189;7.7301626;Abitazione;Dal 1981 al 1990;Nessuno;Patrimonio indisponibile;Utilizzato direttamente;Altro;;;;1;False
692083;L219;1089;361;34;88.0;FABBRICATO;strada scarafiotti;43;45.1028189;7.7301626;Abitazione;Dal 1981 al 1990;Nessuno;Patrimonio indisponibile;Utilizzato direttamente;Altro;;;;1;False
692084;L219;1089;361;35;91.0;FABBRICATO;strada scarafiotti;43;45.1028189;7.7301626;Abitazione;Dal 1981 al 1990;Nessuno;Patrimonio indisponibile;Utilizzato direttamente;Altro;;;;1;False
692085;L219;1089;361;36;86.0;FABBRICATO;strada scarafiotti;43;45.1028189;7.7301626;Abitazione;Dal 1981 al 1990;Nessuno;Patrimonio indisponibile;Utilizzato direttamente;Altro;;;;1;False
692086;L219;1089;361;37;87.0;FABBRICATO;strada scarafiotti;43;45.1028189;7.7301626;Abitazione;Dal 1981 al 1990;Nessuno;Patrimonio indisponibile;Utilizzato direttamente;Altro;;;;1;False
692087;L219;1089;361;38;87.0;FABBRICATO;strada scarafiotti;43;45.1028189;7.7301626;Abitazione;Dal 1981 al 1990;Nessuno;Patrimonio indisponibile;Utilizzato direttamente;Altro;;;;1;False
692088;L219;1089;361;39;87.0;FABBRICATO;strada scarafiotti;43;45.1028189;7.7301626;Abitazione;Dal 1981 al 1990;Nessuno;Patrimonio indisponibile;Utilizzato direttamente;Altro;;;;1;False
692089;L219;1089;361;4;12.0;FABBRICATO;strada scarafiotti;43 A;45.1028189;7.7301626;Cantina, soffitta, rimessa, box, garage, posto auto aperto/scoperto,;Dal 1981 al 1990;Nessuno;Patrimonio indisponibile;Utilizzato direttamente;Altro;;;;1;False
692090;L219;1089;361;40;87.0;FABBRICATO;strada scarafiotti;43;45.1028189;7.7301626;Abitazione;Dal 1981 al 1990;Nessuno;Patrimonio indisponibile;Utilizzato direttamente;Altro;;;;1;False
692091;L219;1089;361;41;87.0;FABBRICATO;strada scarafiotti;43;45.1028189;7.7301626;Abitazione;Dal 1981 al 1990;Nessuno;Patrimonio indisponibile;Utilizzato direttamente;Altro;;;;1;False
692092;L219;1089;361;42;87.0;FABBRICATO;strada scarafiotti;43;45.1028189;7.7301626;Abitazione;Dal 1981 al 1990;Nessuno;Patrimonio indisponibile;Utilizzato direttamente;Altro;;;;1;False
692093;L219;1089;361;43;87.0;FABBRICATO;strada scarafiotti;43;45.1028189;7.7301626;Abitazione;Dal 1981 al 1990;Nessuno;Patrimonio indisponibile;Utilizzato direttamente;Altro;;;;1;False
692094;L219;1089;361;44;86.0;FABBRICATO;strada scarafiotti;43;45.1028189;7.7301626;Abitazione;Dal 1981 al 1990;Nessuno;Patrimonio indisponibile;Utilizzato direttamente;Altro;;;;1;False
692095;L219;1089;361;45;89.0;FABBRICATO;strada scarafiotti;43;45.1028189;7.7301626;Abitazione;Dal 1981 al 1990;Nessuno;Patrimonio indisponibile;Utilizzato direttamente;Altro;;;;1;False
692096;L219;1089;361;46;86.0;FABBRICATO;strada scarafiotti;43;45.1028189;7.7301626;Abitazione;Dal 1981 al 1990;Nessuno;Patrimonio indisponibile;Utilizzato direttamente;Altro;;;;1;False
692097;L219;1089;361;47;87.0;FABBRICATO;strada scarafiotti;43;45.1028189;7.7301626;Abitazione;Dal 1981 al 1990;Nessuno;Patrimonio indisponibile;Utilizzato direttamente;Altro;;;;1;False
692098;L219;1089;361;48;85.0;FABBRICATO;strada scarafiotti;43;45.1028189;7.7301626;Abitazione;Dal 1981 al 1990;Nessuno;Patrimonio indisponibile;Utilizzato direttamente;Altro;;;;1;False
692099;L219;1089;361;49;91.0;FABBRICATO;strada scarafiotti;43;45.1028189;7.7301626;Abitazione;Dal 1981 al 1990;Nessuno;Patrimonio indisponibile;Utilizzato direttamente;Altro;;;;1;False
692100;L219;1089;361;5;12.0;FABBRICATO;strada scarafiotti;43 A;45.1028189;7.7301626;Cantina, soffitta, rimessa, box, garage, posto auto aperto/scoperto,;Dal 1981 al 1990;Nessuno;Patrimonio indisponibile;Utilizzato direttamente;Altro;;;;1;False
692101;L219;1089;361;50;86.0;FABBRICATO;strada scarafiotti;43;45.1028189;7.7301626;Abitazione;Dal 1981 al 1990;Nessuno;Patrimonio indisponibile;Utilizzato direttamente;Altro;;;;1;False
692102;L219;1089;361;51;91.0;FABBRICATO;strada scarafiotti;43;45.1028189;7.7301626;Abitazione;Dal 1981 al 1990;Nessuno;Patrimonio indisponibile;Utilizzato direttamente;Altro;;;;1;False
692103;L219;1089;361;52;86.0;FABBRICATO;strada scarafiotti;43;45.1028189;7.7301626;Abitazione;Dal 1981 al 1990;Nessuno;Patrimonio indisponibile;Utilizzato direttamente;Altro;;;;1;False
692104;L219;1089;361;53;91.0;FABBRICATO;strada scarafiotti;43;45.1028189;7.7301626;Abitazione;Dal 1981 al 1990;Nessuno;Patrimonio indisponibile;Utilizzato direttamente;Altro;;;;1;False
692105;L219;1089;361;54;86.0;FABBRICATO;strada scarafiotti;43;45.1028189;7.7301626;Abitazione;Dal 1981 al 1990;Nessuno;Patrimonio indisponibile;Utilizzato direttamente;Altro;;;;1;False
692106;L219;1089;361;55;90.0;FABBRICATO;strada scarafiotti;43;45.1028189;7.7301626;Abitazione;Dal 1981 al 1990;Nessuno;Patrimonio indisponibile;Utilizzato direttamente;Altro;;;;1;False
692107;L219;1089;361;56;87.0;FABBRICATO;strada scarafiotti;43;45.1028189;7.7301626;Abitazione;Dal 1981 al 1990;Nessuno;Patrimonio indisponibile;Utilizzato direttamente;Altro;;;;1;False
692108;L219;1089;361;57;90.0;FABBRICATO;strada scarafiotti;43;45.1028189;7.7301626;Abitazione;Dal 1981 al 1990;Nessuno;Patrimonio indisponibile;Utilizzato direttamente;Altro;;;;1;False
692109;L219;1089;361;58;88.0;FABBRICATO;strada scarafiotti;43;45.1028189;7.7301626;Abitazione;Dal 1981 al 1990;Nessuno;Patrimonio indisponibile;Utilizzato direttamente;Altro;;;;1;False
692110;L219;1089;361;59;80.0;FABBRICATO;strada scarafiotti;43;45.1028189;7.7301626;Magazzino e locali di deposito;Dal 1981 al 1990;Nessuno;Patrimonio indisponibile;Utilizzato direttamente;Altro;;;;1;False
692111;L219;1089;361;6;12.0;FABBRICATO;strada scarafiotti;43 A;45.1028189;7.7301626;Cantina, soffitta, rimessa, box, garage, posto auto aperto/scoperto,;Dal 1981 al 1990;Nessuno;Patrimonio indisponibile;Utilizzato direttamente;Altro;;;;1;False
692112;L219;1089;361;60;45.0;FABBRICATO;strada scarafiotti;43;45.1028189;7.7301626;Magazzino e locali di deposito;Dal 1981 al 1990;Nessuno;Patrimonio indisponibile;Utilizzato direttamente;Altro;;;;1;False
692113;L219;1089;361;61;45.0;FABBRICATO;strada scarafiotti;43;45.1028189;7.7301626;Magazzino e locali di deposito;Dal 1981 al 1990;Nessuno;Patrimonio indisponibile;Utilizzato direttamente;Altro;;;;1;False
692114;L219;1089;361;62;40.0;FABBRICATO;strada scarafiotti;43;45.1028189;7.7301626;Magazzino e locali di deposito;Dal 1981 al 1990;Nessuno;Patrimonio indisponibile;Utilizzato direttamente;Altro;;;;1;False
692115;L219;1089;361;63;13.0;FABBRICATO;strada scarafiotti;43;45.1028189;7.7301626;Cantina, soffitta, rimessa, box, garage, posto auto aperto/scoperto,;Dal 1981 al 1990;Nessuno;Patrimonio indisponibile;Utilizzato direttamente;Altro;;;;1;False
692116;L219;1089;361;64;13.0;FABBRICATO;strada scarafiotti;43;45.1028189;7.7301626;Cantina, soffitta, rimessa, box, garage, posto auto aperto/scoperto,;Dal 1981 al 1990;Nessuno;Patrimonio indisponibile;Utilizzato direttamente;Altro;;;;1;False
692117;L219;1089;361;65;13.0;FABBRICATO;strada scarafiotti;43;45.1028189;7.7301626;Cantina, soffitta, rimessa, box, garage, posto auto aperto/scoperto,;Dal 1981 al 1990;Nessuno;Patrimonio indisponibile;Utilizzato direttamente;Altro;;;;1;False
692118;L219;1089;361;66;13.0;FABBRICATO;strada scarafiotti;43;45.1028189;7.7301626;Cantina, soffitta, rimessa, box, garage, posto auto aperto/scoperto,;Dal 1981 al 1990;Nessuno;Patrimonio indisponibile;Utilizzato direttamente;Altro;;;;1;False
692119;L219;1089;361;67;13.0;FABBRICATO;strada scarafiotti;43;45.1028189;7.7301626;Cantina, soffitta, rimessa, box, garage, posto auto aperto/scoperto,;Dal 1981 al 1990;Nessuno;Patrimonio indisponibile;Utilizzato direttamente;Altro;;;;1;False
692120;L219;1089;361;7;12.0;FABBRICATO;strada scarafiotti;43 A;45.1028189;7.7301626;Cantina, soffitta, rimessa, box, garage, posto auto aperto/scoperto,;Dal 1981 al 1990;Nessuno;Patrimonio indisponibile;Utilizzato direttamente;Altro;;;;1;False
692121;L219;1089;361;8;12.0;FABBRICATO;strada scarafiotti;43 A;45.1028189;7.7301626;Cantina, soffitta, rimessa, box, garage, posto auto aperto/scoperto,;Dal 1981 al 1990;Nessuno;Patrimonio indisponibile;Utilizzato direttamente;Altro;;;;1;False
692122;L219;1089;361;9;12.0;FABBRICATO;strada scarafiotti;43 A;45.1028189;7.7301626;Cantina, soffitta, rimessa, box, garage, posto auto aperto/scoperto,;Dal 1981 al 1990;Nessuno;Patrimonio indisponibile;Utilizzato direttamente;Altro;;;;1;False
692123;L219;1380;11;1;59.0;FABBRICATO;Via Pasquale Galluppi;12;45.0434455;7.6611704;Abitazione;Dal 1946 al 1960;Nessuno;Patrimonio indisponibile;Utilizzato direttamente;Altro;;;;1;False
692124;L219;1380;11;10;64.0;FABBRICATO;Via Pasquale Galluppi;12;45.0434455;7.6611704;Abitazione;Dal 1946 al 1960;Nessuno;Patrimonio indisponibile;Utilizzato direttamente;Altro;;;;1;False
692125;L219;1380;11;11;60.0;FABBRICATO;Via Pasquale Galluppi;12;45.0434455;7.6611704;Abitazione;Dal 1946 al 1960;Nessuno;Patrimonio indisponibile;Utilizzato direttamente;Altro;;;;1;False
692126;L219;1380;11;12;63.0;FABBRICATO;Via Pasquale Galluppi;12;45.0434455;7.6611704;Abitazione;Dal 1946 al 1960;Nessuno;Patrimonio indisponibile;Utilizzato direttamente;Altro;;;;1;False
692127;L219;1380;11;13;59.0;FABBRICATO;Via Pasquale Galluppi;12;45.0434455;7.6611704;Abitazione;Dal 1946 al 1960;Nessuno;Patrimonio indisponibile;Utilizzato direttamente;Altro;;;;1;False
692128;L219;1380;11;14;61.0;FABBRICATO;Via Pasquale Galluppi;12;45.0434455;7.6611704;Abitazione;Dal 1946 al 1960;Nessuno;Patrimonio indisponibile;Utilizzato direttamente;Altro;;;;1;False
692129;L219;1380;11;142;94.0;FABBRICATO;Via Pasquale Galluppi;1;45.0434455;7.6611704;Abitazione;Dal 1946 al 1960;Nessuno;Patrimonio indisponibile;Utilizzato direttamente;Altro;;;;1;False
692130;L219;1380;11;15;60.0;FABBRICATO;Via Pasquale Galluppi;12;45.0434455;7.6611704;Abitazione;Dal 1946 al 1960;Nessuno;Patrimonio indisponibile;Utilizzato direttamente;Altro;;;;1;False
692131;L219;1380;11;16;62.0;FABBRICATO;Via Pasquale Galluppi;12;45.0434455;7.6611704;Abitazione;Dal 1946 al 1960;Nessuno;Patrimonio indisponibile;Utilizzato direttamente;Altro;;;;1;False
692132;L219;1380;11;17;61.0;FABBRICATO;Via Pasquale Galluppi;12;45.0434455;7.6611704;Abitazione;Dal 1946 al 1960;Nessuno;Patrimonio indisponibile;Utilizzato direttamente;Altro;;;;1;False
692133;L219;1380;11;19;61.0;FABBRICATO;Via Pasquale Galluppi;12;45.0434455;7.6611704;Abitazione;Dal 1946 al 1960;Nessuno;Patrimonio indisponibile;Utilizzato direttamente;Altro;;;;1;False
692134;L219;1380;11;2;63.0;FABBRICATO;Via Pasquale Galluppi;12;45.0434455;7.6611704;Abitazione;Dal 1946 al 1960;Nessuno;Patrimonio indisponibile;Utilizzato direttamente;Altro;;;;1;False
692135;L219;1380;11;21;60.0;FABBRICATO;Via Pasquale Galluppi;12;45.0434455;7.6611704;Abitazione;Dal 1946 al 1960;Nessuno;Patrimonio indisponibile;Utilizzato direttamente;Altro;;;;1;False
692136;L219;1380;11;22;61.0;FABBRICATO;Via Pasquale Galluppi;12;45.0434455;7.6611704;Abitazione;Dal 1946 al 1960;Nessuno;Patrimonio indisponibile;Utilizzato direttamente;Altro;;;;1;False
692137;L219;1380;11;23;60.0;FABBRICATO;Via Pasquale Galluppi;12;45.0434455;7.6611704;Abitazione;Dal 1946 al 1960;Nessuno;Patrimonio indisponibile;Utilizzato direttamente;Altro;;;;1;False
692138;L219;1380;11;24;60.0;FABBRICATO;Via Pasquale Galluppi;12;45.0434455;7.6611704;Abitazione;Dal 1946 al 1960;Nessuno;Patrimonio indisponibile;Utilizzato direttamente;Altro;;;;1;False
692139;L219;1380;11;25;63.0;FABBRICATO;Via Pasquale Galluppi;1;45.0434455;7.6611704;Abitazione;Dal 1946 al 1960;Nessuno;Patrimonio indisponibile;Utilizzato direttamente;Altro;;;;1;False
692140;L219;1380;11;26;62.0;FABBRICATO;Via Pasquale Galluppi;1;45.0434455;7.6611704;Abitazione;Dal 1946 al 1960;Nessuno;Patrimonio indisponibile;Utilizzato direttamente;Altro;;;;1;False
692141;L219;1380;11;27;64.0;FABBRICATO;Via Pasquale Galluppi;1;45.0434455;7.6611704;Abitazione;Dal 1946 al 1960;Nessuno;Patrimonio indisponibile;Utilizzato direttamente;Altro;;;;1;False
692142;L219;1380;11;29;63.0;FABBRICATO;Via Pasquale Galluppi;1;45.0434455;7.6611704;Abitazione;Dal 1946 al 1960;Nessuno;Patrimonio indisponibile;Utilizzato direttamente;Altro;;;;1;False
692143;L219;1380;11;3;59.0;FABBRICATO;Via Pasquale Galluppi;12;45.0434455;7.6611704;Abitazione;Dal 1946 al 1960;Nessuno;Patrimonio indisponibile;Utilizzato direttamente;Altro;;;;1;False
692144;L219;1380;11;32;62.0;FABBRICATO;Via Pasquale Galluppi;1;45.0434455;7.6611704;Abitazione;Dal 1946 al 1960;Nessuno;Patrimonio indisponibile;Utilizzato direttamente;Altro;;;;1;False
692145;L219;1380;11;33;63.0;FABBRICATO;Via Pasquale Galluppi;1;45.0434455;7.6611704;Abitazione;Dal 1946 al 1960;Nessuno;Patrimonio indisponibile;Utilizzato direttamente;Altro;;;;1;False
692146;L219;1380;11;34;61.0;FABBRICATO;Via Pasquale Galluppi;1;45.0434455;7.6611704;Abitazione;Dal 1946 al 1960;Nessuno;Patrimonio indisponibile;Utilizzato direttamente;Altro;;;;1;False
692147;L219;1380;11;35;64.0;FABBRICATO;Via Pasquale Galluppi;1;45.0434455;7.6611704;Abitazione;Dal 1946 al 1960;Nessuno;Patrimonio indisponibile;Utilizzato direttamente;Altro;;;;1;False
692148;L219;1380;11;37;18.0;FABBRICATO;Via Pasquale Galluppi;1;45.0434455;7.6611704;Cantina, soffitta, rimessa, box, garage, posto auto aperto/scoperto,;Dal 1946 al 1960;Nessuno;Patrimonio indisponibile;Utilizzato direttamente;Altro;;;;1;False
692149;L219;1380;11;4;63.0;FABBRICATO;Via Pasquale Galluppi;12;45.0434455;7.6611704;Abitazione;Dal 1946 al 1960;Nessuno;Patrimonio indisponibile;Utilizzato direttamente;Altro;;;;1;False
692150;L219;1380;11;5;61.0;FABBRICATO;Via Pasquale Galluppi;12;45.0434455;7.6611704;Abitazione;Dal 1946 al 1960;Nessuno;Patrimonio indisponibile;Utilizzato direttamente;Altro;;;;1;False
692151;L219;1380;11;6;64.0;FABBRICATO;Via Pasquale Galluppi;12;45.0434455;7.6611704;Abitazione;Dal 1946 al 1960;Nessuno;Patrimonio indisponibile;Utilizzato direttamente;Altro;;;;1;False
692152;L219;1380;11;7;59.0;FABBRICATO;Via Pasquale Galluppi;12;45.0434455;7.6611704;Abitazione;Dal 1946 al 1960;Nessuno;Patrimonio indisponibile;Utilizzato direttamente;Altro;;;;1;False
692153;L219;1380;11;8;63.0;FABBRICATO;Via Pasquale Galluppi;12;45.0434455;7.6611704;Abitazione;Dal 1946 al 1960;Nessuno;Patrimonio indisponibile;Utilizzato direttamente;Altro;;;;1;False
692154;L219;1380;11;9;59.0;FABBRICATO;Via Pasquale Galluppi;12;45.0434455;7.6611704;Abitazione;Dal 1946 al 1960;Nessuno;Patrimonio indisponibile;Utilizzato direttamente;Altro;;;;1;False
692155;L219;1380;13;1;60.0;FABBRICATO;Via Pasquale Galluppi;12;45.0436812;7.661851;Abitazione;Dal 1946 al 1960;Nessuno;Patrimonio indisponibile;Utilizzato direttamente;Altro;;;;1;False
692156;L219;1380;13;10;53.0;FABBRICATO;Via Pasquale Galluppi;12;45.0436812;7.661851;Abitazione;Dal 1946 al 1960;Nessuno;Patrimonio indisponibile;Utilizzato direttamente;Altro;;;;1;False
692157;L219;1380;13;11;59.0;FABBRICATO;Via Pasquale Galluppi;12;45.0436812;7.661851;Abitazione;Dal 1946 al 1960;Nessuno;Patrimonio indisponibile;Utilizzato direttamente;Altro;;;;1;False
692158;L219;1380;13;12;60.0;FABBRICATO;Via Pasquale Galluppi;12;45.0436812;7.661851;Abitazione;Dal 1946 al 1960;Nessuno;Patrimonio indisponibile;Utilizzato direttamente;Altro;;;;1;False
692159;L219;1380;13;13;56.0;FABBRICATO;Via Pasquale Galluppi;12;45.0436812;7.661851;Abitazione;Dal 1946 al 1960;Nessuno;Patrimonio indisponibile;Utilizzato direttamente;Altro;;;;1;False
692160;L219;1380;13;14;52.0;FABBRICATO;Via Pasquale Galluppi;12;45.0436812;7.661851;Abitazione;Dal 1946 al 1960;Nessuno;Patrimonio indisponibile;Utilizzato direttamente;Altro;;;;1;False
692161;L219;1380;13;15;60.0;FABBRICATO;Via Pasquale Galluppi;12;45.0436812;7.661851;Abitazione;Dal 1946 al 1960;Nessuno;Patrimonio indisponibile;Utilizzato direttamente;Altro;;;;1;False
692162;L219;1380;13;16;60.0;FABBRICATO;Via Pasquale Galluppi;12;45.0436812;7.661851;Abitazione;Dal 1946 al 1960;Nessuno;Patrimonio indisponibile;Utilizzato direttamente;Altro;;;;1;False
692163;L219;1380;13;17;60.0;FABBRICATO;Via Pasquale Galluppi;12;45.0436812;7.661851;Abitazione;Dal 1946 al 1960;Nessuno;Patrimonio indisponibile;Utilizzato direttamente;Altro;;;;1;False
692164;L219;1380;13;18;52.0;FABBRICATO;Via Pasquale Galluppi;12;45.0436812;7.661851;Abitazione;Dal 1946 al 1960;Nessuno;Patrimonio indisponibile;Utilizzato direttamente;Altro;;;;1;False
692165;L219;1380;13;19;59.0;FABBRICATO;Via Pasquale Galluppi;12;45.0436812;7.661851;Abitazione;Dal 1946 al 1960;Nessuno;Patrimonio indisponibile;Utilizzato direttamente;Altro;;;;1;False
692166;L219;1380;13;2;54.0;FABBRICATO;Via Pasquale Galluppi;12;45.0436812;7.661851;Abitazione;Dal 1946 al 1960;Nessuno;Patrimonio indisponibile;Utilizzato direttamente;Altro;;;;1;False
692167;L219;1380;13;20;59.0;FABBRICATO;Via Pasquale Galluppi;12;45.0436812;7.661851;Abitazione;Dal 1946 al 1960;Nessuno;Patrimonio indisponibile;Utilizzato direttamente;Altro;;;;1;False
692168;L219;1380;13;21;35.0;FABBRICATO;Via Pasquale Galluppi;12;45.0436812;7.661851;Cantina, soffitta, rimessa, box, garage, posto auto aperto/scoperto,;Dal 1946 al 1960;Nessuno;Patrimonio indisponibile;Utilizzato direttamente;Altro;;;;1;False
692169;L219;1380;13;3;59.0;FABBRICATO;Via Pasquale Galluppi;12;45.0436812;7.661851;Abitazione;Dal 1946 al 1960;Nessuno;Patrimonio indisponibile;Utilizzato direttamente;Altro;;;;1;False
692170;L219;1380;13;4;59.0;FABBRICATO;Via Pasquale Galluppi;12;45.0436812;7.661851;Abitazione;Dal 1946 al 1960;Nessuno;Patrimonio indisponibile;Utilizzato direttamente;Altro;;;;1;False
692171;L219;1380;13;5;61.0;FABBRICATO;Via Pasquale Galluppi;12;45.0436812;7.661851;Abitazione;Dal 1946 al 1960;Nessuno;Patrimonio indisponibile;Utilizzato direttamente;Altro;;;;1;False
692172;L219;1380;13;6;53.0;FABBRICATO;Via Pasquale Galluppi;12;45.0436812;7.661851;Abitazione;Dal 1946 al 1960;Nessuno;Patrimonio indisponibile;Utilizzato direttamente;Altro;;;;1;False
692173;L219;1380;13;7;58.0;FABBRICATO;Via Pasquale Galluppi;12;45.0436812;7.661851;Abitazione;Dal 1946 al 1960;Nessuno;Patrimonio indisponibile;Utilizzato direttamente;Altro;;;;1;False
692174;L219;1380;13;8;60.0;FABBRICATO;Via Pasquale Galluppi;12;45.0436812;7.661851;Abitazione;Dal 1946 al 1960;Nessuno;Patrimonio indisponibile;Utilizzato direttamente;Altro;;;;1;False
692175;L219;1380;13;9;60.0;FABBRICATO;Via Pasquale Galluppi;12;45.0436812;7.661851;Abitazione;Dal 1946 al 1960;Nessuno;Patrimonio indisponibile;Utilizzato direttamente;Altro;;;;1;False
692220;L219;1090;79;1;1712.0;FABBRICATO;Strada del Cascinotto;59;45.1061567;7.7330934;Edificio scolastico (es.: scuola di ogni ordine e grado, università, scuola di formazione);Prima del 1919;Nessuno;Demanio;;Non Dichiarato;in concessione a titolo oneroso;8562.0;01/05/2009;1;False
692221;L219;1090;79;2;80.0;FABBRICATO;Strada del Cascinotto;59;45.1061567;7.7330934;Abitazione;Prima del 1919;Nessuno;Demanio;Utilizzato direttamente;Alloggio di servizio, foresterie;;;;1;False
692222;L219;1090;79;3;123.0;FABBRICATO;Strada del Cascinotto;59;45.1061567;7.7330934;Abitazione;Prima del 1919;Nessuno;Demanio;Utilizzato direttamente;Alloggio di servizio, foresterie;;;;1;False
692223;L219;1090;79;4;104.0;FABBRICATO;Strada del Cascinotto;59;45.1061567;7.7330934;Abitazione;Prima del 1919;Nessuno;Demanio;Utilizzato direttamente;Alloggio di servizio, foresterie;;;;1;False
692224;L219;1380;138;1;13.0;FABBRICATO;via spaventa bertrando;16;45.0407681;7.6593902;Cantina, soffitta, rimessa, box, garage, posto auto aperto/scoperto,;Dal 1946 al 1960;Nessuno;Patrimonio indisponibile;Utilizzato direttamente;Altro;;;;1;False
692225;L219;1380;138;10;13.0;FABBRICATO;via spaventa bertrando;16;45.0407681;7.6593902;Cantina, soffitta, rimessa, box, garage, posto auto aperto/scoperto,;Dal 1946 al 1960;Nessuno;Patrimonio indisponibile;Utilizzato direttamente;Altro;;;;1;False
692226;L219;1380;138;11;13.0;FABBRICATO;via spaventa bertrando;16;45.0407681;7.6593902;Cantina, soffitta, rimessa, box, garage, posto auto aperto/scoperto,;Dal 1946 al 1960;Nessuno;Patrimonio indisponibile;Utilizzato direttamente;Altro;;;;1;False
692227;L219;1380;138;12;13.0;FABBRICATO;via spaventa bertrando;16;45.0407681;7.6593902;Cantina, soffitta, rimessa, box, garage, posto auto aperto/scoperto,;Dal 1946 al 1960;Nessuno;Patrimonio indisponibile;Utilizzato direttamente;Altro;;;;1;False
692228;L219;1380;138;13;13.0;FABBRICATO;via spaventa bertrando;16;45.0407681;7.6593902;Cantina, soffitta, rimessa, box, garage, posto auto aperto/scoperto,;Dal 1946 al 1960;Nessuno;Patrimonio indisponibile;Utilizzato direttamente;Altro;;;;1;False
692229;L219;1380;138;14;13.0;FABBRICATO;via spaventa bertrando;16;45.0407681;7.6593902;Cantina, soffitta, rimessa, box, garage, posto auto aperto/scoperto,;Dal 1946 al 1960;Nessuno;Patrimonio indisponibile;Utilizzato direttamente;Altro;;;;1;False
692230;L219;1380;138;15;13.0;FABBRICATO;via spaventa bertrando;16;45.0407681;7.6593902;Cantina, soffitta, rimessa, box, garage, posto auto aperto/scoperto,;Dal 1946 al 1960;Nessuno;Patrimonio indisponibile;Utilizzato direttamente;Altro;;;;1;False
692231;L219;1380;138;2;13.0;FABBRICATO;via spaventa bertrando;16;45.0407681;7.6593902;Cantina, soffitta, rimessa, box, garage, posto auto aperto/scoperto,;Dal 1946 al 1960;Nessuno;Patrimonio indisponibile;Utilizzato direttamente;Altro;;;;1;False
692232;L219;1380;138;3;13.0;FABBRICATO;via spaventa bertrando;16;45.0407681;7.6593902;Cantina, soffitta, rimessa, box, garage, posto auto aperto/scoperto,;Dal 1946 al 1960;Nessuno;Patrimonio indisponibile;Utilizzato direttamente;Altro;;;;1;False
692233;L219;1380;138;4;13.0;FABBRICATO;via spaventa bertrando;16;45.0407681;7.6593902;Cantina, soffitta, rimessa, box, garage, posto auto aperto/scoperto,;Dal 1946 al 1960;Nessuno;Patrimonio indisponibile;Utilizzato direttamente;Altro;;;;1;False
692234;L219;1380;138;5;13.0;FABBRICATO;via spaventa bertrando;16;45.0407681;7.6593902;Cantina, soffitta, rimessa, box, garage, posto auto aperto/scoperto,;Dal 1946 al 1960;Nessuno;Patrimonio indisponibile;Utilizzato direttamente;Altro;;;;1;False
692235;L219;1380;138;6;13.0;FABBRICATO;via spaventa bertrando;16;45.0407681;7.6593902;Cantina, soffitta, rimessa, box, garage, posto auto aperto/scoperto,;Dal 1946 al 1960;Nessuno;Patrimonio indisponibile;Utilizzato direttamente;Altro;;;;1;False
692236;L219;1380;138;7;13.0;FABBRICATO;via spaventa bertrando;16;45.0407681;7.6593902;Cantina, soffitta, rimessa, box, garage, posto auto aperto/scoperto,;Dal 1946 al 1960;Nessuno;Patrimonio indisponibile;Utilizzato direttamente;Altro;;;;1;False
692237;L219;1380;138;8;13.0;FABBRICATO;via spaventa bertrando;16;45.0407681;7.6593902;Cantina, soffitta, rimessa, box, garage, posto auto aperto/scoperto,;Dal 1946 al 1960;Nessuno;Patrimonio indisponibile;Utilizzato direttamente;Altro;;;;1;False
692238;L219;1380;138;9;13.0;FABBRICATO;via spaventa bertrando;16;45.0407681;7.6593902;Cantina, soffitta, rimessa, box, garage, posto auto aperto/scoperto,;Dal 1946 al 1960;Nessuno;Patrimonio indisponibile;Utilizzato direttamente;Altro;;;;1;False
692239;L219;1380;14;1;61.0;FABBRICATO;Via Pasquale Galluppi;12;45.0433464;7.6615317;Abitazione;Dal 1946 al 1960;Nessuno;Patrimonio indisponibile;Utilizzato direttamente;Altro;;;;1;False
692240;L219;1380;14;10;53.0;FABBRICATO;Via Pasquale Galluppi;12;45.0433464;7.6615317;Abitazione;Dal 1946 al 1960;Nessuno;Patrimonio indisponibile;Utilizzato direttamente;Altro;;;;1;False
692241;L219;1380;14;11;60.0;FABBRICATO;Via Pasquale Galluppi;12;45.0433464;7.6615317;Abitazione;Dal 1946 al 1960;Nessuno;Patrimonio indisponibile;Utilizzato direttamente;Altro;;;;1;False
692242;L219;1380;14;12;61.0;FABBRICATO;Via Pasquale Galluppi;12;45.0433464;7.6615317;Abitazione;Dal 1946 al 1960;Nessuno;Patrimonio indisponibile;Utilizzato direttamente;Altro;;;;1;False
692243;L219;1380;14;13;61.0;FABBRICATO;Via Pasquale Galluppi;12;45.0433464;7.6615317;Abitazione;Dal 1946 al 1960;Nessuno;Patrimonio indisponibile;Utilizzato direttamente;Altro;;;;1;False
692244;L219;1380;14;14;53.0;FABBRICATO;Via Pasquale Galluppi;12;45.0433464;7.6615317;Abitazione;Dal 1946 al 1960;Nessuno;Patrimonio indisponibile;Utilizzato direttamente;Altro;;;;1;False
692245;L219;1380;14;15;59.0;FABBRICATO;Via Pasquale Galluppi;12;45.0433464;7.6615317;Abitazione;Dal 1946 al 1960;Nessuno;Patrimonio indisponibile;Utilizzato direttamente;Altro;;;;1;False
692246;L219;1380;14;16;60.0;FABBRICATO;Via Pasquale Galluppi;12;45.0433464;7.6615317;Abitazione;Dal 1946 al 1960;Nessuno;Patrimonio indisponibile;Utilizzato direttamente;Altro;;;;1;False
692247;L219;1380;14;17;59.0;FABBRICATO;Via Pasquale Galluppi;12;45.0433464;7.6615317;Abitazione;Dal 1946 al 1960;Nessuno;Patrimonio indisponibile;Utilizzato direttamente;Altro;;;;1;False
692248;L219;1380;14;18;53.0;FABBRICATO;Via Pasquale Galluppi;12;45.0433464;7.6615317;Abitazione;Dal 1946 al 1960;Nessuno;Patrimonio indisponibile;Utilizzato direttamente;Altro;;;;1;False
692249;L219;1380;14;19;60.0;FABBRICATO;Via Pasquale Galluppi;12;45.0433464;7.6615317;Abitazione;Dal 1946 al 1960;Nessuno;Patrimonio indisponibile;Utilizzato direttamente;Altro;;;;1;False
692250;L219;1380;14;2;53.0;FABBRICATO;Via Pasquale Galluppi;12;45.0433464;7.6615317;Abitazione;Dal 1946 al 1960;Nessuno;Patrimonio indisponibile;Utilizzato direttamente;Altro;;;;1;False
692251;L219;1380;14;20;59.0;FABBRICATO;Via Pasquale Galluppi;12;45.0433464;7.6615317;Abitazione;Dal 1946 al 1960;Nessuno;Patrimonio indisponibile;Utilizzato direttamente;Altro;;;;1;False
692252;L219;1380;14;3;60.0;FABBRICATO;Via Pasquale Galluppi;12;45.0433464;7.6615317;Abitazione;Dal 1946 al 1960;Nessuno;Patrimonio indisponibile;Utilizzato direttamente;Altro;;;;1;False
692253;L219;1380;14;4;58.0;FABBRICATO;Via Pasquale Galluppi;12;45.0433464;7.6615317;Abitazione;Dal 1946 al 1960;Nessuno;Patrimonio indisponibile;Utilizzato direttamente;Altro;;;;1;False
692254;L219;1380;14;5;61.0;FABBRICATO;Via Pasquale Galluppi;12;45.0433464;7.6615317;Abitazione;Dal 1946 al 1960;Nessuno;Patrimonio indisponibile;Utilizzato direttamente;Altro;;;;1;False
692255;L219;1380;14;6;53.0;FABBRICATO;Via Pasquale Galluppi;12;45.0433464;7.6615317;Abitazione;Dal 1946 al 1960;Nessuno;Patrimonio indisponibile;Utilizzato direttamente;Altro;;;;1;False
692256;L219;1380;14;7;59.0;FABBRICATO;Via Pasquale Galluppi;12;45.0433464;7.6615317;Abitazione;Dal 1946 al 1960;Nessuno;Patrimonio indisponibile;Utilizzato direttamente;Altro;;;;1;False
692257;L219;1380;14;8;60.0;FABBRICATO;Via Pasquale Galluppi;12;45.0433464;7.6615317;Abitazione;Dal 1946 al 1960;Nessuno;Patrimonio indisponibile;Utilizzato direttamente;Altro;;;;1;False
692258;L219;1380;14;9;62.0;FABBRICATO;Via Pasquale Galluppi;12;45.0433464;7.6615317;Abitazione;Dal 1946 al 1960;Nessuno;Patrimonio indisponibile;Utilizzato direttamente;Altro;;;;1;False
692277;L219;1380;15;1;61.0;FABBRICATO;Via Pasquale Galluppi;12;45.0435495;7.6621075;Abitazione;Dal 1946 al 1960;Nessuno;Patrimonio indisponibile;Utilizzato direttamente;Altro;;;;1;False
692278;L219;1380;15;10;52.0;FABBRICATO;Via Pasquale Galluppi;12;45.0435495;7.6621075;Abitazione;Dal 1946 al 1960;Nessuno;Patrimonio indisponibile;Utilizzato direttamente;Altro;;;;1;False
692279;L219;1380;15;11;60.0;FABBRICATO;Via Pasquale Galluppi;12;45.0435495;7.6621075;Abitazione;Dal 1946 al 1960;Nessuno;Patrimonio indisponibile;Utilizzato direttamente;Altro;;;;1;False
692280;L219;1380;15;12;60.0;FABBRICATO;Via Pasquale Galluppi;12;45.0435495;7.6621075;Abitazione;Dal 1946 al 1960;Nessuno;Patrimonio indisponibile;Utilizzato direttamente;Altro;;;;1;False
692281;L219;1380;15;123;51.0;FABBRICATO;Via Pasquale Galluppi;12;45.0435495;7.6621075;Abitazione;Dal 1946 al 1960;Nessuno;Patrimonio indisponibile;Utilizzato direttamente;Altro;;;;1;False
692282;L219;1380;15;13;61.0;FABBRICATO;Via Pasquale Galluppi;12;45.0435495;7.6621075;Abitazione;Dal 1946 al 1960;Nessuno;Patrimonio indisponibile;Utilizzato direttamente;Altro;;;;1;False
692283;L219;1380;15;14;52.0;FABBRICATO;Via Pasquale Galluppi;12;45.0435495;7.6621075;Abitazione;Dal 1946 al 1960;Nessuno;Patrimonio indisponibile;Utilizzato direttamente;Altro;;;;1;False
692284;L219;1380;15;15;59.0;FABBRICATO;Via Pasquale Galluppi;12;45.0435495;7.6621075;Abitazione;Dal 1946 al 1960;Nessuno;Patrimonio indisponibile;Utilizzato direttamente;Altro;;;;1;False
692285;L219;1380;15;16;60.0;FABBRICATO;Via Pasquale Galluppi;12;45.0435495;7.6621075;Abitazione;Dal 1946 al 1960;Nessuno;Patrimonio indisponibile;Utilizzato direttamente;Altro;;;;1;False
692286;L219;1380;15;17;60.0;FABBRICATO;Via Pasquale Galluppi;12;45.0435495;7.6621075;Abitazione;Dal 1946 al 1960;Nessuno;Patrimonio indisponibile;Utilizzato direttamente;Altro;;;;1;False
692287;L219;1380;15;18;52.0;FABBRICATO;Via Pasquale Galluppi;12;45.0435495;7.6621075;Abitazione;Dal 1946 al 1960;Nessuno;Patrimonio indisponibile;Utilizzato direttamente;Altro;;;;1;False
692288;L219;1380;15;19;59.0;FABBRICATO;Via Pasquale Galluppi;12;45.0435495;7.6621075;Abitazione;Dal 1946 al 1960;Nessuno;Patrimonio indisponibile;Utilizzato direttamente;Altro;;;;1;False
692289;L219;1380;15;2;53.0;FABBRICATO;Via Pasquale Galluppi;12;45.0435495;7.6621075;Abitazione;Dal 1946 al 1960;Nessuno;Patrimonio indisponibile;;Non Dichiarato;in concessione a titolo oneroso;363.0;01/01/2022;1;False
692290;L219;1380;15;20;60.0;FABBRICATO;Via Pasquale Galluppi;12;45.0435495;7.6621075;Abitazione;Dal 1946 al 1960;Nessuno;Patrimonio indisponibile;Utilizzato direttamente;Altro;;;;1;False
692291;L219;1380;15;21;35.0;FABBRICATO;Via Pasquale Galluppi;12;45.0435495;7.6621075;Cantina, soffitta, rimessa, box, garage, posto auto aperto/scoperto,;Dal 1946 al 1960;Nessuno;Patrimonio indisponibile;Utilizzato direttamente;Altro;;;;1;False
692292;L219;1380;15;3;59.0;FABBRICATO;Via Pasquale Galluppi;12;45.0435495;7.6621075;Abitazione;Dal 1946 al 1960;Nessuno;Patrimonio indisponibile;Utilizzato direttamente;Altro;;;;1;False
692293;L219;1380;15;4;58.0;FABBRICATO;Via Pasquale Galluppi;12;45.0435495;7.6621075;Abitazione;Dal 1946 al 1960;Nessuno;Patrimonio indisponibile;Utilizzato direttamente;Altro;;;;1;False
692294;L219;1380;15;5;60.0;FABBRICATO;Via Pasquale Galluppi;12;45.0435495;7.6621075;Abitazione;Dal 1946 al 1960;Nessuno;Patrimonio indisponibile;Utilizzato direttamente;Altro;;;;1;False
692295;L219;1380;15;7;60.0;FABBRICATO;Via Pasquale Galluppi;12;45.0435495;7.6621075;Abitazione;Dal 1946 al 1960;Nessuno;Patrimonio indisponibile;Utilizzato direttamente;Altro;;;;1;False
692296;L219;1380;15;8;59.0;FABBRICATO;Via Pasquale Galluppi;12;45.0435495;7.6621075;Abitazione;Dal 1946 al 1960;Nessuno;Patrimonio indisponibile;Utilizzato direttamente;Altro;;;;1;False
692297;L219;1380;15;9;61.0;FABBRICATO;Via Pasquale Galluppi;12;45.0435495;7.6621075;Abitazione;Dal 1946 al 1960;Nessuno;Patrimonio indisponibile;Utilizzato direttamente;Altro;;;;1;False
692298;L219;1380;152;1;89.0;FABBRICATO;via spaventa bertrando;16;45.0409751;7.6595393;Abitazione;Dal 1946 al 1960;Nessuno;Patrimonio indisponibile;Utilizzato direttamente;Altro;;;;1;False
692299;L219;1380;152;10;65.0;FABBRICATO;via spaventa bertrando;16;45.0409751;7.6595393;Abitazione;Dal 1946 al 1960;Nessuno;Patrimonio indisponibile;Utilizzato direttamente;Altro;;;;1;False
692300;L219;1380;152;11;92.0;FABBRICATO;via spaventa bertrando;16;45.0409751;7.6595393;Abitazione;Dal 1946 al 1960;Nessuno;Patrimonio indisponibile;Utilizzato direttamente;Altro;;;;1;False
692301;L219;1380;152;12;54.0;FABBRICATO;via spaventa bertrando;16;45.0409751;7.6595393;Abitazione;Dal 1946 al 1960;Nessuno;Patrimonio indisponibile;Utilizzato direttamente;Altro;;;;1;False
692302;L219;1380;152;13;56.0;FABBRICATO;via spaventa bertrando;16;45.0409751;7.6595393;Abitazione;Dal 1946 al 1960;Nessuno;Patrimonio indisponibile;Utilizzato direttamente;Altro;;;;1;False
692303;L219;1380;152;14;110.0;FABBRICATO;via spaventa bertrando;14;45.0409751;7.6595393;Abitazione;Dal 1946 al 1960;Nessuno;Patrimonio indisponibile;Utilizzato direttamente;Altro;;;;1;False
692304;L219;1380;152;15;88.0;FABBRICATO;via spaventa bertrando;14;45.0409751;7.6595393;Abitazione;Dal 1946 al 1960;Nessuno;Patrimonio indisponibile;Utilizzato direttamente;Altro;;;;1;False
692305;L219;1380;152;16;88.0;FABBRICATO;via spaventa bertrando;14;45.0409751;7.6595393;Abitazione;Dal 1946 al 1960;Nessuno;Patrimonio indisponibile;Utilizzato direttamente;Altro;;;;1;False
692306;L219;1380;152;17;89.0;FABBRICATO;via spaventa bertrando;14;45.0409751;7.6595393;Abitazione;Dal 1946 al 1960;Nessuno;Patrimonio indisponibile;Utilizzato direttamente;Altro;;;;1;False
692307;L219;1380;152;18;88.0;FABBRICATO;via spaventa bertrando;14;45.0409751;7.6595393;Abitazione;Dal 1946 al 1960;Nessuno;Patrimonio indisponibile;Utilizzato direttamente;Altro;;;;1;False
692308;L219;1380;152;19;91.0;FABBRICATO;via spaventa bertrando;14;45.0409751;7.6595393;Abitazione;Dal 1946 al 1960;Nessuno;Patrimonio indisponibile;Utilizzato direttamente;Altro;;;;1;False
692309;L219;1380;152;2;64.0;FABBRICATO;via spaventa bertrando;16;45.0409751;7.6595393;Abitazione;Dal 1946 al 1960;Nessuno;Patrimonio indisponibile;Utilizzato direttamente;Altro;;;;1;False
692310;L219;1380;152;20;88.0;FABBRICATO;via spaventa bertrando;14;45.0409751;7.6595393;Abitazione;Dal 1946 al 1960;Nessuno;Patrimonio indisponibile;Utilizzato direttamente;Altro;;;;1;False
692311;L219;1380;152;21;88.0;FABBRICATO;via spaventa bertrando;14;45.0409751;7.6595393;Abitazione;Dal 1946 al 1960;Nessuno;Patrimonio indisponibile;Utilizzato direttamente;Altro;;;;1;False
692312;L219;1380;152;22;90.0;FABBRICATO;via spaventa bertrando;14;45.0409751;7.6595393;Abitazione;Dal 1946 al 1960;Nessuno;Patrimonio indisponibile;Utilizzato direttamente;Altro;;;;1;False
692313;L219;1380;152;23;86.0;FABBRICATO;via spaventa bertrando;14;45.0409751;7.6595393;Abitazione;Dal 1946 al 1960;Nessuno;Patrimonio indisponibile;Utilizzato direttamente;Altro;;;;1;False
692314;L219;1380;152;24;85.0;FABBRICATO;via spaventa bertrando;14;45.0409751;7.6595393;Abitazione;Dal 1946 al 1960;Nessuno;Patrimonio indisponibile;Utilizzato direttamente;Altro;;;;1;False
692315;L219;1380;152;25;65.0;FABBRICATO;via spaventa bertrando;14;45.0409751;7.6595393;Abitazione;Dal 1946 al 1960;Nessuno;Patrimonio indisponibile;Utilizzato direttamente;Altro;;;;1;False
692316;L219;1380;152;26;53.0;FABBRICATO;via spaventa bertrando;14;45.0409751;7.6595393;Abitazione;Dal 1946 al 1960;Nessuno;Patrimonio indisponibile;Utilizzato direttamente;Altro;;;;1;False
692317;L219;1380;152;27;55.0;FABBRICATO;via spaventa bertrando;14;45.0409751;7.6595393;Abitazione;Dal 1946 al 1960;Nessuno;Patrimonio indisponibile;Utilizzato direttamente;Altro;;;;1;False
692318;L219;1380;152;28;119.0;FABBRICATO;via spaventa bertrando;14;45.0409751;7.6595393;Abitazione;Dal 1946 al 1960;Nessuno;Patrimonio indisponibile;Utilizzato direttamente;Altro;;;;1;False
692319;L219;1380;152;29;82.0;FABBRICATO;via spaventa bertrando;14;45.0409751;7.6595393;Abitazione;Dal 1946 al 1960;Nessuno;Patrimonio indisponibile;Utilizzato direttamente;Altro;;;;1;False
692320;L219;1380;152;3;94.0;FABBRICATO;via spaventa bertrando;16;45.0409751;7.6595393;Abitazione;Dal 1946 al 1960;Nessuno;Patrimonio indisponibile;Utilizzato direttamente;Altro;;;;1;False
692321;L219;1380;152;30;94.0;FABBRICATO;via spaventa bertrando;14;45.0409751;7.6595393;Abitazione;Dal 1946 al 1960;Nessuno;Patrimonio indisponibile;Utilizzato direttamente;Altro;;;;1;False
692322;L219;1380;152;31;81.0;FABBRICATO;via spaventa bertrando;14;45.0409751;7.6595393;Abitazione;Dal 1946 al 1960;Nessuno;Patrimonio indisponibile;Utilizzato direttamente;Altro;;;;1;False
692323;L219;1380;152;32;91.0;FABBRICATO;via spaventa bertrando;14;45.0409751;7.6595393;Abitazione;Dal 1946 al 1960;Nessuno;Patrimonio indisponibile;Utilizzato direttamente;Altro;;;;1;False
692324;L219;1380;152;35;82.0;FABBRICATO;via spaventa bertrando;14;45.0409751;7.6595393;Abitazione;Dal 1946 al 1960;Nessuno;Patrimonio indisponibile;Utilizzato direttamente;Altro;;;;1;False
692325;L219;1380;152;36;92.0;FABBRICATO;via spaventa bertrando;14;45.0409751;7.6595393;Abitazione;Dal 1946 al 1960;Nessuno;Patrimonio indisponibile;Utilizzato direttamente;Altro;;;;1;False
692326;L219;1380;152;37;79.0;FABBRICATO;via spaventa bertrando;14;45.0409751;7.6595393;Abitazione;Dal 1946 al 1960;Nessuno;Patrimonio indisponibile;Utilizzato direttamente;Altro;;;;1;False
692327;L219;1380;152;38;78.0;FABBRICATO;via spaventa bertrando;14;45.0409751;7.6595393;Abitazione;Dal 1946 al 1960;Nessuno;Patrimonio indisponibile;Utilizzato direttamente;Altro;;;;1;False
692328;L219;1380;152;39;67.0;FABBRICATO;via spaventa bertrando;14;45.0409751;7.6595393;Abitazione;Dal 1946 al 1960;Nessuno;Patrimonio indisponibile;Utilizzato direttamente;Altro;;;;1;False
692329;L219;1380;152;4;65.0;FABBRICATO;via spaventa bertrando;16;45.0409751;7.6595393;Abitazione;Dal 1946 al 1960;Nessuno;Patrimonio indisponibile;Utilizzato direttamente;Altro;;;;1;False
692330;L219;1380;152;40;60.0;FABBRICATO;via spaventa bertrando;14;45.0409751;7.6595393;Abitazione;Dal 1946 al 1960;Nessuno;Patrimonio indisponibile;Utilizzato direttamente;Altro;;;;1;False
692331;L219;1380;152;41;147.0;FABBRICATO;via spaventa bertrando;14;45.0409751;7.6595393;Abitazione;Dal 1946 al 1960;Nessuno;Patrimonio indisponibile;Utilizzato direttamente;Altro;;;;1;False
692332;L219;1380;152;5;94.0;FABBRICATO;via spaventa bertrando;16;45.0409751;7.6595393;Abitazione;Dal 1946 al 1960;Nessuno;Patrimonio indisponibile;Utilizzato direttamente;Altro;;;;1;False
692333;L219;1380;152;6;64.0;FABBRICATO;via spaventa bertrando;16;45.0409751;7.6595393;Abitazione;Dal 1946 al 1960;Nessuno;Patrimonio indisponibile;Utilizzato direttamente;Altro;;;;1;False
692334;L219;1380;152;7;92.0;FABBRICATO;via spaventa bertrando;16;45.0409751;7.6595393;Abitazione;Dal 1946 al 1960;Nessuno;Patrimonio indisponibile;Utilizzato direttamente;Altro;;;;1;False
692335;L219;1380;152;8;66.0;FABBRICATO;via spaventa bertrando;16;45.0409751;7.6595393;Abitazione;Dal 1946 al 1960;Nessuno;Patrimonio indisponibile;Utilizzato direttamente;Altro;;;;1;False
692336;L219;1380;152;9;94.0;FABBRICATO;via spaventa bertrando;16;45.0409751;7.6595393;Abitazione;Dal 1946 al 1960;Nessuno;Patrimonio indisponibile;Utilizzato direttamente;Altro;;;;1;False
692337;L219;1380;16;1;63.0;FABBRICATO;Via Pasquale Galluppi;12;45.0432271;7.6617684;Abitazione;Dal 1946 al 1960;Nessuno;Patrimonio indisponibile;Utilizzato direttamente;Altro;;;;1;False
692338;L219;1380;16;10;53.0;FABBRICATO;Via Pasquale Galluppi;12;45.0432271;7.6617684;Abitazione;Dal 1946 al 1960;Nessuno;Patrimonio indisponibile;Utilizzato direttamente;Altro;;;;1;False
692339;L219;1380;16;11;59.0;FABBRICATO;Via Pasquale Galluppi;12;45.0432271;7.6617684;Abitazione;Dal 1946 al 1960;Nessuno;Patrimonio indisponibile;Utilizzato direttamente;Altro;;;;1;False
692340;L219;1380;16;13;61.0;FABBRICATO;Via Pasquale Galluppi;12;45.0432271;7.6617684;Abitazione;Dal 1946 al 1960;Nessuno;Patrimonio indisponibile;Utilizzato direttamente;Altro;;;;1;False
692341;L219;1380;16;14;53.0;FABBRICATO;Via Pasquale Galluppi;12;45.0432271;7.6617684;Abitazione;Dal 1946 al 1960;Nessuno;Patrimonio indisponibile;Utilizzato direttamente;Altro;;;;1;False
692342;L219;1380;16;15;59.0;FABBRICATO;Via Pasquale Galluppi;12;45.0432271;7.6617684;Abitazione;Dal 1946 al 1960;Nessuno;Patrimonio indisponibile;Utilizzato direttamente;Altro;;;;1;False
692343;L219;1380;16;16;60.0;FABBRICATO;Via Pasquale Galluppi;12;45.0432271;7.6617684;Abitazione;Dal 1946 al 1960;Nessuno;Patrimonio indisponibile;Utilizzato direttamente;Altro;;;;1;False
692344;L219;1380;16;17;60.0;FABBRICATO;Via Pasquale Galluppi;12;45.0432271;7.6617684;Abitazione;Dal 1946 al 1960;Nessuno;Patrimonio indisponibile;Utilizzato direttamente;Altro;;;;1;False
692345;L219;1380;16;18;52.0;FABBRICATO;Via Pasquale Galluppi;12;45.0432271;7.6617684;Abitazione;Dal 1946 al 1960;Nessuno;Patrimonio indisponibile;Utilizzato direttamente;Altro;;;;1;False
692346;L219;1380;16;19;60.0;FABBRICATO;Via Pasquale Galluppi;12;45.0432271;7.6617684;Abitazione;Dal 1946 al 1960;Nessuno;Patrimonio indisponibile;Utilizzato direttamente;Altro;;;;1;False
692347;L219;1380;16;2;52.0;FABBRICATO;Via Pasquale Galluppi;12;45.0432271;7.6617684;Abitazione;Dal 1946 al 1960;Nessuno;Patrimonio indisponibile;Utilizzato direttamente;Altro;;;;1;False
692348;L219;1380;16;20;58.0;FABBRICATO;Via Pasquale Galluppi;12;45.0432271;7.6617684;Abitazione;Dal 1946 al 1960;Nessuno;Patrimonio indisponibile;Utilizzato direttamente;Altro;;;;1;False
692349;L219;1380;16;3;59.0;FABBRICATO;Via Pasquale Galluppi;12;45.0432271;7.6617684;Abitazione;Dal 1946 al 1960;Nessuno;Patrimonio indisponibile;Utilizzato direttamente;Altro;;;;1;False
692350;L219;1380;16;4;60.0;FABBRICATO;Via Pasquale Galluppi;12;45.0432271;7.6617684;Abitazione;Dal 1946 al 1960;Nessuno;Patrimonio indisponibile;Utilizzato direttamente;Altro;;;;1;False
692351;L219;1380;16;5;61.0;FABBRICATO;Via Pasquale Galluppi;12;45.0432271;7.6617684;Abitazione;Dal 1946 al 1960;Nessuno;Patrimonio indisponibile;Utilizzato direttamente;Altro;;;;1;False
692352;L219;1380;16;6;54.0;FABBRICATO;Via Pasquale Galluppi;12;45.0432271;7.6617684;Abitazione;Dal 1946 al 1960;Nessuno;Patrimonio indisponibile;Utilizzato direttamente;Altro;;;;1;False
692353;L219;1380;16;7;59.0;FABBRICATO;Via Pasquale Galluppi;12;45.0432271;7.6617684;Abitazione;Dal 1946 al 1960;Nessuno;Patrimonio indisponibile;Utilizzato direttamente;Altro;;;;1;False
692354;L219;1380;16;9;60.0;FABBRICATO;Via Pasquale Galluppi;12;45.0432271;7.6617684;Abitazione;Dal 1946 al 1960;Nessuno;Patrimonio indisponibile;Utilizzato direttamente;Altro;;;;1;False
692355;L219;1093;430;39;63.0;FABBRICATO;Strada Comunale di Bertolla;169;45.100496;7.7487879;Abitazione;Dal 2001 al 2010;Nessuno;Patrimonio indisponibile;Utilizzato direttamente;Altro;;;;1;False
692357;L219;1094;140;3;66.0;FABBRICATO;Strada Comunale di Bertolla;50;45.0995577;7.7433851;Abitazione;Dal 1946 al 1960;Nessuno;Patrimonio indisponibile;Utilizzato direttamente;Alloggio di servizio, foresterie;;;;1;False
692360;L219;1094;154;1;50.0;FABBRICATO;Strada Comunale di Bertolla;111;45.1003183;7.746126;Magazzino e locali di deposito;Prima del 1919;Nessuno;Patrimonio indisponibile;Utilizzato direttamente;Altro;;;;1;False
692361;L219;1094;154;2;50.0;FABBRICATO;Strada Comunale di Bertolla;111;45.1003183;7.746126;Magazzino e locali di deposito;Prima del 1919;Nessuno;Patrimonio indisponibile;Utilizzato direttamente;Altro;;;;1;False
692362;L219;1094;154;3;50.0;FABBRICATO;Strada Comunale di Bertolla;111;45.1003183;7.746126;Abitazione;Prima del 1919;Nessuno;Patrimonio indisponibile;Utilizzato direttamente;Altro;;;;1;False
692363;L219;1094;154;4;59.0;FABBRICATO;Strada Comunale di Bertolla;111;45.1003183;7.746126;Abitazione;Prima del 1919;Nessuno;Patrimonio indisponibile;Utilizzato direttamente;Altro;;;;1;False
692364;L219;1380;17;8;91.0;FABBRICATO;via galluppi pasquale;30;45.0434593;7.6623856;Abitazione;Dal 1946 al 1960;Nessuno;Patrimonio indisponibile;Utilizzato direttamente;Altro;;;;1;False
692365;L219;1380;18;58;67.0;FABBRICATO;Via Giordano Bruno;54;45.0433;7.6627024;Abitazione;Dal 1946 al 1960;Nessuno;Patrimonio indisponibile;Utilizzato direttamente;Altro;;;;1;False
692366;L219;1380;18;7;61.0;FABBRICATO;via galluppi pasquale;52;45.0433;7.6627024;Abitazione;Dal 1946 al 1960;Nessuno;Patrimonio indisponibile;Utilizzato direttamente;Altro;;;;1;False
692367;L219;1380;3;19;57.0;FABBRICATO;Via Tunisi;3;45.0443611;7.6607233;Abitazione;Dal 1946 al 1960;Nessuno;Patrimonio indisponibile;Utilizzato direttamente;Altro;;;;1;False
692368;L219;1380;3;2;76.0;FABBRICATO;via tunisi;1;45.0443611;7.6607233;Abitazione;Dal 1946 al 1960;Nessuno;Patrimonio indisponibile;Utilizzato direttamente;Altro;;;;1;False
692369;L219;1380;3;20;57.0;FABBRICATO;Via Tunisi;3;45.0443611;7.6607233;Abitazione;Dal 1946 al 1960;Nessuno;Patrimonio indisponibile;Utilizzato direttamente;Altro;;;;1;False
692370;L219;1380;3;21;55.0;FABBRICATO;Via Tunisi;3;45.0443611;7.6607233;Abitazione;Dal 1946 al 1960;Nessuno;Patrimonio indisponibile;Utilizzato direttamente;Altro;;;;1;False
692371;L219;1380;3;22;74.0;FABBRICATO;Via Tunisi;3;45.0443611;7.6607233;Abitazione;Dal 1946 al 1960;Nessuno;Patrimonio indisponibile;Utilizzato direttamente;Altro;;;;1;False
692372;L219;1380;3;23;71.0;FABBRICATO;Via Tunisi;3;45.0443611;7.6607233;Abitazione;Dal 1946 al 1960;Nessuno;Patrimonio indisponibile;Utilizzato direttamente;Altro;;;;1;False
692373;L219;1380;3;24;56.0;FABBRICATO;Via Tunisi;3;45.0443611;7.6607233;Abitazione;Dal 1946 al 1960;Nessuno;Patrimonio indisponibile;Utilizzato direttamente;Altro;;;;1;False
692374;L219;1380;3;28;56.0;FABBRICATO;Via Tunisi;3;45.0443611;7.6607233;Abitazione;Dal 1946 al 1960;Nessuno;Patrimonio indisponibile;Utilizzato direttamente;Altro;;;;1;False
692375;L219;1380;3;33;62.0;FABBRICATO;Via Tunisi;5;45.0443611;7.6607233;Abitazione;Dal 1946 al 1960;Nessuno;Patrimonio indisponibile;Utilizzato direttamente;Altro;;;;1;False
692376;L219;1380;3;34;75.0;FABBRICATO;Via Tunisi;5;45.0443611;7.6607233;Abitazione;Dal 1946 al 1960;Nessuno;Patrimonio indisponibile;Utilizzato direttamente;Altro;;;;1;False
692377;L219;1380;3;36;94.0;FABBRICATO;Via Tunisi;5;45.0443611;7.6607233;Abitazione;Dal 1946 al 1960;Nessuno;Patrimonio indisponibile;Utilizzato direttamente;Altro;;;;1;False
692378;L219;1380;3;37;78.0;FABBRICATO;Via Tunisi;5;45.0443611;7.6607233;Abitazione;Dal 1946 al 1960;Nessuno;Patrimonio indisponibile;Utilizzato direttamente;Altro;;;;1;False
692379;L219;1380;3;38;75.0;FABBRICATO;Via Tunisi;5;45.0443611;7.6607233;Abitazione;Dal 1946 al 1960;Nessuno;Patrimonio indisponibile;Utilizzato direttamente;Altro;;;;1;False
692380;L219;1380;3;39;74.0;FABBRICATO;Via Tunisi;5;45.0443611;7.6607233;Abitazione;Dal 1946 al 1960;Nessuno;Patrimonio indisponibile;Utilizzato direttamente;Altro;;;;1;False
692381;L219;1380;3;40;90.0;FABBRICATO;Via Tunisi;5;45.0443611;7.6607233;Abitazione;Dal 1946 al 1960;Nessuno;Patrimonio indisponibile;Utilizzato direttamente;Altro;;;;1;False
692383;L219;1380;3;5;77.0;FABBRICATO;via tunisi;1;45.0443611;7.6607233;Abitazione;Dal 1946 al 1960;Nessuno;Patrimonio indisponibile;Utilizzato direttamente;Altro;;;;1;False
692384;L219;1380;3;6;93.0;FABBRICATO;via tunisi;1;45.0443611;7.6607233;Abitazione;Dal 1946 al 1960;Nessuno;Patrimonio indisponibile;Utilizzato direttamente;Altro;;;;1;False
692385;L219;1380;3;7;76.0;FABBRICATO;via tunisi;1;45.0443611;7.6607233;Abitazione;Dal 1946 al 1960;Nessuno;Patrimonio indisponibile;Utilizzato direttamente;Altro;;;;1;False
692386;L219;1380;3;8;73.0;FABBRICATO;via tunisi;1;45.0443611;7.6607233;Abitazione;Dal 1946 al 1960;Nessuno;Patrimonio indisponibile;Utilizzato direttamente;Altro;;;;1;False
692387;L219;1380;7;1;85.0;FABBRICATO;Via Pasquale Galluppi;12;45.0442055;7.6613466;Abitazione;Dal 1946 al 1960;Nessuno;Patrimonio indisponibile;Utilizzato direttamente;Altro;;;;1;False
692388;L219;1380;7;2;16.0;FABBRICATO;Via Pasquale Galluppi;12;45.0442055;7.6613466;Cantina, soffitta, rimessa, box, garage, posto auto aperto/scoperto,;Dal 1946 al 1960;Nessuno;Patrimonio indisponibile;Utilizzato direttamente;Altro;;;;1;False
692389;L219;1380;8;1;59.0;FABBRICATO;Via Pasquale Galluppi;12;45.0440044;7.6613257;Abitazione;Dal 1946 al 1960;Nessuno;Patrimonio indisponibile;Utilizzato direttamente;Altro;;;;1;False
692390;L219;1380;8;10;52.0;FABBRICATO;Via Pasquale Galluppi;12;45.0440044;7.6613257;Abitazione;Dal 1946 al 1960;Nessuno;Patrimonio indisponibile;Utilizzato direttamente;Altro;;;;1;False
692391;L219;1380;8;11;61.0;FABBRICATO;Via Pasquale Galluppi;12;45.0440044;7.6613257;Abitazione;Dal 1946 al 1960;Nessuno;Patrimonio indisponibile;Utilizzato direttamente;Altro;;;;1;False
692392;L219;1380;8;12;60.0;FABBRICATO;Via Pasquale Galluppi;12;45.0440044;7.6613257;Abitazione;Dal 1946 al 1960;Nessuno;Patrimonio indisponibile;Utilizzato direttamente;Altro;;;;1;False
692393;L219;1380;8;13;61.0;FABBRICATO;Via Pasquale Galluppi;12;45.0440044;7.6613257;Abitazione;Dal 1946 al 1960;Nessuno;Patrimonio indisponibile;Utilizzato direttamente;Altro;;;;1;False
692394;L219;1380;8;14;53.0;FABBRICATO;Via Pasquale Galluppi;12;45.0440044;7.6613257;Abitazione;Dal 1946 al 1960;Nessuno;Patrimonio indisponibile;Utilizzato direttamente;Altro;;;;1;False
692395;L219;1380;8;15;58.0;FABBRICATO;Via Pasquale Galluppi;12;45.0440044;7.6613257;Abitazione;Dal 1946 al 1960;Nessuno;Patrimonio indisponibile;Utilizzato direttamente;Altro;;;;1;False
692396;L219;1380;8;16;59.0;FABBRICATO;Via Pasquale Galluppi;12;45.0440044;7.6613257;Abitazione;Dal 1946 al 1960;Nessuno;Patrimonio indisponibile;Utilizzato direttamente;Altro;;;;1;False
692397;L219;1380;8;17;60.0;FABBRICATO;Via Pasquale Galluppi;12;45.0440044;7.6613257;Abitazione;Dal 1946 al 1960;Nessuno;Patrimonio indisponibile;Utilizzato direttamente;Altro;;;;1;False
692398;L219;1380;8;18;52.0;FABBRICATO;Via Pasquale Galluppi;12;45.0440044;7.6613257;Abitazione;Dal 1946 al 1960;Nessuno;Patrimonio indisponibile;Utilizzato direttamente;Altro;;;;1;False
692399;L219;1380;8;19;60.0;FABBRICATO;Via Pasquale Galluppi;12;45.0440044;7.6613257;Abitazione;Dal 1946 al 1960;Nessuno;Patrimonio indisponibile;Utilizzato direttamente;Altro;;;;1;False
692400;L219;1380;8;2;53.0;FABBRICATO;Via Pasquale Galluppi;12;45.0440044;7.6613257;Abitazione;Dal 1946 al 1960;Nessuno;Patrimonio indisponibile;Utilizzato direttamente;Altro;;;;1;False
692401;L219;1380;8;20;59.0;FABBRICATO;Via Pasquale Galluppi;12;45.0440044;7.6613257;Abitazione;Dal 1946 al 1960;Nessuno;Patrimonio indisponibile;Utilizzato direttamente;Altro;;;;1;False
692402;L219;1380;8;21;35.0;FABBRICATO;Via Pasquale Galluppi;12;45.0440044;7.6613257;Cantina, soffitta, rimessa, box, garage, posto auto aperto/scoperto,;Dal 1946 al 1960;Nessuno;Patrimonio indisponibile;Utilizzato direttamente;Altro;;;;1;False
692403;L219;1380;8;3;58.0;FABBRICATO;Via Pasquale Galluppi;12;45.0440044;7.6613257;Abitazione;Dal 1946 al 1960;Nessuno;Patrimonio indisponibile;Utilizzato direttamente;Altro;;;;1;False
692404;L219;1380;8;4;57.0;FABBRICATO;Via Pasquale Galluppi;12;45.0440044;7.6613257;Abitazione;Dal 1946 al 1960;Nessuno;Patrimonio indisponibile;Utilizzato direttamente;Altro;;;;1;False
692405;L219;1380;8;5;60.0;FABBRICATO;Via Pasquale Galluppi;12;45.0440044;7.6613257;Abitazione;Dal 1946 al 1960;Nessuno;Patrimonio indisponibile;Utilizzato direttamente;Altro;;;;1;False
692406;L219;1380;8;6;52.0;FABBRICATO;Via Pasquale Galluppi;12;45.0440044;7.6613257;Abitazione;Dal 1946 al 1960;Nessuno;Patrimonio indisponibile;Utilizzato direttamente;Altro;;;;1;False
692407;L219;1380;8;7;59.0;FABBRICATO;Via Pasquale Galluppi;12;45.0440044;7.6613257;Abitazione;Dal 1946 al 1960;Nessuno;Patrimonio indisponibile;Utilizzato direttamente;Altro;;;;1;False
692408;L219;1380;8;8;60.0;FABBRICATO;Via Pasquale Galluppi;12;45.0440044;7.6613257;Abitazione;Dal 1946 al 1960;Nessuno;Patrimonio indisponibile;Utilizzato direttamente;Altro;;;;1;False
692409;L219;1380;8;9;61.0;FABBRICATO;Via Pasquale Galluppi;12;45.0440044;7.6613257;Abitazione;Dal 1946 al 1960;Nessuno;Patrimonio indisponibile;Utilizzato direttamente;Altro;;;;1;False
692410;L219;1380;9;1;59.0;FABBRICATO;Via Pasquale Galluppi;12;45.0436054;7.6609314;Abitazione;Dal 1946 al 1960;Nessuno;Patrimonio indisponibile;Utilizzato direttamente;Altro;;;;1;False
692411;L219;1380;9;10;53.0;FABBRICATO;Via Pasquale Galluppi;12;45.0436054;7.6609314;Abitazione;Dal 1946 al 1960;Nessuno;Patrimonio indisponibile;Utilizzato direttamente;Altro;;;;1;False
692412;L219;1380;9;11;58.0;FABBRICATO;Via Pasquale Galluppi;12;45.0436054;7.6609314;Abitazione;Dal 1946 al 1960;Nessuno;Patrimonio indisponibile;Utilizzato direttamente;Altro;;;;1;False
692413;L219;1380;9;12;60.0;FABBRICATO;Via Pasquale Galluppi;12;45.0436054;7.6609314;Abitazione;Dal 1946 al 1960;Nessuno;Patrimonio indisponibile;Utilizzato direttamente;Altro;;;;1;False
692414;L219;1380;9;13;60.0;FABBRICATO;Via Pasquale Galluppi;12;45.0436054;7.6609314;Abitazione;Dal 1946 al 1960;Nessuno;Patrimonio indisponibile;Utilizzato direttamente;Altro;;;;1;False
692415;L219;1380;9;14;52.0;FABBRICATO;Via Pasquale Galluppi;12;45.0436054;7.6609314;Abitazione;Dal 1946 al 1960;Nessuno;Patrimonio indisponibile;Utilizzato direttamente;Altro;;;;1;False
692416;L219;1380;9;15;58.0;FABBRICATO;Via Pasquale Galluppi;12;45.0436054;7.6609314;Abitazione;Dal 1946 al 1960;Nessuno;Patrimonio indisponibile;Utilizzato direttamente;Altro;;;;1;False
692417;L219;1380;9;16;59.0;FABBRICATO;Via Pasquale Galluppi;12;45.0436054;7.6609314;Abitazione;Dal 1946 al 1960;Nessuno;Patrimonio indisponibile;Utilizzato direttamente;Altro;;;;1;False
692418;L219;1380;9;18;52.0;FABBRICATO;Via Pasquale Galluppi;12;45.0436054;7.6609314;Abitazione;Dal 1946 al 1960;Nessuno;Patrimonio indisponibile;Utilizzato direttamente;Altro;;;;1;False
692419;L219;1380;9;2;52.0;FABBRICATO;Via Pasquale Galluppi;12;45.0436054;7.6609314;Abitazione;Dal 1946 al 1960;Nessuno;Patrimonio indisponibile;Utilizzato direttamente;Altro;;;;1;False
692420;L219;1380;9;20;60.0;FABBRICATO;Via Pasquale Galluppi;12;45.0436054;7.6609314;Abitazione;Dal 1946 al 1960;Nessuno;Patrimonio indisponibile;Utilizzato direttamente;Altro;;;;1;False
692421;L219;1380;9;3;58.0;FABBRICATO;Via Pasquale Galluppi;12;45.0436054;7.6609314;Abitazione;Dal 1946 al 1960;Nessuno;Patrimonio indisponibile;Utilizzato direttamente;Altro;;;;1;False
692422;L219;1380;9;30;35.0;FABBRICATO;Via Pasquale Galluppi;12;45.0436054;7.6609314;Cantina, soffitta, rimessa, box, garage, posto auto aperto/scoperto,;Dal 1946 al 1960;Nessuno;Patrimonio indisponibile;Utilizzato direttamente;Altro;;;;1;False
692423;L219;1380;9;4;59.0;FABBRICATO;Via Pasquale Galluppi;12;45.0436054;7.6609314;Abitazione;Dal 1946 al 1960;Nessuno;Patrimonio indisponibile;Utilizzato direttamente;Altro;;;;1;False
692424;L219;1380;9;5;60.0;FABBRICATO;Via Pasquale Galluppi;12;45.0436054;7.6609314;Abitazione;Dal 1946 al 1960;Nessuno;Patrimonio indisponibile;Utilizzato direttamente;Altro;;;;1;False
692425;L219;1380;9;6;53.0;FABBRICATO;Via Pasquale Galluppi;12;45.0436054;7.6609314;Abitazione;Dal 1946 al 1960;Nessuno;Patrimonio indisponibile;Utilizzato direttamente;Altro;;;;1;False
692426;L219;1380;9;8;60.0;FABBRICATO;Via Pasquale Galluppi;12;45.0436054;7.6609314;Abitazione;Dal 1946 al 1960;Nessuno;Patrimonio indisponibile;Utilizzato direttamente;Altro;;;;1;False
692427;L219;1380;9;9;60.0;FABBRICATO;Via Pasquale Galluppi;12;45.0436054;7.6609314;Abitazione;Dal 1946 al 1960;Nessuno;Patrimonio indisponibile;Utilizzato direttamente;Altro;;;;1;False
692428;L219;1383;58;1;545.0;FABBRICATO;corso orbassano;122;45.0479814;7.6479748;Edificio scolastico (es.: scuola di ogni ordine e grado, università, scuola di formazione);Dal 1961 al 1970;Nessuno;Patrimonio indisponibile;Utilizzato direttamente;Attività didattica;;;;1;False
692429;L219;1383;58;2;66.0;FABBRICATO;corso orbassano;122;45.0479814;7.6479748;Abitazione;Dal 1961 al 1970;Nessuno;Patrimonio indisponibile;Utilizzato direttamente;Alloggio di servizio, foresterie;;;;1;False
692430;L219;1384;358;12;48.0;FABBRICATO;Via Emanuel Giovanni;23;45.0464825;7.6446122;Abitazione;Dal 1961 al 1970;Nessuno;Patrimonio indisponibile;Utilizzato direttamente;Altro;;;;1;False
692431;L219;1384;388;1;1511.5;FABBRICATO;via tripoli;78;45.0459959;7.6458711;Edificio scolastico (es.: scuola di ogni ordine e grado, università, scuola di formazione);Prima del 1919;Dichiarazione di interesse culturale;Demanio;Utilizzato direttamente;Attività didattica;;;;1;False
692432;L219;1384;388;2;4028.25;FABBRICATO;via tripoli;78;45.0459959;7.6458711;Edificio scolastico (es.: scuola di ogni ordine e grado, università, scuola di formazione);Prima del 1919;Dichiarazione di interesse culturale;Demanio;Utilizzato direttamente;Attività didattica;;;;1;False
692433;L219;1384;388;3;48.0;FABBRICATO;via tripoli;78;45.0459959;7.6458711;Abitazione;Prima del 1919;Dichiarazione di interesse culturale;Demanio;Utilizzato direttamente;Alloggio di servizio, foresterie;;;;1;False
692434;L219;1384;388;4;56.0;FABBRICATO;via tripoli;78;45.0459959;7.6458711;Abitazione;Prima del 1919;Dichiarazione di interesse culturale;Demanio;Utilizzato direttamente;Alloggio di servizio, foresterie;;;;1;False
692435;L219;1187;122;;772.86;FABBRICATO;via bologna;90;45.0833144;7.6982203;Ufficio strutturato ed assimilabili;Dal 1981 al 1990;Nessuno;Patrimonio indisponibile;Utilizzato direttamente;Servizi assistenza socio-sanitaria (non residenziali);;;;1;False
692436;L219;1385;408;1;2925.0;FABBRICATO;Via Baltimora;76;45.0454104;7.6413454;Edificio scolastico (es.: scuola di ogni ordine e grado, università, scuola di formazione);Dal 1991 al 2000;Nessuno;Patrimonio indisponibile;Utilizzato direttamente;Attività didattica;;;;1;False
692437;L219;1385;408;2;72.0;FABBRICATO;Via Baltimora;74;45.0454104;7.6413454;Abitazione;Dal 1961 al 1970;Nessuno;Patrimonio indisponibile;Utilizzato direttamente;Alloggio di servizio, foresterie;;;;1;False
692439;L219;1385;409;1;1234.0;FABBRICATO;Via Baltimora;64;45.0450108;7.6418495;Edificio scolastico (es.: scuola di ogni ordine e grado, università, scuola di formazione);Dal 1961 al 1970;Nessuno;Patrimonio indisponibile;Utilizzato direttamente;Attività didattica;;;;1;False
692440;L219;1385;409;3;48.0;FABBRICATO;Via Baltimora;64;45.0450108;7.6418495;Abitazione;Dal 1961 al 1970;Nessuno;Patrimonio indisponibile;Utilizzato direttamente;Alloggio di servizio, foresterie;;;;1;False
692441;L219;1385;419;3;385.25;FABBRICATO;corso orbassano;172;45.0443728;7.6417449;Edificio scolastico (es.: scuola di ogni ordine e grado, università, scuola di formazione);Dal 1919 al 1945;Nessuno;Patrimonio indisponibile;Utilizzato direttamente;Servizi assistenza socio-sanitaria (non residenziali);;;;1;False
692442;L219;1386;124;3;6812.5;FABBRICATO;Via Baltimora;110;45.0466108;7.6382384;Edificio scolastico (es.: scuola di ogni ordine e grado, università, scuola di formazione);Dal 1971 al 1980;Nessuno;Patrimonio indisponibile;Utilizzato direttamente;Attività didattica;;;;1;False
692443;L219;1386;124;4;104.0;FABBRICATO;Via Baltimora;110;45.0466108;7.6382384;Abitazione;Dal 1971 al 1980;Nessuno;Patrimonio indisponibile;Utilizzato direttamente;Alloggio di servizio, foresterie;;;;1;False
692444;L219;1097;114;1;2963.5;FABBRICATO;strada s. mauro;24;45.0991129;7.7259321;Edificio scolastico (es.: scuola di ogni ordine e grado, università, scuola di formazione);Dal 1961 al 1970;Nessuno;Patrimonio indisponibile;Utilizzato direttamente;Attività didattica;;;;1;False
692445;L219;1097;114;2;81.0;FABBRICATO;strada s. mauro;24;45.0991129;7.7259321;Abitazione;Dal 1961 al 1970;Nessuno;Patrimonio indisponibile;Utilizzato direttamente;Alloggio di servizio, foresterie;;;;1;False
692446;L219;1188;10;1;32.0;FABBRICATO;VIA TOLLEGNO;SNC;45.0874199;7.7049243;Abitazione;Dal 1919 al 1945;Nessuno;Patrimonio indisponibile;Utilizzato direttamente;Altro;;;;1;False
692447;L219;1188;10;11;67.0;FABBRICATO;Via Borriana;7;45.0874199;7.7049243;Abitazione;Dal 1919 al 1945;Nessuno;Patrimonio indisponibile;Utilizzato direttamente;Altro;;;;1;False
692448;L219;1188;10;13;67.0;FABBRICATO;Via Borriana;7;45.0874199;7.7049243;Abitazione;Dal 1919 al 1945;Nessuno;Patrimonio indisponibile;Utilizzato direttamente;Altro;;;;1;False
692449;L219;1188;10;14;70.0;FABBRICATO;Via Borriana;7;45.0874199;7.7049243;Abitazione;Dal 1919 al 1945;Nessuno;Patrimonio indisponibile;Utilizzato direttamente;Altro;;;;1;False
692450;L219;1188;10;20;71.0;FABBRICATO;Via Borriana;9;45.0874199;7.7049243;Abitazione;Dal 1919 al 1945;Nessuno;Patrimonio indisponibile;Utilizzato direttamente;Altro;;;;1;False
692451;L219;1188;10;21;67.0;FABBRICATO;Via Borriana;9;45.0874199;7.7049243;Abitazione;Dal 1919 al 1945;Nessuno;Patrimonio indisponibile;Utilizzato direttamente;Altro;;;;1;False
692452;L219;1188;10;26;102.0;FABBRICATO;Via Borriana;11;45.0874199;7.7049243;Abitazione;Dal 1919 al 1945;Nessuno;Patrimonio indisponibile;Utilizzato direttamente;Altro;;;;1;False
692453;L219;1188;10;27;68.0;FABBRICATO;Via Borriana;11;45.0874199;7.7049243;Abitazione;Dal 1919 al 1945;Nessuno;Patrimonio indisponibile;Utilizzato direttamente;Altro;;;;1;False
692454;L219;1188;10;28;69.0;FABBRICATO;Via Borriana;11;45.0874199;7.7049243;Abitazione;Dal 1919 al 1945;Nessuno;Patrimonio indisponibile;Utilizzato direttamente;Altro;;;;1;False
692455;L219;1188;10;30;70.0;FABBRICATO;Via Borriana;11;45.0874199;7.7049243;Abitazione;Dal 1919 al 1945;Nessuno;Patrimonio indisponibile;Utilizzato direttamente;Altro;;;;1;False
692456;L219;1188;10;32;68.0;FABBRICATO;Via Borriana;11;45.0874199;7.7049243;Abitazione;Dal 1919 al 1945;Nessuno;Patrimonio indisponibile;Utilizzato direttamente;Altro;;;;1;False
692457;L219;1188;10;33;98.0;FABBRICATO;Via Borriana;11;45.0874199;7.7049243;Abitazione;Dal 1919 al 1945;Nessuno;Patrimonio indisponibile;Utilizzato direttamente;Altro;;;;1;False
692458;L219;1188;10;34;38.0;FABBRICATO;Via Borriana;3;45.0874199;7.7049243;Abitazione;Dal 1919 al 1945;Nessuno;Patrimonio indisponibile;Utilizzato direttamente;Altro;;;;1;False
692459;L219;1188;10;5;67.0;FABBRICATO;Via Borriana;5;45.0874199;7.7049243;Abitazione;Dal 1919 al 1945;Nessuno;Patrimonio indisponibile;Utilizzato direttamente;Altro;;;;1;False
692460;L219;1188;10;9;67.0;FABBRICATO;Via Borriana;5;45.0874199;7.7049243;Abitazione;Dal 1919 al 1945;Nessuno;Patrimonio indisponibile;Utilizzato direttamente;Altro;;;;1;False
692461;L219;1386;71;2;109.0;FABBRICATO;Via Filadelfia;205;45.0439696;7.6378994;Abitazione;Prima del 1919;Dichiarazione di interesse culturale;Demanio;Utilizzato direttamente;Alloggio di servizio, foresterie;;;;1;False
692462;L219;1097;51;1;5788.75;FABBRICATO;Strada di San Mauro;38;45.0994466;7.7267948;Edificio scolastico (es.: scuola di ogni ordine e grado, università, scuola di formazione);Dal 1919 al 1945;Dichiarazione di interesse culturale;Demanio;Utilizzato direttamente;Attività didattica;;;;1;False
692463;L219;1097;51;2;72.0;FABBRICATO;Strada di San Mauro;38;45.0994466;7.7267948;Abitazione;Dal 1919 al 1945;Dichiarazione di interesse culturale;Demanio;Utilizzato direttamente;Alloggio di servizio, foresterie;;;;1;False
692464;L219;1097;51;3;72.0;FABBRICATO;Strada di San Mauro;38;45.0994466;7.7267948;Abitazione;Dal 1919 al 1945;Dichiarazione di interesse culturale;Demanio;Utilizzato direttamente;Alloggio di servizio, foresterie;;;;1;False
692468;L219;1386;77;;144.0;FABBRICATO;corso orbassano;202;45.0425616;7.6386359;Abitazione;Prima del 1919;Dichiarazione di interesse culturale;Demanio;Utilizzato direttamente;Altro;;;;1;False
692472;L219;1188;11;14;69.0;FABBRICATO;Via Bologna;139;45.0870608;7.7049867;Abitazione;Dal 1919 al 1945;Nessuno;Patrimonio indisponibile;Utilizzato direttamente;Altro;;;;1;False
692473;L219;1188;11;15;67.0;FABBRICATO;Via Bologna;139;45.0870608;7.7049867;Abitazione;Dal 1919 al 1945;Nessuno;Patrimonio indisponibile;Utilizzato direttamente;Altro;;;;1;False
692474;L219;1188;11;17;66.0;FABBRICATO;Via Bologna;139;45.0870608;7.7049867;Abitazione;Dal 1919 al 1945;Nessuno;Patrimonio indisponibile;Utilizzato direttamente;Altro;;;;1;False
692475;L219;1188;11;19;67.0;FABBRICATO;Via Bologna;139;45.0870608;7.7049867;Abitazione;Dal 1919 al 1945;Nessuno;Patrimonio indisponibile;Utilizzato direttamente;Altro;;;;1;False
692476;L219;1188;11;24;71.0;FABBRICATO;Via Bologna;141;45.0870608;7.7049867;Abitazione;Dal 1919 al 1945;Nessuno;Patrimonio indisponibile;Utilizzato direttamente;Altro;;;;1;False
692477;L219;1188;11;25;95.0;FABBRICATO;Via Bologna;141;45.0870608;7.7049867;Abitazione;Dal 1919 al 1945;Nessuno;Patrimonio indisponibile;Utilizzato direttamente;Altro;;;;1;False
692478;L219;1188;11;28;64.0;FABBRICATO;Via Bologna;141;45.0870608;7.7049867;Locale commerciale, negozio;Dal 1919 al 1945;Nessuno;Patrimonio indisponibile;Utilizzato direttamente;Attività commerciale e di ristorazione;;;;1;False
692479;L219;1188;11;29;63.0;FABBRICATO;via bologna;137;45.0870608;7.7049867;Locale commerciale, negozio;Dal 1919 al 1945;Nessuno;Patrimonio indisponibile;Utilizzato direttamente;Attività commerciale e di ristorazione;;;;1;False
692480;L219;1188;11;31;36.0;FABBRICATO;Via Borriana;1;45.0870608;7.7049867;Abitazione;Dal 1919 al 1945;Nessuno;Patrimonio indisponibile;Utilizzato direttamente;Altro;;;;1;False
692482;L219;1387;12;1;2120.0;FABBRICATO;Via Baltimora;173;45.0476182;7.6314767;Edificio scolastico (es.: scuola di ogni ordine e grado, università, scuola di formazione);Dal 1961 al 1970;Nessuno;Patrimonio indisponibile;Utilizzato direttamente;Attività didattica;;;;1;False
692483;L219;1387;12;2;64.0;FABBRICATO;Via Baltimora;171;45.0476182;7.6314767;Abitazione;Dal 1961 al 1970;Nessuno;Patrimonio indisponibile;Utilizzato direttamente;Alloggio di servizio, foresterie;;;;1;False
692484;L219;1387;12;3;4128.5;FABBRICATO;Via Baltimora;171;45.0476182;7.6314767;Edificio scolastico (es.: scuola di ogni ordine e grado, università, scuola di formazione);Dal 1961 al 1970;Nessuno;Patrimonio indisponibile;Utilizzato direttamente;Attività didattica;;;;1;False
692485;L219;1098;107;2;174.0;FABBRICATO;Via Vittorio Avondo;20;45.0952354;7.7192466;Abitazione;Dal 1919 al 1945;Nessuno;Patrimonio indisponibile;Utilizzato direttamente;Altro;;;;1;False
692486;L219;1098;107;3;157.0;FABBRICATO;Via Vittorio Avondo;20;45.0952354;7.7192466;Abitazione;Dal 1919 al 1945;Nessuno;Patrimonio indisponibile;Utilizzato direttamente;Altro;;;;1;False
692487;L219;1098;107;4;5.0;FABBRICATO;Via Vittorio Avondo;20;45.0952354;7.7192466;Cantina, soffitta, rimessa, box, garage, posto auto aperto/scoperto,;Dal 1919 al 1945;Nessuno;Patrimonio indisponibile;Utilizzato direttamente;Altro;;;;1;False
692488;L219;1387;127;4;2571.43;FABBRICATO;Via Filadelfia;242;45.0468503;7.6333844;Ufficio strutturato ed assimilabili;Dal 1971 al 1980;Nessuno;Patrimonio indisponibile;Utilizzato direttamente;Altro;;;;1;False
692489;L219;1387;127;5;317.0;FABBRICATO;Via Filadelfia;242;45.0468503;7.6333844;Impianto sportivo;Dal 1971 al 1980;Nessuno;Patrimonio indisponibile;Utilizzato direttamente;Altro;;;;1;False
692490;L219;1387;127;8;217.0;FABBRICATO;Via Filadelfia;242;45.0468503;7.6333844;Impianto sportivo;Dal 2001 al 2010;Nessuno;Patrimonio indisponibile;Utilizzato direttamente;Attività sportiva, ricreativa e di intrattenimento;;;;1;False
692491;L219;1387;35;139;112.0;FABBRICATO;via castelgomberto;75;45.0457616;7.6323173;Abitazione;Dal 1971 al 1980;Nessuno;Patrimonio indisponibile;;Non Dichiarato;in locazione;2626.0;01/04/2019;1;False
692493;L219;1387;35;173;931.5;FABBRICATO;via castelgomberto;75;45.0457616;7.6323173;Edificio scolastico (es.: scuola di ogni ordine e grado, università, scuola di formazione);Dal 1971 al 1980;Nessuno;Patrimonio indisponibile;Utilizzato direttamente;Attività amministrativa/uffici pubblici;;;;1;False
692495;L219;1188;12;2;86.0;FABBRICATO;via paganini nicolo';30;45.0868331;7.7043872;Abitazione;Prima del 1919;Nessuno;Patrimonio indisponibile;Non utilizzato;Non Dichiarato;;;;1;False
692496;L219;1388;277;2;32.0;FABBRICATO;via reni guido;114;45.048336;7.6281736;Abitazione;Prima del 1919;Nessuno;Patrimonio indisponibile;Utilizzato direttamente;Attività amministrativa/uffici pubblici;;;;1;False
692497;L219;1388;277;3;48.0;FABBRICATO;via reni guido;114;45.048336;7.6281736;Abitazione;Prima del 1919;Nessuno;Patrimonio indisponibile;Utilizzato direttamente;Attività amministrativa/uffici pubblici;;;;1;False
692498;L219;1388;283;1;36.0;FABBRICATO;via reni guido;180;45.0484786;7.6288336;Abitazione;Prima del 1919;Nessuno;Patrimonio indisponibile;Utilizzato direttamente;Attività amministrativa/uffici pubblici;;;;1;False
692499;L219;1388;283;2;84.0;FABBRICATO;via reni guido;180;45.0484786;7.6288336;Abitazione;Prima del 1919;Nessuno;Patrimonio indisponibile;Utilizzato direttamente;Attività amministrativa/uffici pubblici;;;;1;False
692500;L219;1388;283;3;52.0;FABBRICATO;via reni guido;180;45.0484786;7.6288336;Abitazione;Prima del 1919;Nessuno;Patrimonio indisponibile;Utilizzato direttamente;Attività amministrativa/uffici pubblici;;;;1;False
692501;L219;1388;283;4;37.0;FABBRICATO;via reni guido;180;45.0484786;7.6288336;Abitazione;Prima del 1919;Nessuno;Patrimonio indisponibile;Utilizzato direttamente;Attività amministrativa/uffici pubblici;;;;1;False
692502;L219;1388;283;5;83.0;FABBRICATO;via reni guido;180;45.0484786;7.6288336;Abitazione;Prima del 1919;Nessuno;Patrimonio indisponibile;Utilizzato direttamente;Alloggio di servizio, foresterie;;;;1;False
692504;L219;1102;66;3;83.0;FABBRICATO;via mercadante saverio;133;45.09868237;7.70233933;Abitazione;Dal 1971 al 1980;Nessuno;Patrimonio indisponibile;Utilizzato direttamente;Alloggio di servizio, foresterie;;;;1;False
692505;L219;1102;66;4;15.0;FABBRICATO;via mercadante saverio;133;45.09868237;7.70233933;Cantina, soffitta, rimessa, box, garage, posto auto aperto/scoperto,;Dal 1971 al 1980;Nessuno;Patrimonio indisponibile;Utilizzato direttamente;Attività sportiva, ricreativa e di intrattenimento;;;;1;False
692506;L219;1102;76;1;7120.75;FABBRICATO;via monte rosa;165;45.10039214;7.70107459;Edificio scolastico (es.: scuola di ogni ordine e grado, università, scuola di formazione);Dal 1971 al 1980;Nessuno;Patrimonio indisponibile;Utilizzato direttamente;Attività didattica;;;;1;False
692507;L219;1102;76;2;114.0;FABBRICATO;Via Monte Rosa;163;45.10039214;7.70107459;Abitazione;Dal 1971 al 1980;Nessuno;Patrimonio indisponibile;Utilizzato direttamente;Alloggio di servizio, foresterie;;;;1;False
692508;L219;1103;16;1;5788.0;FABBRICATO;via porta carlo;6;45.1044741;7.7010147;Edificio scolastico (es.: scuola di ogni ordine e grado, università, scuola di formazione);Dal 1971 al 1980;Nessuno;Patrimonio indisponibile;Utilizzato direttamente;Attività didattica;;;;1;False
692509;L219;1103;16;2;103.0;FABBRICATO;via porta carlo;6;45.1044741;7.7010147;Abitazione;Dal 1971 al 1980;Nessuno;Patrimonio indisponibile;Utilizzato direttamente;Alloggio di servizio, foresterie;;;;1;False
692510;L219;1103;304;2;132.2;FABBRICATO;Via Carlo Porta;23;45.1043913;7.6988761;Ospedali, case di cura, cliniche e assimilabili;Dal 1981 al 1990;Nessuno;Patrimonio indisponibile;Utilizzato direttamente;Attività didattica;;;;1;False
692511;L219;1103;304;3;5105.5;FABBRICATO;Via Tommaso Vallauri;24;45.1043913;7.6988761;Edificio scolastico (es.: scuola di ogni ordine e grado, università, scuola di formazione);Dal 1981 al 1990;Nessuno;Patrimonio indisponibile;Utilizzato direttamente;Attività didattica;;;;1;False
692512;L219;1188;62;6;125.0;FABBRICATO;via bologna;153;45.088011;7.7062151;Magazzino e locali di deposito;Dal 1971 al 1980;Nessuno;Patrimonio indisponibile;Utilizzato direttamente;Attività amministrativa/uffici pubblici;;;;1;False
692513;L219;1188;62;7;112.0;FABBRICATO;via bologna;153;45.088011;7.7062151;Locale commerciale, negozio;Dal 1971 al 1980;Nessuno;Patrimonio indisponibile;Utilizzato direttamente;Attività amministrativa/uffici pubblici;;;;1;False
692515;L219;1188;62;9;1160.75;FABBRICATO;via bologna;153;45.088011;7.7062151;Edificio scolastico (es.: scuola di ogni ordine e grado, università, scuola di formazione);Dal 1971 al 1980;Nessuno;Patrimonio indisponibile;Utilizzato direttamente;Attività amministrativa/uffici pubblici;;;;1;False
692516;L219;1104;327;3;2800.0;FABBRICATO;Via Tronzano;22;45.0994632;7.6958842;Edificio scolastico (es.: scuola di ogni ordine e grado, università, scuola di formazione);Dal 1991 al 2000;Nessuno;Patrimonio indisponibile;Utilizzato direttamente;Attività didattica;;;;1;False
692517;L219;1104;327;4;115.0;FABBRICATO;Via Tronzano;22;45.0994632;7.6958842;Abitazione;Dal 1971 al 1980;Nessuno;Patrimonio indisponibile;Utilizzato direttamente;Alloggio di servizio, foresterie;;;;1;False
692521;L219;1188;7;1;42.0;FABBRICATO;Via Borriana;2;45.0872472;7.7056482;Locale commerciale, negozio;Dal 1919 al 1945;Nessuno;Patrimonio indisponibile;Utilizzato direttamente;Attività commerciale e di ristorazione;;;;1;False
692522;L219;1188;7;12;90.0;FABBRICATO;Via Bologna;145;45.0872472;7.7056482;Abitazione;Dal 1919 al 1945;Nessuno;Patrimonio indisponibile;Utilizzato direttamente;Altro;;;;1;False
692523;L219;1188;7;14;67.0;FABBRICATO;Via Bologna;145;45.0872472;7.7056482;Abitazione;Dal 1919 al 1945;Nessuno;Patrimonio indisponibile;Utilizzato direttamente;Altro;;;;1;False
692524;L219;1188;7;19;65.0;FABBRICATO;Via Bologna;147;45.0872472;7.7056482;Locale commerciale, negozio;Dal 1919 al 1945;Nessuno;Patrimonio indisponibile;Utilizzato direttamente;Attività commerciale e di ristorazione;;;;1;False
692525;L219;1188;7;2;32.0;FABBRICATO;Via Caresana;1;45.0872472;7.7056482;Locale commerciale, negozio;Dal 1919 al 1945;Nessuno;Patrimonio indisponibile;Utilizzato direttamente;Attività commerciale e di ristorazione;;;;1;False
692526;L219;1188;7;20;51.0;FABBRICATO;Via Bologna;147;45.0872472;7.7056482;Abitazione;Dal 1919 al 1945;Nessuno;Patrimonio indisponibile;Utilizzato direttamente;Altro;;;;1;False
692527;L219;1188;7;21;70.0;FABBRICATO;Via Bologna;147;45.0872472;7.7056482;Abitazione;Dal 1919 al 1945;Nessuno;Patrimonio indisponibile;Utilizzato direttamente;Altro;;;;1;False
692528;L219;1188;7;24;104.0;FABBRICATO;Via Bologna;147;45.0872472;7.7056482;Abitazione;Dal 1919 al 1945;Nessuno;Patrimonio indisponibile;Utilizzato direttamente;Altro;;;;1;False
692529;L219;1188;7;27;68.0;FABBRICATO;Via Borriana;2;45.0872472;7.7056482;Abitazione;Dal 1919 al 1945;Nessuno;Patrimonio indisponibile;Utilizzato direttamente;Altro;;;;1;False
692530;L219;1188;7;28;35.0;FABBRICATO;Via Caresana;1;45.0872472;7.7056482;Abitazione;Dal 1919 al 1945;Nessuno;Patrimonio indisponibile;Utilizzato direttamente;Altro;;;;1;False
692531;L219;1188;7;3;72.0;FABBRICATO;Via Bologna;143;45.0872472;7.7056482;Locale commerciale, negozio;Dal 1919 al 1945;Nessuno;Patrimonio indisponibile;Utilizzato direttamente;Attività commerciale e di ristorazione;;;;1;False
692532;L219;1188;7;4;69.0;FABBRICATO;Via Bologna;143;45.0872472;7.7056482;Abitazione;Dal 1919 al 1945;Nessuno;Patrimonio indisponibile;Utilizzato direttamente;Altro;;;;1;False
692534;L219;1104;337;2;101.0;FABBRICATO;Via Luigi Boccherini;43;45.1014715;7.6925148;Abitazione;Dal 1971 al 1980;Nessuno;Patrimonio indisponibile;Utilizzato direttamente;Alloggio di servizio, foresterie;;;;1;False
692535;L219;1104;337;3;1791.25;FABBRICATO;Via Luigi Boccherini;43;45.1014715;7.6925148;Edificio scolastico (es.: scuola di ogni ordine e grado, università, scuola di formazione);Dal 1971 al 1980;Nessuno;Patrimonio indisponibile;Utilizzato direttamente;Attività didattica;;;;1;False
692543;L219;1188;8;10;71.0;FABBRICATO;via paganini nicolo';38;45.0872988;7.7046685;Abitazione;Dal 1919 al 1945;Nessuno;Patrimonio indisponibile;Utilizzato direttamente;Altro;;;;1;False
692545;L219;1188;8;20;69.0;FABBRICATO;Via Niccolò Paganini;40;45.0872988;7.7046685;Abitazione;Dal 1919 al 1945;Nessuno;Patrimonio indisponibile;Utilizzato direttamente;Altro;;;;1;False
692546;L219;1188;8;22;70.0;FABBRICATO;Via Niccolò Paganini;40;45.0872988;7.7046685;Abitazione;Dal 1919 al 1945;Nessuno;Patrimonio indisponibile;Utilizzato direttamente;Altro;;;;1;False
692547;L219;1188;8;24;69.0;FABBRICATO;Via Niccolò Paganini;40;45.0872988;7.7046685;Abitazione;Dal 1919 al 1945;Nessuno;Patrimonio indisponibile;Utilizzato direttamente;Altro;;;;1;False
692548;L219;1188;8;27;70.0;FABBRICATO;Via Niccolò Paganini;42;45.0872988;7.7046685;Abitazione;Dal 1919 al 1945;Nessuno;Patrimonio indisponibile;Utilizzato direttamente;Altro;;;;1;False
692549;L219;1188;8;33;103.0;FABBRICATO;Via Niccolò Paganini;42;45.0872988;7.7046685;Abitazione;Dal 1919 al 1945;Nessuno;Patrimonio indisponibile;Utilizzato direttamente;Altro;;;;1;False
692550;L219;1188;8;34;104.0;FABBRICATO;Via Niccolò Paganini;42;45.0872988;7.7046685;Abitazione;Dal 1919 al 1945;Nessuno;Patrimonio indisponibile;Utilizzato direttamente;Altro;;;;1;False
692551;L219;1188;8;35;37.0;FABBRICATO;via paganini nicolo';34;45.0872988;7.7046685;Abitazione;Dal 1919 al 1945;Nessuno;Patrimonio indisponibile;Utilizzato direttamente;Altro;;;;1;False
692553;L219;1104;347;2;112.0;FABBRICATO;via gottardo;10;45.1002713;7.690682;Abitazione;Dal 1961 al 1970;Nessuno;Patrimonio indisponibile;Utilizzato direttamente;Alloggio di servizio, foresterie;;;;1;False
692555;L219;1104;347;4;15.0;FABBRICATO;via gottardo;10;45.1002713;7.690682;Cantina, soffitta, rimessa, box, garage, posto auto aperto/scoperto,;Dal 1961 al 1970;Nessuno;Patrimonio indisponibile;Utilizzato direttamente;Attività sportiva, ricreativa e di intrattenimento;;;;1;False
692556;L219;1104;347;5;34.0;FABBRICATO;via gottardo;10;45.1002713;7.690682;Magazzino e locali di deposito;Dal 1961 al 1970;Nessuno;Patrimonio indisponibile;Utilizzato direttamente;Attività sportiva, ricreativa e di intrattenimento;;;;1;False
692558;L219;1104;368;1;5048.0;FABBRICATO;corso vercelli;157;45.0989048;7.6924783;Edificio scolastico (es.: scuola di ogni ordine e grado, università, scuola di formazione);Dal 1961 al 1970;Nessuno;Patrimonio indisponibile;Utilizzato direttamente;Attività didattica;;;;1;False
692559;L219;1104;368;2;95.0;FABBRICATO;corso vercelli;157;45.0989048;7.6924783;Abitazione;Dal 1961 al 1970;Nessuno;Patrimonio indisponibile;Utilizzato direttamente;Alloggio di servizio, foresterie;;;;1;False
692560;L219;1190;24;4;123.0;FABBRICATO;Strada alla Manifattura Tabacchi;32;45.0873612;7.7183131;Abitazione;Dal 1971 al 1980;Nessuno;Patrimonio indisponibile;Utilizzato direttamente;Alloggio di servizio, foresterie;;;;1;False
692561;L219;1190;24;5;210.0;FABBRICATO;Strada alla Manifattura Tabacchi;32;45.0873612;7.7183131;Ufficio strutturato ed assimilabili;Dal 1971 al 1980;Nessuno;Patrimonio indisponibile;Utilizzato direttamente;Attività amministrativa/uffici pubblici;;;;1;False
692562;L219;1190;24;6;288.0;FABBRICATO;Strada alla Manifattura Tabacchi;32;45.0873612;7.7183131;Magazzino e locali di deposito;Dal 1971 al 1980;Nessuno;Patrimonio indisponibile;Utilizzato direttamente;Attività amministrativa/uffici pubblici;;;;1;False
692567;L219;1390;71;3;261.0;FABBRICATO;via nitti francesco saverio;6;45.0435248;7.6228707;Impianto sportivo;Dal 1971 al 1980;Nessuno;Patrimonio indisponibile;Utilizzato direttamente;Attività sportiva, ricreativa e di intrattenimento;;;;1;False
692569;L219;1391;126;1;58.0;FABBRICATO;corso salvemini gaetano;25;45.0437055;7.6257931;Abitazione;Dal 1961 al 1970;Nessuno;Patrimonio indisponibile;Utilizzato direttamente;Altro;;;;1;False
692570;L219;1391;126;10;79.0;FABBRICATO;corso salvemini gaetano;25;45.0437055;7.6257931;Abitazione;Dal 1961 al 1970;Nessuno;Patrimonio indisponibile;Utilizzato direttamente;Altro;;;;1;False
692571;L219;1391;126;11;57.0;FABBRICATO;corso salvemini gaetano;25;45.0437055;7.6257931;Abitazione;Dal 1961 al 1970;Nessuno;Patrimonio indisponibile;Utilizzato direttamente;Altro;;;;1;False
692572;L219;1391;126;12;78.0;FABBRICATO;corso salvemini gaetano;25;45.0437055;7.6257931;Abitazione;Dal 1961 al 1970;Nessuno;Patrimonio indisponibile;Utilizzato direttamente;Altro;;;;1;False
692573;L219;1391;126;13;57.0;FABBRICATO;corso salvemini gaetano;25;45.0437055;7.6257931;Abitazione;Dal 1961 al 1970;Nessuno;Patrimonio indisponibile;Utilizzato direttamente;Altro;;;;1;False
692574;L219;1391;126;14;79.0;FABBRICATO;corso salvemini gaetano;25;45.0437055;7.6257931;Abitazione;Dal 1961 al 1970;Nessuno;Patrimonio indisponibile;Utilizzato direttamente;Altro;;;;1;False
692575;L219;1391;126;15;57.0;FABBRICATO;corso salvemini gaetano;25;45.0437055;7.6257931;Abitazione;Dal 1961 al 1970;Nessuno;Patrimonio indisponibile;Utilizzato direttamente;Altro;;;;1;False
692576;L219;1391;126;16;78.0;FABBRICATO;corso salvemini gaetano;25;45.0437055;7.6257931;Abitazione;Dal 1961 al 1970;Nessuno;Patrimonio indisponibile;Utilizzato direttamente;Altro;;;;1;False
692577;L219;1391;126;17;56.0;FABBRICATO;corso salvemini gaetano;25;45.0437055;7.6257931;Abitazione;Dal 1961 al 1970;Nessuno;Patrimonio indisponibile;Utilizzato direttamente;Altro;;;;1;False
692578;L219;1391;126;18;78.0;FABBRICATO;corso salvemini gaetano;25;45.0437055;7.6257931;Abitazione;Dal 1961 al 1970;Nessuno;Patrimonio indisponibile;Utilizzato direttamente;Altro;;;;1;False
692579;L219;1391;126;19;57.0;FABBRICATO;corso salvemini gaetano;25;45.0437055;7.6257931;Abitazione;Dal 1961 al 1970;Nessuno;Patrimonio indisponibile;Utilizzato direttamente;Altro;;;;1;False
692580;L219;1391;126;2;79.0;FABBRICATO;corso salvemini gaetano;25;45.0437055;7.6257931;Abitazione;Dal 1961 al 1970;Nessuno;Patrimonio indisponibile;Utilizzato direttamente;Altro;;;;1;False
692581;L219;1391;126;20;79.0;FABBRICATO;corso salvemini gaetano;25;45.0437055;7.6257931;Abitazione;Dal 1961 al 1970;Nessuno;Patrimonio indisponibile;Utilizzato direttamente;Altro;;;;1;False
692582;L219;1391;126;21;56.0;FABBRICATO;corso salvemini gaetano;25;45.0437055;7.6257931;Abitazione;Dal 1961 al 1970;Nessuno;Patrimonio indisponibile;Utilizzato direttamente;Altro;;;;1;False
692583;L219;1391;126;22;77.0;FABBRICATO;corso salvemini gaetano;25;45.0437055;7.6257931;Abitazione;Dal 1961 al 1970;Nessuno;Patrimonio indisponibile;Utilizzato direttamente;Altro;;;;1;False
692584;L219;1391;126;23;57.0;FABBRICATO;corso salvemini gaetano;25;45.0437055;7.6257931;Abitazione;Dal 1961 al 1970;Nessuno;Patrimonio indisponibile;Utilizzato direttamente;Altro;;;;1;False
692585;L219;1391;126;24;79.0;FABBRICATO;corso salvemini gaetano;25;45.0437055;7.6257931;Abitazione;Dal 1961 al 1970;Nessuno;Patrimonio indisponibile;Utilizzato direttamente;Altro;;;;1;False
692586;L219;1391;126;25;57.0;FABBRICATO;corso salvemini gaetano;25;45.0437055;7.6257931;Abitazione;Dal 1961 al 1970;Nessuno;Patrimonio indisponibile;Utilizzato direttamente;Altro;;;;1;False
692587;L219;1391;126;26;77.0;FABBRICATO;corso salvemini gaetano;25;45.0437055;7.6257931;Abitazione;Dal 1961 al 1970;Nessuno;Patrimonio indisponibile;Utilizzato direttamente;Altro;;;;1;False
692588;L219;1391;126;27;57.0;FABBRICATO;corso salvemini gaetano;25;45.0437055;7.6257931;Abitazione;Dal 1961 al 1970;Nessuno;Patrimonio indisponibile;Utilizzato direttamente;Altro;;;;1;False
692589;L219;1391;126;28;77.0;FABBRICATO;corso salvemini gaetano;25;45.0437055;7.6257931;Abitazione;Dal 1961 al 1970;Nessuno;Patrimonio indisponibile;Utilizzato direttamente;Altro;;;;1;False
692590;L219;1391;126;29;58.0;FABBRICATO;corso salvemini gaetano;25;45.0437055;7.6257931;Abitazione;Dal 1961 al 1970;Nessuno;Patrimonio indisponibile;Utilizzato direttamente;Altro;;;;1;False
692591;L219;1391;126;3;57.0;FABBRICATO;corso salvemini gaetano;25;45.0437055;7.6257931;Abitazione;Dal 1961 al 1970;Nessuno;Patrimonio indisponibile;Utilizzato direttamente;Altro;;;;1;False
692592;L219;1391;126;30;75.0;FABBRICATO;corso salvemini gaetano;25;45.0437055;7.6257931;Abitazione;Dal 1961 al 1970;Nessuno;Patrimonio indisponibile;Utilizzato direttamente;Altro;;;;1;False
692593;L219;1391;126;31;56.0;FABBRICATO;corso salvemini gaetano;25;45.0437055;7.6257931;Abitazione;Dal 1961 al 1970;Nessuno;Patrimonio indisponibile;Utilizzato direttamente;Altro;;;;1;False
692594;L219;1391;126;32;78.0;FABBRICATO;corso salvemini gaetano;25;45.0437055;7.6257931;Abitazione;Dal 1961 al 1970;Nessuno;Patrimonio indisponibile;Utilizzato direttamente;Altro;;;;1;False
692595;L219;1391;126;33;57.0;FABBRICATO;corso salvemini gaetano;25;45.0437055;7.6257931;Abitazione;Dal 1961 al 1970;Nessuno;Patrimonio indisponibile;Utilizzato direttamente;Altro;;;;1;False
692596;L219;1391;126;34;78.0;FABBRICATO;corso salvemini gaetano;25;45.0437055;7.6257931;Abitazione;Dal 1961 al 1970;Nessuno;Patrimonio indisponibile;Utilizzato direttamente;Altro;;;;1;False
692597;L219;1391;126;35;57.0;FABBRICATO;corso salvemini gaetano;25;45.0437055;7.6257931;Abitazione;Dal 1961 al 1970;Nessuno;Patrimonio indisponibile;Utilizzato direttamente;Altro;;;;1;False
692598;L219;1391;126;36;79.0;FABBRICATO;corso salvemini gaetano;25;45.0437055;7.6257931;Abitazione;Dal 1961 al 1970;Nessuno;Patrimonio indisponibile;Utilizzato direttamente;Altro;;;;1;False
692599;L219;1391;126;37;57.0;FABBRICATO;corso salvemini gaetano;25;45.0437055;7.6257931;Abitazione;Dal 1961 al 1970;Nessuno;Patrimonio indisponibile;Utilizzato direttamente;Altro;;;;1;False
692600;L219;1391;126;38;78.0;FABBRICATO;corso salvemini gaetano;25;45.0437055;7.6257931;Abitazione;Dal 1961 al 1970;Nessuno;Patrimonio indisponibile;Utilizzato direttamente;Altro;;;;1;False
692601;L219;1391;126;39;57.0;FABBRICATO;corso salvemini gaetano;25;45.0437055;7.6257931;Abitazione;Dal 1961 al 1970;Nessuno;Patrimonio indisponibile;Utilizzato direttamente;Altro;;;;1;False
692602;L219;1391;126;4;79.0;FABBRICATO;corso salvemini gaetano;25;45.0437055;7.6257931;Abitazione;Dal 1961 al 1970;Nessuno;Patrimonio indisponibile;Utilizzato direttamente;Altro;;;;1;False
692603;L219;1391;126;40;78.0;FABBRICATO;corso salvemini gaetano;25;45.0437055;7.6257931;Abitazione;Dal 1961 al 1970;Nessuno;Patrimonio indisponibile;Utilizzato direttamente;Altro;;;;1;False
692604;L219;1391;126;41;14.0;FABBRICATO;corso salvemini gaetano;25;45.0437055;7.6257931;Abitazione;Dal 1961 al 1970;Nessuno;Patrimonio indisponibile;Utilizzato direttamente;Altro;;;;1;False
692605;L219;1391;126;42;79.0;FABBRICATO;corso salvemini gaetano;25;45.0437055;7.6257931;Abitazione;Dal 1961 al 1970;Nessuno;Patrimonio indisponibile;Utilizzato direttamente;Altro;;;;1;False
692606;L219;1391;126;43;60.0;FABBRICATO;corso salvemini gaetano;25;45.0437055;7.6257931;Abitazione;Dal 1961 al 1970;Nessuno;Patrimonio indisponibile;Utilizzato direttamente;Altro;;;;1;False
692607;L219;1391;126;44;78.0;FABBRICATO;corso salvemini gaetano;25;45.0437055;7.6257931;Abitazione;Dal 1961 al 1970;Nessuno;Patrimonio indisponibile;Utilizzato direttamente;Altro;;;;1;False
692608;L219;1391;126;45;58.0;FABBRICATO;corso salvemini gaetano;25;45.0437055;7.6257931;Abitazione;Dal 1961 al 1970;Nessuno;Patrimonio indisponibile;Utilizzato direttamente;Altro;;;;1;False
692609;L219;1391;126;46;76.0;FABBRICATO;corso salvemini gaetano;25;45.0437055;7.6257931;Abitazione;Dal 1961 al 1970;Nessuno;Patrimonio indisponibile;Utilizzato direttamente;Altro;;;;1;False
692610;L219;1391;126;47;59.0;FABBRICATO;corso salvemini gaetano;25;45.0437055;7.6257931;Abitazione;Dal 1961 al 1970;Nessuno;Patrimonio indisponibile;Utilizzato direttamente;Altro;;;;1;False
692611;L219;1391;126;48;78.0;FABBRICATO;corso salvemini gaetano;25;45.0437055;7.6257931;Abitazione;Dal 1961 al 1970;Nessuno;Patrimonio indisponibile;Utilizzato direttamente;Altro;;;;1;False
692612;L219;1391;126;49;59.0;FABBRICATO;corso salvemini gaetano;25;45.0437055;7.6257931;Abitazione;Dal 1961 al 1970;Nessuno;Patrimonio indisponibile;Utilizzato direttamente;Altro;;;;1;False
692613;L219;1391;126;5;57.0;FABBRICATO;corso salvemini gaetano;25;45.0437055;7.6257931;Abitazione;Dal 1961 al 1970;Nessuno;Patrimonio indisponibile;Utilizzato direttamente;Altro;;;;1;False
692614;L219;1391;126;50;76.0;FABBRICATO;corso salvemini gaetano;25;45.0437055;7.6257931;Abitazione;Dal 1961 al 1970;Nessuno;Patrimonio indisponibile;Utilizzato direttamente;Altro;;;;1;False
692615;L219;1391;126;51;58.0;FABBRICATO;corso salvemini gaetano;25;45.0437055;7.6257931;Abitazione;Dal 1961 al 1970;Nessuno;Patrimonio indisponibile;Utilizzato direttamente;Altro;;;;1;False
692616;L219;1391;126;52;77.0;FABBRICATO;corso salvemini gaetano;25;45.0437055;7.6257931;Abitazione;Dal 1961 al 1970;Nessuno;Patrimonio indisponibile;Utilizzato direttamente;Altro;;;;1;False
692617;L219;1391;126;53;59.0;FABBRICATO;corso salvemini gaetano;25;45.0437055;7.6257931;Abitazione;Dal 1961 al 1970;Nessuno;Patrimonio indisponibile;Utilizzato direttamente;Altro;;;;1;False
692618;L219;1391;126;54;77.0;FABBRICATO;corso salvemini gaetano;25;45.0437055;7.6257931;Abitazione;Dal 1961 al 1970;Nessuno;Patrimonio indisponibile;Utilizzato direttamente;Altro;;;;1;False
692619;L219;1391;126;55;59.0;FABBRICATO;corso salvemini gaetano;25;45.0437055;7.6257931;Abitazione;Dal 1961 al 1970;Nessuno;Patrimonio indisponibile;Utilizzato direttamente;Altro;;;;1;False
692620;L219;1391;126;56;78.0;FABBRICATO;corso salvemini gaetano;25;45.0437055;7.6257931;Abitazione;Dal 1961 al 1970;Nessuno;Patrimonio indisponibile;Utilizzato direttamente;Altro;;;;1;False
692621;L219;1391;126;57;58.0;FABBRICATO;corso salvemini gaetano;25;45.0437055;7.6257931;Abitazione;Dal 1961 al 1970;Nessuno;Patrimonio indisponibile;Utilizzato direttamente;Altro;;;;1;False
692622;L219;1391;126;58;77.0;FABBRICATO;corso salvemini gaetano;25;45.0437055;7.6257931;Abitazione;Dal 1961 al 1970;Nessuno;Patrimonio indisponibile;Utilizzato direttamente;Altro;;;;1;False
692623;L219;1391;126;59;58.0;FABBRICATO;corso salvemini gaetano;25;45.0437055;7.6257931;Abitazione;Dal 1961 al 1970;Nessuno;Patrimonio indisponibile;Utilizzato direttamente;Altro;;;;1;False
692624;L219;1391;126;6;79.0;FABBRICATO;corso salvemini gaetano;25;45.0437055;7.6257931;Abitazione;Dal 1961 al 1970;Nessuno;Patrimonio indisponibile;Utilizzato direttamente;Altro;;;;1;False
692625;L219;1391;126;60;77.0;FABBRICATO;corso salvemini gaetano;25;45.0437055;7.6257931;Abitazione;Dal 1961 al 1970;Nessuno;Patrimonio indisponibile;Utilizzato direttamente;Altro;;;;1;False
692626;L219;1391;126;61;58.0;FABBRICATO;corso salvemini gaetano;25;45.0437055;7.6257931;Abitazione;Dal 1961 al 1970;Nessuno;Patrimonio indisponibile;Utilizzato direttamente;Altro;;;;1;False
692627;L219;1391;126;62;77.0;FABBRICATO;corso salvemini gaetano;25;45.0437055;7.6257931;Abitazione;Dal 1961 al 1970;Nessuno;Patrimonio indisponibile;Utilizzato direttamente;Altro;;;;1;False
692628;L219;1391;126;63;58.0;FABBRICATO;corso salvemini gaetano;25;45.0437055;7.6257931;Abitazione;Dal 1961 al 1970;Nessuno;Patrimonio indisponibile;Utilizzato direttamente;Altro;;;;1;False
692629;L219;1391;126;64;78.0;FABBRICATO;corso salvemini gaetano;25;45.0437055;7.6257931;Abitazione;Dal 1961 al 1970;Nessuno;Patrimonio indisponibile;Utilizzato direttamente;Altro;;;;1;False
692630;L219;1391;126;65;58.0;FABBRICATO;corso salvemini gaetano;25;45.0437055;7.6257931;Abitazione;Dal 1961 al 1970;Nessuno;Patrimonio indisponibile;Utilizzato direttamente;Altro;;;;1;False
692631;L219;1391;126;66;78.0;FABBRICATO;corso salvemini gaetano;25;45.0437055;7.6257931;Abitazione;Dal 1961 al 1970;Nessuno;Patrimonio indisponibile;Utilizzato direttamente;Altro;;;;1;False
692632;L219;1391;126;67;59.0;FABBRICATO;corso salvemini gaetano;25;45.0437055;7.6257931;Abitazione;Dal 1961 al 1970;Nessuno;Patrimonio indisponibile;Utilizzato direttamente;Altro;;;;1;False
692633;L219;1391;126;68;77.0;FABBRICATO;corso salvemini gaetano;25;45.0437055;7.6257931;Abitazione;Dal 1961 al 1970;Nessuno;Patrimonio indisponibile;Utilizzato direttamente;Altro;;;;1;False
692634;L219;1391;126;69;59.0;FABBRICATO;corso salvemini gaetano;25;45.0437055;7.6257931;Abitazione;Dal 1961 al 1970;Nessuno;Patrimonio indisponibile;Utilizzato direttamente;Altro;;;;1;False
692635;L219;1391;126;7;58.0;FABBRICATO;corso salvemini gaetano;25;45.0437055;7.6257931;Abitazione;Dal 1961 al 1970;Nessuno;Patrimonio indisponibile;Utilizzato direttamente;Altro;;;;1;False
692636;L219;1391;126;70;79.0;FABBRICATO;corso salvemini gaetano;25;45.0437055;7.6257931;Abitazione;Dal 1961 al 1970;Nessuno;Patrimonio indisponibile;Utilizzato direttamente;Altro;;;;1;False
692637;L219;1391;126;71;59.0;FABBRICATO;corso salvemini gaetano;25;45.0437055;7.6257931;Abitazione;Dal 1961 al 1970;Nessuno;Patrimonio indisponibile;Utilizzato direttamente;Altro;;;;1;False
692638;L219;1391;126;72;77.0;FABBRICATO;corso salvemini gaetano;25;45.0437055;7.6257931;Abitazione;Dal 1961 al 1970;Nessuno;Patrimonio indisponibile;Utilizzato direttamente;Altro;;;;1;False
692639;L219;1391;126;73;56.0;FABBRICATO;corso salvemini gaetano;25;45.0437055;7.6257931;Abitazione;Dal 1961 al 1970;Nessuno;Patrimonio indisponibile;Utilizzato direttamente;Altro;;;;1;False
692640;L219;1391;126;74;77.0;FABBRICATO;corso salvemini gaetano;25;45.0437055;7.6257931;Abitazione;Dal 1961 al 1970;Nessuno;Patrimonio indisponibile;Utilizzato direttamente;Altro;;;;1;False
692641;L219;1391;126;75;58.0;FABBRICATO;corso salvemini gaetano;25;45.0437055;7.6257931;Abitazione;Dal 1961 al 1970;Nessuno;Patrimonio indisponibile;Utilizzato direttamente;Altro;;;;1;False
692642;L219;1391;126;76;78.0;FABBRICATO;corso salvemini gaetano;25;45.0437055;7.6257931;Abitazione;Dal 1961 al 1970;Nessuno;Patrimonio indisponibile;Utilizzato direttamente;Altro;;;;1;False
692643;L219;1391;126;77;59.0;FABBRICATO;corso salvemini gaetano;25;45.0437055;7.6257931;Abitazione;Dal 1961 al 1970;Nessuno;Patrimonio indisponibile;Utilizzato direttamente;Altro;;;;1;False
692644;L219;1391;126;78;78.0;FABBRICATO;corso salvemini gaetano;25;45.0437055;7.6257931;Abitazione;Dal 1961 al 1970;Nessuno;Patrimonio indisponibile;Utilizzato direttamente;Altro;;;;1;False
692645;L219;1391;126;79;60.0;FABBRICATO;corso salvemini gaetano;25;45.0437055;7.6257931;Abitazione;Dal 1961 al 1970;Nessuno;Patrimonio indisponibile;Utilizzato direttamente;Altro;;;;1;False
692646;L219;1391;126;8;81.0;FABBRICATO;corso salvemini gaetano;25;45.0437055;7.6257931;Abitazione;Dal 1961 al 1970;Nessuno;Patrimonio indisponibile;Utilizzato direttamente;Altro;;;;1;False
692647;L219;1391;126;80;78.0;FABBRICATO;corso salvemini gaetano;25;45.0437055;7.6257931;Abitazione;Dal 1961 al 1970;Nessuno;Patrimonio indisponibile;Utilizzato direttamente;Altro;;;;1;False
692648;L219;1391;126;9;57.0;FABBRICATO;corso salvemini gaetano;25;45.0437055;7.6257931;Abitazione;Dal 1961 al 1970;Nessuno;Patrimonio indisponibile;Utilizzato direttamente;Altro;;;;1;False
692649;L219;1105;223;2;4430.0;FABBRICATO;via randaccio giovanni;60;45.099937;7.6839015;Edificio scolastico (es.: scuola di ogni ordine e grado, università, scuola di formazione);Dal 1971 al 1980;Nessuno;Patrimonio indisponibile;Utilizzato direttamente;Attività didattica;;;;1;False
692650;L219;1105;223;3;141.0;FABBRICATO;via randaccio giovanni;60;45.099937;7.6839015;Abitazione;Dal 1971 al 1980;Nessuno;Patrimonio indisponibile;Utilizzato direttamente;Alloggio di servizio, foresterie;;;;1;False
692651;L219;1105;231;2;692.0;FABBRICATO;Via Ala di Stura;23;45.1034687;7.683706;Edificio scolastico (es.: scuola di ogni ordine e grado, università, scuola di formazione);Dal 1971 al 1980;Nessuno;Patrimonio indisponibile;Utilizzato direttamente;Attività didattica;;;;1;False
692652;L219;1105;231;3;118.0;FABBRICATO;Via Ala di Stura;23;45.1034687;7.683706;Abitazione;Dal 1971 al 1980;Nessuno;Patrimonio indisponibile;Utilizzato direttamente;Alloggio di servizio, foresterie;;;;1;False
692664;L219;1391;199;1;90.0;FABBRICATO;VIA BELLONO GIORGIO;SNC;45.0381933;7.6251384;Impianto sportivo;Dal 2001 al 2010;Nessuno;Patrimonio indisponibile;Utilizzato direttamente;Attività sportiva, ricreativa e di intrattenimento;;;;1;False
692665;L219;1391;2;1;59.0;FABBRICATO;corso salvemini gaetano;25;45.0438492;7.6251996;Abitazione;Dal 1961 al 1970;Nessuno;Patrimonio indisponibile;Utilizzato direttamente;Altro;;;;1;False
692666;L219;1391;2;10;78.0;FABBRICATO;corso salvemini gaetano;25;45.0438492;7.6251996;Abitazione;Dal 1961 al 1970;Nessuno;Patrimonio indisponibile;Utilizzato direttamente;Altro;;;;1;False
692667;L219;1391;2;11;32.0;FABBRICATO;corso salvemini gaetano;25;45.0438492;7.6251996;Abitazione;Dal 1961 al 1970;Nessuno;Patrimonio indisponibile;Utilizzato direttamente;Altro;;;;1;False
692668;L219;1391;2;12;79.0;FABBRICATO;corso salvemini gaetano;25;45.0438492;7.6251996;Abitazione;Dal 1961 al 1970;Nessuno;Patrimonio indisponibile;Utilizzato direttamente;Altro;;;;1;False
692669;L219;1391;2;13;58.0;FABBRICATO;corso salvemini gaetano;25;45.0438492;7.6251996;Abitazione;Dal 1961 al 1970;Nessuno;Patrimonio indisponibile;Utilizzato direttamente;Altro;;;;1;False
692670;L219;1391;2;14;77.0;FABBRICATO;corso salvemini gaetano;25;45.0438492;7.6251996;Abitazione;Dal 1961 al 1970;Nessuno;Patrimonio indisponibile;Utilizzato direttamente;Altro;;;;1;False
692671;L219;1391;2;15;58.0;FABBRICATO;corso salvemini gaetano;25;45.0438492;7.6251996;Abitazione;Dal 1961 al 1970;Nessuno;Patrimonio indisponibile;Utilizzato direttamente;Altro;;;;1;False
692672;L219;1391;2;16;78.0;FABBRICATO;corso salvemini gaetano;25;45.0438492;7.6251996;Abitazione;Dal 1961 al 1970;Nessuno;Patrimonio indisponibile;Utilizzato direttamente;Altro;;;;1;False
692673;L219;1391;2;17;57.0;FABBRICATO;corso salvemini gaetano;25;45.0438492;7.6251996;Abitazione;Dal 1961 al 1970;Nessuno;Patrimonio indisponibile;Utilizzato direttamente;Altro;;;;1;False
692674;L219;1391;2;18;78.0;FABBRICATO;corso salvemini gaetano;25;45.0438492;7.6251996;Abitazione;Dal 1961 al 1970;Nessuno;Patrimonio indisponibile;Utilizzato direttamente;Altro;;;;1;False
692675;L219;1391;2;19;58.0;FABBRICATO;corso salvemini gaetano;25;45.0438492;7.6251996;Abitazione;Dal 1961 al 1970;Nessuno;Patrimonio indisponibile;Utilizzato direttamente;Altro;;;;1;False
692676;L219;1391;2;2;79.0;FABBRICATO;corso salvemini gaetano;25;45.0438492;7.6251996;Abitazione;Dal 1961 al 1970;Nessuno;Patrimonio indisponibile;Utilizzato direttamente;Altro;;;;1;False
692677;L219;1391;2;20;74.0;FABBRICATO;corso salvemini gaetano;25;45.0438492;7.6251996;Abitazione;Dal 1961 al 1970;Nessuno;Patrimonio indisponibile;Utilizzato direttamente;Altro;;;;1;False
692678;L219;1391;2;21;58.0;FABBRICATO;corso salvemini gaetano;25;45.0438492;7.6251996;Abitazione;Dal 1961 al 1970;Nessuno;Patrimonio indisponibile;Utilizzato direttamente;Altro;;;;1;False
692679;L219;1391;2;22;76.0;FABBRICATO;corso salvemini gaetano;25;45.0438492;7.6251996;Abitazione;Dal 1961 al 1970;Nessuno;Patrimonio indisponibile;Utilizzato direttamente;Altro;;;;1;False
692680;L219;1391;2;23;58.0;FABBRICATO;corso salvemini gaetano;25;45.0438492;7.6251996;Abitazione;Dal 1961 al 1970;Nessuno;Patrimonio indisponibile;Utilizzato direttamente;Altro;;;;1;False
692681;L219;1391;2;24;77.0;FABBRICATO;corso salvemini gaetano;25;45.0438492;7.6251996;Abitazione;Dal 1961 al 1970;Nessuno;Patrimonio indisponibile;Utilizzato direttamente;Altro;;;;1;False
692682;L219;1391;2;25;57.0;FABBRICATO;corso salvemini gaetano;25;45.0438492;7.6251996;Abitazione;Dal 1961 al 1970;Nessuno;Patrimonio indisponibile;Utilizzato direttamente;Altro;;;;1;False
692683;L219;1391;2;26;75.0;FABBRICATO;corso salvemini gaetano;25;45.0438492;7.6251996;Abitazione;Dal 1961 al 1970;Nessuno;Patrimonio indisponibile;Utilizzato direttamente;Altro;;;;1;False
692684;L219;1391;2;27;58.0;FABBRICATO;corso salvemini gaetano;25;45.0438492;7.6251996;Abitazione;Dal 1961 al 1970;Nessuno;Patrimonio indisponibile;Utilizzato direttamente;Altro;;;;1;False
692685;L219;1391;2;28;76.0;FABBRICATO;corso salvemini gaetano;25;45.0438492;7.6251996;Abitazione;Dal 1961 al 1970;Nessuno;Patrimonio indisponibile;Utilizzato direttamente;Altro;;;;1;False
692686;L219;1391;2;29;58.0;FABBRICATO;corso salvemini gaetano;25;45.0438492;7.6251996;Abitazione;Dal 1961 al 1970;Nessuno;Patrimonio indisponibile;Utilizzato direttamente;Altro;;;;1;False
692687;L219;1391;2;3;60.0;FABBRICATO;corso salvemini gaetano;25;45.0438492;7.6251996;Abitazione;Dal 1961 al 1970;Nessuno;Patrimonio indisponibile;Utilizzato direttamente;Altro;;;;1;False
692688;L219;1391;2;30;76.0;FABBRICATO;corso salvemini gaetano;25;45.0438492;7.6251996;Abitazione;Dal 1961 al 1970;Nessuno;Patrimonio indisponibile;Utilizzato direttamente;Altro;;;;1;False
692689;L219;1391;2;31;58.0;FABBRICATO;corso salvemini gaetano;25;45.0438492;7.6251996;Abitazione;Dal 1961 al 1970;Nessuno;Patrimonio indisponibile;Utilizzato direttamente;Altro;;;;1;False
692690;L219;1391;2;32;68.0;FABBRICATO;corso salvemini gaetano;25;45.0438492;7.6251996;Abitazione;Dal 1961 al 1970;Nessuno;Patrimonio indisponibile;Utilizzato direttamente;Altro;;;;1;False
692691;L219;1391;2;33;58.0;FABBRICATO;corso salvemini gaetano;25;45.0438492;7.6251996;Abitazione;Dal 1961 al 1970;Nessuno;Patrimonio indisponibile;Utilizzato direttamente;Altro;;;;1;False
692692;L219;1391;2;34;78.0;FABBRICATO;corso salvemini gaetano;25;45.0438492;7.6251996;Abitazione;Dal 1961 al 1970;Nessuno;Patrimonio indisponibile;Utilizzato direttamente;Altro;;;;1;False
692693;L219;1391;2;35;57.0;FABBRICATO;corso salvemini gaetano;25;45.0438492;7.6251996;Abitazione;Dal 1961 al 1970;Nessuno;Patrimonio indisponibile;Utilizzato direttamente;Altro;;;;1;False
692694;L219;1391;2;36;78.0;FABBRICATO;corso salvemini gaetano;25;45.0438492;7.6251996;Abitazione;Dal 1961 al 1970;Nessuno;Patrimonio indisponibile;Utilizzato direttamente;Altro;;;;1;False
692695;L219;1391;2;37;58.0;FABBRICATO;corso salvemini gaetano;25;45.0438492;7.6251996;Abitazione;Dal 1961 al 1970;Nessuno;Patrimonio indisponibile;Utilizzato direttamente;Altro;;;;1;False
692696;L219;1391;2;38;74.0;FABBRICATO;corso salvemini gaetano;25;45.0438492;7.6251996;Abitazione;Dal 1961 al 1970;Nessuno;Patrimonio indisponibile;Utilizzato direttamente;Altro;;;;1;False
692697;L219;1391;2;39;58.0;FABBRICATO;corso salvemini gaetano;25;45.0438492;7.6251996;Abitazione;Dal 1961 al 1970;Nessuno;Patrimonio indisponibile;Utilizzato direttamente;Altro;;;;1;False
692698;L219;1391;2;4;70.0;FABBRICATO;corso salvemini gaetano;25;45.0438492;7.6251996;Abitazione;Dal 1961 al 1970;Nessuno;Patrimonio indisponibile;Utilizzato direttamente;Altro;;;;1;False
692699;L219;1391;2;40;77.0;FABBRICATO;corso salvemini gaetano;25;45.0438492;7.6251996;Abitazione;Dal 1961 al 1970;Nessuno;Patrimonio indisponibile;Utilizzato direttamente;Altro;;;;1;False
692700;L219;1391;2;41;57.0;FABBRICATO;corso salvemini gaetano;25;45.0438492;7.6251996;Abitazione;Dal 1961 al 1970;Nessuno;Patrimonio indisponibile;Utilizzato direttamente;Altro;;;;1;False
692701;L219;1391;2;42;77.0;FABBRICATO;corso salvemini gaetano;25;45.0438492;7.6251996;Abitazione;Dal 1961 al 1970;Nessuno;Patrimonio indisponibile;Utilizzato direttamente;Altro;;;;1;False
692702;L219;1391;2;43;57.0;FABBRICATO;corso salvemini gaetano;25;45.0438492;7.6251996;Abitazione;Dal 1961 al 1970;Nessuno;Patrimonio indisponibile;Utilizzato direttamente;Altro;;;;1;False
692703;L219;1391;2;44;76.0;FABBRICATO;corso salvemini gaetano;25;45.0438492;7.6251996;Abitazione;Dal 1961 al 1970;Nessuno;Patrimonio indisponibile;Utilizzato direttamente;Altro;;;;1;False
692704;L219;1391;2;45;58.0;FABBRICATO;corso salvemini gaetano;25;45.0438492;7.6251996;Abitazione;Dal 1961 al 1970;Nessuno;Patrimonio indisponibile;Utilizzato direttamente;Altro;;;;1;False
692705;L219;1391;2;46;76.0;FABBRICATO;corso salvemini gaetano;25;45.0438492;7.6251996;Abitazione;Dal 1961 al 1970;Nessuno;Patrimonio indisponibile;Utilizzato direttamente;Altro;;;;1;False
692706;L219;1391;2;47;58.0;FABBRICATO;corso salvemini gaetano;25;45.0438492;7.6251996;Abitazione;Dal 1961 al 1970;Nessuno;Patrimonio indisponibile;Utilizzato direttamente;Altro;;;;1;False
692707;L219;1391;2;48;77.0;FABBRICATO;corso salvemini gaetano;25;45.0438492;7.6251996;Abitazione;Dal 1961 al 1970;Nessuno;Patrimonio indisponibile;Utilizzato direttamente;Altro;;;;1;False
692708;L219;1391;2;49;57.0;FABBRICATO;corso salvemini gaetano;25;45.0438492;7.6251996;Abitazione;Dal 1961 al 1970;Nessuno;Patrimonio indisponibile;Utilizzato direttamente;Altro;;;;1;False
692709;L219;1391;2;5;30.0;FABBRICATO;corso salvemini gaetano;25;45.0438492;7.6251996;Abitazione;Dal 1961 al 1970;Nessuno;Patrimonio indisponibile;Utilizzato direttamente;Altro;;;;1;False
692710;L219;1391;2;50;76.0;FABBRICATO;corso salvemini gaetano;25;45.0438492;7.6251996;Abitazione;Dal 1961 al 1970;Nessuno;Patrimonio indisponibile;Utilizzato direttamente;Altro;;;;1;False
692711;L219;1391;2;51;57.0;FABBRICATO;corso salvemini gaetano;25;45.0438492;7.6251996;Abitazione;Dal 1961 al 1970;Nessuno;Patrimonio indisponibile;Utilizzato direttamente;Altro;;;;1;False
692712;L219;1391;2;52;75.0;FABBRICATO;corso salvemini gaetano;25;45.0438492;7.6251996;Abitazione;Dal 1961 al 1970;Nessuno;Patrimonio indisponibile;Utilizzato direttamente;Altro;;;;1;False
692713;L219;1391;2;53;58.0;FABBRICATO;corso salvemini gaetano;25;45.0438492;7.6251996;Abitazione;Dal 1961 al 1970;Nessuno;Patrimonio indisponibile;Utilizzato direttamente;Altro;;;;1;False
692714;L219;1391;2;54;77.0;FABBRICATO;corso salvemini gaetano;25;45.0438492;7.6251996;Abitazione;Dal 1961 al 1970;Nessuno;Patrimonio indisponibile;Utilizzato direttamente;Altro;;;;1;False
692715;L219;1391;2;55;59.0;FABBRICATO;corso salvemini gaetano;25;45.0438492;7.6251996;Abitazione;Dal 1961 al 1970;Nessuno;Patrimonio indisponibile;Utilizzato direttamente;Altro;;;;1;False
692716;L219;1391;2;56;77.0;FABBRICATO;corso salvemini gaetano;25;45.0438492;7.6251996;Abitazione;Dal 1961 al 1970;Nessuno;Patrimonio indisponibile;Utilizzato direttamente;Altro;;;;1;False
692717;L219;1391;2;57;57.0;FABBRICATO;corso salvemini gaetano;25;45.0438492;7.6251996;Abitazione;Dal 1961 al 1970;Nessuno;Patrimonio indisponibile;Utilizzato direttamente;Altro;;;;1;False
692718;L219;1391;2;58;76.0;FABBRICATO;corso salvemini gaetano;25;45.0438492;7.6251996;Abitazione;Dal 1961 al 1970;Nessuno;Patrimonio indisponibile;Utilizzato direttamente;Altro;;;;1;False
692719;L219;1391;2;59;56.0;FABBRICATO;corso salvemini gaetano;25;45.0438492;7.6251996;Abitazione;Dal 1961 al 1970;Nessuno;Patrimonio indisponibile;Utilizzato direttamente;Altro;;;;1;False
692720;L219;1391;2;6;79.0;FABBRICATO;corso salvemini gaetano;25;45.0438492;7.6251996;Abitazione;Dal 1961 al 1970;Nessuno;Patrimonio indisponibile;Utilizzato direttamente;Altro;;;;1;False
692721;L219;1391;2;60;77.0;FABBRICATO;corso salvemini gaetano;25;45.0438492;7.6251996;Abitazione;Dal 1961 al 1970;Nessuno;Patrimonio indisponibile;Utilizzato direttamente;Altro;;;;1;False
692722;L219;1391;2;61;56.0;FABBRICATO;corso salvemini gaetano;25;45.0438492;7.6251996;Abitazione;Dal 1961 al 1970;Nessuno;Patrimonio indisponibile;Utilizzato direttamente;Altro;;;;1;False
692723;L219;1391;2;62;78.0;FABBRICATO;corso salvemini gaetano;25;45.0438492;7.6251996;Abitazione;Dal 1961 al 1970;Nessuno;Patrimonio indisponibile;Utilizzato direttamente;Altro;;;;1;False
692724;L219;1391;2;63;60.0;FABBRICATO;corso salvemini gaetano;25;45.0438492;7.6251996;Abitazione;Dal 1961 al 1970;Nessuno;Patrimonio indisponibile;Utilizzato direttamente;Altro;;;;1;False
692725;L219;1391;2;64;77.0;FABBRICATO;corso salvemini gaetano;25;45.0438492;7.6251996;Abitazione;Dal 1961 al 1970;Nessuno;Patrimonio indisponibile;Utilizzato direttamente;Altro;;;;1;False
692726;L219;1391;2;65;57.0;FABBRICATO;corso salvemini gaetano;25;45.0438492;7.6251996;Abitazione;Dal 1961 al 1970;Nessuno;Patrimonio indisponibile;Utilizzato direttamente;Altro;;;;1;False
692727;L219;1391;2;66;75.0;FABBRICATO;corso salvemini gaetano;25;45.0438492;7.6251996;Abitazione;Dal 1961 al 1970;Nessuno;Patrimonio indisponibile;Utilizzato direttamente;Altro;;;;1;False
692728;L219;1391;2;67;57.0;FABBRICATO;corso salvemini gaetano;25;45.0438492;7.6251996;Abitazione;Dal 1961 al 1970;Nessuno;Patrimonio indisponibile;Utilizzato direttamente;Altro;;;;1;False
692729;L219;1391;2;68;76.0;FABBRICATO;corso salvemini gaetano;25;45.0438492;7.6251996;Abitazione;Dal 1961 al 1970;Nessuno;Patrimonio indisponibile;Utilizzato direttamente;Altro;;;;1;False
692730;L219;1391;2;69;60.0;FABBRICATO;corso salvemini gaetano;25;45.0438492;7.6251996;Abitazione;Dal 1961 al 1970;Nessuno;Patrimonio indisponibile;Utilizzato direttamente;Altro;;;;1;False
692731;L219;1391;2;7;31.0;FABBRICATO;corso salvemini gaetano;25;45.0438492;7.6251996;Abitazione;Dal 1961 al 1970;Nessuno;Patrimonio indisponibile;Utilizzato direttamente;Altro;;;;1;False
692732;L219;1391;2;70;60.0;FABBRICATO;corso salvemini gaetano;25;45.0438492;7.6251996;Abitazione;Dal 1961 al 1970;Nessuno;Patrimonio indisponibile;Utilizzato direttamente;Altro;;;;1;False
692733;L219;1391;2;71;59.0;FABBRICATO;corso salvemini gaetano;25;45.0438492;7.6251996;Abitazione;Dal 1961 al 1970;Nessuno;Patrimonio indisponibile;Utilizzato direttamente;Altro;;;;1;False
692734;L219;1391;2;72;73.0;FABBRICATO;corso salvemini gaetano;25;45.0438492;7.6251996;Abitazione;Dal 1961 al 1970;Nessuno;Patrimonio indisponibile;Utilizzato direttamente;Altro;;;;1;False
692735;L219;1391;2;73;59.0;FABBRICATO;corso salvemini gaetano;25;45.0438492;7.6251996;Abitazione;Dal 1961 al 1970;Nessuno;Patrimonio indisponibile;Utilizzato direttamente;Altro;;;;1;False
692736;L219;1391;2;74;77.0;FABBRICATO;corso salvemini gaetano;25;45.0438492;7.6251996;Abitazione;Dal 1961 al 1970;Nessuno;Patrimonio indisponibile;Utilizzato direttamente;Altro;;;;1;False
692737;L219;1391;2;75;59.0;FABBRICATO;corso salvemini gaetano;25;45.0438492;7.6251996;Abitazione;Dal 1961 al 1970;Nessuno;Patrimonio indisponibile;Utilizzato direttamente;Altro;;;;1;False
692738;L219;1391;2;76;86.0;FABBRICATO;corso salvemini gaetano;25;45.0438492;7.6251996;Abitazione;Dal 1961 al 1970;Nessuno;Patrimonio indisponibile;Utilizzato direttamente;Altro;;;;1;False
692739;L219;1391;2;77;57.0;FABBRICATO;corso salvemini gaetano;25;45.0438492;7.6251996;Abitazione;Dal 1961 al 1970;Nessuno;Patrimonio indisponibile;Utilizzato direttamente;Altro;;;;1;False
692740;L219;1391;2;78;78.0;FABBRICATO;corso salvemini gaetano;25;45.0438492;7.6251996;Abitazione;Dal 1961 al 1970;Nessuno;Patrimonio indisponibile;Utilizzato direttamente;Altro;;;;1;False
692741;L219;1391;2;79;58.0;FABBRICATO;corso salvemini gaetano;25;45.0438492;7.6251996;Abitazione;Dal 1961 al 1970;Nessuno;Patrimonio indisponibile;Utilizzato direttamente;Altro;;;;1;False
692742;L219;1391;2;8;79.0;FABBRICATO;corso salvemini gaetano;25;45.0438492;7.6251996;Abitazione;Dal 1961 al 1970;Nessuno;Patrimonio indisponibile;Utilizzato direttamente;Altro;;;;1;False
692743;L219;1391;2;80;77.0;FABBRICATO;corso salvemini gaetano;25;45.0438492;7.6251996;Abitazione;Dal 1961 al 1970;Nessuno;Patrimonio indisponibile;Utilizzato direttamente;Altro;;;;1;False
692744;L219;1391;2;9;58.0;FABBRICATO;corso salvemini gaetano;25;45.0438492;7.6251996;Abitazione;Dal 1961 al 1970;Nessuno;Patrimonio indisponibile;Utilizzato direttamente;Altro;;;;1;False
692745;L219;1106;440;1;82.0;FABBRICATO;Via Francesco Baracca;42;45.1001595;7.6821716;Abitazione;Dal 1946 al 1960;Nessuno;Patrimonio indisponibile;;Non Dichiarato;in locazione;992.0;01/02/2019;1;False
692746;L219;1107;102;1;2676.0;FABBRICATO;via mosca gaetano;11;45.10244252;7.67728053;Edificio scolastico (es.: scuola di ogni ordine e grado, università, scuola di formazione);Dal 1961 al 1970;Nessuno;Patrimonio indisponibile;Utilizzato direttamente;Attività didattica;;;;1;False
692747;L219;1107;102;2;99.0;FABBRICATO;via mosca gaetano;11;45.10244252;7.67728053;Abitazione;Dal 1961 al 1970;Nessuno;Patrimonio indisponibile;Utilizzato direttamente;Alloggio di servizio, foresterie;;;;1;False
692748;L219;1107;150;2;5204.5;FABBRICATO;via casteldelfino;24;45.10042844;7.67336645;Edificio scolastico (es.: scuola di ogni ordine e grado, università, scuola di formazione);Dal 1971 al 1980;Nessuno;Patrimonio indisponibile;Utilizzato direttamente;Attività didattica;;;;1;False
692749;L219;1107;150;3;92.0;FABBRICATO;via casteldelfino;24;45.10042844;7.67336645;Abitazione;Dal 1971 al 1980;Nessuno;Patrimonio indisponibile;Utilizzato direttamente;Alloggio di servizio, foresterie;;;;1;False
692750;L219;1107;150;4;5593.5;FABBRICATO;Via Casteldelfino;30;45.10042844;7.67336645;Edificio scolastico (es.: scuola di ogni ordine e grado, università, scuola di formazione);Dal 1971 al 1980;Nessuno;Patrimonio indisponibile;Utilizzato direttamente;Attività didattica;;;;1;False
692751;L219;1107;150;5;128.0;FABBRICATO;Via Casteldelfino;30;45.10042844;7.67336645;Abitazione;Dal 1971 al 1980;Nessuno;Patrimonio indisponibile;Utilizzato direttamente;Alloggio di servizio, foresterie;;;;1;False
692752;L219;1107;258;10;12.0;FABBRICATO;via lorenzini carlo;4;45.1001242;7.67757515;Cantina, soffitta, rimessa, box, garage, posto auto aperto/scoperto,;Dal 1961 al 1970;Nessuno;Patrimonio indisponibile;Utilizzato direttamente;Attività didattica;;;;1;False
692753;L219;1107;258;11;12.0;FABBRICATO;via lorenzini carlo;4;45.1001242;7.67757515;Cantina, soffitta, rimessa, box, garage, posto auto aperto/scoperto,;Dal 1961 al 1970;Nessuno;Patrimonio indisponibile;Utilizzato direttamente;Attività didattica;;;;1;False
692754;L219;1107;258;2;3996.5;FABBRICATO;via lorenzini carlo;4;45.1001242;7.67757515;Edificio scolastico (es.: scuola di ogni ordine e grado, università, scuola di formazione);Dal 1991 al 2000;Nessuno;Patrimonio indisponibile;Utilizzato direttamente;Attività didattica;;;;1;False
692755;L219;1107;258;3;72.0;FABBRICATO;via lorenzini carlo;4;45.1001242;7.67757515;Abitazione;Dal 1961 al 1970;Nessuno;Patrimonio indisponibile;Utilizzato direttamente;Alloggio di servizio, foresterie;;;;1;False
692756;L219;1107;258;5;12.0;FABBRICATO;via lorenzini carlo;4;45.1001242;7.67757515;Cantina, soffitta, rimessa, box, garage, posto auto aperto/scoperto,;Dal 1961 al 1970;Nessuno;Patrimonio indisponibile;Utilizzato direttamente;Attività didattica;;;;1;False
692757;L219;1107;258;6;12.0;FABBRICATO;via lorenzini carlo;4;45.1001242;7.67757515;Cantina, soffitta, rimessa, box, garage, posto auto aperto/scoperto,;Dal 1961 al 1970;Nessuno;Patrimonio indisponibile;Utilizzato direttamente;Attività didattica;;;;1;False
692758;L219;1107;258;7;12.0;FABBRICATO;via lorenzini carlo;4;45.1001242;7.67757515;Cantina, soffitta, rimessa, box, garage, posto auto aperto/scoperto,;Dal 1961 al 1970;Nessuno;Patrimonio indisponibile;Utilizzato direttamente;Attività didattica;;;;1;False
692759;L219;1107;258;8;12.0;FABBRICATO;via lorenzini carlo;4;45.1001242;7.67757515;Cantina, soffitta, rimessa, box, garage, posto auto aperto/scoperto,;Dal 1961 al 1970;Nessuno;Patrimonio indisponibile;Utilizzato direttamente;Attività didattica;;;;1;False
692760;L219;1107;258;9;12.0;FABBRICATO;via lorenzini carlo;4;45.1001242;7.67757515;Cantina, soffitta, rimessa, box, garage, posto auto aperto/scoperto,;Dal 1961 al 1970;Nessuno;Patrimonio indisponibile;Utilizzato direttamente;Attività didattica;;;;1;False
692761;L219;1107;48;1;93.0;FABBRICATO;via sospello;123;45.10315391;7.67652768;Locale commerciale, negozio;Dal 1961 al 1970;Nessuno;Patrimonio disponibile;Utilizzato direttamente;Attività commerciale e di ristorazione;;;;1;False
692762;L219;1107;50;2;13.0;FABBRICATO;via sospello;118;45.1025426;7.6754088;Cantina, soffitta, rimessa, box, garage, posto auto aperto/scoperto,;Dal 1971 al 1980;Nessuno;Patrimonio indisponibile;Utilizzato direttamente;Attività sportiva, ricreativa e di intrattenimento;;;;1;False
692763;L219;1107;50;3;13.0;FABBRICATO;via sospello;118;45.1025426;7.6754088;Cantina, soffitta, rimessa, box, garage, posto auto aperto/scoperto,;Dal 1971 al 1980;Nessuno;Patrimonio indisponibile;Utilizzato direttamente;Attività sportiva, ricreativa e di intrattenimento;;;;1;False
692764;L219;1107;50;4;13.0;FABBRICATO;via sospello;118;45.1025426;7.6754088;Cantina, soffitta, rimessa, box, garage, posto auto aperto/scoperto,;Dal 1971 al 1980;Nessuno;Patrimonio indisponibile;Utilizzato direttamente;Attività sportiva, ricreativa e di intrattenimento;;;;1;False
692765;L219;1107;619;;378.0;FABBRICATO;Via Sospello;139;45.1030914;7.67768843;Ufficio strutturato ed assimilabili;Dal 1981 al 1990;Nessuno;Patrimonio indisponibile;Utilizzato direttamente;Attività amministrativa/uffici pubblici;;;;1;False
692769;L219;1108;171;9;425.0;FABBRICATO;Via Foligno;14;45.0975851;7.6697655;Edificio scolastico (es.: scuola di ogni ordine e grado, università, scuola di formazione);Dal 1919 al 1945;Dichiarazione di interesse culturale;Demanio;Utilizzato direttamente;Attività didattica;;;;1;False
692772;L219;1108;341;2;53.0;FABBRICATO;via roccavione conte di;11;45.09686;7.6745228;Abitazione;Dal 1946 al 1960;Nessuno;Patrimonio indisponibile;Utilizzato direttamente;Attività commerciale e di ristorazione;;;;1;False
692773;L219;1108;341;3;14.0;FABBRICATO;via roccavione conte di;11;45.09686;7.6745228;Cantina, soffitta, rimessa, box, garage, posto auto aperto/scoperto,;Dal 1946 al 1960;Nessuno;Patrimonio indisponibile;Utilizzato direttamente;Attività commerciale e di ristorazione;;;;1;False
692774;L219;1108;343;1;9152.75;FABBRICATO;Via Michele Antonio Vibò;62;45.0964922;7.6739695;Edificio scolastico (es.: scuola di ogni ordine e grado, università, scuola di formazione);Prima del 1919;Dichiarazione di interesse culturale;Demanio;Utilizzato direttamente;Attività didattica;;;;1;False
692775;L219;1108;343;4;173.0;FABBRICATO;Via Michele Antonio Vibò;62;45.0964922;7.6739695;Abitazione;Prima del 1919;Dichiarazione di interesse culturale;Demanio;Utilizzato direttamente;Alloggio di servizio, foresterie;;;;1;False
692779;L219;1212;127;1;40.0;FABBRICATO;Via Alfonso Varano;1;45.0759155;7.7057357;Abitazione;Dal 1919 al 1945;Nessuno;Patrimonio indisponibile;Utilizzato direttamente;Attività amministrativa/uffici pubblici;;;;1;False
692780;L219;1212;127;2;56.0;FABBRICATO;Via Alfonso Varano;1;45.0759155;7.7057357;Abitazione;Dal 1919 al 1945;Nessuno;Patrimonio indisponibile;Utilizzato direttamente;Attività amministrativa/uffici pubblici;;;;1;False
692781;L219;1109;627;1;2658.57;FABBRICATO;Via Stradella;192;45.100575;7.6686693;Ufficio strutturato ed assimilabili;Prima del 1919;Dichiarazione di interesse culturale;Demanio;Utilizzato direttamente;Attività amministrativa/uffici pubblici;;;;1;False
692782;L219;1109;627;2;1475.14;FABBRICATO;Via Stradella;192;45.100575;7.6686693;Ufficio strutturato ed assimilabili;Prima del 1919;Dichiarazione di interesse culturale;Demanio;Utilizzato direttamente;Attività amministrativa/uffici pubblici;;;;1;False
692783;L219;1212;129;;295.0;FABBRICATO;Via Alfonso Varano;1;45.0759265;7.7060943;Magazzino e locali di deposito;Dal 1919 al 1945;Nessuno;Patrimonio indisponibile;Utilizzato direttamente;Attività amministrativa/uffici pubblici;;;;1;False
692784;L219;1212;138;1;134.0;FABBRICATO;CORSO NOVARA;SNC;45.0766816;7.7022872;Magazzino e locali di deposito;Prima del 1919;Nessuno;Patrimonio indisponibile;Utilizzato direttamente;Attività amministrativa/uffici pubblici;;;;1;False
692785;L219;1212;138;2;83.0;FABBRICATO;CORSO NOVARA;SNC;45.0766816;7.7022872;Magazzino e locali di deposito;Prima del 1919;Nessuno;Patrimonio indisponibile;Utilizzato direttamente;Attività amministrativa/uffici pubblici;;;;1;False
692788;L219;1212;139;;49.0;FABBRICATO;CORSO NOVARA;SNC;45.0769923;7.7021634;Magazzino e locali di deposito;Prima del 1919;Nessuno;Patrimonio indisponibile;Utilizzato direttamente;Attività amministrativa/uffici pubblici;;;;1;False
692789;L219;1109;713;;250.0;FABBRICATO;via stradella;185;45.100878;7.6673024;Locale commerciale, negozio;Dal 1919 al 1945;Nessuno;Patrimonio indisponibile;Utilizzato direttamente;Attività commerciale e di ristorazione;;;;1;False
692791;L219;1212;141;3;72.0;FABBRICATO;Via Claudio Monteverdi;4;45.0844275;7.70762;Abitazione;Dal 1971 al 1980;Nessuno;Patrimonio indisponibile;Utilizzato direttamente;Alloggio di servizio, foresterie;;;;1;False
692792;L219;1391;23;231;68.0;FABBRICATO;Via Paolo Gaidano;22;45.0402892;7.6267167;Abitazione;Dal 1961 al 1970;Nessuno;Patrimonio indisponibile;Utilizzato direttamente;Altro;;;;1;False
692793;L219;1391;23;234;113.0;FABBRICATO;Via Paolo Gaidano;22;45.0402892;7.6267167;Abitazione;Dal 1961 al 1970;Nessuno;Patrimonio indisponibile;Utilizzato direttamente;Altro;;;;1;False
692794;L219;1391;23;241;116.0;FABBRICATO;Via Paolo Gaidano;22;45.0402892;7.6267167;Abitazione;Dal 1961 al 1970;Nessuno;Patrimonio indisponibile;Utilizzato direttamente;Altro;;;;1;False
692795;L219;1391;23;245;110.0;FABBRICATO;Via Paolo Gaidano;22;45.0402892;7.6267167;Abitazione;Dal 1961 al 1970;Nessuno;Patrimonio indisponibile;Utilizzato direttamente;Altro;;;;1;False
692796;L219;1391;23;246;66.0;FABBRICATO;Via Paolo Gaidano;22;45.0402892;7.6267167;Abitazione;Dal 1961 al 1970;Nessuno;Patrimonio indisponibile;Utilizzato direttamente;Altro;;;;1;False
692797;L219;1391;23;251;90.0;FABBRICATO;Via Paolo Gaidano;22;45.0402892;7.6267167;Abitazione;Dal 1961 al 1970;Nessuno;Patrimonio indisponibile;Utilizzato direttamente;Altro;;;;1;False
692798;L219;1391;23;252;90.0;FABBRICATO;Via Paolo Gaidano;22;45.0402892;7.6267167;Abitazione;Dal 1961 al 1970;Nessuno;Patrimonio indisponibile;Utilizzato direttamente;Altro;;;;1;False
692799;L219;1391;23;253;109.0;FABBRICATO;Via Paolo Gaidano;22;45.0402892;7.6267167;Abitazione;Dal 1961 al 1970;Nessuno;Patrimonio indisponibile;Utilizzato direttamente;Altro;;;;1;False
692800;L219;1391;23;260;87.0;FABBRICATO;Via Paolo Gaidano;22;45.0402892;7.6267167;Abitazione;Dal 1961 al 1970;Nessuno;Patrimonio indisponibile;Utilizzato direttamente;Altro;;;;1;False
692801;L219;1391;23;286;70.0;FABBRICATO;Via Bonfante Pietro;2;45.0402892;7.6267167;Abitazione;Dal 1961 al 1970;Nessuno;Patrimonio indisponibile;Utilizzato direttamente;Altro;;;;1;False
692802;L219;1391;23;290;74.0;FABBRICATO;Via Bonfante Pietro;2;45.0402892;7.6267167;Abitazione;Dal 1961 al 1970;Nessuno;Patrimonio indisponibile;Utilizzato direttamente;Altro;;;;1;False
692803;L219;1391;23;293;80.0;FABBRICATO;Via Bonfante Pietro;2;45.0402892;7.6267167;Abitazione;Dal 1961 al 1970;Nessuno;Patrimonio indisponibile;Utilizzato direttamente;Altro;;;;1;False
692804;L219;1110;364;5;62.0;FABBRICATO;corso potenza;127;45.0992461;7.6588371;Abitazione;Dal 1946 al 1960;Nessuno;Patrimonio indisponibile;Utilizzato direttamente;Altro;;;;1;False
692805;L219;1212;50;5;293.0;FABBRICATO;Via Catania;57;45.0785557;7.7009141;Locale commerciale, negozio;Dal 1961 al 1970;Nessuno;Patrimonio indisponibile;Utilizzato direttamente;Altro;;;;1;False
692806;L219;1391;3;1;89.0;FABBRICATO;corso salvemini gaetano;25;45.0433189;7.6252755;Abitazione;Dal 1961 al 1970;Nessuno;Patrimonio indisponibile;Utilizzato direttamente;Altro;;;;1;False
692807;L219;1391;3;10;90.0;FABBRICATO;corso salvemini gaetano;25;45.0433189;7.6252755;Abitazione;Dal 1961 al 1970;Nessuno;Patrimonio indisponibile;Utilizzato direttamente;Altro;;;;1;False
692808;L219;1391;3;11;89.0;FABBRICATO;corso salvemini gaetano;25;45.0433189;7.6252755;Abitazione;Dal 1961 al 1970;Nessuno;Patrimonio indisponibile;Utilizzato direttamente;Altro;;;;1;False
692809;L219;1391;3;12;90.0;FABBRICATO;corso salvemini gaetano;25;45.0433189;7.6252755;Abitazione;Dal 1961 al 1970;Nessuno;Patrimonio indisponibile;Utilizzato direttamente;Altro;;;;1;False
692810;L219;1391;3;13;88.0;FABBRICATO;corso salvemini gaetano;25;45.0433189;7.6252755;Abitazione;Dal 1961 al 1970;Nessuno;Patrimonio indisponibile;Utilizzato direttamente;Altro;;;;1;False
692811;L219;1391;3;14;91.0;FABBRICATO;corso salvemini gaetano;25;45.0433189;7.6252755;Abitazione;Dal 1961 al 1970;Nessuno;Patrimonio indisponibile;Utilizzato direttamente;Altro;;;;1;False
692812;L219;1391;3;15;89.0;FABBRICATO;corso salvemini gaetano;25;45.0433189;7.6252755;Abitazione;Dal 1961 al 1970;Nessuno;Patrimonio indisponibile;Utilizzato direttamente;Altro;;;;1;False
692813;L219;1391;3;16;91.0;FABBRICATO;corso salvemini gaetano;25;45.0433189;7.6252755;Abitazione;Dal 1961 al 1970;Nessuno;Patrimonio indisponibile;Utilizzato direttamente;Altro;;;;1;False
692814;L219;1391;3;17;88.0;FABBRICATO;corso salvemini gaetano;25;45.0433189;7.6252755;Abitazione;Dal 1961 al 1970;Nessuno;Patrimonio indisponibile;Utilizzato direttamente;Altro;;;;1;False
692815;L219;1391;3;18;91.0;FABBRICATO;corso salvemini gaetano;25;45.0433189;7.6252755;Abitazione;Dal 1961 al 1970;Nessuno;Patrimonio indisponibile;Utilizzato direttamente;Altro;;;;1;False
692816;L219;1391;3;19;89.0;FABBRICATO;corso salvemini gaetano;25;45.0433189;7.6252755;Abitazione;Dal 1961 al 1970;Nessuno;Patrimonio indisponibile;Utilizzato direttamente;Altro;;;;1;False
692817;L219;1391;3;2;91.0;FABBRICATO;corso salvemini gaetano;25;45.0433189;7.6252755;Abitazione;Dal 1961 al 1970;Nessuno;Patrimonio indisponibile;Utilizzato direttamente;Altro;;;;1;False
692818;L219;1391;3;20;91.0;FABBRICATO;corso salvemini gaetano;25;45.0433189;7.6252755;Abitazione;Dal 1961 al 1970;Nessuno;Patrimonio indisponibile;Utilizzato direttamente;Altro;;;;1;False
692819;L219;1391;3;21;90.0;FABBRICATO;corso salvemini gaetano;25;45.0433189;7.6252755;Abitazione;Dal 1961 al 1970;Nessuno;Patrimonio indisponibile;Utilizzato direttamente;Altro;;;;1;False
692820;L219;1391;3;22;89.0;FABBRICATO;corso salvemini gaetano;25;45.0433189;7.6252755;Abitazione;Dal 1961 al 1970;Nessuno;Patrimonio indisponibile;Utilizzato direttamente;Altro;;;;1;False
692821;L219;1391;3;23;91.0;FABBRICATO;corso salvemini gaetano;25;45.0433189;7.6252755;Abitazione;Dal 1961 al 1970;Nessuno;Patrimonio indisponibile;Utilizzato direttamente;Altro;;;;1;False
692822;L219;1391;3;24;89.0;FABBRICATO;corso salvemini gaetano;25;45.0433189;7.6252755;Abitazione;Dal 1961 al 1970;Nessuno;Patrimonio indisponibile;Utilizzato direttamente;Altro;;;;1;False
692823;L219;1391;3;25;92.0;FABBRICATO;corso salvemini gaetano;25;45.0433189;7.6252755;Abitazione;Dal 1961 al 1970;Nessuno;Patrimonio indisponibile;Utilizzato direttamente;Altro;;;;1;False
692824;L219;1391;3;26;88.0;FABBRICATO;corso salvemini gaetano;25;45.0433189;7.6252755;Abitazione;Dal 1961 al 1970;Nessuno;Patrimonio indisponibile;Utilizzato direttamente;Altro;;;;1;False
692825;L219;1391;3;27;90.0;FABBRICATO;corso salvemini gaetano;25;45.0433189;7.6252755;Abitazione;Dal 1961 al 1970;Nessuno;Patrimonio indisponibile;Utilizzato direttamente;Altro;;;;1;False
692826;L219;1391;3;28;93.0;FABBRICATO;corso salvemini gaetano;25;45.0433189;7.6252755;Abitazione;Dal 1961 al 1970;Nessuno;Patrimonio indisponibile;Utilizzato direttamente;Altro;;;;1;False
692827;L219;1391;3;29;92.0;FABBRICATO;corso salvemini gaetano;25;45.0433189;7.6252755;Abitazione;Dal 1961 al 1970;Nessuno;Patrimonio indisponibile;Utilizzato direttamente;Altro;;;;1;False
692828;L219;1391;3;3;89.0;FABBRICATO;corso salvemini gaetano;25;45.0433189;7.6252755;Abitazione;Dal 1961 al 1970;Nessuno;Patrimonio indisponibile;Utilizzato direttamente;Altro;;;;1;False
692829;L219;1391;3;30;89.0;FABBRICATO;corso salvemini gaetano;25;45.0433189;7.6252755;Abitazione;Dal 1961 al 1970;Nessuno;Patrimonio indisponibile;Utilizzato direttamente;Altro;;;;1;False
692830;L219;1391;3;31;90.0;FABBRICATO;corso salvemini gaetano;25;45.0433189;7.6252755;Abitazione;Dal 1961 al 1970;Nessuno;Patrimonio indisponibile;Utilizzato direttamente;Altro;;;;1;False
692831;L219;1391;3;32;88.0;FABBRICATO;corso salvemini gaetano;25;45.0433189;7.6252755;Abitazione;Dal 1961 al 1970;Nessuno;Patrimonio indisponibile;Utilizzato direttamente;Altro;;;;1;False
692832;L219;1391;3;33;90.0;FABBRICATO;corso salvemini gaetano;25;45.0433189;7.6252755;Abitazione;Dal 1961 al 1970;Nessuno;Patrimonio indisponibile;Utilizzato direttamente;Altro;;;;1;False
692833;L219;1391;3;34;90.0;FABBRICATO;corso salvemini gaetano;25;45.0433189;7.6252755;Abitazione;Dal 1961 al 1970;Nessuno;Patrimonio indisponibile;Utilizzato direttamente;Altro;;;;1;False
692834;L219;1391;3;35;93.0;FABBRICATO;corso salvemini gaetano;25;45.0433189;7.6252755;Abitazione;Dal 1961 al 1970;Nessuno;Patrimonio indisponibile;Utilizzato direttamente;Altro;;;;1;False
692835;L219;1391;3;36;89.0;FABBRICATO;corso salvemini gaetano;25;45.0433189;7.6252755;Abitazione;Dal 1961 al 1970;Nessuno;Patrimonio indisponibile;Utilizzato direttamente;Altro;;;;1;False
692836;L219;1391;3;37;89.0;FABBRICATO;corso salvemini gaetano;25;45.0433189;7.6252755;Abitazione;Dal 1961 al 1970;Nessuno;Patrimonio indisponibile;Utilizzato direttamente;Altro;;;;1;False
692837;L219;1391;3;38;88.0;FABBRICATO;corso salvemini gaetano;25;45.0433189;7.6252755;Abitazione;Dal 1961 al 1970;Nessuno;Patrimonio indisponibile;Utilizzato direttamente;Altro;;;;1;False
692838;L219;1391;3;39;92.0;FABBRICATO;corso salvemini gaetano;25;45.0433189;7.6252755;Abitazione;Dal 1961 al 1970;Nessuno;Patrimonio indisponibile;Utilizzato direttamente;Altro;;;;1;False
692839;L219;1391;3;4;91.0;FABBRICATO;corso salvemini gaetano;25;45.0433189;7.6252755;Abitazione;Dal 1961 al 1970;Nessuno;Patrimonio indisponibile;Utilizzato direttamente;Altro;;;;1;False
692840;L219;1391;3;40;89.0;FABBRICATO;corso salvemini gaetano;25;45.0433189;7.6252755;Abitazione;Dal 1961 al 1970;Nessuno;Patrimonio indisponibile;Utilizzato direttamente;Altro;;;;1;False
692841;L219;1391;3;5;88.0;FABBRICATO;corso salvemini gaetano;25;45.0433189;7.6252755;Abitazione;Dal 1961 al 1970;Nessuno;Patrimonio indisponibile;Utilizzato direttamente;Altro;;;;1;False
692842;L219;1391;3;6;90.0;FABBRICATO;corso salvemini gaetano;25;45.0433189;7.6252755;Abitazione;Dal 1961 al 1970;Nessuno;Patrimonio indisponibile;Utilizzato direttamente;Altro;;;;1;False
692843;L219;1391;3;7;88.0;FABBRICATO;corso salvemini gaetano;25;45.0433189;7.6252755;Abitazione;Dal 1961 al 1970;Nessuno;Patrimonio indisponibile;Utilizzato direttamente;Altro;;;;1;False
692844;L219;1391;3;8;91.0;FABBRICATO;corso salvemini gaetano;25;45.0433189;7.6252755;Abitazione;Dal 1961 al 1970;Nessuno;Patrimonio indisponibile;Utilizzato direttamente;Altro;;;;1;False
692845;L219;1391;3;9;88.0;FABBRICATO;corso salvemini gaetano;25;45.0433189;7.6252755;Abitazione;Dal 1961 al 1970;Nessuno;Patrimonio indisponibile;Utilizzato direttamente;Altro;;;;1;False
692846;L219;1212;97;1;71.0;FABBRICATO;Via Carlo Michele Buscalioni;17;45.0769615;7.7010203;Abitazione;Dal 1919 al 1945;Nessuno;Patrimonio indisponibile;Utilizzato direttamente;Altro;;;;1;False
692847;L219;1212;97;10;76.0;FABBRICATO;Via Carlo Michele Buscalioni;17;45.0769615;7.7010203;Abitazione;Dal 1919 al 1945;Nessuno;Patrimonio indisponibile;;Non Dichiarato;in locazione;2399.0;01/12/2022;1;False
692848;L219;1212;97;11;52.0;FABBRICATO;Via Carlo Michele Buscalioni;17;45.0769615;7.7010203;Abitazione;Dal 1919 al 1945;Nessuno;Patrimonio indisponibile;;Non Dichiarato;in locazione;519.0;01/12/2022;1;False
692849;L219;1212;97;12;70.0;FABBRICATO;Via Carlo Michele Buscalioni;17;45.0769615;7.7010203;Abitazione;Dal 1919 al 1945;Nessuno;Patrimonio indisponibile;;Non Dichiarato;in locazione;3847.0;01/07/2021;1;False
692850;L219;1212;97;13;69.0;FABBRICATO;Via Buscalioni Carlo Michele;21;45.0769615;7.7010203;Abitazione;Dal 1919 al 1945;Nessuno;Patrimonio indisponibile;;Non Dichiarato;in locazione;2139.0;01/09/2021;1;False
692851;L219;1212;97;14;53.0;FABBRICATO;Via Buscalioni Carlo Michele;21;45.0769615;7.7010203;Abitazione;Dal 1919 al 1945;Nessuno;Patrimonio indisponibile;Utilizzato direttamente;Altro;;;;1;False
692852;L219;1212;97;15;74.0;FABBRICATO;Via Buscalioni Carlo Michele;21;45.0769615;7.7010203;Abitazione;Dal 1919 al 1945;Nessuno;Patrimonio indisponibile;;Non Dichiarato;in concessione a titolo oneroso;843.0;01/01/2022;1;False
692853;L219;1212;97;16;69.0;FABBRICATO;Via Buscalioni Carlo Michele;21;45.0769615;7.7010203;Abitazione;Dal 1919 al 1945;Nessuno;Patrimonio indisponibile;;Non Dichiarato;in concessione a titolo oneroso;843.0;01/01/2022;1;False
692854;L219;1212;97;17;72.0;FABBRICATO;Via Buscalioni Carlo Michele;21;45.0769615;7.7010203;Abitazione;Dal 1919 al 1945;Nessuno;Patrimonio indisponibile;Utilizzato direttamente;Altro;;;;1;False
692855;L219;1212;97;18;78.0;FABBRICATO;Via Buscalioni Carlo Michele;21;45.0769615;7.7010203;Abitazione;Dal 1919 al 1945;Nessuno;Patrimonio indisponibile;Utilizzato direttamente;Altro;;;;1;False
692856;L219;1212;97;19;54.0;FABBRICATO;Via Buscalioni Carlo Michele;21;45.0769615;7.7010203;Abitazione;Dal 1919 al 1945;Nessuno;Patrimonio indisponibile;Utilizzato direttamente;Altro;;;;1;False
692857;L219;1212;97;2;54.0;FABBRICATO;Via Carlo Michele Buscalioni;17;45.0769615;7.7010203;Abitazione;Dal 1919 al 1945;Nessuno;Patrimonio indisponibile;Utilizzato direttamente;Altro;;;;1;False
692858;L219;1212;97;20;72.0;FABBRICATO;Via Buscalioni Carlo Michele;21;45.0769615;7.7010203;Abitazione;Dal 1919 al 1945;Nessuno;Patrimonio indisponibile;;Non Dichiarato;in locazione;3273.0;01/10/2021;1;False
692859;L219;1212;97;21;72.0;FABBRICATO;Via Buscalioni Carlo Michele;21;45.0769615;7.7010203;Abitazione;Dal 1919 al 1945;Nessuno;Patrimonio indisponibile;;Non Dichiarato;in locazione;1970.0;01/08/2011;1;False
692860;L219;1212;97;22;78.0;FABBRICATO;Via Buscalioni Carlo Michele;21;45.0769615;7.7010203;Abitazione;Dal 1919 al 1945;Nessuno;Patrimonio indisponibile;;Non Dichiarato;in locazione;2534.0;01/10/2021;1;False
692861;L219;1212;97;23;56.0;FABBRICATO;Via Buscalioni Carlo Michele;21;45.0769615;7.7010203;Abitazione;Dal 1919 al 1945;Nessuno;Patrimonio indisponibile;Utilizzato direttamente;Altro;;;;1;False
692862;L219;1212;97;24;70.0;FABBRICATO;Via Buscalioni Carlo Michele;21;45.0769615;7.7010203;Abitazione;Dal 1919 al 1945;Nessuno;Patrimonio indisponibile;;Non Dichiarato;in locazione;801.0;01/01/2022;1;False
692863;L219;1212;97;3;79.0;FABBRICATO;Via Carlo Michele Buscalioni;17;45.0769615;7.7010203;Abitazione;Dal 1919 al 1945;Nessuno;Patrimonio indisponibile;Utilizzato direttamente;Altro;;;;1;False
692864;L219;1212;97;4;72.0;FABBRICATO;Via Carlo Michele Buscalioni;17;45.0769615;7.7010203;Abitazione;Dal 1919 al 1945;Nessuno;Patrimonio indisponibile;;Non Dichiarato;in locazione;2323.0;01/07/2021;1;False
692865;L219;1212;97;5;73.0;FABBRICATO;Via Carlo Michele Buscalioni;17;45.0769615;7.7010203;Abitazione;Dal 1919 al 1945;Nessuno;Patrimonio indisponibile;;Non Dichiarato;in locazione;1941.0;01/11/2011;1;False
692866;L219;1212;97;6;78.0;FABBRICATO;Via Carlo Michele Buscalioni;17;45.0769615;7.7010203;Abitazione;Dal 1919 al 1945;Nessuno;Patrimonio indisponibile;;Non Dichiarato;in concessione a titolo oneroso;995.0;01/10/2021;1;False
692867;L219;1212;97;7;53.0;FABBRICATO;Via Carlo Michele Buscalioni;17;45.0769615;7.7010203;Abitazione;Dal 1919 al 1945;Nessuno;Patrimonio indisponibile;;Non Dichiarato;in locazione;513.0;01/11/2022;1;False
692868;L219;1212;97;8;70.0;FABBRICATO;Via Carlo Michele Buscalioni;17;45.0769615;7.7010203;Abitazione;Dal 1919 al 1945;Nessuno;Patrimonio indisponibile;;Non Dichiarato;in locazione;743.0;01/03/2022;1;False
692869;L219;1212;97;9;73.0;FABBRICATO;Via Carlo Michele Buscalioni;17;45.0769615;7.7010203;Abitazione;Dal 1919 al 1945;Nessuno;Patrimonio indisponibile;;Non Dichiarato;in locazione;2127.0;01/08/2021;1;False
692870;L219;1111;211;2;283.2;FABBRICATO;via pianezza;132;45.09693805;7.64400428;Struttura residenziale collettiva (es.: collegi e convitti, educandati, ricoveri, orfanotrofi, ospizi, conventi, seminari);Prima del 1919;Nessuno;Patrimonio indisponibile;Utilizzato direttamente;Servizi assistenza socio-sanitaria (non residenziali);;;;1;False
692871;L219;1111;211;3;155.0;FABBRICATO;via pianezza;132;45.09693805;7.64400428;Abitazione;Prima del 1919;Nessuno;Patrimonio indisponibile;Utilizzato direttamente;Servizi assistenza socio-sanitaria (non residenziali);;;;1;False
692872;L219;1111;231;;664.4;FABBRICATO;via pianezza;132;45.09627958;7.64443643;Struttura residenziale collettiva (es.: collegi e convitti, educandati, ricoveri, orfanotrofi, ospizi, conventi, seminari);Prima del 1919;Nessuno;Patrimonio indisponibile;Utilizzato direttamente;Servizi assistenza socio-sanitaria (non residenziali);;;;1;False
692873;L219;1111;239;2;5637.5;FABBRICATO;Via Foglizzo;15;45.09682286;7.64857947;Edificio scolastico (es.: scuola di ogni ordine e grado, università, scuola di formazione);Dal 1971 al 1980;Nessuno;Patrimonio indisponibile;Utilizzato direttamente;Attività didattica;;;;1;False
692874;L219;1111;239;3;112.0;FABBRICATO;Via Foglizzo;15;45.09682286;7.64857947;Abitazione;Dal 1971 al 1980;Nessuno;Patrimonio indisponibile;Utilizzato direttamente;Alloggio di servizio, foresterie;;;;1;False
692875;L219;1111;240;1;3099.75;FABBRICATO;corso lombardia;98;45.09567826;7.64741232;Edificio scolastico (es.: scuola di ogni ordine e grado, università, scuola di formazione);Dal 1919 al 1945;Dichiarazione di interesse culturale;Demanio;Utilizzato direttamente;Attività didattica;;;;1;False
692876;L219;1111;240;2;3634.5;FABBRICATO;corso lombardia;98;45.09567826;7.64741232;Edificio scolastico (es.: scuola di ogni ordine e grado, università, scuola di formazione);Dal 1919 al 1945;Dichiarazione di interesse culturale;Demanio;Utilizzato direttamente;Attività didattica;;;;1;False
692877;L219;1111;291;;275.0;FABBRICATO;via pianezza;132;45.09660045;7.64510322;Struttura residenziale collettiva (es.: collegi e convitti, educandati, ricoveri, orfanotrofi, ospizi, conventi, seminari);Prima del 1919;Nessuno;Patrimonio indisponibile;Utilizzato direttamente;Servizi assistenza socio-sanitaria (non residenziali);;;;1;False
692878;L219;1111;299;4;1287.75;FABBRICATO;via terraneo giovanni tommaso;1;45.09766737;7.64494121;Edificio scolastico (es.: scuola di ogni ordine e grado, università, scuola di formazione);Dal 1971 al 1980;Nessuno;Patrimonio indisponibile;Utilizzato direttamente;Attività didattica;;;;1;False
692879;L219;1111;299;5;1652.25;FABBRICATO;via terraneo giovanni tommaso;1;45.09766737;7.64494121;Edificio scolastico (es.: scuola di ogni ordine e grado, università, scuola di formazione);Dal 1971 al 1980;Nessuno;Patrimonio indisponibile;Utilizzato direttamente;Attività didattica;;;;1;False
692882;L219;1111;324;;5000.0;FABBRICATO;corso lombardia;115;45.0980122;7.64746817;Struttura residenziale collettiva (es.: collegi e convitti, educandati, ricoveri, orfanotrofi, ospizi, conventi, seminari);Dal 1971 al 1980;Nessuno;Patrimonio indisponibile;Utilizzato direttamente;Servizi assistenza socio-sanitaria (residenziali);;;;1;False
692883;L219;1111;86;1;15.0;FABBRICATO;corso lombardia;123;45.09856798;7.64830169;Cantina, soffitta, rimessa, box, garage, posto auto aperto/scoperto,;Dal 1946 al 1960;Nessuno;Patrimonio indisponibile;Utilizzato direttamente;Altro;;;;1;False
692884;L219;1111;86;10;15.0;FABBRICATO;corso lombardia;123;45.09856798;7.64830169;Cantina, soffitta, rimessa, box, garage, posto auto aperto/scoperto,;Dal 1946 al 1960;Nessuno;Patrimonio indisponibile;;Non Dichiarato;in locazione;778.0;01/12/2022;1;False
692885;L219;1111;86;11;30.0;FABBRICATO;corso lombardia;123;45.09856798;7.64830169;Cantina, soffitta, rimessa, box, garage, posto auto aperto/scoperto,;Dal 1946 al 1960;Nessuno;Patrimonio indisponibile;;Non Dichiarato;in locazione;1556.0;01/10/2022;1;False
692887;L219;1111;86;13;15.0;FABBRICATO;corso lombardia;123;45.09856798;7.64830169;Cantina, soffitta, rimessa, box, garage, posto auto aperto/scoperto,;Dal 1946 al 1960;Nessuno;Patrimonio indisponibile;;Non Dichiarato;in locazione;1120.0;01/10/2020;1;False
692888;L219;1111;86;14;15.0;FABBRICATO;corso lombardia;123;45.09856798;7.64830169;Cantina, soffitta, rimessa, box, garage, posto auto aperto/scoperto,;Dal 1946 al 1960;Nessuno;Patrimonio indisponibile;;Non Dichiarato;in locazione;845.0;01/12/2021;1;False
692889;L219;1111;86;15;15.0;FABBRICATO;corso lombardia;123;45.09856798;7.64830169;Cantina, soffitta, rimessa, box, garage, posto auto aperto/scoperto,;Dal 1946 al 1960;Nessuno;Patrimonio indisponibile;;Non Dichiarato;in locazione;824.0;01/05/2022;1;False
692890;L219;1111;86;16;15.0;FABBRICATO;corso lombardia;123;45.09856798;7.64830169;Cantina, soffitta, rimessa, box, garage, posto auto aperto/scoperto,;Dal 1946 al 1960;Nessuno;Patrimonio indisponibile;;Non Dichiarato;in locazione;818.0;01/06/2021;1;False
692891;L219;1111;86;17;14.0;FABBRICATO;corso lombardia;123;45.09856798;7.64830169;Cantina, soffitta, rimessa, box, garage, posto auto aperto/scoperto,;Dal 1946 al 1960;Nessuno;Patrimonio indisponibile;;Non Dichiarato;in locazione;778.0;01/10/2022;1;False
692892;L219;1111;86;18;30.0;FABBRICATO;corso lombardia;123;45.09856798;7.64830169;Cantina, soffitta, rimessa, box, garage, posto auto aperto/scoperto,;Dal 1946 al 1960;Nessuno;Patrimonio indisponibile;;Non Dichiarato;in locazione;1150.0;01/12/2018;1;False
692893;L219;1111;86;2;15.0;FABBRICATO;corso lombardia;123;45.09856798;7.64830169;Cantina, soffitta, rimessa, box, garage, posto auto aperto/scoperto,;Dal 1946 al 1960;Nessuno;Patrimonio indisponibile;;Non Dichiarato;in locazione;1104.0;01/07/2020;1;False
692894;L219;1111;86;3;15.0;FABBRICATO;corso lombardia;123;45.09856798;7.64830169;Cantina, soffitta, rimessa, box, garage, posto auto aperto/scoperto,;Dal 1946 al 1960;Nessuno;Patrimonio indisponibile;;Non Dichiarato;in locazione;1104.0;01/07/2020;1;False
692895;L219;1111;86;4;15.0;FABBRICATO;corso lombardia;123;45.09856798;7.64830169;Cantina, soffitta, rimessa, box, garage, posto auto aperto/scoperto,;Dal 1946 al 1960;Nessuno;Patrimonio indisponibile;;Non Dichiarato;in locazione;1154.0;01/03/2019;1;False
692896;L219;1111;86;5;15.0;FABBRICATO;corso lombardia;123;45.09856798;7.64830169;Cantina, soffitta, rimessa, box, garage, posto auto aperto/scoperto,;Dal 1946 al 1960;Nessuno;Patrimonio indisponibile;;Non Dichiarato;in locazione;860.0;01/05/2021;1;False
692897;L219;1111;86;6;15.0;FABBRICATO;corso lombardia;123;45.09856798;7.64830169;Cantina, soffitta, rimessa, box, garage, posto auto aperto/scoperto,;Dal 1946 al 1960;Nessuno;Patrimonio indisponibile;;Non Dichiarato;in locazione;860.0;01/05/2021;1;False
692898;L219;1111;86;7;15.0;FABBRICATO;corso lombardia;123;45.09856798;7.64830169;Cantina, soffitta, rimessa, box, garage, posto auto aperto/scoperto,;Dal 1946 al 1960;Nessuno;Patrimonio indisponibile;;Non Dichiarato;in locazione;778.0;01/10/2022;1;False
692899;L219;1111;86;8;15.0;FABBRICATO;corso lombardia;123;45.09856798;7.64830169;Cantina, soffitta, rimessa, box, garage, posto auto aperto/scoperto,;Dal 1946 al 1960;Nessuno;Patrimonio indisponibile;;Non Dichiarato;in locazione;845.0;01/11/2021;1;False
692900;L219;1111;86;9;15.0;FABBRICATO;corso lombardia;123;45.09856798;7.64830169;Cantina, soffitta, rimessa, box, garage, posto auto aperto/scoperto,;Dal 1946 al 1960;Nessuno;Patrimonio indisponibile;;Non Dichiarato;in locazione;778.0;01/08/2022;1;False
692901;L219;1213;12;1;82.0;FABBRICATO;Lungo Dora Firenze;51;45.07863;7.6908369;Abitazione;Prima del 1919;Dichiarazione di interesse culturale;Demanio;Utilizzato direttamente;Alloggio di servizio, foresterie;;;;1;False
692902;L219;1213;12;2;485.0;FABBRICATO;Lungo Dora Firenze;51;45.07863;7.6908369;Edificio scolastico (es.: scuola di ogni ordine e grado, università, scuola di formazione);Prima del 1919;Dichiarazione di interesse culturale;Demanio;Utilizzato direttamente;Attività didattica;;;;1;False
692906;L219;1392;388;1;3387.75;FABBRICATO;via monte novegno;31;45.0400869;7.6306142;Edificio scolastico (es.: scuola di ogni ordine e grado, università, scuola di formazione);Dal 1991 al 2000;Nessuno;Patrimonio indisponibile;Utilizzato direttamente;Attività didattica;;;;1;False
692907;L219;1392;388;2;89.0;FABBRICATO;via monte novegno;31;45.0400869;7.6306142;Abitazione;Dal 1971 al 1980;Nessuno;Patrimonio indisponibile;Utilizzato direttamente;Alloggio di servizio, foresterie;;;;1;False
692908;L219;1392;75;1;150.0;FABBRICATO;Via Ragusa;27;45.0424944;7.6304248;Impianto sportivo;Dopo il 2010;Nessuno;Patrimonio indisponibile;Utilizzato direttamente;Attività sportiva, ricreativa e di intrattenimento;;;;1;False
692909;L219;1393;1;2;1205.75;FABBRICATO;corso orbassano;224 26;45.0423535;7.6349878;Edificio scolastico (es.: scuola di ogni ordine e grado, università, scuola di formazione);Dal 1971 al 1980;Nessuno;Patrimonio indisponibile;Utilizzato direttamente;Attività didattica;;;;1;False
692910;L219;1393;1;3;83.0;FABBRICATO;corso orbassano;224 26;45.0423535;7.6349878;Abitazione;Dal 1971 al 1980;Nessuno;Patrimonio indisponibile;Utilizzato direttamente;Alloggio di servizio, foresterie;;;;1;False
692911;L219;1393;213;1;126.0;FABBRICATO;via s. marino;107;45.0398166;7.6378494;Abitazione;Dal 1961 al 1970;Nessuno;Patrimonio indisponibile;Utilizzato direttamente;Alloggio di servizio, foresterie;;;;1;False
692912;L219;1393;213;2;4010.75;FABBRICATO;via s. marino;107;45.0398166;7.6378494;Edificio scolastico (es.: scuola di ogni ordine e grado, università, scuola di formazione);Dal 1961 al 1970;Nessuno;Patrimonio indisponibile;Utilizzato direttamente;Attività didattica;;;;1;False
692913;L219;1217;17;1;15.0;FABBRICATO;Piazza della Repubblica;13;45.0780164;7.6829377;Locale commerciale, negozio;Prima del 1919;Nessuno;Patrimonio indisponibile;Non utilizzato;Non Dichiarato;;;;1;False
692914;L219;1217;17;10;5.0;FABBRICATO;Piazza della Repubblica;13;45.0780164;7.6829377;Cantina, soffitta, rimessa, box, garage, posto auto aperto/scoperto,;Prima del 1919;Nessuno;Patrimonio indisponibile;Non utilizzato;Non Dichiarato;;;;1;False
692915;L219;1217;17;11;35.0;FABBRICATO;Piazza della Repubblica;13;45.0780164;7.6829377;Cantina, soffitta, rimessa, box, garage, posto auto aperto/scoperto,;Prima del 1919;Nessuno;Patrimonio indisponibile;Non utilizzato;Non Dichiarato;;;;1;False
692916;L219;1217;17;12;23.0;FABBRICATO;Piazza della Repubblica;13;45.0780164;7.6829377;Cantina, soffitta, rimessa, box, garage, posto auto aperto/scoperto,;Prima del 1919;Nessuno;Patrimonio indisponibile;Non utilizzato;Non Dichiarato;;;;1;False
692917;L219;1217;17;13;45.0;FABBRICATO;Piazza della Repubblica;13;45.0780164;7.6829377;Magazzino e locali di deposito;Prima del 1919;Nessuno;Patrimonio indisponibile;Non utilizzato;Non Dichiarato;;;;1;False
692918;L219;1217;17;14;23.0;FABBRICATO;Piazza della Repubblica;13;45.0780164;7.6829377;Cantina, soffitta, rimessa, box, garage, posto auto aperto/scoperto,;Prima del 1919;Nessuno;Patrimonio indisponibile;Non utilizzato;Non Dichiarato;;;;1;False
692919;L219;1217;17;15;56.0;FABBRICATO;Piazza della Repubblica;13;45.0780164;7.6829377;Magazzino e locali di deposito;Prima del 1919;Nessuno;Patrimonio indisponibile;Non utilizzato;Non Dichiarato;;;;1;False
692920;L219;1217;17;16;42.0;FABBRICATO;Piazza della Repubblica;13;45.0780164;7.6829377;Magazzino e locali di deposito;Prima del 1919;Nessuno;Patrimonio indisponibile;Non utilizzato;Non Dichiarato;;;;1;False
692921;L219;1217;17;17;4.0;FABBRICATO;Piazza della Repubblica;13;45.0780164;7.6829377;Cantina, soffitta, rimessa, box, garage, posto auto aperto/scoperto,;Prima del 1919;Nessuno;Patrimonio indisponibile;Non utilizzato;Non Dichiarato;;;;1;False
692922;L219;1217;17;18;93.0;FABBRICATO;Piazza della Repubblica;13;45.0780164;7.6829377;Abitazione;Prima del 1919;Nessuno;Patrimonio indisponibile;Non utilizzato;Non Dichiarato;;;;1;False
692923;L219;1217;17;19;98.0;FABBRICATO;Piazza della Repubblica;13;45.0780164;7.6829377;Abitazione;Prima del 1919;Nessuno;Patrimonio indisponibile;Non utilizzato;Non Dichiarato;;;;1;False
692924;L219;1217;17;2;18.0;FABBRICATO;Piazza della Repubblica;13;45.0780164;7.6829377;Locale commerciale, negozio;Prima del 1919;Nessuno;Patrimonio indisponibile;Non utilizzato;Non Dichiarato;;;;1;False
692925;L219;1217;17;20;89.0;FABBRICATO;Piazza della Repubblica;13;45.0780164;7.6829377;Abitazione;Prima del 1919;Nessuno;Patrimonio indisponibile;Non utilizzato;Non Dichiarato;;;;1;False
692926;L219;1217;17;21;49.0;FABBRICATO;Piazza della Repubblica;13;45.0780164;7.6829377;Abitazione;Prima del 1919;Nessuno;Patrimonio indisponibile;Non utilizzato;Non Dichiarato;;;;1;False
692927;L219;1217;17;22;46.0;FABBRICATO;Piazza della Repubblica;13;45.0780164;7.6829377;Abitazione;Prima del 1919;Nessuno;Patrimonio indisponibile;Non utilizzato;Non Dichiarato;;;;1;False
692928;L219;1217;17;23;62.0;FABBRICATO;Piazza della Repubblica;13;45.0780164;7.6829377;Abitazione;Prima del 1919;Nessuno;Patrimonio indisponibile;Non utilizzato;Non Dichiarato;;;;1;False
692929;L219;1217;17;24;64.0;FABBRICATO;Piazza della Repubblica;13;45.0780164;7.6829377;Abitazione;Prima del 1919;Nessuno;Patrimonio indisponibile;Non utilizzato;Non Dichiarato;;;;1;False
692930;L219;1217;17;25;52.0;FABBRICATO;Piazza della Repubblica;13;45.0780164;7.6829377;Abitazione;Prima del 1919;Nessuno;Patrimonio indisponibile;Non utilizzato;Non Dichiarato;;;;1;False
692931;L219;1217;17;26;47.0;FABBRICATO;Piazza della Repubblica;13;45.0780164;7.6829377;Abitazione;Prima del 1919;Nessuno;Patrimonio indisponibile;Non utilizzato;Non Dichiarato;;;;1;False
692932;L219;1217;17;27;47.0;FABBRICATO;Piazza della Repubblica;13;45.0780164;7.6829377;Abitazione;Prima del 1919;Nessuno;Patrimonio indisponibile;Non utilizzato;Non Dichiarato;;;;1;False
692933;L219;1217;17;28;60.0;FABBRICATO;Piazza della Repubblica;13;45.0780164;7.6829377;Abitazione;Prima del 1919;Nessuno;Patrimonio indisponibile;Non utilizzato;Non Dichiarato;;;;1;False
692934;L219;1217;17;29;63.0;FABBRICATO;Piazza della Repubblica;13;45.0780164;7.6829377;Abitazione;Prima del 1919;Nessuno;Patrimonio indisponibile;Non utilizzato;Non Dichiarato;;;;1;False
692935;L219;1217;17;3;70.0;FABBRICATO;Piazza della Repubblica;13;45.0780164;7.6829377;Locale commerciale, negozio;Prima del 1919;Nessuno;Patrimonio indisponibile;Non utilizzato;Non Dichiarato;;;;1;False
692936;L219;1217;17;30;54.0;FABBRICATO;Piazza della Repubblica;13;45.0780164;7.6829377;Abitazione;Prima del 1919;Nessuno;Patrimonio indisponibile;Non utilizzato;Non Dichiarato;;;;1;False
692937;L219;1217;17;4;36.0;FABBRICATO;Piazza della Repubblica;13;45.0780164;7.6829377;Locale commerciale, negozio;Prima del 1919;Nessuno;Patrimonio indisponibile;Non utilizzato;Non Dichiarato;;;;1;False
692938;L219;1217;17;5;9.0;FABBRICATO;Piazza della Repubblica;13;45.0780164;7.6829377;Locale commerciale, negozio;Prima del 1919;Nessuno;Patrimonio indisponibile;Non utilizzato;Non Dichiarato;;;;1;False
692939;L219;1217;17;6;4.0;FABBRICATO;Piazza della Repubblica;13;45.0780164;7.6829377;Cantina, soffitta, rimessa, box, garage, posto auto aperto/scoperto,;Prima del 1919;Nessuno;Patrimonio indisponibile;Non utilizzato;Non Dichiarato;;;;1;False
692940;L219;1217;17;7;96.0;FABBRICATO;Piazza della Repubblica;13;45.0780164;7.6829377;Abitazione;Prima del 1919;Nessuno;Patrimonio indisponibile;Non utilizzato;Non Dichiarato;;;;1;False
692941;L219;1217;17;8;4.0;FABBRICATO;Piazza della Repubblica;13;45.0780164;7.6829377;Cantina, soffitta, rimessa, box, garage, posto auto aperto/scoperto,;Prima del 1919;Nessuno;Patrimonio indisponibile;Non utilizzato;Non Dichiarato;;;;1;False
692942;L219;1217;17;9;3.0;FABBRICATO;Piazza della Repubblica;13;45.0780164;7.6829377;Cantina, soffitta, rimessa, box, garage, posto auto aperto/scoperto,;Prima del 1919;Nessuno;Patrimonio indisponibile;Non utilizzato;Non Dichiarato;;;;1;False
692943;L219;1394;18;24;56.0;FABBRICATO;via tripoli;100;45.0436835;7.6446488;Abitazione;Dal 1946 al 1960;Nessuno;Patrimonio indisponibile;Utilizzato direttamente;Altro;;;;1;False
692944;L219;1394;338;2;1261.25;FABBRICATO;via boston;33;45.0397652;7.6416732;Edificio scolastico (es.: scuola di ogni ordine e grado, università, scuola di formazione);Dal 1971 al 1980;Nessuno;Patrimonio indisponibile;Utilizzato direttamente;Attività didattica;;;;1;False
692945;L219;1394;338;3;84.0;FABBRICATO;via boston;33;45.0397652;7.6416732;Abitazione;Dal 1971 al 1980;Nessuno;Patrimonio indisponibile;Utilizzato direttamente;Alloggio di servizio, foresterie;;;;1;False
692946;L219;1394;338;5;127.0;FABBRICATO;via boston;31 1;45.0397652;7.6416732;Impianto sportivo;Dal 1981 al 1990;Nessuno;Patrimonio indisponibile;Utilizzato direttamente;Attività sportiva, ricreativa e di intrattenimento;;;;1;False
692947;L219;1394;338;6;80.0;FABBRICATO;via boston;33;45.0397652;7.6416732;Impianto sportivo;Dal 1981 al 1990;Nessuno;Patrimonio indisponibile;Utilizzato direttamente;Attività sportiva, ricreativa e di intrattenimento;;;;1;False
692948;L219;1394;343;4;6634.75;FABBRICATO;Via Filippo Acciarini;20;45.0410253;7.6416285;Edificio scolastico (es.: scuola di ogni ordine e grado, università, scuola di formazione);Dal 1971 al 1980;Nessuno;Patrimonio indisponibile;Utilizzato direttamente;Attività didattica;;;;1;False
692949;L219;1394;343;5;121.0;FABBRICATO;Via Boston;46;45.0410253;7.6416285;Abitazione;Dal 1971 al 1980;Nessuno;Patrimonio indisponibile;Utilizzato direttamente;Alloggio di servizio, foresterie;;;;1;False
692950;L219;1395;7;1;4491.0;FABBRICATO;Via Filadelfia;123;45.0417323;7.6445984;Edificio scolastico (es.: scuola di ogni ordine e grado, università, scuola di formazione);Dal 1971 al 1980;Nessuno;Patrimonio indisponibile;Utilizzato direttamente;Attività didattica;;;;1;False
692951;L219;1395;7;2;80.0;FABBRICATO;Via Filadelfia;131;45.0417323;7.6445984;Abitazione;Dal 1971 al 1980;Nessuno;Patrimonio indisponibile;Utilizzato direttamente;Alloggio di servizio, foresterie;;;;1;False
692953;L219;1396;25;19;53.0;FABBRICATO;Via Castagnevizza;21;45.0437962;7.6463965;Abitazione;Dal 1946 al 1960;Nessuno;Patrimonio indisponibile;;Non Dichiarato;in locazione;1883.0;01/06/2012;1;False
692954;L219;1397;26;;5000.0;FABBRICATO;via s. marino;30;45.0372283;7.6473557;Struttura residenziale collettiva (es.: collegi e convitti, educandati, ricoveri, orfanotrofi, ospizi, conventi, seminari);Dal 1961 al 1970;Nessuno;Patrimonio indisponibile;Utilizzato direttamente;Servizi assistenza socio-sanitaria (residenziali);;;;1;False
692955;L219;1397;59;5;1269.2;FABBRICATO;Via Arnaldo da Brescia;53;45.035085;7.6514414;Struttura residenziale collettiva (es.: collegi e convitti, educandati, ricoveri, orfanotrofi, ospizi, conventi, seminari);Dal 1971 al 1980;Nessuno;Patrimonio indisponibile;Non utilizzato;Non Dichiarato;;;;1;False
692956;L219;1398;24;1;80.0;FABBRICATO;corso sebastopoli;81;45.0418859;7.6538793;Abitazione;Dal 1919 al 1945;Dichiarazione di interesse culturale;Demanio;Utilizzato direttamente;Alloggio di servizio, foresterie;;;;1;False
692958;L219;1398;24;3;88.0;FABBRICATO;corso sebastopoli;81;45.0418859;7.6538793;Abitazione;Dal 1919 al 1945;Dichiarazione di interesse culturale;Demanio;Utilizzato direttamente;Alloggio di servizio, foresterie;;;;1;False
692959;L219;1398;24;4;64.0;FABBRICATO;corso sebastopoli;81;45.0418859;7.6538793;Abitazione;Dal 1919 al 1945;Dichiarazione di interesse culturale;Demanio;Utilizzato direttamente;Alloggio di servizio, foresterie;;;;1;False
692960;L219;1398;24;5;64.0;FABBRICATO;corso sebastopoli;81;45.0418859;7.6538793;Abitazione;Dal 1919 al 1945;Dichiarazione di interesse culturale;Demanio;Utilizzato direttamente;Alloggio di servizio, foresterie;;;;1;False
692961;L219;1398;24;6;64.0;FABBRICATO;corso sebastopoli;81;45.0418859;7.6538793;Abitazione;Dal 1919 al 1945;Dichiarazione di interesse culturale;Demanio;Utilizzato direttamente;Alloggio di servizio, foresterie;;;;1;False
692966;L219;1217;170;;56.0;FABBRICATO;Piazza della Repubblica;8;45.0757631;7.6848046;Magazzino e locali di deposito;Prima del 1919;Dichiarazione di interesse culturale;Patrimonio indisponibile;Utilizzato direttamente;Altro;;;;1;False
692967;L219;1217;174;10;10.0;FABBRICATO;Piazza della Repubblica;8;45.0754578;7.6845727;Cantina, soffitta, rimessa, box, garage, posto auto aperto/scoperto,;Prima del 1919;Dichiarazione di interesse culturale;Patrimonio indisponibile;Utilizzato direttamente;Altro;;;;1;False
692968;L219;1217;174;7;137.0;FABBRICATO;piazza cesare augusto;15 A;45.0754578;7.6845727;Locale commerciale, negozio;Prima del 1919;Dichiarazione di interesse culturale;Patrimonio indisponibile;Utilizzato direttamente;Attività commerciale e di ristorazione;;;;1;False
692969;L219;1217;174;8;80.0;FABBRICATO;Piazza della Repubblica;8;45.0754578;7.6845727;Magazzino e locali di deposito;Prima del 1919;Dichiarazione di interesse culturale;Patrimonio indisponibile;Utilizzato direttamente;Altro;;;;1;False
692970;L219;1217;174;9;36.0;FABBRICATO;Piazza della Repubblica;8;45.0754578;7.6845727;Magazzino e locali di deposito;Prima del 1919;Dichiarazione di interesse culturale;Patrimonio indisponibile;Utilizzato direttamente;Altro;;;;1;False
692974;L219;1217;183;100;119.0;FABBRICATO;Via Franco Bonelli;12;45.0761307;7.6806403;Abitazione;Prima del 1919;Nessuno;Patrimonio indisponibile;Utilizzato direttamente;Altro;;;;1;False
692975;L219;1217;183;101;272.0;FABBRICATO;Via Franco Bonelli;12;45.0761307;7.6806403;Abitazione;Prima del 1919;Nessuno;Patrimonio indisponibile;Utilizzato direttamente;Altro;;;;1;False
692976;L219;1217;183;102;89.0;FABBRICATO;Via Franco Bonelli;12;45.0761307;7.6806403;Abitazione;Prima del 1919;Nessuno;Patrimonio indisponibile;Utilizzato direttamente;Altro;;;;1;False
692977;L219;1217;183;103;99.0;FABBRICATO;Via Franco Bonelli;12;45.0761307;7.6806403;Abitazione;Prima del 1919;Nessuno;Patrimonio indisponibile;Utilizzato direttamente;Altro;;;;1;False
692978;L219;1217;183;104;116.0;FABBRICATO;Via Franco Bonelli;12;45.0761307;7.6806403;Abitazione;Prima del 1919;Nessuno;Patrimonio indisponibile;Utilizzato direttamente;Altro;;;;1;False
692979;L219;1217;183;106;119.0;FABBRICATO;Via Franco Bonelli;12;45.0761307;7.6806403;Abitazione;Prima del 1919;Nessuno;Patrimonio indisponibile;Utilizzato direttamente;Altro;;;;1;False
692980;L219;1217;183;107;119.0;FABBRICATO;Via Franco Bonelli;12;45.0761307;7.6806403;Abitazione;Prima del 1919;Nessuno;Patrimonio indisponibile;Utilizzato direttamente;Altro;;;;1;False
692981;L219;1217;183;108;120.0;FABBRICATO;Via Franco Bonelli;12;45.0761307;7.6806403;Abitazione;Prima del 1919;Nessuno;Patrimonio indisponibile;Utilizzato direttamente;Altro;;;;1;False
692982;L219;1217;183;109;265.0;FABBRICATO;Via Franco Bonelli;12;45.0761307;7.6806403;Abitazione;Prima del 1919;Nessuno;Patrimonio indisponibile;Utilizzato direttamente;Altro;;;;1;False
692983;L219;1217;183;110;118.0;FABBRICATO;Via Franco Bonelli;12;45.0761307;7.6806403;Abitazione;Prima del 1919;Nessuno;Patrimonio indisponibile;Utilizzato direttamente;Altro;;;;1;False
692984;L219;1217;183;111;89.0;FABBRICATO;Via Franco Bonelli;12;45.0761307;7.6806403;Abitazione;Prima del 1919;Nessuno;Patrimonio indisponibile;Utilizzato direttamente;Altro;;;;1;False
692985;L219;1217;183;112;99.0;FABBRICATO;Via Franco Bonelli;12;45.0761307;7.6806403;Abitazione;Prima del 1919;Nessuno;Patrimonio indisponibile;Utilizzato direttamente;Altro;;;;1;False
692986;L219;1217;183;113;117.0;FABBRICATO;Via Franco Bonelli;12;45.0761307;7.6806403;Abitazione;Prima del 1919;Nessuno;Patrimonio indisponibile;Utilizzato direttamente;Altro;;;;1;False
692987;L219;1217;183;114;291.0;FABBRICATO;Via Franco Bonelli;12;45.0761307;7.6806403;Abitazione;Prima del 1919;Nessuno;Patrimonio indisponibile;Utilizzato direttamente;Altro;;;;1;False
692988;L219;1217;183;115;89.0;FABBRICATO;Via Franco Bonelli;12;45.0761307;7.6806403;Abitazione;Prima del 1919;Nessuno;Patrimonio indisponibile;Utilizzato direttamente;Altro;;;;1;False
692989;L219;1217;183;116;120.0;FABBRICATO;Via Franco Bonelli;12;45.0761307;7.6806403;Abitazione;Prima del 1919;Nessuno;Patrimonio indisponibile;Utilizzato direttamente;Altro;;;;1;False
692990;L219;1217;183;117;168.0;FABBRICATO;Via Franco Bonelli;12;45.0761307;7.6806403;Abitazione;Prima del 1919;Nessuno;Patrimonio indisponibile;Utilizzato direttamente;Altro;;;;1;False
692991;L219;1217;183;18;98.0;FABBRICATO;Via Franco Bonelli;12;45.0761307;7.6806403;Abitazione;Prima del 1919;Nessuno;Patrimonio indisponibile;Utilizzato direttamente;Altro;;;;1;False
692992;L219;1217;183;235;28.0;FABBRICATO;Via Franco Bonelli;12;45.0761307;7.6806403;Cantina, soffitta, rimessa, box, garage, posto auto aperto/scoperto,;Prima del 1919;Nessuno;Patrimonio indisponibile;Utilizzato direttamente;Altro;;;;1;False
692993;L219;1217;183;236;19.0;FABBRICATO;Via Franco Bonelli;12;45.0761307;7.6806403;Cantina, soffitta, rimessa, box, garage, posto auto aperto/scoperto,;Prima del 1919;Nessuno;Patrimonio indisponibile;Utilizzato direttamente;Altro;;;;1;False
692994;L219;1217;183;82;90.0;FABBRICATO;Via Franco Bonelli;12;45.0761307;7.6806403;Abitazione;Prima del 1919;Nessuno;Patrimonio indisponibile;Utilizzato direttamente;Altro;;;;1;False
692995;L219;1217;183;84;98.0;FABBRICATO;Via Franco Bonelli;12;45.0761307;7.6806403;Abitazione;Prima del 1919;Nessuno;Patrimonio indisponibile;Utilizzato direttamente;Altro;;;;1;False
693004;L219;1399;207;1;8413.25;FABBRICATO;via paoli pasquale;15;45.0370577;7.6545663;Edificio scolastico (es.: scuola di ogni ordine e grado, università, scuola di formazione);Dal 1961 al 1970;Nessuno;Patrimonio indisponibile;Utilizzato direttamente;Attività didattica;;;;1;False
693005;L219;1399;207;2;117.0;FABBRICATO;via reduzzi cesare;8;45.0370577;7.6545663;Abitazione;Dal 1961 al 1970;Nessuno;Patrimonio indisponibile;Utilizzato direttamente;Alloggio di servizio, foresterie;;;;1;False
693006;L219;1399;207;3;106.0;FABBRICATO;Via Tunisi;102;45.0370577;7.6545663;Abitazione;Dal 1961 al 1970;Nessuno;Patrimonio indisponibile;Utilizzato direttamente;Alloggio di servizio, foresterie;;;;1;False
693007;L219;1399;210;2;80.0;FABBRICATO;via montevideo;17;45.0366602;7.6543006;Abitazione;Dal 1919 al 1945;Dichiarazione di interesse culturale;Demanio;Utilizzato direttamente;Alloggio di servizio, foresterie;;;;1;False
693008;L219;1399;6;1;334.75;FABBRICATO;corso unione sovietica;170;45.0412854;7.6552376;Edificio scolastico (es.: scuola di ogni ordine e grado, università, scuola di formazione);Prima del 1919;Nessuno;Patrimonio indisponibile;Utilizzato direttamente;Attività didattica;;;;1;False
693009;L219;1399;6;2;183.75;FABBRICATO;corso unione sovietica;170;45.0412854;7.6552376;Edificio scolastico (es.: scuola di ogni ordine e grado, università, scuola di formazione);Prima del 1919;Nessuno;Patrimonio indisponibile;Utilizzato direttamente;Attività didattica;;;;1;False
693010;L219;1399;6;3;98.0;FABBRICATO;corso unione sovietica;170;45.0412854;7.6552376;Abitazione;Prima del 1919;Nessuno;Patrimonio indisponibile;Utilizzato direttamente;Alloggio di servizio, foresterie;;;;1;False
693011;L219;1399;6;4;137.0;FABBRICATO;corso unione sovietica;170;45.0412854;7.6552376;Abitazione;Prima del 1919;Nessuno;Patrimonio indisponibile;Utilizzato direttamente;Alloggio di servizio, foresterie;;;;1;False
693012;L219;1217;211;42;69.0;FABBRICATO;Via Franco Bonelli;0;45.075871;7.6814519;Abitazione;Prima del 1919;Nessuno;Patrimonio indisponibile;Utilizzato direttamente;Altro;;;;1;False
693013;L219;1217;211;44;69.0;FABBRICATO;Via Franco Bonelli;0;45.075871;7.6814519;Abitazione;Prima del 1919;Nessuno;Patrimonio indisponibile;Utilizzato direttamente;Altro;;;;1;False
693014;L219;1217;211;46;68.0;FABBRICATO;Via Franco Bonelli;0;45.075871;7.6814519;Abitazione;Prima del 1919;Nessuno;Patrimonio indisponibile;Utilizzato direttamente;Altro;;;;1;False
693015;L219;1217;211;48;70.0;FABBRICATO;Via Franco Bonelli;2;45.075871;7.6814519;Abitazione;Prima del 1919;Nessuno;Patrimonio indisponibile;Utilizzato direttamente;Altro;;;;1;False
693016;L219;1217;211;50;90.0;FABBRICATO;Via Franco Bonelli;4;45.075871;7.6814519;Abitazione;Prima del 1919;Nessuno;Patrimonio indisponibile;Utilizzato direttamente;Altro;;;;1;False
693017;L219;1217;211;51;90.0;FABBRICATO;Via Franco Bonelli;4;45.075871;7.6814519;Abitazione;Prima del 1919;Nessuno;Patrimonio indisponibile;Utilizzato direttamente;Altro;;;;1;False
693018;L219;1217;211;52;90.0;FABBRICATO;Via Franco Bonelli;4;45.075871;7.6814519;Abitazione;Prima del 1919;Nessuno;Patrimonio indisponibile;Utilizzato direttamente;Altro;;;;1;False
693019;L219;1217;211;53;90.0;FABBRICATO;Via Franco Bonelli;4;45.075871;7.6814519;Abitazione;Prima del 1919;Nessuno;Patrimonio indisponibile;Utilizzato direttamente;Altro;;;;1;False
693020;L219;1217;211;54;90.0;FABBRICATO;Via Franco Bonelli;4;45.075871;7.6814519;Abitazione;Prima del 1919;Nessuno;Patrimonio indisponibile;Utilizzato direttamente;Altro;;;;1;False
693021;L219;1402;381;2;18.0;FABBRICATO;via pettinati luigi;10;45.03249046;7.67264988;Magazzino e locali di deposito;Dopo il 2010;Nessuno;Patrimonio indisponibile;Non utilizzato;Non Dichiarato;;;;1;False
693022;L219;1402;381;3;10.0;FABBRICATO;via pettinati luigi;10;45.03249046;7.67264988;Magazzino e locali di deposito;Dopo il 2010;Nessuno;Patrimonio indisponibile;Non utilizzato;Non Dichiarato;;;;1;False
693023;L219;1402;381;4;64.0;FABBRICATO;via pettinati luigi;10;45.03249046;7.67264988;Magazzino e locali di deposito;Dopo il 2010;Nessuno;Patrimonio indisponibile;Non utilizzato;Non Dichiarato;;;;1;False
693024;L219;1402;381;5;28.0;FABBRICATO;via pettinati luigi;10;45.03249046;7.67264988;Magazzino e locali di deposito;Dopo il 2010;Nessuno;Patrimonio indisponibile;Non utilizzato;Non Dichiarato;;;;1;False
693025;L219;1402;381;6;18.0;FABBRICATO;via pettinati luigi;10;45.03249046;7.67264988;Magazzino e locali di deposito;Dopo il 2010;Nessuno;Patrimonio indisponibile;Non utilizzato;Non Dichiarato;;;;1;False
693026;L219;1402;381;7;266.0;FABBRICATO;via pettinati luigi;10;45.03249046;7.67264988;Impianto sportivo;Dopo il 2010;Nessuno;Patrimonio indisponibile;Non utilizzato;Non Dichiarato;;;;1;False
693027;L219;1217;212;13;134.0;FABBRICATO;Via Gian Francesco Bellezia;35;45.0758239;7.6816937;Abitazione;Prima del 1919;Nessuno;Patrimonio indisponibile;Utilizzato direttamente;Altro;;;;1;False
693028;L219;1217;212;14;133.0;FABBRICATO;Via Gian Francesco Bellezia;35;45.0758239;7.6816937;Abitazione;Prima del 1919;Nessuno;Patrimonio indisponibile;Utilizzato direttamente;Altro;;;;1;False
693029;L219;1217;212;15;133.0;FABBRICATO;Via Gian Francesco Bellezia;35;45.0758239;7.6816937;Abitazione;Prima del 1919;Nessuno;Patrimonio indisponibile;Utilizzato direttamente;Altro;;;;1;False
693030;L219;1217;212;3;131.0;FABBRICATO;Via Gian Francesco Bellezia;35;45.0758239;7.6816937;Abitazione;Prima del 1919;Nessuno;Patrimonio indisponibile;Utilizzato direttamente;Altro;;;;1;False
693031;L219;1402;471;;1097.5;FABBRICATO;via garessio;24 5;45.03053168;7.67038152;Edificio scolastico (es.: scuola di ogni ordine e grado, università, scuola di formazione);Dal 1971 al 1980;Nessuno;Patrimonio indisponibile;Utilizzato direttamente;Attività didattica;;;;1;False
693034;L219;1403;16;2;78.0;FABBRICATO;VIA MILLEFONTI;SNC;45.0335857;7.6772412;Abitazione;Dal 1946 al 1960;Nessuno;Patrimonio indisponibile;Utilizzato direttamente;Alloggio di servizio, foresterie;;;;1;False
693035;L219;1217;276;;10.0;FABBRICATO;Piazza della Repubblica;1;45.0754148;7.6825956;Locale commerciale, negozio;Dal 2001 al 2010;Nessuno;Patrimonio indisponibile;Utilizzato direttamente;Attività commerciale e di ristorazione;;;;1;False
693036;L219;1403;22;105;18000.0;FABBRICATO;corso unita' d'italia;40;45.0318087;7.6736024;Edificio scolastico (es.: scuola di ogni ordine e grado, università, scuola di formazione);Dal 1946 al 1960;Nessuno;Patrimonio indisponibile;Utilizzato direttamente;Attività artistica e culturale;;;;1;False
693040;L219;1405;203;2;53.0;FABBRICATO;piazza muzio scevola;2;45.0397847;7.6792563;Abitazione;Dal 1946 al 1960;Nessuno;Patrimonio indisponibile;Utilizzato direttamente;Alloggio di servizio, foresterie;;;;1;False
693041;L219;1112;149;1;94.0;FABBRICATO;via pianezza;176 C;45.0971187;7.6424388;Abitazione;Dal 1971 al 1980;Nessuno;Patrimonio indisponibile;Utilizzato direttamente;Altro;;;;1;False
693042;L219;1112;149;9;94.0;FABBRICATO;via pianezza;176 C;45.0971187;7.6424388;Abitazione;Dal 1971 al 1980;Nessuno;Patrimonio indisponibile;Utilizzato direttamente;Altro;;;;1;False
693043;L219;1405;217;;552.4;FABBRICATO;corso moncalieri;262;45.0364092;7.6800266;Ospedali, case di cura, cliniche e assimilabili;Dal 2001 al 2010;Nessuno;Patrimonio indisponibile;;Non Dichiarato;in concessione a titolo oneroso;120.0;01/11/2008;1;False
693045;L219;1408;1;1;93.75;FABBRICATO;Strada Antica di San Vito;126;45.0430681;7.6969299;Edificio scolastico (es.: scuola di ogni ordine e grado, università, scuola di formazione);Prima del 1919;Nessuno;Patrimonio indisponibile;Utilizzato direttamente;Altro;;;;1;False
693046;L219;1408;1;2;60.0;FABBRICATO;Strada Antica di San Vito;126;45.0430681;7.6969299;Abitazione;Prima del 1919;Nessuno;Patrimonio indisponibile;Utilizzato direttamente;Altro;;;;1;False
693047;L219;1408;1;3;62.0;FABBRICATO;Strada Antica di San Vito;126;45.0430681;7.6969299;Abitazione;Prima del 1919;Nessuno;Patrimonio indisponibile;;Non Dichiarato;in concessione a titolo oneroso;1534.0;01/01/2004;1;False
693049;L219;1113;14;2;40.0;FABBRICATO;Via Pietro Cossa;301;45.0962759;7.633533;Abitazione;Prima del 1919;Dichiarazione di interesse culturale;Patrimonio indisponibile;Non utilizzato;Non Dichiarato;;;;1;False
693050;L219;1411;110;;80.0;FABBRICATO;STRADA COM. DI S. VITO-REVIGLIASCO;SNC;45.0302375;7.7095957;Abitazione;Dal 1919 al 1945;Nessuno;Patrimonio indisponibile;Utilizzato direttamente;Alloggio di servizio, foresterie;;;;1;False
693052;L219;1113;7;2;120.0;FABBRICATO;Piazza Cirene;230;45.097647;7.6342073;Abitazione;Prima del 1919;Dichiarazione di interesse culturale;Demanio;;Non Dichiarato;in locazione;15910.0;01/10/2008;1;False
693054;L219;1217;165;2;97.0;FABBRICATO;Piazza della Repubblica;26;45.0759807;7.683993;Locale commerciale, negozio;Prima del 1919;Dichiarazione di interesse culturale;Patrimonio indisponibile;Utilizzato direttamente;Attività commerciale e di ristorazione;;;;1;False
693055;L219;1217;165;3;110.0;FABBRICATO;Piazza della Repubblica;26;45.0759807;7.683993;Locale commerciale, negozio;Prima del 1919;Dichiarazione di interesse culturale;Patrimonio indisponibile;Utilizzato direttamente;Attività commerciale e di ristorazione;;;;1;False
693056;L219;1217;165;4;54.0;FABBRICATO;Piazza della Repubblica;26;45.0759807;7.683993;Locale commerciale, negozio;Prima del 1919;Dichiarazione di interesse culturale;Patrimonio indisponibile;Utilizzato direttamente;Attività commerciale e di ristorazione;;;;1;False
693057;L219;1217;165;5;76.0;FABBRICATO;Piazza della Repubblica;26;45.0759807;7.683993;Locale commerciale, negozio;Prima del 1919;Dichiarazione di interesse culturale;Patrimonio indisponibile;Utilizzato direttamente;Attività commerciale e di ristorazione;;;;1;False
693058;L219;1217;165;6;77.0;FABBRICATO;Piazza della Repubblica;26;45.0759807;7.683993;Locale commerciale, negozio;Prima del 1919;Dichiarazione di interesse culturale;Patrimonio indisponibile;Utilizzato direttamente;Attività commerciale e di ristorazione;;;;1;False
693059;L219;1217;165;7;84.0;FABBRICATO;Piazza della Repubblica;26;45.0759807;7.683993;Locale commerciale, negozio;Prima del 1919;Dichiarazione di interesse culturale;Patrimonio indisponibile;Utilizzato direttamente;Attività commerciale e di ristorazione;;;;1;False
693060;L219;1391;5;1;93.0;FABBRICATO;corso salvemini gaetano;25;45.04277;7.6256613;Abitazione;Dal 1961 al 1970;Nessuno;Patrimonio indisponibile;Utilizzato direttamente;Altro;;;;1;False
693061;L219;1391;5;10;90.0;FABBRICATO;corso salvemini gaetano;25;45.04277;7.6256613;Abitazione;Dal 1961 al 1970;Nessuno;Patrimonio indisponibile;Utilizzato direttamente;Altro;;;;1;False
693062;L219;1391;5;11;90.0;FABBRICATO;corso salvemini gaetano;25;45.04277;7.6256613;Abitazione;Dal 1961 al 1970;Nessuno;Patrimonio indisponibile;Utilizzato direttamente;Altro;;;;1;False
693063;L219;1391;5;12;90.0;FABBRICATO;corso salvemini gaetano;25;45.04277;7.6256613;Abitazione;Dal 1961 al 1970;Nessuno;Patrimonio indisponibile;Utilizzato direttamente;Altro;;;;1;False
693064;L219;1391;5;13;89.0;FABBRICATO;corso salvemini gaetano;25;45.04277;7.6256613;Abitazione;Dal 1961 al 1970;Nessuno;Patrimonio indisponibile;Utilizzato direttamente;Altro;;;;1;False
693065;L219;1391;5;14;91.0;FABBRICATO;corso salvemini gaetano;25;45.04277;7.6256613;Abitazione;Dal 1961 al 1970;Nessuno;Patrimonio indisponibile;Utilizzato direttamente;Altro;;;;1;False
693066;L219;1391;5;15;89.0;FABBRICATO;corso salvemini gaetano;25;45.04277;7.6256613;Abitazione;Dal 1961 al 1970;Nessuno;Patrimonio indisponibile;Utilizzato direttamente;Altro;;;;1;False
693067;L219;1391;5;16;90.0;FABBRICATO;corso salvemini gaetano;25;45.04277;7.6256613;Abitazione;Dal 1961 al 1970;Nessuno;Patrimonio indisponibile;Utilizzato direttamente;Altro;;;;1;False
693068;L219;1391;5;17;89.0;FABBRICATO;corso salvemini gaetano;25;45.04277;7.6256613;Abitazione;Dal 1961 al 1970;Nessuno;Patrimonio indisponibile;Utilizzato direttamente;Altro;;;;1;False
693069;L219;1391;5;18;91.0;FABBRICATO;corso salvemini gaetano;25;45.04277;7.6256613;Abitazione;Dal 1961 al 1970;Nessuno;Patrimonio indisponibile;Utilizzato direttamente;Altro;;;;1;False
693070;L219;1391;5;19;89.0;FABBRICATO;corso salvemini gaetano;25;45.04277;7.6256613;Abitazione;Dal 1961 al 1970;Nessuno;Patrimonio indisponibile;Utilizzato direttamente;Altro;;;;1;False
693071;L219;1391;5;2;93.0;FABBRICATO;corso salvemini gaetano;25;45.04277;7.6256613;Abitazione;Dal 1961 al 1970;Nessuno;Patrimonio indisponibile;Utilizzato direttamente;Altro;;;;1;False
693072;L219;1391;5;20;91.0;FABBRICATO;corso salvemini gaetano;25;45.04277;7.6256613;Abitazione;Dal 1961 al 1970;Nessuno;Patrimonio indisponibile;Utilizzato direttamente;Altro;;;;1;False
693073;L219;1391;5;21;91.0;FABBRICATO;corso salvemini gaetano;25;45.04277;7.6256613;Abitazione;Dal 1961 al 1970;Nessuno;Patrimonio indisponibile;Utilizzato direttamente;Altro;;;;1;False
693074;L219;1391;5;22;89.0;FABBRICATO;corso salvemini gaetano;25;45.04277;7.6256613;Abitazione;Dal 1961 al 1970;Nessuno;Patrimonio indisponibile;Utilizzato direttamente;Altro;;;;1;False
693075;L219;1391;5;23;91.0;FABBRICATO;corso salvemini gaetano;25;45.04277;7.6256613;Abitazione;Dal 1961 al 1970;Nessuno;Patrimonio indisponibile;Utilizzato direttamente;Altro;;;;1;False
693076;L219;1391;5;24;89.0;FABBRICATO;corso salvemini gaetano;25;45.04277;7.6256613;Abitazione;Dal 1961 al 1970;Nessuno;Patrimonio indisponibile;Utilizzato direttamente;Altro;;;;1;False
693077;L219;1391;5;25;93.0;FABBRICATO;corso salvemini gaetano;25;45.04277;7.6256613;Abitazione;Dal 1961 al 1970;Nessuno;Patrimonio indisponibile;Utilizzato direttamente;Altro;;;;1;False
693078;L219;1391;5;26;14.0;FABBRICATO;corso salvemini gaetano;25;45.04277;7.6256613;Abitazione;Dal 1961 al 1970;Nessuno;Patrimonio indisponibile;Utilizzato direttamente;Altro;;;;1;False
693079;L219;1391;5;27;14.0;FABBRICATO;corso salvemini gaetano;25;45.04277;7.6256613;Abitazione;Dal 1961 al 1970;Nessuno;Patrimonio indisponibile;Utilizzato direttamente;Altro;;;;1;False
693080;L219;1391;5;28;88.0;FABBRICATO;corso salvemini gaetano;25;45.04277;7.6256613;Abitazione;Dal 1961 al 1970;Nessuno;Patrimonio indisponibile;Utilizzato direttamente;Altro;;;;1;False
693081;L219;1391;5;29;90.0;FABBRICATO;corso salvemini gaetano;25;45.04277;7.6256613;Abitazione;Dal 1961 al 1970;Nessuno;Patrimonio indisponibile;Utilizzato direttamente;Altro;;;;1;False
693082;L219;1391;5;3;93.0;FABBRICATO;corso salvemini gaetano;25;45.04277;7.6256613;Abitazione;Dal 1961 al 1970;Nessuno;Patrimonio indisponibile;Utilizzato direttamente;Altro;;;;1;False
693083;L219;1391;5;30;89.0;FABBRICATO;corso salvemini gaetano;25;45.04277;7.6256613;Abitazione;Dal 1961 al 1970;Nessuno;Patrimonio indisponibile;Utilizzato direttamente;Altro;;;;1;False
693084;L219;1391;5;31;92.0;FABBRICATO;corso salvemini gaetano;25;45.04277;7.6256613;Abitazione;Dal 1961 al 1970;Nessuno;Patrimonio indisponibile;Utilizzato direttamente;Altro;;;;1;False
693085;L219;1391;5;32;88.0;FABBRICATO;corso salvemini gaetano;25;45.04277;7.6256613;Abitazione;Dal 1961 al 1970;Nessuno;Patrimonio indisponibile;Utilizzato direttamente;Altro;;;;1;False
693086;L219;1391;5;33;90.0;FABBRICATO;corso salvemini gaetano;25;45.04277;7.6256613;Abitazione;Dal 1961 al 1970;Nessuno;Patrimonio indisponibile;Utilizzato direttamente;Altro;;;;1;False
693087;L219;1391;5;34;88.0;FABBRICATO;corso salvemini gaetano;25;45.04277;7.6256613;Abitazione;Dal 1961 al 1970;Nessuno;Patrimonio indisponibile;Utilizzato direttamente;Altro;;;;1;False
693088;L219;1391;5;35;92.0;FABBRICATO;corso salvemini gaetano;25;45.04277;7.6256613;Abitazione;Dal 1961 al 1970;Nessuno;Patrimonio indisponibile;Utilizzato direttamente;Altro;;;;1;False
693089;L219;1391;5;36;82.0;FABBRICATO;corso salvemini gaetano;25;45.04277;7.6256613;Abitazione;Dal 1961 al 1970;Nessuno;Patrimonio indisponibile;Utilizzato direttamente;Altro;;;;1;False
693090;L219;1391;5;37;91.0;FABBRICATO;corso salvemini gaetano;25;45.04277;7.6256613;Abitazione;Dal 1961 al 1970;Nessuno;Patrimonio indisponibile;Utilizzato direttamente;Altro;;;;1;False
693091;L219;1391;5;38;89.0;FABBRICATO;corso salvemini gaetano;25;45.04277;7.6256613;Abitazione;Dal 1961 al 1970;Nessuno;Patrimonio indisponibile;Utilizzato direttamente;Altro;;;;1;False
693092;L219;1391;5;39;92.0;FABBRICATO;corso salvemini gaetano;25;45.04277;7.6256613;Abitazione;Dal 1961 al 1970;Nessuno;Patrimonio indisponibile;Utilizzato direttamente;Altro;;;;1;False
693093;L219;1391;5;4;93.0;FABBRICATO;corso salvemini gaetano;25;45.04277;7.6256613;Abitazione;Dal 1961 al 1970;Nessuno;Patrimonio indisponibile;Utilizzato direttamente;Altro;;;;1;False
693094;L219;1391;5;40;89.0;FABBRICATO;corso salvemini gaetano;25;45.04277;7.6256613;Abitazione;Dal 1961 al 1970;Nessuno;Patrimonio indisponibile;Utilizzato direttamente;Altro;;;;1;False
693095;L219;1391;5;5;92.0;FABBRICATO;corso salvemini gaetano;25;45.04277;7.6256613;Abitazione;Dal 1961 al 1970;Nessuno;Patrimonio indisponibile;Utilizzato direttamente;Altro;;;;1;False
693096;L219;1391;5;6;94.0;FABBRICATO;corso salvemini gaetano;25;45.04277;7.6256613;Abitazione;Dal 1961 al 1970;Nessuno;Patrimonio indisponibile;Utilizzato direttamente;Altro;;;;1;False
693097;L219;1391;5;7;89.0;FABBRICATO;corso salvemini gaetano;25;45.04277;7.6256613;Abitazione;Dal 1961 al 1970;Nessuno;Patrimonio indisponibile;Utilizzato direttamente;Altro;;;;1;False
693098;L219;1391;5;8;92.0;FABBRICATO;corso salvemini gaetano;25;45.04277;7.6256613;Abitazione;Dal 1961 al 1970;Nessuno;Patrimonio indisponibile;Utilizzato direttamente;Altro;;;;1;False
693099;L219;1391;5;9;90.0;FABBRICATO;corso salvemini gaetano;25;45.04277;7.6256613;Abitazione;Dal 1961 al 1970;Nessuno;Patrimonio indisponibile;Utilizzato direttamente;Altro;;;;1;False
693100;L219;1112;115;10;14.0;FABBRICATO;Via Andrea Sansovino;26;45.098497;7.6362104;Cantina, soffitta, rimessa, box, garage, posto auto aperto/scoperto,;Dal 1991 al 2000;Nessuno;Patrimonio indisponibile;Utilizzato direttamente;Altro;;;;1;False
693101;L219;1112;115;100;88.0;FABBRICATO;Via Andrea Sansovino;26;45.098497;7.6362104;Abitazione;Dal 1991 al 2000;Nessuno;Patrimonio indisponibile;Utilizzato direttamente;Altro;;;;1;False
693102;L219;1112;115;101;117.0;FABBRICATO;Via Andrea Sansovino;26;45.098497;7.6362104;Abitazione;Dal 1991 al 2000;Nessuno;Patrimonio indisponibile;Utilizzato direttamente;Altro;;;;1;False
693103;L219;1112;115;102;88.0;FABBRICATO;Via Andrea Sansovino;26;45.098497;7.6362104;Abitazione;Dal 1991 al 2000;Nessuno;Patrimonio indisponibile;Utilizzato direttamente;Altro;;;;1;False
693104;L219;1112;115;103;86.0;FABBRICATO;Via Andrea Sansovino;26;45.098497;7.6362104;Abitazione;Dal 1991 al 2000;Nessuno;Patrimonio indisponibile;Utilizzato direttamente;Altro;;;;1;False
693105;L219;1112;115;104;130.0;FABBRICATO;Via Andrea Sansovino;26;45.098497;7.6362104;Abitazione;Dal 1991 al 2000;Nessuno;Patrimonio indisponibile;Utilizzato direttamente;Altro;;;;1;False
693106;L219;1112;115;105;87.0;FABBRICATO;Via Andrea Sansovino;26;45.098497;7.6362104;Abitazione;Dal 1991 al 2000;Nessuno;Patrimonio indisponibile;Utilizzato direttamente;Altro;;;;1;False
693107;L219;1112;115;106;87.0;FABBRICATO;Via Andrea Sansovino;26;45.098497;7.6362104;Abitazione;Dal 1991 al 2000;Nessuno;Patrimonio indisponibile;Utilizzato direttamente;Altro;;;;1;False
693108;L219;1112;115;107;132.0;FABBRICATO;Via Andrea Sansovino;26;45.098497;7.6362104;Abitazione;Dal 1991 al 2000;Nessuno;Patrimonio indisponibile;Utilizzato direttamente;Altro;;;;1;False
693109;L219;1112;115;108;116.0;FABBRICATO;Via Andrea Sansovino;26;45.098497;7.6362104;Abitazione;Dal 1991 al 2000;Nessuno;Patrimonio indisponibile;Utilizzato direttamente;Altro;;;;1;False
693110;L219;1112;115;109;134.0;FABBRICATO;Via Andrea Sansovino;26;45.098497;7.6362104;Abitazione;Dal 1991 al 2000;Nessuno;Patrimonio indisponibile;Utilizzato direttamente;Altro;;;;1;False
693111;L219;1112;115;11;14.0;FABBRICATO;Via Andrea Sansovino;26;45.098497;7.6362104;Cantina, soffitta, rimessa, box, garage, posto auto aperto/scoperto,;Dal 1991 al 2000;Nessuno;Patrimonio indisponibile;Utilizzato direttamente;Altro;;;;1;False
693112;L219;1112;115;110;118.0;FABBRICATO;Via Andrea Sansovino;26;45.098497;7.6362104;Abitazione;Dal 1991 al 2000;Nessuno;Patrimonio indisponibile;Utilizzato direttamente;Altro;;;;1;False
693113;L219;1112;115;111;134.0;FABBRICATO;Via Andrea Sansovino;26;45.098497;7.6362104;Abitazione;Dal 1991 al 2000;Nessuno;Patrimonio indisponibile;Utilizzato direttamente;Altro;;;;1;False
693114;L219;1112;115;112;119.0;FABBRICATO;Via Andrea Sansovino;26;45.098497;7.6362104;Abitazione;Dal 1991 al 2000;Nessuno;Patrimonio indisponibile;Utilizzato direttamente;Altro;;;;1;False
693115;L219;1112;115;113;135.0;FABBRICATO;Via Andrea Sansovino;26;45.098497;7.6362104;Abitazione;Dal 1991 al 2000;Nessuno;Patrimonio indisponibile;Utilizzato direttamente;Altro;;;;1;False
693116;L219;1112;115;114;120.0;FABBRICATO;Via Andrea Sansovino;26;45.098497;7.6362104;Abitazione;Dal 1991 al 2000;Nessuno;Patrimonio indisponibile;Utilizzato direttamente;Altro;;;;1;False
693117;L219;1112;115;115;134.0;FABBRICATO;Via Andrea Sansovino;26;45.098497;7.6362104;Abitazione;Dal 1991 al 2000;Nessuno;Patrimonio indisponibile;Utilizzato direttamente;Altro;;;;1;False
693118;L219;1112;115;116;120.0;FABBRICATO;Via Andrea Sansovino;26;45.098497;7.6362104;Abitazione;Dal 1991 al 2000;Nessuno;Patrimonio indisponibile;Utilizzato direttamente;Altro;;;;1;False
693119;L219;1112;115;117;133.0;FABBRICATO;Via Andrea Sansovino;26;45.098497;7.6362104;Abitazione;Dal 1991 al 2000;Nessuno;Patrimonio indisponibile;Utilizzato direttamente;Altro;;;;1;False
693120;L219;1112;115;118;118.0;FABBRICATO;Via Andrea Sansovino;26;45.098497;7.6362104;Abitazione;Dal 1991 al 2000;Nessuno;Patrimonio indisponibile;Utilizzato direttamente;Altro;;;;1;False
693121;L219;1112;115;119;134.0;FABBRICATO;Via Andrea Sansovino;26;45.098497;7.6362104;Abitazione;Dal 1991 al 2000;Nessuno;Patrimonio indisponibile;Utilizzato direttamente;Altro;;;;1;False
693122;L219;1112;115;12;14.0;FABBRICATO;Via Andrea Sansovino;26;45.098497;7.6362104;Cantina, soffitta, rimessa, box, garage, posto auto aperto/scoperto,;Dal 1991 al 2000;Nessuno;Patrimonio indisponibile;Utilizzato direttamente;Altro;;;;1;False
693123;L219;1112;115;120;119.0;FABBRICATO;Via Andrea Sansovino;26;45.098497;7.6362104;Abitazione;Dal 1991 al 2000;Nessuno;Patrimonio indisponibile;Utilizzato direttamente;Altro;;;;1;False
693124;L219;1112;115;121;133.0;FABBRICATO;Via Andrea Sansovino;26;45.098497;7.6362104;Abitazione;Dal 1991 al 2000;Nessuno;Patrimonio indisponibile;Utilizzato direttamente;Altro;;;;1;False
693125;L219;1112;115;122;120.0;FABBRICATO;Via Andrea Sansovino;26;45.098497;7.6362104;Abitazione;Dal 1991 al 2000;Nessuno;Patrimonio indisponibile;Utilizzato direttamente;Altro;;;;1;False
693126;L219;1112;115;123;130.0;FABBRICATO;Via Andrea Sansovino;26;45.098497;7.6362104;Abitazione;Dal 1991 al 2000;Nessuno;Patrimonio indisponibile;Utilizzato direttamente;Altro;;;;1;False
693127;L219;1112;115;124;132.0;FABBRICATO;Via Andrea Sansovino;26;45.098497;7.6362104;Abitazione;Dal 1991 al 2000;Nessuno;Patrimonio indisponibile;Utilizzato direttamente;Altro;;;;1;False
693128;L219;1112;115;125;86.0;FABBRICATO;Via Andrea Sansovino;26;45.098497;7.6362104;Abitazione;Dal 1991 al 2000;Nessuno;Patrimonio indisponibile;Utilizzato direttamente;Altro;;;;1;False
693129;L219;1112;115;126;87.0;FABBRICATO;Via Andrea Sansovino;26;45.098497;7.6362104;Abitazione;Dal 1991 al 2000;Nessuno;Patrimonio indisponibile;Utilizzato direttamente;Altro;;;;1;False
693130;L219;1112;115;127;89.0;FABBRICATO;Via Andrea Sansovino;26;45.098497;7.6362104;Abitazione;Dal 1991 al 2000;Nessuno;Patrimonio indisponibile;Utilizzato direttamente;Altro;;;;1;False
693131;L219;1112;115;128;87.0;FABBRICATO;Via Andrea Sansovino;26;45.098497;7.6362104;Abitazione;Dal 1991 al 2000;Nessuno;Patrimonio indisponibile;Utilizzato direttamente;Altro;;;;1;False
693132;L219;1112;115;129;86.0;FABBRICATO;Via Andrea Sansovino;26;45.098497;7.6362104;Abitazione;Dal 1991 al 2000;Nessuno;Patrimonio indisponibile;Utilizzato direttamente;Altro;;;;1;False
693133;L219;1112;115;13;12.0;FABBRICATO;Via Andrea Sansovino;26;45.098497;7.6362104;Cantina, soffitta, rimessa, box, garage, posto auto aperto/scoperto,;Dal 1991 al 2000;Nessuno;Patrimonio indisponibile;Utilizzato direttamente;Altro;;;;1;False
693134;L219;1112;115;130;90.0;FABBRICATO;Via Andrea Sansovino;26;45.098497;7.6362104;Abitazione;Dal 1991 al 2000;Nessuno;Patrimonio indisponibile;Utilizzato direttamente;Altro;;;;1;False
693135;L219;1112;115;131;86.0;FABBRICATO;Via Andrea Sansovino;26;45.098497;7.6362104;Abitazione;Dal 1991 al 2000;Nessuno;Patrimonio indisponibile;Utilizzato direttamente;Altro;;;;1;False
693136;L219;1112;115;132;87.0;FABBRICATO;Via Andrea Sansovino;26;45.098497;7.6362104;Abitazione;Dal 1991 al 2000;Nessuno;Patrimonio indisponibile;Utilizzato direttamente;Altro;;;;1;False
693137;L219;1112;115;133;89.0;FABBRICATO;Via Andrea Sansovino;26;45.098497;7.6362104;Abitazione;Dal 1991 al 2000;Nessuno;Patrimonio indisponibile;Utilizzato direttamente;Altro;;;;1;False
693138;L219;1112;115;134;87.0;FABBRICATO;Via Andrea Sansovino;26;45.098497;7.6362104;Abitazione;Dal 1991 al 2000;Nessuno;Patrimonio indisponibile;Utilizzato direttamente;Altro;;;;1;False
693139;L219;1112;115;135;87.0;FABBRICATO;Via Andrea Sansovino;26;45.098497;7.6362104;Abitazione;Dal 1991 al 2000;Nessuno;Patrimonio indisponibile;Utilizzato direttamente;Altro;;;;1;False
693140;L219;1112;115;136;90.0;FABBRICATO;Via Andrea Sansovino;26;45.098497;7.6362104;Abitazione;Dal 1991 al 2000;Nessuno;Patrimonio indisponibile;Utilizzato direttamente;Altro;;;;1;False
693141;L219;1112;115;137;87.0;FABBRICATO;Via Andrea Sansovino;26;45.098497;7.6362104;Abitazione;Dal 1991 al 2000;Nessuno;Patrimonio indisponibile;Utilizzato direttamente;Altro;;;;1;False
693142;L219;1112;115;138;87.0;FABBRICATO;Via Andrea Sansovino;26;45.098497;7.6362104;Abitazione;Dal 1991 al 2000;Nessuno;Patrimonio indisponibile;Utilizzato direttamente;Altro;;;;1;False
693143;L219;1112;115;139;89.0;FABBRICATO;Via Andrea Sansovino;26;45.098497;7.6362104;Abitazione;Dal 1991 al 2000;Nessuno;Patrimonio indisponibile;Utilizzato direttamente;Altro;;;;1;False
693144;L219;1112;115;14;12.0;FABBRICATO;Via Andrea Sansovino;26;45.098497;7.6362104;Cantina, soffitta, rimessa, box, garage, posto auto aperto/scoperto,;Dal 1991 al 2000;Nessuno;Patrimonio indisponibile;Utilizzato direttamente;Altro;;;;1;False
693145;L219;1112;115;140;88.0;FABBRICATO;Via Andrea Sansovino;26;45.098497;7.6362104;Abitazione;Dal 1991 al 2000;Nessuno;Patrimonio indisponibile;Utilizzato direttamente;Altro;;;;1;False
693146;L219;1112;115;141;87.0;FABBRICATO;Via Andrea Sansovino;26;45.098497;7.6362104;Abitazione;Dal 1991 al 2000;Nessuno;Patrimonio indisponibile;Utilizzato direttamente;Altro;;;;1;False
693147;L219;1112;115;142;90.0;FABBRICATO;Via Andrea Sansovino;26;45.098497;7.6362104;Abitazione;Dal 1991 al 2000;Nessuno;Patrimonio indisponibile;Utilizzato direttamente;Altro;;;;1;False
693148;L219;1112;115;143;86.0;FABBRICATO;Via Andrea Sansovino;26;45.098497;7.6362104;Abitazione;Dal 1991 al 2000;Nessuno;Patrimonio indisponibile;Utilizzato direttamente;Altro;;;;1;False
693149;L219;1112;115;144;88.0;FABBRICATO;Via Andrea Sansovino;26;45.098497;7.6362104;Abitazione;Dal 1991 al 2000;Nessuno;Patrimonio indisponibile;Utilizzato direttamente;Altro;;;;1;False
693150;L219;1112;115;145;89.0;FABBRICATO;Via Andrea Sansovino;26;45.098497;7.6362104;Abitazione;Dal 1991 al 2000;Nessuno;Patrimonio indisponibile;Utilizzato direttamente;Altro;;;;1;False
693151;L219;1112;115;146;87.0;FABBRICATO;Via Andrea Sansovino;26;45.098497;7.6362104;Abitazione;Dal 1991 al 2000;Nessuno;Patrimonio indisponibile;Utilizzato direttamente;Altro;;;;1;False
693152;L219;1112;115;147;86.0;FABBRICATO;Via Andrea Sansovino;26;45.098497;7.6362104;Abitazione;Dal 1991 al 2000;Nessuno;Patrimonio indisponibile;Utilizzato direttamente;Altro;;;;1;False
693153;L219;1112;115;148;91.0;FABBRICATO;Via Andrea Sansovino;26;45.098497;7.6362104;Abitazione;Dal 1991 al 2000;Nessuno;Patrimonio indisponibile;Utilizzato direttamente;Altro;;;;1;False
693154;L219;1112;115;149;86.0;FABBRICATO;Via Andrea Sansovino;26;45.098497;7.6362104;Abitazione;Dal 1991 al 2000;Nessuno;Patrimonio indisponibile;Utilizzato direttamente;Altro;;;;1;False
693155;L219;1112;115;15;12.0;FABBRICATO;Via Andrea Sansovino;26;45.098497;7.6362104;Cantina, soffitta, rimessa, box, garage, posto auto aperto/scoperto,;Dal 1991 al 2000;Nessuno;Patrimonio indisponibile;Utilizzato direttamente;Altro;;;;1;False
693156;L219;1112;115;150;88.0;FABBRICATO;Via Andrea Sansovino;26;45.098497;7.6362104;Abitazione;Dal 1991 al 2000;Nessuno;Patrimonio indisponibile;Utilizzato direttamente;Altro;;;;1;False
693157;L219;1112;115;151;123.0;FABBRICATO;Via Andrea Sansovino;26;45.098497;7.6362104;Abitazione;Dal 1991 al 2000;Nessuno;Patrimonio indisponibile;Utilizzato direttamente;Altro;;;;1;False
693158;L219;1112;115;16;12.0;FABBRICATO;Via Andrea Sansovino;26;45.098497;7.6362104;Cantina, soffitta, rimessa, box, garage, posto auto aperto/scoperto,;Dal 1991 al 2000;Nessuno;Patrimonio indisponibile;Utilizzato direttamente;Altro;;;;1;False
693159;L219;1112;115;17;12.0;FABBRICATO;Via Andrea Sansovino;26;45.098497;7.6362104;Cantina, soffitta, rimessa, box, garage, posto auto aperto/scoperto,;Dal 1991 al 2000;Nessuno;Patrimonio indisponibile;Utilizzato direttamente;Altro;;;;1;False
693160;L219;1112;115;18;12.0;FABBRICATO;Via Andrea Sansovino;26;45.098497;7.6362104;Cantina, soffitta, rimessa, box, garage, posto auto aperto/scoperto,;Dal 1991 al 2000;Nessuno;Patrimonio indisponibile;Utilizzato direttamente;Altro;;;;1;False
693161;L219;1112;115;19;12.0;FABBRICATO;Via Andrea Sansovino;26;45.098497;7.6362104;Cantina, soffitta, rimessa, box, garage, posto auto aperto/scoperto,;Dal 1991 al 2000;Nessuno;Patrimonio indisponibile;Utilizzato direttamente;Altro;;;;1;False
693162;L219;1112;115;20;12.0;FABBRICATO;Via Andrea Sansovino;26;45.098497;7.6362104;Cantina, soffitta, rimessa, box, garage, posto auto aperto/scoperto,;Dal 1991 al 2000;Nessuno;Patrimonio indisponibile;Utilizzato direttamente;Altro;;;;1;False
693163;L219;1112;115;21;12.0;FABBRICATO;Via Andrea Sansovino;26;45.098497;7.6362104;Cantina, soffitta, rimessa, box, garage, posto auto aperto/scoperto,;Dal 1991 al 2000;Nessuno;Patrimonio indisponibile;Utilizzato direttamente;Altro;;;;1;False
693164;L219;1112;115;22;12.0;FABBRICATO;Via Andrea Sansovino;26;45.098497;7.6362104;Cantina, soffitta, rimessa, box, garage, posto auto aperto/scoperto,;Dal 1991 al 2000;Nessuno;Patrimonio indisponibile;Utilizzato direttamente;Altro;;;;1;False
693165;L219;1112;115;23;12.0;FABBRICATO;Via Andrea Sansovino;26;45.098497;7.6362104;Cantina, soffitta, rimessa, box, garage, posto auto aperto/scoperto,;Dal 1991 al 2000;Nessuno;Patrimonio indisponibile;Utilizzato direttamente;Altro;;;;1;False
693166;L219;1112;115;24;12.0;FABBRICATO;Via Andrea Sansovino;26;45.098497;7.6362104;Cantina, soffitta, rimessa, box, garage, posto auto aperto/scoperto,;Dal 1991 al 2000;Nessuno;Patrimonio indisponibile;Utilizzato direttamente;Altro;;;;1;False
693167;L219;1112;115;25;12.0;FABBRICATO;Via Andrea Sansovino;26;45.098497;7.6362104;Cantina, soffitta, rimessa, box, garage, posto auto aperto/scoperto,;Dal 1991 al 2000;Nessuno;Patrimonio indisponibile;Utilizzato direttamente;Altro;;;;1;False
693168;L219;1112;115;26;12.0;FABBRICATO;Via Andrea Sansovino;26;45.098497;7.6362104;Cantina, soffitta, rimessa, box, garage, posto auto aperto/scoperto,;Dal 1991 al 2000;Nessuno;Patrimonio indisponibile;Utilizzato direttamente;Altro;;;;1;False
693169;L219;1112;115;27;12.0;FABBRICATO;Via Andrea Sansovino;26;45.098497;7.6362104;Cantina, soffitta, rimessa, box, garage, posto auto aperto/scoperto,;Dal 1991 al 2000;Nessuno;Patrimonio indisponibile;Utilizzato direttamente;Altro;;;;1;False
693170;L219;1112;115;28;12.0;FABBRICATO;Via Andrea Sansovino;26;45.098497;7.6362104;Cantina, soffitta, rimessa, box, garage, posto auto aperto/scoperto,;Dal 1991 al 2000;Nessuno;Patrimonio indisponibile;Utilizzato direttamente;Altro;;;;1;False
693171;L219;1112;115;29;12.0;FABBRICATO;Via Andrea Sansovino;26;45.098497;7.6362104;Cantina, soffitta, rimessa, box, garage, posto auto aperto/scoperto,;Dal 1991 al 2000;Nessuno;Patrimonio indisponibile;Utilizzato direttamente;Altro;;;;1;False
693172;L219;1112;115;30;12.0;FABBRICATO;Via Andrea Sansovino;26;45.098497;7.6362104;Cantina, soffitta, rimessa, box, garage, posto auto aperto/scoperto,;Dal 1991 al 2000;Nessuno;Patrimonio indisponibile;Utilizzato direttamente;Altro;;;;1;False
693173;L219;1112;115;31;12.0;FABBRICATO;Via Andrea Sansovino;26;45.098497;7.6362104;Cantina, soffitta, rimessa, box, garage, posto auto aperto/scoperto,;Dal 1991 al 2000;Nessuno;Patrimonio indisponibile;Utilizzato direttamente;Altro;;;;1;False
693174;L219;1112;115;32;12.0;FABBRICATO;Via Andrea Sansovino;26;45.098497;7.6362104;Cantina, soffitta, rimessa, box, garage, posto auto aperto/scoperto,;Dal 1991 al 2000;Nessuno;Patrimonio indisponibile;Utilizzato direttamente;Altro;;;;1;False
693175;L219;1112;115;33;12.0;FABBRICATO;Via Andrea Sansovino;26;45.098497;7.6362104;Cantina, soffitta, rimessa, box, garage, posto auto aperto/scoperto,;Dal 1991 al 2000;Nessuno;Patrimonio indisponibile;Utilizzato direttamente;Altro;;;;1;False
693176;L219;1112;115;34;12.0;FABBRICATO;Via Andrea Sansovino;26;45.098497;7.6362104;Cantina, soffitta, rimessa, box, garage, posto auto aperto/scoperto,;Dal 1991 al 2000;Nessuno;Patrimonio indisponibile;Utilizzato direttamente;Altro;;;;1;False
693177;L219;1112;115;35;12.0;FABBRICATO;Via Andrea Sansovino;26;45.098497;7.6362104;Cantina, soffitta, rimessa, box, garage, posto auto aperto/scoperto,;Dal 1991 al 2000;Nessuno;Patrimonio indisponibile;Utilizzato direttamente;Altro;;;;1;False
693178;L219;1112;115;36;12.0;FABBRICATO;Via Andrea Sansovino;26;45.098497;7.6362104;Cantina, soffitta, rimessa, box, garage, posto auto aperto/scoperto,;Dal 1991 al 2000;Nessuno;Patrimonio indisponibile;Utilizzato direttamente;Altro;;;;1;False
693179;L219;1112;115;37;12.0;FABBRICATO;Via Andrea Sansovino;26;45.098497;7.6362104;Cantina, soffitta, rimessa, box, garage, posto auto aperto/scoperto,;Dal 1991 al 2000;Nessuno;Patrimonio indisponibile;Utilizzato direttamente;Altro;;;;1;False
693180;L219;1112;115;38;12.0;FABBRICATO;Via Andrea Sansovino;26;45.098497;7.6362104;Cantina, soffitta, rimessa, box, garage, posto auto aperto/scoperto,;Dal 1991 al 2000;Nessuno;Patrimonio indisponibile;Utilizzato direttamente;Altro;;;;1;False
693181;L219;1112;115;39;12.0;FABBRICATO;Via Andrea Sansovino;26;45.098497;7.6362104;Cantina, soffitta, rimessa, box, garage, posto auto aperto/scoperto,;Dal 1991 al 2000;Nessuno;Patrimonio indisponibile;Utilizzato direttamente;Altro;;;;1;False
693182;L219;1112;115;40;12.0;FABBRICATO;Via Andrea Sansovino;26;45.098497;7.6362104;Cantina, soffitta, rimessa, box, garage, posto auto aperto/scoperto,;Dal 1991 al 2000;Nessuno;Patrimonio indisponibile;Utilizzato direttamente;Altro;;;;1;False
693183;L219;1112;115;41;12.0;FABBRICATO;Via Andrea Sansovino;26;45.098497;7.6362104;Cantina, soffitta, rimessa, box, garage, posto auto aperto/scoperto,;Dal 1991 al 2000;Nessuno;Patrimonio indisponibile;Utilizzato direttamente;Altro;;;;1;False
693184;L219;1112;115;42;12.0;FABBRICATO;Via Andrea Sansovino;26;45.098497;7.6362104;Cantina, soffitta, rimessa, box, garage, posto auto aperto/scoperto,;Dal 1991 al 2000;Nessuno;Patrimonio indisponibile;Utilizzato direttamente;Altro;;;;1;False
693185;L219;1112;115;43;12.0;FABBRICATO;Via Andrea Sansovino;26;45.098497;7.6362104;Cantina, soffitta, rimessa, box, garage, posto auto aperto/scoperto,;Dal 1991 al 2000;Nessuno;Patrimonio indisponibile;Utilizzato direttamente;Altro;;;;1;False
693186;L219;1112;115;44;12.0;FABBRICATO;Via Andrea Sansovino;26;45.098497;7.6362104;Cantina, soffitta, rimessa, box, garage, posto auto aperto/scoperto,;Dal 1991 al 2000;Nessuno;Patrimonio indisponibile;Utilizzato direttamente;Altro;;;;1;False
693187;L219;1112;115;45;12.0;FABBRICATO;Via Andrea Sansovino;26;45.098497;7.6362104;Cantina, soffitta, rimessa, box, garage, posto auto aperto/scoperto,;Dal 1991 al 2000;Nessuno;Patrimonio indisponibile;Utilizzato direttamente;Altro;;;;1;False
693188;L219;1112;115;46;12.0;FABBRICATO;Via Andrea Sansovino;26;45.098497;7.6362104;Cantina, soffitta, rimessa, box, garage, posto auto aperto/scoperto,;Dal 1991 al 2000;Nessuno;Patrimonio indisponibile;Utilizzato direttamente;Altro;;;;1;False
693189;L219;1112;115;47;12.0;FABBRICATO;Via Andrea Sansovino;26;45.098497;7.6362104;Cantina, soffitta, rimessa, box, garage, posto auto aperto/scoperto,;Dal 1991 al 2000;Nessuno;Patrimonio indisponibile;Utilizzato direttamente;Altro;;;;1;False
693190;L219;1112;115;48;12.0;FABBRICATO;Via Andrea Sansovino;26;45.098497;7.6362104;Cantina, soffitta, rimessa, box, garage, posto auto aperto/scoperto,;Dal 1991 al 2000;Nessuno;Patrimonio indisponibile;Utilizzato direttamente;Altro;;;;1;False
693191;L219;1112;115;49;12.0;FABBRICATO;Via Andrea Sansovino;26;45.098497;7.6362104;Cantina, soffitta, rimessa, box, garage, posto auto aperto/scoperto,;Dal 1991 al 2000;Nessuno;Patrimonio indisponibile;Utilizzato direttamente;Altro;;;;1;False
693192;L219;1112;115;5;8.0;FABBRICATO;Via Andrea Sansovino;26;45.098497;7.6362104;Cantina, soffitta, rimessa, box, garage, posto auto aperto/scoperto,;Dal 1991 al 2000;Nessuno;Patrimonio indisponibile;Utilizzato direttamente;Altro;;;;1;False
693193;L219;1112;115;50;12.0;FABBRICATO;Via Andrea Sansovino;26;45.098497;7.6362104;Cantina, soffitta, rimessa, box, garage, posto auto aperto/scoperto,;Dal 1991 al 2000;Nessuno;Patrimonio indisponibile;Utilizzato direttamente;Altro;;;;1;False
693194;L219;1112;115;51;12.0;FABBRICATO;Via Andrea Sansovino;26;45.098497;7.6362104;Cantina, soffitta, rimessa, box, garage, posto auto aperto/scoperto,;Dal 1991 al 2000;Nessuno;Patrimonio indisponibile;Utilizzato direttamente;Altro;;;;1;False
693195;L219;1112;115;52;12.0;FABBRICATO;Via Andrea Sansovino;26;45.098497;7.6362104;Cantina, soffitta, rimessa, box, garage, posto auto aperto/scoperto,;Dal 1991 al 2000;Nessuno;Patrimonio indisponibile;Utilizzato direttamente;Altro;;;;1;False
693196;L219;1112;115;53;12.0;FABBRICATO;Via Andrea Sansovino;26;45.098497;7.6362104;Cantina, soffitta, rimessa, box, garage, posto auto aperto/scoperto,;Dal 1991 al 2000;Nessuno;Patrimonio indisponibile;Utilizzato direttamente;Altro;;;;1;False
693197;L219;1112;115;54;12.0;FABBRICATO;Via Andrea Sansovino;26;45.098497;7.6362104;Cantina, soffitta, rimessa, box, garage, posto auto aperto/scoperto,;Dal 1991 al 2000;Nessuno;Patrimonio indisponibile;Utilizzato direttamente;Altro;;;;1;False
693198;L219;1112;115;55;12.0;FABBRICATO;Via Andrea Sansovino;26;45.098497;7.6362104;Cantina, soffitta, rimessa, box, garage, posto auto aperto/scoperto,;Dal 1991 al 2000;Nessuno;Patrimonio indisponibile;Utilizzato direttamente;Altro;;;;1;False
693199;L219;1112;115;56;12.0;FABBRICATO;Via Andrea Sansovino;26;45.098497;7.6362104;Cantina, soffitta, rimessa, box, garage, posto auto aperto/scoperto,;Dal 1991 al 2000;Nessuno;Patrimonio indisponibile;Utilizzato direttamente;Altro;;;;1;False
693200;L219;1112;115;57;12.0;FABBRICATO;Via Andrea Sansovino;26;45.098497;7.6362104;Cantina, soffitta, rimessa, box, garage, posto auto aperto/scoperto,;Dal 1991 al 2000;Nessuno;Patrimonio indisponibile;Utilizzato direttamente;Altro;;;;1;False
693201;L219;1112;115;58;12.0;FABBRICATO;Via Andrea Sansovino;26;45.098497;7.6362104;Cantina, soffitta, rimessa, box, garage, posto auto aperto/scoperto,;Dal 1991 al 2000;Nessuno;Patrimonio indisponibile;Utilizzato direttamente;Altro;;;;1;False
693202;L219;1112;115;59;12.0;FABBRICATO;Via Andrea Sansovino;26;45.098497;7.6362104;Cantina, soffitta, rimessa, box, garage, posto auto aperto/scoperto,;Dal 1991 al 2000;Nessuno;Patrimonio indisponibile;Utilizzato direttamente;Altro;;;;1;False
693203;L219;1112;115;6;8.0;FABBRICATO;Via Andrea Sansovino;26;45.098497;7.6362104;Cantina, soffitta, rimessa, box, garage, posto auto aperto/scoperto,;Dal 1991 al 2000;Nessuno;Patrimonio indisponibile;Utilizzato direttamente;Altro;;;;1;False
693204;L219;1112;115;60;12.0;FABBRICATO;Via Andrea Sansovino;26;45.098497;7.6362104;Cantina, soffitta, rimessa, box, garage, posto auto aperto/scoperto,;Dal 1991 al 2000;Nessuno;Patrimonio indisponibile;Utilizzato direttamente;Altro;;;;1;False
693205;L219;1112;115;61;12.0;FABBRICATO;Via Andrea Sansovino;26;45.098497;7.6362104;Cantina, soffitta, rimessa, box, garage, posto auto aperto/scoperto,;Dal 1991 al 2000;Nessuno;Patrimonio indisponibile;Utilizzato direttamente;Altro;;;;1;False
693206;L219;1112;115;62;12.0;FABBRICATO;Via Andrea Sansovino;26;45.098497;7.6362104;Cantina, soffitta, rimessa, box, garage, posto auto aperto/scoperto,;Dal 1991 al 2000;Nessuno;Patrimonio indisponibile;Utilizzato direttamente;Altro;;;;1;False
693207;L219;1112;115;63;12.0;FABBRICATO;Via Andrea Sansovino;26;45.098497;7.6362104;Cantina, soffitta, rimessa, box, garage, posto auto aperto/scoperto,;Dal 1991 al 2000;Nessuno;Patrimonio indisponibile;Utilizzato direttamente;Altro;;;;1;False
693208;L219;1112;115;64;12.0;FABBRICATO;Via Andrea Sansovino;26;45.098497;7.6362104;Cantina, soffitta, rimessa, box, garage, posto auto aperto/scoperto,;Dal 1991 al 2000;Nessuno;Patrimonio indisponibile;Utilizzato direttamente;Altro;;;;1;False
693209;L219;1112;115;65;12.0;FABBRICATO;Via Andrea Sansovino;26;45.098497;7.6362104;Cantina, soffitta, rimessa, box, garage, posto auto aperto/scoperto,;Dal 1991 al 2000;Nessuno;Patrimonio indisponibile;Utilizzato direttamente;Altro;;;;1;False
693210;L219;1112;115;66;12.0;FABBRICATO;Via Andrea Sansovino;26;45.098497;7.6362104;Cantina, soffitta, rimessa, box, garage, posto auto aperto/scoperto,;Dal 1991 al 2000;Nessuno;Patrimonio indisponibile;Utilizzato direttamente;Altro;;;;1;False
693211;L219;1112;115;67;12.0;FABBRICATO;Via Andrea Sansovino;26;45.098497;7.6362104;Cantina, soffitta, rimessa, box, garage, posto auto aperto/scoperto,;Dal 1991 al 2000;Nessuno;Patrimonio indisponibile;Utilizzato direttamente;Altro;;;;1;False
693212;L219;1112;115;68;12.0;FABBRICATO;Via Andrea Sansovino;26;45.098497;7.6362104;Cantina, soffitta, rimessa, box, garage, posto auto aperto/scoperto,;Dal 1991 al 2000;Nessuno;Patrimonio indisponibile;Utilizzato direttamente;Altro;;;;1;False
693213;L219;1112;115;69;12.0;FABBRICATO;Via Andrea Sansovino;26;45.098497;7.6362104;Cantina, soffitta, rimessa, box, garage, posto auto aperto/scoperto,;Dal 1991 al 2000;Nessuno;Patrimonio indisponibile;Utilizzato direttamente;Altro;;;;1;False
693214;L219;1112;115;7;8.0;FABBRICATO;Via Andrea Sansovino;26;45.098497;7.6362104;Cantina, soffitta, rimessa, box, garage, posto auto aperto/scoperto,;Dal 1991 al 2000;Nessuno;Patrimonio indisponibile;Utilizzato direttamente;Altro;;;;1;False
693215;L219;1112;115;70;12.0;FABBRICATO;Via Andrea Sansovino;26;45.098497;7.6362104;Cantina, soffitta, rimessa, box, garage, posto auto aperto/scoperto,;Dal 1991 al 2000;Nessuno;Patrimonio indisponibile;Utilizzato direttamente;Altro;;;;1;False
693216;L219;1112;115;71;12.0;FABBRICATO;Via Andrea Sansovino;26;45.098497;7.6362104;Cantina, soffitta, rimessa, box, garage, posto auto aperto/scoperto,;Dal 1991 al 2000;Nessuno;Patrimonio indisponibile;Utilizzato direttamente;Altro;;;;1;False
693217;L219;1112;115;72;12.0;FABBRICATO;Via Andrea Sansovino;26;45.098497;7.6362104;Cantina, soffitta, rimessa, box, garage, posto auto aperto/scoperto,;Dal 1991 al 2000;Nessuno;Patrimonio indisponibile;Utilizzato direttamente;Altro;;;;1;False
693218;L219;1112;115;73;12.0;FABBRICATO;Via Andrea Sansovino;26;45.098497;7.6362104;Cantina, soffitta, rimessa, box, garage, posto auto aperto/scoperto,;Dal 1991 al 2000;Nessuno;Patrimonio indisponibile;Utilizzato direttamente;Altro;;;;1;False
693219;L219;1112;115;74;12.0;FABBRICATO;Via Andrea Sansovino;26;45.098497;7.6362104;Cantina, soffitta, rimessa, box, garage, posto auto aperto/scoperto,;Dal 1991 al 2000;Nessuno;Patrimonio indisponibile;Utilizzato direttamente;Altro;;;;1;False
693220;L219;1112;115;75;12.0;FABBRICATO;Via Andrea Sansovino;26;45.098497;7.6362104;Cantina, soffitta, rimessa, box, garage, posto auto aperto/scoperto,;Dal 1991 al 2000;Nessuno;Patrimonio indisponibile;Utilizzato direttamente;Altro;;;;1;False
693221;L219;1112;115;76;12.0;FABBRICATO;Via Andrea Sansovino;26;45.098497;7.6362104;Cantina, soffitta, rimessa, box, garage, posto auto aperto/scoperto,;Dal 1991 al 2000;Nessuno;Patrimonio indisponibile;Utilizzato direttamente;Altro;;;;1;False
693222;L219;1112;115;77;12.0;FABBRICATO;Via Andrea Sansovino;26;45.098497;7.6362104;Cantina, soffitta, rimessa, box, garage, posto auto aperto/scoperto,;Dal 1991 al 2000;Nessuno;Patrimonio indisponibile;Utilizzato direttamente;Altro;;;;1;False
693223;L219;1112;115;78;12.0;FABBRICATO;Via Andrea Sansovino;26;45.098497;7.6362104;Cantina, soffitta, rimessa, box, garage, posto auto aperto/scoperto,;Dal 1991 al 2000;Nessuno;Patrimonio indisponibile;Utilizzato direttamente;Altro;;;;1;False
693224;L219;1112;115;79;12.0;FABBRICATO;Via Andrea Sansovino;26;45.098497;7.6362104;Cantina, soffitta, rimessa, box, garage, posto auto aperto/scoperto,;Dal 1991 al 2000;Nessuno;Patrimonio indisponibile;Utilizzato direttamente;Altro;;;;1;False
693225;L219;1112;115;8;14.0;FABBRICATO;Via Andrea Sansovino;26;45.098497;7.6362104;Cantina, soffitta, rimessa, box, garage, posto auto aperto/scoperto,;Dal 1991 al 2000;Nessuno;Patrimonio indisponibile;Utilizzato direttamente;Altro;;;;1;False
693226;L219;1112;115;80;119.0;FABBRICATO;Via Andrea Sansovino;26;45.098497;7.6362104;Abitazione;Dal 1991 al 2000;Nessuno;Patrimonio indisponibile;Utilizzato direttamente;Altro;;;;1;False
693227;L219;1112;115;81;87.0;FABBRICATO;Via Andrea Sansovino;26;45.098497;7.6362104;Abitazione;Dal 1991 al 2000;Nessuno;Patrimonio indisponibile;Utilizzato direttamente;Altro;;;;1;False
693228;L219;1112;115;82;88.0;FABBRICATO;Via Andrea Sansovino;26;45.098497;7.6362104;Abitazione;Dal 1991 al 2000;Nessuno;Patrimonio indisponibile;Utilizzato direttamente;Altro;;;;1;False
693229;L219;1112;115;83;117.0;FABBRICATO;Via Andrea Sansovino;26;45.098497;7.6362104;Abitazione;Dal 1991 al 2000;Nessuno;Patrimonio indisponibile;Utilizzato direttamente;Altro;;;;1;False
693230;L219;1112;115;84;89.0;FABBRICATO;Via Andrea Sansovino;26;45.098497;7.6362104;Abitazione;Dal 1991 al 2000;Nessuno;Patrimonio indisponibile;Utilizzato direttamente;Altro;;;;1;False
693231;L219;1112;115;85;87.0;FABBRICATO;Via Andrea Sansovino;26;45.098497;7.6362104;Abitazione;Dal 1991 al 2000;Nessuno;Patrimonio indisponibile;Utilizzato direttamente;Altro;;;;1;False
693232;L219;1112;115;86;119.0;FABBRICATO;Via Andrea Sansovino;26;45.098497;7.6362104;Abitazione;Dal 1991 al 2000;Nessuno;Patrimonio indisponibile;Utilizzato direttamente;Altro;;;;1;False
693233;L219;1112;115;87;86.0;FABBRICATO;Via Andrea Sansovino;26;45.098497;7.6362104;Abitazione;Dal 1991 al 2000;Nessuno;Patrimonio indisponibile;Utilizzato direttamente;Altro;;;;1;False
693234;L219;1112;115;88;88.0;FABBRICATO;Via Andrea Sansovino;26;45.098497;7.6362104;Abitazione;Dal 1991 al 2000;Nessuno;Patrimonio indisponibile;Utilizzato direttamente;Altro;;;;1;False
693235;L219;1112;115;89;118.0;FABBRICATO;Via Andrea Sansovino;26;45.098497;7.6362104;Abitazione;Dal 1991 al 2000;Nessuno;Patrimonio indisponibile;Utilizzato direttamente;Altro;;;;1;False
693236;L219;1112;115;9;14.0;FABBRICATO;Via Andrea Sansovino;26;45.098497;7.6362104;Cantina, soffitta, rimessa, box, garage, posto auto aperto/scoperto,;Dal 1991 al 2000;Nessuno;Patrimonio indisponibile;Utilizzato direttamente;Altro;;;;1;False
693237;L219;1112;115;90;88.0;FABBRICATO;Via Andrea Sansovino;26;45.098497;7.6362104;Abitazione;Dal 1991 al 2000;Nessuno;Patrimonio indisponibile;Utilizzato direttamente;Altro;;;;1;False
693238;L219;1112;115;91;86.0;FABBRICATO;Via Andrea Sansovino;26;45.098497;7.6362104;Abitazione;Dal 1991 al 2000;Nessuno;Patrimonio indisponibile;Utilizzato direttamente;Altro;;;;1;False
693239;L219;1112;115;92;119.0;FABBRICATO;Via Andrea Sansovino;26;45.098497;7.6362104;Abitazione;Dal 1991 al 2000;Nessuno;Patrimonio indisponibile;Utilizzato direttamente;Altro;;;;1;False
693240;L219;1112;115;93;87.0;FABBRICATO;Via Andrea Sansovino;26;45.098497;7.6362104;Abitazione;Dal 1991 al 2000;Nessuno;Patrimonio indisponibile;Utilizzato direttamente;Altro;;;;1;False
693241;L219;1112;115;94;88.0;FABBRICATO;Via Andrea Sansovino;26;45.098497;7.6362104;Abitazione;Dal 1991 al 2000;Nessuno;Patrimonio indisponibile;Utilizzato direttamente;Altro;;;;1;False
693242;L219;1112;115;95;118.0;FABBRICATO;Via Andrea Sansovino;26;45.098497;7.6362104;Abitazione;Dal 1991 al 2000;Nessuno;Patrimonio indisponibile;Utilizzato direttamente;Altro;;;;1;False
693243;L219;1112;115;96;88.0;FABBRICATO;Via Andrea Sansovino;26;45.098497;7.6362104;Abitazione;Dal 1991 al 2000;Nessuno;Patrimonio indisponibile;Utilizzato direttamente;Altro;;;;1;False
693244;L219;1112;115;97;85.0;FABBRICATO;Via Andrea Sansovino;26;45.098497;7.6362104;Abitazione;Dal 1991 al 2000;Nessuno;Patrimonio indisponibile;Utilizzato direttamente;Altro;;;;1;False
693245;L219;1112;115;98;119.0;FABBRICATO;Via Andrea Sansovino;26;45.098497;7.6362104;Abitazione;Dal 1991 al 2000;Nessuno;Patrimonio indisponibile;Utilizzato direttamente;Altro;;;;1;False
693246;L219;1112;115;99;87.0;FABBRICATO;Via Andrea Sansovino;26;45.098497;7.6362104;Abitazione;Dal 1991 al 2000;Nessuno;Patrimonio indisponibile;Utilizzato direttamente;Altro;;;;1;False
693247;L219;1217;166;45;96.0;FABBRICATO;corso regina margherita;115 A;45.0756668;7.684525;Locale commerciale, negozio;Prima del 1919;Dichiarazione di interesse culturale;Patrimonio indisponibile;Utilizzato direttamente;Attività commerciale e di ristorazione;;;;1;False
693248;L219;1217;166;46;69.0;FABBRICATO;Piazza della Repubblica;10;45.0756668;7.684525;Locale commerciale, negozio;Prima del 1919;Dichiarazione di interesse culturale;Patrimonio indisponibile;Utilizzato direttamente;Attività commerciale e di ristorazione;;;;1;False
693249;L219;1217;166;47;31.0;FABBRICATO;Piazza della Repubblica;10;45.0756668;7.684525;Locale commerciale, negozio;Prima del 1919;Dichiarazione di interesse culturale;Patrimonio indisponibile;Utilizzato direttamente;Attività commerciale e di ristorazione;;;;1;False
693250;L219;1217;166;48;138.0;FABBRICATO;Piazza della Repubblica;0;45.0756668;7.684525;Locale commerciale, negozio;Prima del 1919;Dichiarazione di interesse culturale;Patrimonio indisponibile;Utilizzato direttamente;Attività commerciale e di ristorazione;;;;1;False
693251;L219;1217;166;49;113.0;FABBRICATO;Piazza della Repubblica;6;45.0756668;7.684525;Locale commerciale, negozio;Prima del 1919;Dichiarazione di interesse culturale;Patrimonio indisponibile;Utilizzato direttamente;Attività commerciale e di ristorazione;;;;1;False
693252;L219;1217;166;50;38.0;FABBRICATO;Piazza della Repubblica;6;45.0756668;7.684525;Locale commerciale, negozio;Prima del 1919;Dichiarazione di interesse culturale;Patrimonio indisponibile;Utilizzato direttamente;Attività commerciale e di ristorazione;;;;1;False
693253;L219;1217;166;51;101.0;FABBRICATO;Piazza della Repubblica;6;45.0756668;7.684525;Locale commerciale, negozio;Prima del 1919;Dichiarazione di interesse culturale;Patrimonio indisponibile;Utilizzato direttamente;Attività commerciale e di ristorazione;;;;1;False
693254;L219;1217;166;52;46.0;FABBRICATO;Piazza della Repubblica;6;45.0756668;7.684525;Locale commerciale, negozio;Prima del 1919;Dichiarazione di interesse culturale;Patrimonio indisponibile;Utilizzato direttamente;Attività commerciale e di ristorazione;;;;1;False
693255;L219;1217;166;53;54.0;FABBRICATO;Piazza della Repubblica;6;45.0756668;7.684525;Ufficio strutturato ed assimilabili;Prima del 1919;Dichiarazione di interesse culturale;Patrimonio indisponibile;Utilizzato direttamente;Altro;;;;1;False
693256;L219;1217;166;98;126.0;FABBRICATO;Piazza della Repubblica;6;45.0756668;7.684525;Locale commerciale, negozio;Prima del 1919;Dichiarazione di interesse culturale;Patrimonio indisponibile;Utilizzato direttamente;Attività commerciale e di ristorazione;;;;1;False
693257;L219;1217;166;55;142.0;FABBRICATO;Piazza della Repubblica;10;45.0756668;7.684525;Abitazione;Prima del 1919;Dichiarazione di interesse culturale;Patrimonio indisponibile;Utilizzato direttamente;Altro;;;;1;False
693258;L219;1217;166;56;144.0;FABBRICATO;Piazza della Repubblica;10;45.0756668;7.684525;Abitazione;Prima del 1919;Dichiarazione di interesse culturale;Patrimonio indisponibile;Utilizzato direttamente;Altro;;;;1;False
693259;L219;1217;166;57;170.0;FABBRICATO;Piazza della Repubblica;10;45.0756668;7.684525;Abitazione;Prima del 1919;Dichiarazione di interesse culturale;Patrimonio indisponibile;Utilizzato direttamente;Altro;;;;1;False
693260;L219;1217;166;58;215.0;FABBRICATO;Piazza della Repubblica;8;45.0756668;7.684525;Abitazione;Prima del 1919;Dichiarazione di interesse culturale;Patrimonio indisponibile;Utilizzato direttamente;Altro;;;;1;False
693261;L219;1217;166;59;177.0;FABBRICATO;Piazza della Repubblica;8;45.0756668;7.684525;Abitazione;Prima del 1919;Dichiarazione di interesse culturale;Patrimonio indisponibile;Utilizzato direttamente;Altro;;;;1;False
693262;L219;1217;166;60;138.0;FABBRICATO;Piazza della Repubblica;6;45.0756668;7.684525;Abitazione;Prima del 1919;Dichiarazione di interesse culturale;Patrimonio indisponibile;Utilizzato direttamente;Altro;;;;1;False
693263;L219;1217;166;61;143.0;FABBRICATO;Piazza della Repubblica;6;45.0756668;7.684525;Abitazione;Prima del 1919;Dichiarazione di interesse culturale;Patrimonio indisponibile;Utilizzato direttamente;Altro;;;;1;False
693264;L219;1217;166;62;310.0;FABBRICATO;Piazza della Repubblica;6;45.0756668;7.684525;Abitazione;Prima del 1919;Dichiarazione di interesse culturale;Patrimonio indisponibile;;Non Dichiarato;in concessione a titolo oneroso;710.0;01/01/2022;1;False
693265;L219;1217;166;63;142.0;FABBRICATO;Piazza della Repubblica;10;45.0756668;7.684525;Abitazione;Prima del 1919;Dichiarazione di interesse culturale;Patrimonio indisponibile;Utilizzato direttamente;Altro;;;;1;False
693266;L219;1217;166;65;162.0;FABBRICATO;Piazza della Repubblica;10;45.0756668;7.684525;Abitazione;Prima del 1919;Dichiarazione di interesse culturale;Patrimonio indisponibile;Utilizzato direttamente;Altro;;;;1;False
693267;L219;1217;166;66;214.0;FABBRICATO;Piazza della Repubblica;8;45.0756668;7.684525;Abitazione;Prima del 1919;Dichiarazione di interesse culturale;Patrimonio indisponibile;Utilizzato direttamente;Altro;;;;1;False
693268;L219;1217;166;68;143.0;FABBRICATO;Piazza della Repubblica;6;45.0756668;7.684525;Abitazione;Prima del 1919;Dichiarazione di interesse culturale;Patrimonio indisponibile;Utilizzato direttamente;Altro;;;;1;False
693269;L219;1217;166;69;204.0;FABBRICATO;Piazza della Repubblica;6;45.0756668;7.684525;Abitazione;Prima del 1919;Dichiarazione di interesse culturale;Patrimonio indisponibile;Utilizzato direttamente;Altro;;;;1;False
693270;L219;1217;166;70;149.0;FABBRICATO;Piazza della Repubblica;6;45.0756668;7.684525;Abitazione;Prima del 1919;Dichiarazione di interesse culturale;Patrimonio indisponibile;Utilizzato direttamente;Altro;;;;1;False
693271;L219;1217;166;71;126.0;FABBRICATO;Piazza della Repubblica;10;45.0756668;7.684525;Abitazione;Prima del 1919;Dichiarazione di interesse culturale;Patrimonio indisponibile;Utilizzato direttamente;Altro;;;;1;False
693272;L219;1217;166;72;119.0;FABBRICATO;Piazza della Repubblica;8;45.0756668;7.684525;Abitazione;Prima del 1919;Dichiarazione di interesse culturale;Patrimonio indisponibile;Utilizzato direttamente;Altro;;;;1;False
693273;L219;1217;166;73;186.0;FABBRICATO;Piazza della Repubblica;6;45.0756668;7.684525;Abitazione;Prima del 1919;Dichiarazione di interesse culturale;Patrimonio indisponibile;Utilizzato direttamente;Altro;;;;1;False
693274;L219;1217;166;74;128.0;FABBRICATO;Piazza della Repubblica;6;45.0756668;7.684525;Abitazione;Prima del 1919;Dichiarazione di interesse culturale;Patrimonio indisponibile;Utilizzato direttamente;Altro;;;;1;False
693275;L219;1217;166;75;154.0;FABBRICATO;Piazza della Repubblica;6;45.0756668;7.684525;Abitazione;Prima del 1919;Dichiarazione di interesse culturale;Patrimonio indisponibile;Utilizzato direttamente;Altro;;;;1;False
693276;L219;1217;166;76;75.0;FABBRICATO;Piazza della Repubblica;6;45.0756668;7.684525;Abitazione;Prima del 1919;Dichiarazione di interesse culturale;Patrimonio indisponibile;Utilizzato direttamente;Altro;;;;1;False
693277;L219;1217;166;77;11.0;FABBRICATO;Piazza della Repubblica;8;45.0755733;7.6847578;Cantina, soffitta, rimessa, box, garage, posto auto aperto/scoperto,;Prima del 1919;Dichiarazione di interesse culturale;Patrimonio indisponibile;Utilizzato direttamente;Altro;;;;1;False
693278;L219;1217;166;78;11.0;FABBRICATO;Piazza della Repubblica;8;45.0755733;7.6847578;Cantina, soffitta, rimessa, box, garage, posto auto aperto/scoperto,;Prima del 1919;Dichiarazione di interesse culturale;Patrimonio indisponibile;Utilizzato direttamente;Altro;;;;1;False
693279;L219;1217;166;79;11.0;FABBRICATO;Piazza della Repubblica;8;45.0755733;7.6847578;Cantina, soffitta, rimessa, box, garage, posto auto aperto/scoperto,;Prima del 1919;Dichiarazione di interesse culturale;Patrimonio indisponibile;Utilizzato direttamente;Altro;;;;1;False
693280;L219;1217;166;80;11.0;FABBRICATO;Piazza della Repubblica;8;45.0755733;7.6847578;Cantina, soffitta, rimessa, box, garage, posto auto aperto/scoperto,;Prima del 1919;Dichiarazione di interesse culturale;Patrimonio indisponibile;Utilizzato direttamente;Altro;;;;1;False
693281;L219;1217;166;81;11.0;FABBRICATO;Piazza della Repubblica;8;45.0755733;7.6847578;Cantina, soffitta, rimessa, box, garage, posto auto aperto/scoperto,;Prima del 1919;Dichiarazione di interesse culturale;Patrimonio indisponibile;Utilizzato direttamente;Altro;;;;1;False
693282;L219;1217;166;82;11.0;FABBRICATO;Piazza della Repubblica;8;45.0755733;7.6847578;Cantina, soffitta, rimessa, box, garage, posto auto aperto/scoperto,;Prima del 1919;Dichiarazione di interesse culturale;Patrimonio indisponibile;Utilizzato direttamente;Altro;;;;1;False
693283;L219;1217;166;83;11.0;FABBRICATO;Piazza della Repubblica;8;45.0755733;7.6847578;Cantina, soffitta, rimessa, box, garage, posto auto aperto/scoperto,;Prima del 1919;Dichiarazione di interesse culturale;Patrimonio indisponibile;Utilizzato direttamente;Altro;;;;1;False
693284;L219;1217;166;84;11.0;FABBRICATO;Piazza della Repubblica;8;45.0755733;7.6847578;Cantina, soffitta, rimessa, box, garage, posto auto aperto/scoperto,;Prima del 1919;Dichiarazione di interesse culturale;Patrimonio indisponibile;Utilizzato direttamente;Altro;;;;1;False
693285;L219;1217;166;85;11.0;FABBRICATO;Piazza della Repubblica;8;45.0755733;7.6847578;Cantina, soffitta, rimessa, box, garage, posto auto aperto/scoperto,;Prima del 1919;Dichiarazione di interesse culturale;Patrimonio indisponibile;Utilizzato direttamente;Altro;;;;1;False
693286;L219;1217;166;86;11.0;FABBRICATO;Piazza della Repubblica;8;45.0757631;7.6848046;Cantina, soffitta, rimessa, box, garage, posto auto aperto/scoperto,;Prima del 1919;Dichiarazione di interesse culturale;Patrimonio indisponibile;Utilizzato direttamente;Altro;;;;1;False
693287;L219;1217;166;87;11.0;FABBRICATO;Piazza della Repubblica;8;45.0757631;7.6848046;Cantina, soffitta, rimessa, box, garage, posto auto aperto/scoperto,;Prima del 1919;Dichiarazione di interesse culturale;Patrimonio indisponibile;Utilizzato direttamente;Altro;;;;1;False
693288;L219;1217;166;88;11.0;FABBRICATO;Piazza della Repubblica;8;45.0757631;7.6848046;Cantina, soffitta, rimessa, box, garage, posto auto aperto/scoperto,;Prima del 1919;Dichiarazione di interesse culturale;Patrimonio indisponibile;Utilizzato direttamente;Altro;;;;1;False
693289;L219;1217;166;89;11.0;FABBRICATO;Piazza della Repubblica;8;45.0757631;7.6848046;Cantina, soffitta, rimessa, box, garage, posto auto aperto/scoperto,;Prima del 1919;Dichiarazione di interesse culturale;Patrimonio indisponibile;Utilizzato direttamente;Altro;;;;1;False
693290;L219;1217;166;90;11.0;FABBRICATO;Piazza della Repubblica;8;45.0757631;7.6848046;Cantina, soffitta, rimessa, box, garage, posto auto aperto/scoperto,;Prima del 1919;Dichiarazione di interesse culturale;Patrimonio indisponibile;Utilizzato direttamente;Altro;;;;1;False
693291;L219;1217;166;91;11.0;FABBRICATO;Piazza della Repubblica;8;45.0757631;7.6848046;Cantina, soffitta, rimessa, box, garage, posto auto aperto/scoperto,;Prima del 1919;Dichiarazione di interesse culturale;Patrimonio indisponibile;Utilizzato direttamente;Altro;;;;1;False
693292;L219;1217;166;92;11.0;FABBRICATO;Piazza della Repubblica;8;45.0757631;7.6848046;Cantina, soffitta, rimessa, box, garage, posto auto aperto/scoperto,;Prima del 1919;Dichiarazione di interesse culturale;Patrimonio indisponibile;Utilizzato direttamente;Altro;;;;1;False
693293;L219;1217;166;93;11.0;FABBRICATO;Piazza della Repubblica;8;45.0757631;7.6848046;Cantina, soffitta, rimessa, box, garage, posto auto aperto/scoperto,;Prima del 1919;Dichiarazione di interesse culturale;Patrimonio indisponibile;Utilizzato direttamente;Altro;;;;1;False
693294;L219;1217;166;94;11.0;FABBRICATO;Piazza della Repubblica;8;45.0757631;7.6848046;Cantina, soffitta, rimessa, box, garage, posto auto aperto/scoperto,;Prima del 1919;Dichiarazione di interesse culturale;Patrimonio indisponibile;Utilizzato direttamente;Altro;;;;1;False
693295;L219;1217;166;95;11.0;FABBRICATO;Piazza della Repubblica;8;45.0757631;7.6848046;Cantina, soffitta, rimessa, box, garage, posto auto aperto/scoperto,;Prima del 1919;Dichiarazione di interesse culturale;Patrimonio indisponibile;Utilizzato direttamente;Altro;;;;1;False
693296;L219;1217;166;96;305.0;FABBRICATO;Piazza della Repubblica;8;45.0756668;7.684525;Ufficio strutturato ed assimilabili;Prima del 1919;Dichiarazione di interesse culturale;Patrimonio indisponibile;Utilizzato direttamente;Altro;;;;1;False
693297;L219;1217;166;97;29.0;FABBRICATO;Piazza della Repubblica;6;45.0756668;7.684525;Cantina, soffitta, rimessa, box, garage, posto auto aperto/scoperto,;Prima del 1919;Dichiarazione di interesse culturale;Patrimonio indisponibile;Utilizzato direttamente;Altro;;;;1;False
693298;L219;1392;291;;524.25;FABBRICATO;corso orbassano;264;45.0390681;7.6306606;Edificio scolastico (es.: scuola di ogni ordine e grado, università, scuola di formazione);Dal 1971 al 1980;Nessuno;Patrimonio indisponibile;Utilizzato direttamente;Attività didattica;;;;1;False
693299;L219;1217;208;12;57.0;FABBRICATO;Piazza Emanuele Filiberto;3;45.076102;7.6814876;Abitazione;Prima del 1919;Nessuno;Patrimonio indisponibile;Utilizzato direttamente;Altro;;;;1;False
693300;L219;1217;208;16;66.0;FABBRICATO;Piazza Emanuele Filiberto;3;45.076102;7.6814876;Abitazione;Prima del 1919;Nessuno;Patrimonio indisponibile;Utilizzato direttamente;Altro;;;;1;False
693301;L219;1217;208;17;107.0;FABBRICATO;Piazza Emanuele Filiberto;3;45.076102;7.6814876;Abitazione;Prima del 1919;Nessuno;Patrimonio indisponibile;Utilizzato direttamente;Altro;;;;1;False
693302;L219;1217;208;18;106.0;FABBRICATO;Piazza Emanuele Filiberto;3;45.076102;7.6814876;Abitazione;Prima del 1919;Nessuno;Patrimonio indisponibile;Utilizzato direttamente;Altro;;;;1;False
693303;L219;1217;208;19;107.0;FABBRICATO;Piazza Emanuele Filiberto;3;45.076102;7.6814876;Abitazione;Prima del 1919;Nessuno;Patrimonio indisponibile;Utilizzato direttamente;Altro;;;;1;False
693304;L219;1217;210;14;58.0;FABBRICATO;Piazza Emanuele Filiberto;1;45.0760111;7.6817108;Abitazione;Prima del 1919;Nessuno;Patrimonio indisponibile;Utilizzato direttamente;Altro;;;;1;False
693305;L219;1217;210;22;113.0;FABBRICATO;Piazza Emanuele Filiberto;1;45.0760111;7.6817108;Abitazione;Prima del 1919;Nessuno;Patrimonio indisponibile;Utilizzato direttamente;Altro;;;;1;False
693306;L219;1217;210;28;116.0;FABBRICATO;Piazza Emanuele Filiberto;1;45.0760111;7.6817108;Abitazione;Prima del 1919;Nessuno;Patrimonio indisponibile;Utilizzato direttamente;Altro;;;;1;False
693307;L219;1217;210;31;39.0;FABBRICATO;Piazza Emanuele Filiberto;1;45.0760111;7.6817108;Abitazione;Prima del 1919;Nessuno;Patrimonio indisponibile;Utilizzato direttamente;Altro;;;;1;False
693308;L219;1217;210;32;59.0;FABBRICATO;Piazza Emanuele Filiberto;1;45.0760111;7.6817108;Abitazione;Prima del 1919;Nessuno;Patrimonio indisponibile;Utilizzato direttamente;Altro;;;;1;False
693309;L219;1217;210;33;116.0;FABBRICATO;Piazza Emanuele Filiberto;1;45.0760111;7.6817108;Abitazione;Prima del 1919;Nessuno;Patrimonio indisponibile;Utilizzato direttamente;Altro;;;;1;False
693310;L219;1217;210;35;104.0;FABBRICATO;Piazza Emanuele Filiberto;1;45.0760111;7.6817108;Abitazione;Prima del 1919;Nessuno;Patrimonio indisponibile;Utilizzato direttamente;Altro;;;;1;False
693311;L219;1217;210;36;105.0;FABBRICATO;Piazza Emanuele Filiberto;1;45.0760111;7.6817108;Abitazione;Prima del 1919;Nessuno;Patrimonio indisponibile;Utilizzato direttamente;Altro;;;;1;False
693312;L219;1217;210;37;115.0;FABBRICATO;Piazza Emanuele Filiberto;1;45.0760111;7.6817108;Abitazione;Prima del 1919;Nessuno;Patrimonio indisponibile;Utilizzato direttamente;Altro;;;;1;False
693313;L219;1217;210;38;104.0;FABBRICATO;Piazza Emanuele Filiberto;1;45.0760111;7.6817108;Abitazione;Prima del 1919;Nessuno;Patrimonio indisponibile;Utilizzato direttamente;Altro;;;;1;False
693314;L219;1217;210;39;59.0;FABBRICATO;Piazza Emanuele Filiberto;1;45.0760111;7.6817108;Abitazione;Prima del 1919;Nessuno;Patrimonio indisponibile;Utilizzato direttamente;Altro;;;;1;False
693315;L219;1217;210;40;106.0;FABBRICATO;Piazza Emanuele Filiberto;1;45.0760111;7.6817108;Abitazione;Prima del 1919;Nessuno;Patrimonio indisponibile;Utilizzato direttamente;Altro;;;;1;False
693316;L219;1217;210;41;59.0;FABBRICATO;Piazza Emanuele Filiberto;1;45.0760111;7.6817108;Abitazione;Prima del 1919;Nessuno;Patrimonio indisponibile;Utilizzato direttamente;Altro;;;;1;False
693317;L219;1217;210;42;105.0;FABBRICATO;Piazza Emanuele Filiberto;1;45.0760111;7.6817108;Abitazione;Prima del 1919;Nessuno;Patrimonio indisponibile;Utilizzato direttamente;Altro;;;;1;False
693318;L219;1217;210;8;58.0;FABBRICATO;Piazza Emanuele Filiberto;1;45.0760111;7.6817108;Abitazione;Prima del 1919;Nessuno;Patrimonio indisponibile;Utilizzato direttamente;Altro;;;;1;False
693319;L219;1217;210;9;115.0;FABBRICATO;Piazza Emanuele Filiberto;1;45.0760111;7.6817108;Abitazione;Prima del 1919;Nessuno;Patrimonio indisponibile;Utilizzato direttamente;Altro;;;;1;False
693343;L219;1217;242;55;38.0;FABBRICATO;Via della Basilica;3;45.0750956;7.6836509;Cantina, soffitta, rimessa, box, garage, posto auto aperto/scoperto,;Prima del 1919;Dichiarazione di interesse culturale;Patrimonio indisponibile;Utilizzato direttamente;Altro;;;;1;False
693345;L219;1217;41;26;59.0;FABBRICATO;Piazza della Repubblica;22;45.0777899;7.6847703;Locale commerciale, negozio;Prima del 1919;Nessuno;Patrimonio indisponibile;Utilizzato direttamente;Attività commerciale e di ristorazione;;;;1;False
693346;L219;1217;41;28;78.0;FABBRICATO;Piazza Don Paolo Albera;11;45.0777899;7.6847703;Abitazione;Prima del 1919;Nessuno;Patrimonio indisponibile;Utilizzato direttamente;Altro;;;;1;False
693347;L219;1217;41;29;134.0;FABBRICATO;Piazza Don Paolo Albera;11;45.0777899;7.6847703;Abitazione;Prima del 1919;Nessuno;Patrimonio indisponibile;Utilizzato direttamente;Altro;;;;1;False
693348;L219;1217;41;30;87.0;FABBRICATO;Piazza Don Paolo Albera;11;45.0777899;7.6847703;Abitazione;Prima del 1919;Nessuno;Patrimonio indisponibile;Utilizzato direttamente;Altro;;;;1;False
693349;L219;1217;41;31;82.0;FABBRICATO;Piazza Don Paolo Albera;11;45.0777899;7.6847703;Abitazione;Prima del 1919;Nessuno;Patrimonio indisponibile;Utilizzato direttamente;Altro;;;;1;False
693350;L219;1217;41;32;146.0;FABBRICATO;Piazza Don Paolo Albera;11;45.0777899;7.6847703;Abitazione;Prima del 1919;Nessuno;Patrimonio indisponibile;Utilizzato direttamente;Altro;;;;1;False
693351;L219;1217;41;33;86.0;FABBRICATO;Piazza Don Paolo Albera;11;45.0777899;7.6847703;Abitazione;Prima del 1919;Nessuno;Patrimonio indisponibile;Utilizzato direttamente;Altro;;;;1;False
693352;L219;1217;41;34;87.0;FABBRICATO;Piazza Don Paolo Albera;11;45.0777899;7.6847703;Abitazione;Prima del 1919;Nessuno;Patrimonio indisponibile;Utilizzato direttamente;Altro;;;;1;False
693353;L219;1217;41;35;137.0;FABBRICATO;Piazza Don Paolo Albera;11;45.0777899;7.6847703;Abitazione;Prima del 1919;Nessuno;Patrimonio indisponibile;Utilizzato direttamente;Altro;;;;1;False
693354;L219;1217;41;36;85.0;FABBRICATO;Piazza Don Paolo Albera;11;45.0777899;7.6847703;Abitazione;Prima del 1919;Nessuno;Patrimonio indisponibile;Utilizzato direttamente;Altro;;;;1;False
693355;L219;1217;41;37;69.0;FABBRICATO;Piazza Don Paolo Albera;11;45.0777899;7.6847703;Abitazione;Prima del 1919;Nessuno;Patrimonio indisponibile;Utilizzato direttamente;Altro;;;;1;False
693356;L219;1217;41;38;135.0;FABBRICATO;Piazza Don Paolo Albera;11;45.0777899;7.6847703;Abitazione;Prima del 1919;Nessuno;Patrimonio indisponibile;Utilizzato direttamente;Altro;;;;1;False
693359;L219;1405;192;3;300.0;FABBRICATO;Via Villa Glori;21;45.0370914;7.6787283;Impianto sportivo;Dal 1991 al 2000;Nessuno;Patrimonio indisponibile;Utilizzato direttamente;Attività sportiva, ricreativa e di intrattenimento;;;;1;False
693360;L219;1405;192;4;93.0;FABBRICATO;via villa glori;21;45.0370914;7.6787283;Abitazione;Dal 1946 al 1960;Nessuno;Patrimonio indisponibile;Utilizzato direttamente;Alloggio di servizio, foresterie;;;;1;False
693371;L219;1217;42;10;115.0;FABBRICATO;Piazza Albera Don Paolo;9;45.0775785;7.6846441;Abitazione;Dal 1961 al 1970;Nessuno;Patrimonio indisponibile;Utilizzato direttamente;Altro;;;;1;False
693372;L219;1217;42;11;105.0;FABBRICATO;Piazza Albera Don Paolo;9;45.0775785;7.6846441;Abitazione;Dal 1961 al 1970;Nessuno;Patrimonio indisponibile;Utilizzato direttamente;Altro;;;;1;False
693373;L219;1217;42;4;88.0;FABBRICATO;Piazza Albera Don Paolo;9;45.0775785;7.6846441;Abitazione;Dal 1961 al 1970;Nessuno;Patrimonio indisponibile;Utilizzato direttamente;Altro;;;;1;False
693374;L219;1217;42;7;103.0;FABBRICATO;Piazza Albera Don Paolo;9;45.0775785;7.6846441;Abitazione;Dal 1961 al 1970;Nessuno;Patrimonio indisponibile;Utilizzato direttamente;Altro;;;;1;False
693376;L219;1217;46;75;152.0;FABBRICATO;Via Clemente Damiano Priocca;3;45.0772002;7.6852639;Ufficio strutturato ed assimilabili;Prima del 1919;Nessuno;Patrimonio indisponibile;Non utilizzato;Non Dichiarato;;;;1;False
693377;L219;1217;46;33;118.0;FABBRICATO;Piazza della Repubblica;14;45.0772002;7.6852639;Locale commerciale, negozio;Prima del 1919;Nessuno;Patrimonio indisponibile;Utilizzato direttamente;Attività commerciale e di ristorazione;;;;1;False
693381;L219;1217;46;46;24.0;FABBRICATO;Via Clemente Damiano Priocca;3;45.0772002;7.6852639;Abitazione;Prima del 1919;Nessuno;Patrimonio indisponibile;Utilizzato direttamente;Altro;;;;1;False
693382;L219;1217;46;47;28.0;FABBRICATO;Via Clemente Damiano Priocca;3;45.0772002;7.6852639;Abitazione;Prima del 1919;Nessuno;Patrimonio indisponibile;Utilizzato direttamente;Altro;;;;1;False
693383;L219;1217;46;48;24.0;FABBRICATO;Via Clemente Damiano Priocca;3;45.0772002;7.6852639;Abitazione;Prima del 1919;Nessuno;Patrimonio indisponibile;Utilizzato direttamente;Altro;;;;1;False
693384;L219;1217;46;49;66.0;FABBRICATO;Via Clemente Damiano Priocca;3;45.0772002;7.6852639;Abitazione;Prima del 1919;Nessuno;Patrimonio indisponibile;Utilizzato direttamente;Altro;;;;1;False
693385;L219;1217;46;50;61.0;FABBRICATO;Via Clemente Damiano Priocca;3;45.0772002;7.6852639;Abitazione;Prima del 1919;Nessuno;Patrimonio indisponibile;Utilizzato direttamente;Altro;;;;1;False
693386;L219;1217;46;51;34.0;FABBRICATO;Via Clemente Damiano Priocca;3;45.0772002;7.6852639;Abitazione;Prima del 1919;Nessuno;Patrimonio indisponibile;Utilizzato direttamente;Altro;;;;1;False
693387;L219;1217;46;52;49.0;FABBRICATO;Via Clemente Damiano Priocca;3;45.0772002;7.6852639;Abitazione;Prima del 1919;Nessuno;Patrimonio indisponibile;Utilizzato direttamente;Altro;;;;1;False
693388;L219;1217;46;53;70.0;FABBRICATO;Via Clemente Damiano Priocca;3;45.0772002;7.6852639;Abitazione;Prima del 1919;Nessuno;Patrimonio indisponibile;Utilizzato direttamente;Altro;;;;1;False
693389;L219;1217;46;54;69.0;FABBRICATO;Via Clemente Damiano Priocca;3;45.0772002;7.6852639;Abitazione;Prima del 1919;Nessuno;Patrimonio indisponibile;Utilizzato direttamente;Altro;;;;1;False
693390;L219;1217;46;55;64.0;FABBRICATO;Via Clemente Damiano Priocca;3;45.0772002;7.6852639;Abitazione;Prima del 1919;Nessuno;Patrimonio indisponibile;Utilizzato direttamente;Altro;;;;1;False
693391;L219;1217;46;56;61.0;FABBRICATO;Via Clemente Damiano Priocca;3;45.0772002;7.6852639;Abitazione;Prima del 1919;Nessuno;Patrimonio indisponibile;Utilizzato direttamente;Altro;;;;1;False
693392;L219;1217;46;57;35.0;FABBRICATO;Via Clemente Damiano Priocca;3;45.0772002;7.6852639;Abitazione;Prima del 1919;Nessuno;Patrimonio indisponibile;Utilizzato direttamente;Altro;;;;1;False
693393;L219;1217;46;58;49.0;FABBRICATO;Via Clemente Damiano Priocca;3;45.0772002;7.6852639;Abitazione;Prima del 1919;Nessuno;Patrimonio indisponibile;Utilizzato direttamente;Altro;;;;1;False
693394;L219;1217;46;59;71.0;FABBRICATO;Via Clemente Damiano Priocca;3;45.0772002;7.6852639;Abitazione;Prima del 1919;Nessuno;Patrimonio indisponibile;Utilizzato direttamente;Altro;;;;1;False
693395;L219;1217;46;60;69.0;FABBRICATO;Via Clemente Damiano Priocca;3;45.0772002;7.6852639;Abitazione;Prima del 1919;Nessuno;Patrimonio indisponibile;Utilizzato direttamente;Altro;;;;1;False
693396;L219;1217;46;61;65.0;FABBRICATO;Via Clemente Damiano Priocca;3;45.0772002;7.6852639;Abitazione;Prima del 1919;Nessuno;Patrimonio indisponibile;Utilizzato direttamente;Altro;;;;1;False
693397;L219;1217;46;62;62.0;FABBRICATO;Via Clemente Damiano Priocca;3;45.0772002;7.6852639;Abitazione;Prima del 1919;Nessuno;Patrimonio indisponibile;Utilizzato direttamente;Altro;;;;1;False
693398;L219;1217;46;63;34.0;FABBRICATO;Via Clemente Damiano Priocca;3;45.0772002;7.6852639;Abitazione;Prima del 1919;Nessuno;Patrimonio indisponibile;Utilizzato direttamente;Altro;;;;1;False
693399;L219;1217;46;64;49.0;FABBRICATO;Via Clemente Damiano Priocca;3;45.0772002;7.6852639;Abitazione;Prima del 1919;Nessuno;Patrimonio indisponibile;Utilizzato direttamente;Altro;;;;1;False
693400;L219;1217;46;65;71.0;FABBRICATO;Via Clemente Damiano Priocca;3;45.0772002;7.6852639;Abitazione;Prima del 1919;Nessuno;Patrimonio indisponibile;Utilizzato direttamente;Altro;;;;1;False
693401;L219;1217;46;66;67.0;FABBRICATO;Via Clemente Damiano Priocca;3;45.0772002;7.6852639;Abitazione;Prima del 1919;Nessuno;Patrimonio indisponibile;Utilizzato direttamente;Altro;;;;1;False
693402;L219;1217;46;67;60.0;FABBRICATO;Via Clemente Damiano Priocca;3;45.0772002;7.6852639;Abitazione;Prima del 1919;Nessuno;Patrimonio indisponibile;Utilizzato direttamente;Altro;;;;1;False
693403;L219;1217;46;68;56.0;FABBRICATO;Via Clemente Damiano Priocca;3;45.0772002;7.6852639;Abitazione;Prima del 1919;Nessuno;Patrimonio indisponibile;Utilizzato direttamente;Altro;;;;1;False
693404;L219;1217;46;69;36.0;FABBRICATO;Via Clemente Damiano Priocca;3;45.0772002;7.6852639;Abitazione;Prima del 1919;Nessuno;Patrimonio indisponibile;Utilizzato direttamente;Altro;;;;1;False
693405;L219;1217;46;70;39.0;FABBRICATO;Via Clemente Damiano Priocca;3;45.0772002;7.6852639;Abitazione;Prima del 1919;Nessuno;Patrimonio indisponibile;Utilizzato direttamente;Altro;;;;1;False
693406;L219;1217;46;71;47.0;FABBRICATO;Via Clemente Damiano Priocca;3;45.0772002;7.6852639;Abitazione;Prima del 1919;Nessuno;Patrimonio indisponibile;Utilizzato direttamente;Altro;;;;1;False
693407;L219;1217;46;72;46.0;FABBRICATO;Via Clemente Damiano Priocca;3;45.0772002;7.6852639;Abitazione;Prima del 1919;Nessuno;Patrimonio indisponibile;Utilizzato direttamente;Altro;;;;1;False
693409;L219;1405;5;1;6047.75;FABBRICATO;corso sicilia;40;45.0409629;7.6808798;Edificio scolastico (es.: scuola di ogni ordine e grado, università, scuola di formazione);Dal 1971 al 1980;Nessuno;Patrimonio indisponibile;Utilizzato direttamente;Attività didattica;;;;1;False
693410;L219;1405;5;2;91.0;FABBRICATO;corso sicilia;40;45.0409629;7.6808798;Abitazione;Dal 1971 al 1980;Nessuno;Patrimonio indisponibile;Utilizzato direttamente;Alloggio di servizio, foresterie;;;;1;False
693435;L219;1217;9;1;24.0;FABBRICATO;via lanino bernardino;3;45.0782903;7.6829779;Cantina, soffitta, rimessa, box, garage, posto auto aperto/scoperto,;Prima del 1919;Nessuno;Patrimonio indisponibile;Utilizzato direttamente;Altro;;;;1;False
693436;L219;1217;9;2;43.0;FABBRICATO;via lanino bernardino;3;45.0782903;7.6829779;Magazzino e locali di deposito;Prima del 1919;Nessuno;Patrimonio indisponibile;Utilizzato direttamente;Altro;;;;1;False
693437;L219;1217;9;3;30.0;FABBRICATO;via lanino bernardino;3;45.0782903;7.6829779;Cantina, soffitta, rimessa, box, garage, posto auto aperto/scoperto,;Prima del 1919;Nessuno;Patrimonio indisponibile;Utilizzato direttamente;Altro;;;;1;False
693439;L219;1218;124;1;368.0;FABBRICATO;Via Bligny;19;45.0769325;7.6772792;Fabbricato per attività produttiva (industriale, artigianale o agricola);Dal 1946 al 1960;Nessuno;Patrimonio indisponibile;Utilizzato direttamente;Attività amministrativa/uffici pubblici;;;;1;False
693440;L219;1117;52;2;562.2;FABBRICATO;Strada della Pellerina;22;45.0881377;7.6239728;Struttura residenziale collettiva (es.: collegi e convitti, educandati, ricoveri, orfanotrofi, ospizi, conventi, seminari);Prima del 1919;Nessuno;Patrimonio indisponibile;;Non Dichiarato;in concessione a titolo oneroso;28920.0;01/12/2015;1;False
693441;L219;1117;52;3;80.6;FABBRICATO;Strada della Pellerina;22;45.0881377;7.6239728;Struttura residenziale collettiva (es.: collegi e convitti, educandati, ricoveri, orfanotrofi, ospizi, conventi, seminari);Prima del 1919;Nessuno;Patrimonio indisponibile;;Non Dichiarato;in concessione a titolo oneroso;28920.0;01/12/2015;1;False
693442;L219;1117;52;4;26.0;FABBRICATO;Strada della Pellerina;22;45.0881377;7.6239728;Cantina, soffitta, rimessa, box, garage, posto auto aperto/scoperto,;Prima del 1919;Nessuno;Patrimonio indisponibile;Non utilizzato;Non Dichiarato;;;;1;False
693443;L219;1117;52;5;26.0;FABBRICATO;Strada della Pellerina;22;45.0881377;7.6239728;Cantina, soffitta, rimessa, box, garage, posto auto aperto/scoperto,;Prima del 1919;Nessuno;Patrimonio indisponibile;Non utilizzato;Non Dichiarato;;;;1;False
693444;L219;1117;52;6;18.0;FABBRICATO;Strada della Pellerina;22;45.0881377;7.6239728;Cantina, soffitta, rimessa, box, garage, posto auto aperto/scoperto,;Prima del 1919;Nessuno;Patrimonio indisponibile;Non utilizzato;Non Dichiarato;;;;1;False
693445;L219;1117;52;7;82.0;FABBRICATO;Strada della Pellerina;22;45.0881377;7.6239728;Magazzino e locali di deposito;Prima del 1919;Nessuno;Patrimonio indisponibile;Non utilizzato;Non Dichiarato;;;;1;False
693446;L219;1218;43;100;78.0;FABBRICATO;Via Sigismondo Gerdil;7;45.0797746;7.6778351;Abitazione;Prima del 1919;Nessuno;Patrimonio indisponibile;Utilizzato direttamente;Altro;;;;1;False
693447;L219;1218;43;101;86.0;FABBRICATO;Via San Giuseppe Benedetto Cottolengo;25;45.0797746;7.6778351;Abitazione;Prima del 1919;Nessuno;Patrimonio indisponibile;Utilizzato direttamente;Altro;;;;1;False
693448;L219;1218;43;102;50.0;FABBRICATO;Via San Giuseppe Benedetto Cottolengo;25;45.0797746;7.6778351;Abitazione;Prima del 1919;Nessuno;Patrimonio indisponibile;Utilizzato direttamente;Altro;;;;1;False
693449;L219;1218;43;103;70.0;FABBRICATO;Via San Giuseppe Benedetto Cottolengo;25;45.0797746;7.6778351;Abitazione;Prima del 1919;Nessuno;Patrimonio indisponibile;Utilizzato direttamente;Altro;;;;1;False
693450;L219;1218;43;104;43.0;FABBRICATO;Via Sigismondo Gerdil;7;45.0797746;7.6778351;Abitazione;Prima del 1919;Nessuno;Patrimonio indisponibile;Utilizzato direttamente;Altro;;;;1;False
693451;L219;1218;43;105;108.0;FABBRICATO;Via Sigismondo Gerdil;7;45.0797746;7.6778351;Abitazione;Prima del 1919;Nessuno;Patrimonio indisponibile;Utilizzato direttamente;Altro;;;;1;False
693452;L219;1218;43;106;102.0;FABBRICATO;Via Sigismondo Gerdil;7;45.0797746;7.6778351;Abitazione;Prima del 1919;Nessuno;Patrimonio indisponibile;Utilizzato direttamente;Altro;;;;1;False
693453;L219;1218;43;107;102.0;FABBRICATO;Via Sigismondo Gerdil;7;45.0797746;7.6778351;Abitazione;Prima del 1919;Nessuno;Patrimonio indisponibile;Utilizzato direttamente;Altro;;;;1;False
693454;L219;1218;43;108;95.0;FABBRICATO;Via San Giuseppe Benedetto Cottolengo;25;45.0797746;7.6778351;Abitazione;Prima del 1919;Nessuno;Patrimonio indisponibile;Utilizzato direttamente;Altro;;;;1;False
693455;L219;1218;43;109;78.0;FABBRICATO;Via San Giuseppe Benedetto Cottolengo;25;45.0797746;7.6778351;Abitazione;Prima del 1919;Nessuno;Patrimonio indisponibile;Utilizzato direttamente;Altro;;;;1;False
693456;L219;1218;43;110;69.0;FABBRICATO;Via San Giuseppe Benedetto Cottolengo;25;45.0797746;7.6778351;Abitazione;Prima del 1919;Nessuno;Patrimonio indisponibile;Utilizzato direttamente;Altro;;;;1;False
693457;L219;1218;43;80;44.0;FABBRICATO;Via Sigismondo Gerdil;7;45.0797746;7.6778351;Abitazione;Prima del 1919;Nessuno;Patrimonio indisponibile;Utilizzato direttamente;Altro;;;;1;False
693458;L219;1218;43;81;75.0;FABBRICATO;Via Sigismondo Gerdil;7;45.0797746;7.6778351;Abitazione;Prima del 1919;Nessuno;Patrimonio indisponibile;Utilizzato direttamente;Altro;;;;1;False
693459;L219;1218;43;82;42.0;FABBRICATO;Via Sigismondo Gerdil;7;45.0797746;7.6778351;Abitazione;Prima del 1919;Nessuno;Patrimonio indisponibile;Utilizzato direttamente;Altro;;;;1;False
693460;L219;1218;43;83;38.0;FABBRICATO;Via Sigismondo Gerdil;7;45.0797746;7.6778351;Abitazione;Prima del 1919;Nessuno;Patrimonio indisponibile;Utilizzato direttamente;Altro;;;;1;False
693461;L219;1218;43;84;78.0;FABBRICATO;Via Sigismondo Gerdil;7;45.0797746;7.6778351;Abitazione;Prima del 1919;Nessuno;Patrimonio indisponibile;Utilizzato direttamente;Altro;;;;1;False
693462;L219;1218;43;85;85.0;FABBRICATO;Via San Giuseppe Benedetto Cottolengo;25;45.0797746;7.6778351;Abitazione;Prima del 1919;Nessuno;Patrimonio indisponibile;Utilizzato direttamente;Altro;;;;1;False
693463;L219;1218;43;86;50.0;FABBRICATO;Via San Giuseppe Benedetto Cottolengo;25;45.0797746;7.6778351;Abitazione;Prima del 1919;Nessuno;Patrimonio indisponibile;Utilizzato direttamente;Altro;;;;1;False
693464;L219;1218;43;87;70.0;FABBRICATO;Via San Giuseppe Benedetto Cottolengo;25;45.0797746;7.6778351;Abitazione;Prima del 1919;Nessuno;Patrimonio indisponibile;Utilizzato direttamente;Altro;;;;1;False
693465;L219;1218;43;88;43.0;FABBRICATO;Via Sigismondo Gerdil;7;45.0797746;7.6778351;Abitazione;Prima del 1919;Nessuno;Patrimonio indisponibile;Utilizzato direttamente;Altro;;;;1;False
693466;L219;1218;43;90;41.0;FABBRICATO;Via Sigismondo Gerdil;7;45.0797746;7.6778351;Abitazione;Prima del 1919;Nessuno;Patrimonio indisponibile;Utilizzato direttamente;Altro;;;;1;False
693467;L219;1218;43;91;38.0;FABBRICATO;Via Sigismondo Gerdil;7;45.0797746;7.6778351;Abitazione;Prima del 1919;Nessuno;Patrimonio indisponibile;Utilizzato direttamente;Altro;;;;1;False
693468;L219;1218;43;92;80.0;FABBRICATO;Via Sigismondo Gerdil;7;45.0797746;7.6778351;Abitazione;Prima del 1919;Nessuno;Patrimonio indisponibile;Utilizzato direttamente;Altro;;;;1;False
693469;L219;1218;43;93;85.0;FABBRICATO;Via San Giuseppe Benedetto Cottolengo;25;45.0797746;7.6778351;Abitazione;Prima del 1919;Nessuno;Patrimonio indisponibile;Utilizzato direttamente;Altro;;;;1;False
693470;L219;1218;43;94;50.0;FABBRICATO;Via San Giuseppe Benedetto Cottolengo;25;45.0797746;7.6778351;Abitazione;Prima del 1919;Nessuno;Patrimonio indisponibile;Utilizzato direttamente;Altro;;;;1;False
693471;L219;1218;43;95;70.0;FABBRICATO;Via San Giuseppe Benedetto Cottolengo;25;45.0797746;7.6778351;Abitazione;Prima del 1919;Nessuno;Patrimonio indisponibile;Utilizzato direttamente;Altro;;;;1;False
693472;L219;1218;43;96;43.0;FABBRICATO;Via Sigismondo Gerdil;7;45.0797746;7.6778351;Abitazione;Prima del 1919;Nessuno;Patrimonio indisponibile;Utilizzato direttamente;Altro;;;;1;False
693473;L219;1218;43;98;43.0;FABBRICATO;Via Sigismondo Gerdil;7;45.0797746;7.6778351;Abitazione;Prima del 1919;Nessuno;Patrimonio indisponibile;Utilizzato direttamente;Altro;;;;1;False
693474;L219;1218;43;99;39.0;FABBRICATO;Via Sigismondo Gerdil;7;45.0797746;7.6778351;Abitazione;Prima del 1919;Nessuno;Patrimonio indisponibile;Utilizzato direttamente;Altro;;;;1;False
693475;L219;1416;201;2;92.0;FABBRICATO;piazza freguglia carlo;6;45.0292982;7.6875785;Abitazione;Prima del 1919;Nessuno;Patrimonio disponibile;Utilizzato direttamente;Altro;;;;1;False
693478;L219;1120;153;126;40.0;FABBRICATO;corso regina margherita;371;45.0894381;7.6393126;Abitazione;Prima del 1919;Dichiarazione di interesse culturale;Demanio;Utilizzato direttamente;Altro;;;;1;False
693479;L219;1218;45;7;44.0;FABBRICATO;Via San Giuseppe Benedetto Cottolengo;25;45.0796608;7.6775678;Magazzino e locali di deposito;Prima del 1919;Nessuno;Patrimonio indisponibile;Utilizzato direttamente;Altro;;;;1;False
693480;L219;1416;240;1;492.5;FABBRICATO;Strada dei Ronchi;27;45.0295131;7.6903205;Edificio scolastico (es.: scuola di ogni ordine e grado, università, scuola di formazione);Prima del 1919;Nessuno;Patrimonio indisponibile;Utilizzato direttamente;Attività didattica;;;;1;False
693481;L219;1416;240;2;30.0;FABBRICATO;Strada dei Ronchi;27;45.0295131;7.6903205;Abitazione;Prima del 1919;Nessuno;Patrimonio indisponibile;Utilizzato direttamente;Alloggio di servizio, foresterie;;;;1;False
693497;L219;1218;61;14;46.0;FABBRICATO;corso regina margherita;158;45.0790252;7.6781556;Parcheggio collettivo;Prima del 1919;Nessuno;Patrimonio indisponibile;Utilizzato direttamente;Altro;;;;1;False
693498;L219;1218;61;15;135.0;FABBRICATO;corso regina margherita;158;45.0790252;7.6781556;Parcheggio collettivo;Prima del 1919;Nessuno;Patrimonio indisponibile;Utilizzato direttamente;Altro;;;;1;False
693499;L219;1218;61;16;148.0;FABBRICATO;corso regina margherita;158;45.0790252;7.6781556;Abitazione;Prima del 1919;Nessuno;Patrimonio indisponibile;Utilizzato direttamente;Altro;;;;1;False
693500;L219;1218;61;17;161.0;FABBRICATO;corso regina margherita;158;45.0790252;7.6781556;Abitazione;Prima del 1919;Nessuno;Patrimonio indisponibile;Utilizzato direttamente;Altro;;;;1;False
693501;L219;1218;61;18;124.0;FABBRICATO;corso regina margherita;158;45.0790252;7.6781556;Abitazione;Prima del 1919;Nessuno;Patrimonio indisponibile;Utilizzato direttamente;Altro;;;;1;False
693502;L219;1218;61;19;158.0;FABBRICATO;corso regina margherita;158;45.0790252;7.6781556;Abitazione;Prima del 1919;Nessuno;Patrimonio indisponibile;Utilizzato direttamente;Altro;;;;1;False
693503;L219;1218;61;20;127.0;FABBRICATO;corso regina margherita;158;45.0790252;7.6781556;Abitazione;Prima del 1919;Nessuno;Patrimonio indisponibile;Utilizzato direttamente;Altro;;;;1;False
693504;L219;1218;61;21;155.0;FABBRICATO;corso regina margherita;158;45.0790252;7.6781556;Abitazione;Prima del 1919;Nessuno;Patrimonio indisponibile;Utilizzato direttamente;Altro;;;;1;False
693505;L219;1218;61;22;126.0;FABBRICATO;corso regina margherita;158;45.0790252;7.6781556;Abitazione;Prima del 1919;Nessuno;Patrimonio indisponibile;Utilizzato direttamente;Altro;;;;1;False
693506;L219;1218;61;23;159.0;FABBRICATO;corso regina margherita;158;45.0790252;7.6781556;Abitazione;Prima del 1919;Nessuno;Patrimonio indisponibile;Utilizzato direttamente;Altro;;;;1;False
693507;L219;1218;61;24;129.0;FABBRICATO;corso regina margherita;158;45.0790252;7.6781556;Abitazione;Prima del 1919;Nessuno;Patrimonio indisponibile;Utilizzato direttamente;Altro;;;;1;False
693508;L219;1218;61;25;109.0;FABBRICATO;corso regina margherita;158;45.0790252;7.6781556;Abitazione;Prima del 1919;Nessuno;Patrimonio indisponibile;Utilizzato direttamente;Altro;;;;1;False
693509;L219;1218;61;26;79.0;FABBRICATO;corso regina margherita;158;45.0790252;7.6781556;Abitazione;Prima del 1919;Nessuno;Patrimonio indisponibile;Utilizzato direttamente;Altro;;;;1;False
693510;L219;1218;61;27;75.0;FABBRICATO;corso regina margherita;158;45.0790252;7.6781556;Abitazione;Prima del 1919;Nessuno;Patrimonio indisponibile;Utilizzato direttamente;Altro;;;;1;False
693511;L219;1218;61;28;90.0;FABBRICATO;corso regina margherita;158;45.0790252;7.6781556;Abitazione;Prima del 1919;Nessuno;Patrimonio indisponibile;Utilizzato direttamente;Altro;;;;1;False
693512;L219;1218;61;29;107.0;FABBRICATO;corso regina margherita;158;45.0790252;7.6781556;Abitazione;Prima del 1919;Nessuno;Patrimonio indisponibile;Utilizzato direttamente;Altro;;;;1;False
693513;L219;1218;61;30;81.0;FABBRICATO;corso regina margherita;158;45.0790252;7.6781556;Abitazione;Prima del 1919;Nessuno;Patrimonio indisponibile;Utilizzato direttamente;Altro;;;;1;False
693514;L219;1218;61;31;75.0;FABBRICATO;corso regina margherita;158;45.0790252;7.6781556;Abitazione;Prima del 1919;Nessuno;Patrimonio indisponibile;Utilizzato direttamente;Altro;;;;1;False
693515;L219;1218;61;32;91.0;FABBRICATO;corso regina margherita;158;45.0790252;7.6781556;Abitazione;Prima del 1919;Nessuno;Patrimonio indisponibile;Utilizzato direttamente;Altro;;;;1;False
693516;L219;1218;61;33;110.0;FABBRICATO;corso regina margherita;158;45.0790252;7.6781556;Abitazione;Prima del 1919;Nessuno;Patrimonio indisponibile;Utilizzato direttamente;Altro;;;;1;False
693517;L219;1218;61;34;83.0;FABBRICATO;corso regina margherita;158;45.0790252;7.6781556;Abitazione;Prima del 1919;Nessuno;Patrimonio indisponibile;Utilizzato direttamente;Altro;;;;1;False
693518;L219;1218;61;35;75.0;FABBRICATO;corso regina margherita;158;45.0790252;7.6781556;Abitazione;Prima del 1919;Nessuno;Patrimonio indisponibile;Utilizzato direttamente;Altro;;;;1;False
693519;L219;1218;61;36;93.0;FABBRICATO;corso regina margherita;158;45.0790252;7.6781556;Abitazione;Prima del 1919;Nessuno;Patrimonio indisponibile;Utilizzato direttamente;Altro;;;;1;False
693520;L219;1218;61;37;115.0;FABBRICATO;corso regina margherita;158;45.0790252;7.6781556;Abitazione;Prima del 1919;Nessuno;Patrimonio indisponibile;Utilizzato direttamente;Altro;;;;1;False
693521;L219;1218;61;38;82.0;FABBRICATO;corso regina margherita;158;45.0790252;7.6781556;Abitazione;Prima del 1919;Nessuno;Patrimonio indisponibile;Utilizzato direttamente;Altro;;;;1;False
693522;L219;1218;61;39;77.0;FABBRICATO;corso regina margherita;158;45.0790252;7.6781556;Abitazione;Prima del 1919;Nessuno;Patrimonio indisponibile;Utilizzato direttamente;Altro;;;;1;False
693523;L219;1218;61;40;95.0;FABBRICATO;corso regina margherita;158;45.0790252;7.6781556;Abitazione;Prima del 1919;Nessuno;Patrimonio indisponibile;Utilizzato direttamente;Altro;;;;1;False
693524;L219;1218;61;41;110.0;FABBRICATO;corso regina margherita;158;45.0790252;7.6781556;Abitazione;Prima del 1919;Nessuno;Patrimonio indisponibile;Utilizzato direttamente;Altro;;;;1;False
693525;L219;1218;61;42;73.0;FABBRICATO;corso regina margherita;158;45.0790252;7.6781556;Abitazione;Prima del 1919;Nessuno;Patrimonio indisponibile;Utilizzato direttamente;Altro;;;;1;False
693526;L219;1218;61;43;95.0;FABBRICATO;corso regina margherita;158;45.0790252;7.6781556;Abitazione;Prima del 1919;Nessuno;Patrimonio indisponibile;Utilizzato direttamente;Altro;;;;1;False
693529;L219;1121;10;1;31.0;FABBRICATO;via pianezza;94;45.0951955;7.6482767;Abitazione;Dal 1946 al 1960;Nessuno;Patrimonio indisponibile;;Non Dichiarato;in concessione a titolo oneroso;3813.0;01/10/2021;1;False
693530;L219;1121;10;2;119.0;FABBRICATO;via pianezza;94;45.0951955;7.6482767;Abitazione;Dal 1946 al 1960;Nessuno;Patrimonio indisponibile;;Non Dichiarato;in concessione a titolo oneroso;3813.0;01/10/2021;1;False
693537;L219;1411;122;;36.0;FABBRICATO;Strada Comunale di San Vito Revigliasco;479;45.0309419;7.7100754;Magazzino e locali di deposito;Dal 1919 al 1945;Nessuno;Patrimonio indisponibile;Utilizzato direttamente;Attività amministrativa/uffici pubblici;;;;1;False
693538;L219;1217;6;12;106.0;FABBRICATO;via lanino bernardino;3;45.07846;7.6829134;Abitazione;Prima del 1919;Nessuno;Patrimonio indisponibile;Utilizzato direttamente;Altro;;;;1;False
693539;L219;1217;6;17;145.0;FABBRICATO;via lanino bernardino;3;45.07846;7.6829134;Abitazione;Prima del 1919;Nessuno;Patrimonio indisponibile;Utilizzato direttamente;Altro;;;;1;False
693540;L219;1217;6;30;87.0;FABBRICATO;via lanino bernardino;3;45.07846;7.6829134;Abitazione;Prima del 1919;Nessuno;Patrimonio indisponibile;Utilizzato direttamente;Altro;;;;1;False
693541;L219;1217;6;33;64.0;FABBRICATO;via lanino bernardino;3;45.07846;7.6829134;Abitazione;Prima del 1919;Nessuno;Patrimonio indisponibile;Utilizzato direttamente;Altro;;;;1;False
693542;L219;1217;6;34;92.0;FABBRICATO;via lanino bernardino;3;45.07846;7.6829134;Abitazione;Prima del 1919;Nessuno;Patrimonio indisponibile;Utilizzato direttamente;Altro;;;;1;False
693543;L219;1217;6;35;83.0;FABBRICATO;via lanino bernardino;3;45.07846;7.6829134;Abitazione;Prima del 1919;Nessuno;Patrimonio indisponibile;Utilizzato direttamente;Altro;;;;1;False
693544;L219;1217;6;36;105.0;FABBRICATO;via lanino bernardino;3;45.07846;7.6829134;Abitazione;Prima del 1919;Nessuno;Patrimonio indisponibile;Utilizzato direttamente;Altro;;;;1;False
693545;L219;1217;6;37;145.0;FABBRICATO;via lanino bernardino;3;45.07846;7.6829134;Abitazione;Prima del 1919;Nessuno;Patrimonio indisponibile;Utilizzato direttamente;Altro;;;;1;False
693546;L219;1217;6;38;85.0;FABBRICATO;via lanino bernardino;3;45.07846;7.6829134;Abitazione;Prima del 1919;Nessuno;Patrimonio indisponibile;Utilizzato direttamente;Altro;;;;1;False
693547;L219;1217;6;39;87.0;FABBRICATO;via lanino bernardino;3;45.07846;7.6829134;Abitazione;Prima del 1919;Nessuno;Patrimonio indisponibile;Utilizzato direttamente;Altro;;;;1;False
693548;L219;1217;6;40;85.0;FABBRICATO;via lanino bernardino;3;45.07846;7.6829134;Abitazione;Prima del 1919;Nessuno;Patrimonio indisponibile;Utilizzato direttamente;Altro;;;;1;False
693549;L219;1217;6;41;87.0;FABBRICATO;via lanino bernardino;3;45.07846;7.6829134;Abitazione;Prima del 1919;Nessuno;Patrimonio indisponibile;Utilizzato direttamente;Altro;;;;1;False
693550;L219;1217;6;42;145.0;FABBRICATO;via lanino bernardino;3;45.07846;7.6829134;Abitazione;Prima del 1919;Nessuno;Patrimonio indisponibile;Utilizzato direttamente;Altro;;;;1;False
693551;L219;1217;6;43;85.0;FABBRICATO;via lanino bernardino;3;45.07846;7.6829134;Abitazione;Prima del 1919;Nessuno;Patrimonio indisponibile;Utilizzato direttamente;Altro;;;;1;False
693552;L219;1217;6;44;162.0;FABBRICATO;via lanino bernardino;3;45.07846;7.6829134;Locale commerciale, negozio;Prima del 1919;Nessuno;Patrimonio indisponibile;;Non Dichiarato;in concessione a titolo oneroso;2542.0;01/04/2021;1;False
693553;L219;1217;6;45;140.0;FABBRICATO;via lanino bernardino;3;45.07846;7.6829134;Locale commerciale, negozio;Prima del 1919;Nessuno;Patrimonio indisponibile;Utilizzato direttamente;Attività commerciale e di ristorazione;;;;1;False
693554;L219;1217;6;46;91.0;FABBRICATO;via lanino bernardino;3;45.07846;7.6829134;Abitazione;Prima del 1919;Nessuno;Patrimonio indisponibile;Utilizzato direttamente;Altro;;;;1;False
693555;L219;1217;6;7;87.0;FABBRICATO;via lanino bernardino;3;45.07846;7.6829134;Abitazione;Prima del 1919;Nessuno;Patrimonio indisponibile;Utilizzato direttamente;Altro;;;;1;False
693556;L219;1113;86;30;95.0;FABBRICATO;corso regina margherita;440;45.0942902;7.6333982;Locale commerciale, negozio;Dal 2001 al 2010;Nessuno;Patrimonio indisponibile;Utilizzato direttamente;Altro;;;;1;False
693557;L219;1113;86;31;95.0;FABBRICATO;corso regina margherita;440;45.0942902;7.6333982;Locale commerciale, negozio;Dal 2001 al 2010;Nessuno;Patrimonio indisponibile;Utilizzato direttamente;Altro;;;;1;False
693558;L219;1418;16;1;29.0;FABBRICATO;via s. rocco;62;45.0301401;7.6865462;Cantina, soffitta, rimessa, box, garage, posto auto aperto/scoperto,;Dal 1919 al 1945;Nessuno;Patrimonio indisponibile;Utilizzato direttamente;Altro;;;;1;False
693559;L219;1418;16;3;87.0;FABBRICATO;via s. rocco;62;45.0301401;7.6865462;Abitazione;Dal 1919 al 1945;Nessuno;Patrimonio indisponibile;Utilizzato direttamente;Altro;;;;1;False
693560;L219;1418;16;4;22.0;FABBRICATO;via s. rocco;62;45.0301401;7.6865462;Locale commerciale, negozio;Dal 1919 al 1945;Nessuno;Patrimonio indisponibile;Utilizzato direttamente;Altro;;;;1;False
693562;L219;1219;25;1;10000.0;FABBRICATO;Via della Consolata;10;45.0757479;7.6782418;Ufficio strutturato ed assimilabili;Dal 1919 al 1945;Dichiarazione di interesse culturale;Demanio;Utilizzato direttamente;Attività amministrativa/uffici pubblici;;;;1;False
693564;L219;1219;25;3;153.43;FABBRICATO;Via della Consolata;10;45.0757479;7.6782418;Ufficio strutturato ed assimilabili;Dal 1919 al 1945;Dichiarazione di interesse culturale;Demanio;Utilizzato direttamente;Attività amministrativa/uffici pubblici;;;;1;False
693565;L219;1419;66;1;40.0;FABBRICATO;corso moncalieri;348;45.0252761;7.6758065;Abitazione;Dal 1919 al 1945;Nessuno;Patrimonio indisponibile;Utilizzato direttamente;Alloggio di servizio, foresterie;;;;1;False
693566;L219;1419;66;2;761.25;FABBRICATO;corso moncalieri;348;45.0252761;7.6758065;Edificio scolastico (es.: scuola di ogni ordine e grado, università, scuola di formazione);Dal 1991 al 2000;Nessuno;Patrimonio indisponibile;Utilizzato direttamente;Attività didattica;;;;1;False
693567;L219;1121;41;1;64.0;FABBRICATO;via pianezza;151;45.0952613;7.645336;Abitazione;Dal 1946 al 1960;Nessuno;Patrimonio indisponibile;Utilizzato direttamente;Altro;;;;1;False
693568;L219;1121;41;10;17.0;FABBRICATO;via pianezza;151;45.0952613;7.645336;Cantina, soffitta, rimessa, box, garage, posto auto aperto/scoperto,;Dal 1946 al 1960;Nessuno;Patrimonio indisponibile;;Non Dichiarato;in locazione;1108.0;01/08/2020;1;False
693569;L219;1121;41;101;64.0;FABBRICATO;via pianezza;161;45.0952613;7.645336;Abitazione;Dal 1946 al 1960;Nessuno;Patrimonio indisponibile;Utilizzato direttamente;Altro;;;;1;False
693570;L219;1121;41;102;48.0;FABBRICATO;via pianezza;161;45.0952613;7.645336;Abitazione;Dal 1946 al 1960;Nessuno;Patrimonio indisponibile;;Non Dichiarato;in locazione;829.0;01/07/2020;1;False
693571;L219;1121;41;103;64.0;FABBRICATO;via pianezza;161;45.0952613;7.645336;Abitazione;Dal 1946 al 1960;Nessuno;Patrimonio indisponibile;;Non Dichiarato;in locazione;3614.0;01/10/2022;1;False
693572;L219;1121;41;104;48.0;FABBRICATO;via pianezza;161;45.0952613;7.645336;Abitazione;Dal 1946 al 1960;Nessuno;Patrimonio indisponibile;;Non Dichiarato;in locazione;567.0;01/12/2022;1;False
693573;L219;1121;41;105;64.0;FABBRICATO;via pianezza;161;45.0952613;7.645336;Abitazione;Dal 1946 al 1960;Nessuno;Patrimonio indisponibile;Utilizzato direttamente;Altro;;;;1;False
693574;L219;1121;41;106;48.0;FABBRICATO;via pianezza;161;45.0952613;7.645336;Abitazione;Dal 1946 al 1960;Nessuno;Patrimonio indisponibile;;Non Dichiarato;in locazione;508.0;01/06/2018;1;False
693575;L219;1121;41;107;64.0;FABBRICATO;via pianezza;161;45.0952613;7.645336;Abitazione;Dal 1946 al 1960;Nessuno;Patrimonio indisponibile;Utilizzato direttamente;Altro;;;;1;False
693576;L219;1121;41;108;48.0;FABBRICATO;via pianezza;161;45.0952613;7.645336;Abitazione;Dal 1946 al 1960;Nessuno;Patrimonio indisponibile;;Non Dichiarato;in locazione;2458.0;01/11/2020;1;False
693577;L219;1121;41;109;64.0;FABBRICATO;via pianezza;161;45.0952613;7.645336;Abitazione;Dal 1946 al 1960;Nessuno;Patrimonio indisponibile;Utilizzato direttamente;Altro;;;;1;False
693578;L219;1121;41;110;48.0;FABBRICATO;via pianezza;161;45.0952613;7.645336;Abitazione;Dal 1946 al 1960;Nessuno;Patrimonio indisponibile;Utilizzato direttamente;Altro;;;;1;False
693579;L219;1121;41;111;80.0;FABBRICATO;via pianezza;161;45.0952613;7.645336;Abitazione;Dal 1946 al 1960;Nessuno;Patrimonio indisponibile;;Non Dichiarato;in locazione;3094.0;01/07/2020;1;False
693580;L219;1121;41;112;48.0;FABBRICATO;via pianezza;161;45.0952613;7.645336;Abitazione;Dal 1946 al 1960;Nessuno;Patrimonio indisponibile;;Non Dichiarato;in locazione;2174.0;01/02/2022;1;False
693581;L219;1121;41;113;64.0;FABBRICATO;via pianezza;161;45.0952613;7.645336;Abitazione;Dal 1946 al 1960;Nessuno;Patrimonio indisponibile;Utilizzato direttamente;Altro;;;;1;False
693582;L219;1121;41;114;48.0;FABBRICATO;via pianezza;161;45.0952613;7.645336;Abitazione;Dal 1946 al 1960;Nessuno;Patrimonio indisponibile;Utilizzato direttamente;Altro;;;;1;False
693583;L219;1121;41;115;64.0;FABBRICATO;via pianezza;161;45.0952613;7.645336;Abitazione;Dal 1946 al 1960;Nessuno;Patrimonio indisponibile;Utilizzato direttamente;Altro;;;;1;False
693584;L219;1121;41;116;48.0;FABBRICATO;via pianezza;161;45.0952613;7.645336;Abitazione;Dal 1946 al 1960;Nessuno;Patrimonio indisponibile;;Non Dichiarato;in locazione;1122.0;01/01/2019;1;False
693585;L219;1121;41;117;64.0;FABBRICATO;via pianezza;161;45.0952613;7.645336;Abitazione;Dal 1946 al 1960;Nessuno;Patrimonio indisponibile;;Non Dichiarato;in locazione;1265.0;01/10/2022;1;False
693586;L219;1121;41;118;15.0;FABBRICATO;via pianezza;161;45.0952613;7.645336;Cantina, soffitta, rimessa, box, garage, posto auto aperto/scoperto,;Dal 1946 al 1960;Nessuno;Patrimonio indisponibile;Utilizzato direttamente;Altro;;;;1;False
693587;L219;1121;41;119;48.0;FABBRICATO;via pianezza;163;45.0952613;7.645336;Abitazione;Dal 1946 al 1960;Nessuno;Patrimonio indisponibile;Utilizzato direttamente;Altro;;;;1;False
693588;L219;1121;41;12;48.0;FABBRICATO;VIA PIANEZZA;153;45.0952613;7.645336;Abitazione;Dal 1946 al 1960;Nessuno;Patrimonio indisponibile;Utilizzato direttamente;Altro;;;;1;False
693589;L219;1121;41;120;48.0;FABBRICATO;via pianezza;163;45.0952613;7.645336;Abitazione;Dal 1946 al 1960;Nessuno;Patrimonio indisponibile;Utilizzato direttamente;Altro;;;;1;False
693590;L219;1121;41;121;64.0;FABBRICATO;via pianezza;163;45.0952613;7.645336;Abitazione;Dal 1946 al 1960;Nessuno;Patrimonio indisponibile;Utilizzato direttamente;Altro;;;;1;False
693591;L219;1121;41;122;48.0;FABBRICATO;via pianezza;163;45.0952613;7.645336;Abitazione;Dal 1946 al 1960;Nessuno;Patrimonio indisponibile;Utilizzato direttamente;Altro;;;;1;False
693592;L219;1121;41;123;64.0;FABBRICATO;via pianezza;163;45.0952613;7.645336;Abitazione;Dal 1946 al 1960;Nessuno;Patrimonio indisponibile;Utilizzato direttamente;Altro;;;;1;False
693593;L219;1121;41;124;48.0;FABBRICATO;via pianezza;163;45.0952613;7.645336;Abitazione;Dal 1946 al 1960;Nessuno;Patrimonio indisponibile;Utilizzato direttamente;Altro;;;;1;False
693594;L219;1121;41;125;64.0;FABBRICATO;via pianezza;163;45.0952613;7.645336;Abitazione;Dal 1946 al 1960;Nessuno;Patrimonio indisponibile;Utilizzato direttamente;Altro;;;;1;False
693595;L219;1121;41;127;24.0;FABBRICATO;via pianezza;163;45.0952613;7.645336;Cantina, soffitta, rimessa, box, garage, posto auto aperto/scoperto,;Dal 1946 al 1960;Nessuno;Patrimonio indisponibile;Utilizzato direttamente;Altro;;;;1;False
693596;L219;1121;41;128;17.0;FABBRICATO;via pianezza;163;45.0952613;7.645336;Cantina, soffitta, rimessa, box, garage, posto auto aperto/scoperto,;Dal 1946 al 1960;Nessuno;Patrimonio indisponibile;Utilizzato direttamente;Altro;;;;1;False
693597;L219;1121;41;129;72.0;FABBRICATO;via pianezza;157;45.0952613;7.645336;Abitazione;Dal 1946 al 1960;Nessuno;Patrimonio indisponibile;;Non Dichiarato;in locazione;3294.0;01/10/2020;1;False
693598;L219;1121;41;13;64.0;FABBRICATO;VIA PIANEZZA;153;45.0952613;7.645336;Abitazione;Dal 1946 al 1960;Nessuno;Patrimonio indisponibile;;Non Dichiarato;in locazione;1119.0;01/04/2019;1;False
693599;L219;1121;41;130;72.0;FABBRICATO;Via Pianezza;159;45.0952613;7.645336;Abitazione;Dal 1946 al 1960;Nessuno;Patrimonio indisponibile;Utilizzato direttamente;Altro;;;;1;False
693600;L219;1121;41;131;56.0;FABBRICATO;VIA PIANEZZA;153;45.0952613;7.645336;Abitazione;Dal 1946 al 1960;Nessuno;Patrimonio indisponibile;Utilizzato direttamente;Altro;;;;1;False
693601;L219;1121;41;132;72.0;FABBRICATO;VIA PIANEZZA;153;45.0952613;7.645336;Abitazione;Dal 1946 al 1960;Nessuno;Patrimonio indisponibile;;Non Dichiarato;in locazione;3103.0;01/04/2011;1;False
693602;L219;1121;41;133;72.0;FABBRICATO;VIA PIANEZZA;153;45.0952613;7.645336;Abitazione;Dal 1946 al 1960;Nessuno;Patrimonio indisponibile;Utilizzato direttamente;Altro;;;;1;False
693603;L219;1121;41;134;72.0;FABBRICATO;Via Pianezza;155;45.0952613;7.645336;Abitazione;Dal 1946 al 1960;Nessuno;Patrimonio indisponibile;;Non Dichiarato;in locazione;5401.0;01/11/2022;1;False
693604;L219;1121;41;135;72.0;FABBRICATO;Via Pianezza;155;45.0952613;7.645336;Abitazione;Dal 1946 al 1960;Nessuno;Patrimonio indisponibile;;Non Dichiarato;in locazione;4031.0;01/12/2022;1;False
693605;L219;1121;41;136;72.0;FABBRICATO;Via Pianezza;155;45.0952613;7.645336;Abitazione;Dal 1946 al 1960;Nessuno;Patrimonio indisponibile;;Non Dichiarato;in locazione;4906.0;01/12/2022;1;False
693606;L219;1121;41;137;56.0;FABBRICATO;Via Pianezza;155;45.0952613;7.645336;Abitazione;Dal 1946 al 1960;Nessuno;Patrimonio indisponibile;Utilizzato direttamente;Altro;;;;1;False
693607;L219;1121;41;138;72.0;FABBRICATO;via pianezza;157;45.0952613;7.645336;Abitazione;Dal 1946 al 1960;Nessuno;Patrimonio indisponibile;Utilizzato direttamente;Altro;;;;1;False
693608;L219;1121;41;139;72.0;FABBRICATO;Via Pianezza;159;45.0952613;7.645336;Abitazione;Dal 1946 al 1960;Nessuno;Patrimonio indisponibile;Utilizzato direttamente;Altro;;;;1;False
693609;L219;1121;41;14;48.0;FABBRICATO;VIA PIANEZZA;153;45.0952613;7.645336;Abitazione;Dal 1946 al 1960;Nessuno;Patrimonio indisponibile;;Non Dichiarato;in locazione;2142.0;01/12/2022;1;False
693610;L219;1121;41;140;72.0;FABBRICATO;Via Pianezza;159;45.0952613;7.645336;Abitazione;Dal 1946 al 1960;Nessuno;Patrimonio indisponibile;;Non Dichiarato;in locazione;3410.0;01/07/2021;1;False
693611;L219;1121;41;141;56.0;FABBRICATO;Via Pianezza;159;45.0952613;7.645336;Abitazione;Dal 1946 al 1960;Nessuno;Patrimonio indisponibile;Utilizzato direttamente;Altro;;;;1;False
693612;L219;1121;41;142;72.0;FABBRICATO;Via Pianezza;159;45.0952613;7.645336;Abitazione;Dal 1946 al 1960;Nessuno;Patrimonio indisponibile;;Non Dichiarato;in locazione;3458.0;01/08/2020;1;False
693613;L219;1121;41;143;72.0;FABBRICATO;Via Pianezza;159;45.0952613;7.645336;Abitazione;Dal 1946 al 1960;Nessuno;Patrimonio indisponibile;;Non Dichiarato;in locazione;1101.0;01/03/2020;1;False
693614;L219;1121;41;144;56.0;FABBRICATO;via pianezza;161;45.0952613;7.645336;Abitazione;Dal 1946 al 1960;Nessuno;Patrimonio indisponibile;Utilizzato direttamente;Altro;;;;1;False
693615;L219;1121;41;145;56.0;FABBRICATO;via pianezza;163;45.0952613;7.645336;Abitazione;Dal 1946 al 1960;Nessuno;Patrimonio indisponibile;Utilizzato direttamente;Altro;;;;1;False
693616;L219;1121;41;146;64.0;FABBRICATO;via pianezza;157;45.0952613;7.645336;Abitazione;Dal 1946 al 1960;Nessuno;Patrimonio indisponibile;;Non Dichiarato;in locazione;3120.0;01/10/2022;1;False
693617;L219;1121;41;147;69.0;FABBRICATO;VIA PIANEZZA;153;45.0952613;7.645336;Abitazione;Dal 1946 al 1960;Nessuno;Patrimonio indisponibile;Utilizzato direttamente;Altro;;;;1;False
693618;L219;1121;41;148;50.0;FABBRICATO;Via Pianezza;155;45.0952613;7.645336;Abitazione;Dal 1946 al 1960;Nessuno;Patrimonio indisponibile;Utilizzato direttamente;Altro;;;;1;False
693619;L219;1121;41;149;67.0;FABBRICATO;Via Pianezza;155;45.0952613;7.645336;Abitazione;Dal 1946 al 1960;Nessuno;Patrimonio indisponibile;Utilizzato direttamente;Altro;;;;1;False
693620;L219;1121;41;150;49.0;FABBRICATO;via pianezza;157;45.0952613;7.645336;Abitazione;Dal 1946 al 1960;Nessuno;Patrimonio indisponibile;Utilizzato direttamente;Altro;;;;1;False
693621;L219;1121;41;151;56.0;FABBRICATO;via pianezza;157;45.0952613;7.645336;Abitazione;Dal 1946 al 1960;Nessuno;Patrimonio indisponibile;Utilizzato direttamente;Altro;;;;1;False
693622;L219;1121;41;152;66.0;FABBRICATO;Via Pianezza;159;45.0952613;7.645336;Abitazione;Dal 1946 al 1960;Nessuno;Patrimonio indisponibile;Utilizzato direttamente;Altro;;;;1;False
693623;L219;1121;41;153;49.0;FABBRICATO;Via Pianezza;159;45.0952613;7.645336;Abitazione;Dal 1946 al 1960;Nessuno;Patrimonio indisponibile;Utilizzato direttamente;Altro;;;;1;False
693624;L219;1121;41;154;69.0;FABBRICATO;via pianezza;161;45.0952613;7.645336;Abitazione;Dal 1946 al 1960;Nessuno;Patrimonio indisponibile;Utilizzato direttamente;Altro;;;;1;False
693625;L219;1121;41;155;17.0;FABBRICATO;via pianezza;161;45.0952613;7.645336;Cantina, soffitta, rimessa, box, garage, posto auto aperto/scoperto,;Dal 1946 al 1960;Nessuno;Patrimonio indisponibile;Utilizzato direttamente;Altro;;;;1;False
693626;L219;1121;41;156;18.0;FABBRICATO;via pianezza;151;45.0952613;7.645336;Cantina, soffitta, rimessa, box, garage, posto auto aperto/scoperto,;Dal 1946 al 1960;Nessuno;Patrimonio indisponibile;;Non Dichiarato;in locazione;756.0;01/03/2021;1;False
693627;L219;1121;41;157;16.0;FABBRICATO;via pianezza;151;45.0952613;7.645336;Cantina, soffitta, rimessa, box, garage, posto auto aperto/scoperto,;Dal 1946 al 1960;Nessuno;Patrimonio indisponibile;;Non Dichiarato;in locazione;800.0;01/05/2021;1;False
693628;L219;1121;41;158;16.0;FABBRICATO;via pianezza;151;45.0952613;7.645336;Cantina, soffitta, rimessa, box, garage, posto auto aperto/scoperto,;Dal 1946 al 1960;Nessuno;Patrimonio indisponibile;;Non Dichiarato;in locazione;1050.0;01/10/2020;1;False
693629;L219;1121;41;159;16.0;FABBRICATO;via pianezza;151;45.0952613;7.645336;Cantina, soffitta, rimessa, box, garage, posto auto aperto/scoperto,;Dal 1946 al 1960;Nessuno;Patrimonio indisponibile;;Non Dichiarato;in locazione;786.0;01/11/2021;1;False
693630;L219;1121;41;16;48.0;FABBRICATO;VIA PIANEZZA;153;45.0952613;7.645336;Abitazione;Dal 1946 al 1960;Nessuno;Patrimonio indisponibile;;Non Dichiarato;in locazione;688.0;01/03/2022;1;False
693631;L219;1121;41;160;16.0;FABBRICATO;via pianezza;151;45.0952613;7.645336;Cantina, soffitta, rimessa, box, garage, posto auto aperto/scoperto,;Dal 1946 al 1960;Nessuno;Patrimonio indisponibile;;Non Dichiarato;in locazione;786.0;01/11/2021;1;False
693632;L219;1121;41;161;16.0;FABBRICATO;via pianezza;163;45.0952613;7.645336;Cantina, soffitta, rimessa, box, garage, posto auto aperto/scoperto,;Dal 1946 al 1960;Nessuno;Patrimonio indisponibile;;Non Dichiarato;in locazione;1080.0;01/04/2020;1;False
693633;L219;1121;41;162;16.0;FABBRICATO;via pianezza;163;45.0952613;7.645336;Cantina, soffitta, rimessa, box, garage, posto auto aperto/scoperto,;Dal 1946 al 1960;Nessuno;Patrimonio indisponibile;;Non Dichiarato;in locazione;786.0;01/12/2021;1;False
693634;L219;1121;41;163;16.0;FABBRICATO;via pianezza;163;45.0952613;7.645336;Cantina, soffitta, rimessa, box, garage, posto auto aperto/scoperto,;Dal 1946 al 1960;Nessuno;Patrimonio indisponibile;;Non Dichiarato;in locazione;768.0;01/09/2021;1;False
693635;L219;1121;41;164;16.0;FABBRICATO;via pianezza;163;45.0952613;7.645336;Cantina, soffitta, rimessa, box, garage, posto auto aperto/scoperto,;Dal 1946 al 1960;Nessuno;Patrimonio indisponibile;;Non Dichiarato;in locazione;1050.0;01/10/2020;1;False
693636;L219;1121;41;165;16.0;FABBRICATO;via pianezza;163;45.0952613;7.645336;Cantina, soffitta, rimessa, box, garage, posto auto aperto/scoperto,;Dal 1946 al 1960;Nessuno;Patrimonio indisponibile;;Non Dichiarato;in locazione;805.0;01/03/2021;1;False
693637;L219;1121;41;166;16.0;FABBRICATO;via pianezza;163;45.0952613;7.645336;Cantina, soffitta, rimessa, box, garage, posto auto aperto/scoperto,;Dal 1946 al 1960;Nessuno;Patrimonio indisponibile;;Non Dichiarato;in locazione;805.0;01/03/2021;1;False
693638;L219;1121;41;167;16.0;FABBRICATO;via pianezza;163;45.0952613;7.645336;Cantina, soffitta, rimessa, box, garage, posto auto aperto/scoperto,;Dal 1946 al 1960;Nessuno;Patrimonio indisponibile;;Non Dichiarato;in locazione;1050.0;01/10/2020;1;False
693639;L219;1121;41;168;16.0;FABBRICATO;via pianezza;163;45.0952613;7.645336;Cantina, soffitta, rimessa, box, garage, posto auto aperto/scoperto,;Dal 1946 al 1960;Nessuno;Patrimonio indisponibile;;Non Dichiarato;in locazione;1014.0;01/03/2018;1;False
693640;L219;1121;41;169;16.0;FABBRICATO;via pianezza;163;45.0952613;7.645336;Cantina, soffitta, rimessa, box, garage, posto auto aperto/scoperto,;Dal 1946 al 1960;Nessuno;Patrimonio indisponibile;;Non Dichiarato;in locazione;724.0;01/08/2022;1;False
693641;L219;1121;41;17;64.0;FABBRICATO;VIA PIANEZZA;153;45.0952613;7.645336;Abitazione;Dal 1946 al 1960;Nessuno;Patrimonio indisponibile;;Non Dichiarato;in locazione;1062.0;01/06/2018;1;False
693642;L219;1121;41;170;16.0;FABBRICATO;via pianezza;163;45.0952613;7.645336;Cantina, soffitta, rimessa, box, garage, posto auto aperto/scoperto,;Dal 1946 al 1960;Nessuno;Patrimonio indisponibile;;Non Dichiarato;in locazione;724.0;01/08/2022;1;False
693643;L219;1121;41;171;16.0;FABBRICATO;via pianezza;163;45.0952613;7.645336;Cantina, soffitta, rimessa, box, garage, posto auto aperto/scoperto,;Dal 1946 al 1960;Nessuno;Patrimonio indisponibile;;Non Dichiarato;in locazione;1050.0;01/10/2020;1;False
693644;L219;1121;41;172;16.0;FABBRICATO;via pianezza;163;45.0952613;7.645336;Cantina, soffitta, rimessa, box, garage, posto auto aperto/scoperto,;Dal 1946 al 1960;Nessuno;Patrimonio indisponibile;;Non Dichiarato;in locazione;1035.0;01/07/2020;1;False
693645;L219;1121;41;173;16.0;FABBRICATO;via pianezza;163;45.0952613;7.645336;Cantina, soffitta, rimessa, box, garage, posto auto aperto/scoperto,;Dal 1946 al 1960;Nessuno;Patrimonio indisponibile;;Non Dichiarato;in locazione;1037.0;01/09/2019;1;False
693646;L219;1121;41;174;16.0;FABBRICATO;via pianezza;163;45.0952613;7.645336;Cantina, soffitta, rimessa, box, garage, posto auto aperto/scoperto,;Dal 1946 al 1960;Nessuno;Patrimonio indisponibile;;Non Dichiarato;in locazione;785.0;01/01/2022;1;False
693647;L219;1121;41;175;16.0;FABBRICATO;via pianezza;163;45.0952613;7.645336;Cantina, soffitta, rimessa, box, garage, posto auto aperto/scoperto,;Dal 1946 al 1960;Nessuno;Patrimonio indisponibile;;Non Dichiarato;in locazione;1036.0;01/08/2019;1;False
693648;L219;1121;41;176;16.0;FABBRICATO;via pianezza;163;45.0952613;7.645336;Cantina, soffitta, rimessa, box, garage, posto auto aperto/scoperto,;Dal 1946 al 1960;Nessuno;Patrimonio indisponibile;;Non Dichiarato;in locazione;766.0;01/08/2021;1;False
693649;L219;1121;41;177;16.0;FABBRICATO;via pianezza;163;45.0952613;7.645336;Cantina, soffitta, rimessa, box, garage, posto auto aperto/scoperto,;Dal 1946 al 1960;Nessuno;Patrimonio indisponibile;;Non Dichiarato;in locazione;764.0;01/04/2022;1;False
693650;L219;1121;41;178;16.0;FABBRICATO;via pianezza;163;45.0952613;7.645336;Cantina, soffitta, rimessa, box, garage, posto auto aperto/scoperto,;Dal 1946 al 1960;Nessuno;Patrimonio indisponibile;;Non Dichiarato;in locazione;785.0;01/01/2022;1;False
693651;L219;1121;41;179;16.0;FABBRICATO;via pianezza;163;45.0952613;7.645336;Cantina, soffitta, rimessa, box, garage, posto auto aperto/scoperto,;Dal 1946 al 1960;Nessuno;Patrimonio indisponibile;;Non Dichiarato;in locazione;766.0;01/07/2021;1;False
693652;L219;1121;41;18;48.0;FABBRICATO;VIA PIANEZZA;153;45.0952613;7.645336;Abitazione;Dal 1946 al 1960;Nessuno;Patrimonio indisponibile;;Non Dichiarato;in locazione;2331.0;01/07/2012;1;False
693653;L219;1121;41;180;16.0;FABBRICATO;via pianezza;163;45.0952613;7.645336;Cantina, soffitta, rimessa, box, garage, posto auto aperto/scoperto,;Dal 1946 al 1960;Nessuno;Patrimonio indisponibile;;Non Dichiarato;in locazione;805.0;01/03/2021;1;False
693654;L219;1121;41;181;16.0;FABBRICATO;via pianezza;163;45.0952613;7.645336;Cantina, soffitta, rimessa, box, garage, posto auto aperto/scoperto,;Dal 1946 al 1960;Nessuno;Patrimonio indisponibile;;Non Dichiarato;in locazione;771.0;01/10/2021;1;False
693655;L219;1121;41;182;16.0;FABBRICATO;via pianezza;163;45.0952613;7.645336;Cantina, soffitta, rimessa, box, garage, posto auto aperto/scoperto,;Dal 1946 al 1960;Nessuno;Patrimonio indisponibile;;Non Dichiarato;in locazione;1078.0;01/12/2018;1;False
693656;L219;1121;41;183;16.0;FABBRICATO;via pianezza;163;45.0952613;7.645336;Cantina, soffitta, rimessa, box, garage, posto auto aperto/scoperto,;Dal 1946 al 1960;Nessuno;Patrimonio indisponibile;;Non Dichiarato;in locazione;724.0;01/08/2022;1;False
693657;L219;1121;41;184;16.0;FABBRICATO;via pianezza;163;45.0952613;7.645336;Cantina, soffitta, rimessa, box, garage, posto auto aperto/scoperto,;Dal 1946 al 1960;Nessuno;Patrimonio indisponibile;;Non Dichiarato;in locazione;801.0;01/04/2021;1;False
693658;L219;1121;41;185;16.0;FABBRICATO;via pianezza;163;45.0952613;7.645336;Cantina, soffitta, rimessa, box, garage, posto auto aperto/scoperto,;Dal 1946 al 1960;Nessuno;Patrimonio indisponibile;;Non Dichiarato;in locazione;1037.0;01/09/2019;1;False
693659;L219;1121;41;186;16.0;FABBRICATO;via pianezza;163;45.0952613;7.645336;Cantina, soffitta, rimessa, box, garage, posto auto aperto/scoperto,;Dal 1946 al 1960;Nessuno;Patrimonio indisponibile;;Non Dichiarato;in locazione;766.0;01/07/2021;1;False
693660;L219;1121;41;187;16.0;FABBRICATO;via pianezza;163;45.0952613;7.645336;Cantina, soffitta, rimessa, box, garage, posto auto aperto/scoperto,;Dal 1946 al 1960;Nessuno;Patrimonio indisponibile;;Non Dichiarato;in locazione;724.0;01/11/2022;1;False
693661;L219;1121;41;188;18.0;FABBRICATO;via pianezza;163;45.0952613;7.645336;Cantina, soffitta, rimessa, box, garage, posto auto aperto/scoperto,;Dal 1946 al 1960;Nessuno;Patrimonio indisponibile;;Non Dichiarato;in locazione;680.0;01/06/2022;1;False
693662;L219;1121;41;189;15.0;FABBRICATO;via pianezza;163;45.0952613;7.645336;Cantina, soffitta, rimessa, box, garage, posto auto aperto/scoperto,;Dal 1946 al 1960;Nessuno;Patrimonio indisponibile;Utilizzato direttamente;Altro;;;;1;False
693663;L219;1121;41;19;64.0;FABBRICATO;VIA PIANEZZA;153;45.0952613;7.645336;Abitazione;Dal 1946 al 1960;Nessuno;Patrimonio indisponibile;;Non Dichiarato;in locazione;4849.0;01/01/2022;1;False
693664;L219;1121;41;190;15.0;FABBRICATO;via pianezza;163;45.0952613;7.645336;Cantina, soffitta, rimessa, box, garage, posto auto aperto/scoperto,;Dal 1946 al 1960;Nessuno;Patrimonio indisponibile;Utilizzato direttamente;Altro;;;;1;False
693665;L219;1121;41;191;15.0;FABBRICATO;via pianezza;163;45.0952613;7.645336;Cantina, soffitta, rimessa, box, garage, posto auto aperto/scoperto,;Dal 1946 al 1960;Nessuno;Patrimonio indisponibile;Utilizzato direttamente;Altro;;;;1;False
693666;L219;1121;41;192;15.0;FABBRICATO;via pianezza;163;45.0952613;7.645336;Cantina, soffitta, rimessa, box, garage, posto auto aperto/scoperto,;Dal 1946 al 1960;Nessuno;Patrimonio indisponibile;;Non Dichiarato;in locazione;707.0;01/06/2021;1;False
693667;L219;1121;41;193;15.0;FABBRICATO;via pianezza;163;45.0952613;7.645336;Cantina, soffitta, rimessa, box, garage, posto auto aperto/scoperto,;Dal 1946 al 1960;Nessuno;Patrimonio indisponibile;Utilizzato direttamente;Altro;;;;1;False
693668;L219;1121;41;194;15.0;FABBRICATO;via pianezza;163;45.0952613;7.645336;Cantina, soffitta, rimessa, box, garage, posto auto aperto/scoperto,;Dal 1946 al 1960;Nessuno;Patrimonio indisponibile;;Non Dichiarato;in locazione;934.0;01/12/2018;1;False
693669;L219;1121;41;195;15.0;FABBRICATO;via pianezza;163;45.0952613;7.645336;Cantina, soffitta, rimessa, box, garage, posto auto aperto/scoperto,;Dal 1946 al 1960;Nessuno;Patrimonio indisponibile;Utilizzato direttamente;Altro;;;;1;False
693670;L219;1121;41;196;15.0;FABBRICATO;via pianezza;163;45.0952613;7.645336;Cantina, soffitta, rimessa, box, garage, posto auto aperto/scoperto,;Dal 1946 al 1960;Nessuno;Patrimonio indisponibile;Utilizzato direttamente;Altro;;;;1;False
693671;L219;1121;41;197;15.0;FABBRICATO;via pianezza;163;45.0952613;7.645336;Cantina, soffitta, rimessa, box, garage, posto auto aperto/scoperto,;Dal 1946 al 1960;Nessuno;Patrimonio indisponibile;Utilizzato direttamente;Altro;;;;1;False
693672;L219;1121;41;198;15.0;FABBRICATO;via pianezza;163;45.0952613;7.645336;Cantina, soffitta, rimessa, box, garage, posto auto aperto/scoperto,;Dal 1946 al 1960;Nessuno;Patrimonio indisponibile;;Non Dichiarato;in locazione;970.0;01/08/2020;1;False
693673;L219;1121;41;199;15.0;FABBRICATO;via pianezza;163;45.0952613;7.645336;Cantina, soffitta, rimessa, box, garage, posto auto aperto/scoperto,;Dal 1946 al 1960;Nessuno;Patrimonio indisponibile;Utilizzato direttamente;Altro;;;;1;False
693674;L219;1121;41;2;48.0;FABBRICATO;via pianezza;151;45.0952613;7.645336;Abitazione;Dal 1946 al 1960;Nessuno;Patrimonio indisponibile;Utilizzato direttamente;Altro;;;;1;False
693675;L219;1121;41;20;48.0;FABBRICATO;VIA PIANEZZA;153;45.0952613;7.645336;Abitazione;Dal 1946 al 1960;Nessuno;Patrimonio indisponibile;;Non Dichiarato;in locazione;3280.0;01/04/2022;1;False
693676;L219;1121;41;200;15.0;FABBRICATO;via pianezza;163;45.0952613;7.645336;Cantina, soffitta, rimessa, box, garage, posto auto aperto/scoperto,;Dal 1946 al 1960;Nessuno;Patrimonio indisponibile;Utilizzato direttamente;Altro;;;;1;False
693677;L219;1121;41;201;13.0;FABBRICATO;via pianezza;163;45.0952613;7.645336;Cantina, soffitta, rimessa, box, garage, posto auto aperto/scoperto,;Dal 1946 al 1960;Nessuno;Patrimonio indisponibile;Utilizzato direttamente;Altro;;;;1;False
693678;L219;1121;41;202;13.0;FABBRICATO;via pianezza;163;45.0952613;7.645336;Cantina, soffitta, rimessa, box, garage, posto auto aperto/scoperto,;Dal 1946 al 1960;Nessuno;Patrimonio indisponibile;Utilizzato direttamente;Altro;;;;1;False
693679;L219;1121;41;203;13.0;FABBRICATO;via pianezza;163;45.0952613;7.645336;Cantina, soffitta, rimessa, box, garage, posto auto aperto/scoperto,;Dal 1946 al 1960;Nessuno;Patrimonio indisponibile;Utilizzato direttamente;Altro;;;;1;False
693680;L219;1121;41;204;13.0;FABBRICATO;via pianezza;163;45.0952613;7.645336;Cantina, soffitta, rimessa, box, garage, posto auto aperto/scoperto,;Dal 1946 al 1960;Nessuno;Patrimonio indisponibile;Utilizzato direttamente;Altro;;;;1;False
693681;L219;1121;41;205;13.0;FABBRICATO;via pianezza;163;45.0952613;7.645336;Cantina, soffitta, rimessa, box, garage, posto auto aperto/scoperto,;Dal 1946 al 1960;Nessuno;Patrimonio indisponibile;Utilizzato direttamente;Altro;;;;1;False
693682;L219;1121;41;206;13.0;FABBRICATO;via pianezza;163;45.0952613;7.645336;Cantina, soffitta, rimessa, box, garage, posto auto aperto/scoperto,;Dal 1946 al 1960;Nessuno;Patrimonio indisponibile;Utilizzato direttamente;Altro;;;;1;False
693683;L219;1121;41;207;13.0;FABBRICATO;via pianezza;163;45.0952613;7.645336;Cantina, soffitta, rimessa, box, garage, posto auto aperto/scoperto,;Dal 1946 al 1960;Nessuno;Patrimonio indisponibile;Utilizzato direttamente;Altro;;;;1;False
693684;L219;1121;41;208;13.0;FABBRICATO;via pianezza;163;45.0952613;7.645336;Cantina, soffitta, rimessa, box, garage, posto auto aperto/scoperto,;Dal 1946 al 1960;Nessuno;Patrimonio indisponibile;Utilizzato direttamente;Altro;;;;1;False
693685;L219;1121;41;209;15.0;FABBRICATO;via pianezza;163;45.0952613;7.645336;Cantina, soffitta, rimessa, box, garage, posto auto aperto/scoperto,;Dal 1946 al 1960;Nessuno;Patrimonio indisponibile;Utilizzato direttamente;Altro;;;;1;False
693686;L219;1121;41;21;64.0;FABBRICATO;VIA PIANEZZA;153;45.0952613;7.645336;Abitazione;Dal 1946 al 1960;Nessuno;Patrimonio indisponibile;;Non Dichiarato;in locazione;3091.0;01/12/2021;1;False
693687;L219;1121;41;210;15.0;FABBRICATO;via pianezza;163;45.0952613;7.645336;Cantina, soffitta, rimessa, box, garage, posto auto aperto/scoperto,;Dal 1946 al 1960;Nessuno;Patrimonio indisponibile;Utilizzato direttamente;Altro;;;;1;False
693688;L219;1121;41;211;15.0;FABBRICATO;via pianezza;163;45.0952613;7.645336;Cantina, soffitta, rimessa, box, garage, posto auto aperto/scoperto,;Dal 1946 al 1960;Nessuno;Patrimonio indisponibile;;Non Dichiarato;in locazione;692.0;01/10/2021;1;False
693689;L219;1121;41;212;15.0;FABBRICATO;via pianezza;163;45.0952613;7.645336;Cantina, soffitta, rimessa, box, garage, posto auto aperto/scoperto,;Dal 1946 al 1960;Nessuno;Patrimonio indisponibile;;Non Dichiarato;in locazione;712.0;01/08/2021;1;False
693690;L219;1121;41;213;19.0;FABBRICATO;via pianezza;163;45.0952613;7.645336;Cantina, soffitta, rimessa, box, garage, posto auto aperto/scoperto,;Dal 1946 al 1960;Nessuno;Patrimonio indisponibile;Utilizzato direttamente;Altro;;;;1;False
693691;L219;1121;41;214;15.0;FABBRICATO;via pianezza;163;45.0952613;7.645336;Cantina, soffitta, rimessa, box, garage, posto auto aperto/scoperto,;Dal 1946 al 1960;Nessuno;Patrimonio indisponibile;Utilizzato direttamente;Altro;;;;1;False
693692;L219;1121;41;215;14.0;FABBRICATO;via pianezza;163;45.0952613;7.645336;Cantina, soffitta, rimessa, box, garage, posto auto aperto/scoperto,;Dal 1946 al 1960;Nessuno;Patrimonio indisponibile;Utilizzato direttamente;Altro;;;;1;False
693693;L219;1121;41;22;48.0;FABBRICATO;VIA PIANEZZA;153;45.0952613;7.645336;Abitazione;Dal 1946 al 1960;Nessuno;Patrimonio indisponibile;Utilizzato direttamente;Altro;;;;1;False
693694;L219;1121;41;23;64.0;FABBRICATO;VIA PIANEZZA;153;45.0952613;7.645336;Abitazione;Dal 1946 al 1960;Nessuno;Patrimonio indisponibile;;Non Dichiarato;in locazione;1113.0;01/12/2018;1;False
693695;L219;1121;41;24;48.0;FABBRICATO;VIA PIANEZZA;153;45.0952613;7.645336;Abitazione;Dal 1946 al 1960;Nessuno;Patrimonio indisponibile;;Non Dichiarato;in locazione;2470.0;01/03/2018;1;False
693696;L219;1121;41;25;64.0;FABBRICATO;VIA PIANEZZA;153;45.0952613;7.645336;Abitazione;Dal 1946 al 1960;Nessuno;Patrimonio indisponibile;;Non Dichiarato;in locazione;3160.0;01/04/2021;1;False
693697;L219;1121;41;26;48.0;FABBRICATO;VIA PIANEZZA;153;45.0952613;7.645336;Abitazione;Dal 1946 al 1960;Nessuno;Patrimonio indisponibile;;Non Dichiarato;in locazione;2330.0;01/05/2015;1;False
693698;L219;1121;41;28;48.0;FABBRICATO;VIA PIANEZZA;153;45.0952613;7.645336;Abitazione;Dal 1946 al 1960;Nessuno;Patrimonio indisponibile;;Non Dichiarato;in locazione;2785.0;01/11/2022;1;False
693699;L219;1121;41;29;64.0;FABBRICATO;VIA PIANEZZA;153;45.0952613;7.645336;Abitazione;Dal 1946 al 1960;Nessuno;Patrimonio indisponibile;;Non Dichiarato;in locazione;4079.0;01/12/2022;1;False
693700;L219;1121;41;3;64.0;FABBRICATO;via pianezza;151;45.0952613;7.645336;Abitazione;Dal 1946 al 1960;Nessuno;Patrimonio indisponibile;;Non Dichiarato;in locazione;4225.0;01/12/2022;1;False
693701;L219;1121;41;30;48.0;FABBRICATO;VIA PIANEZZA;153;45.0952613;7.645336;Abitazione;Dal 1946 al 1960;Nessuno;Patrimonio indisponibile;;Non Dichiarato;in locazione;2576.0;01/04/2019;1;False
693702;L219;1121;41;31;15.0;FABBRICATO;VIA PIANEZZA;153;45.0952613;7.645336;Cantina, soffitta, rimessa, box, garage, posto auto aperto/scoperto,;Dal 1946 al 1960;Nessuno;Patrimonio indisponibile;;Non Dichiarato;in locazione;817.0;01/12/2021;1;False
693703;L219;1121;41;32;48.0;FABBRICATO;Via Pianezza;155;45.0952613;7.645336;Abitazione;Dal 1946 al 1960;Nessuno;Patrimonio indisponibile;Utilizzato direttamente;Altro;;;;1;False
693704;L219;1121;41;33;48.0;FABBRICATO;Via Pianezza;155;45.0952613;7.645336;Abitazione;Dal 1946 al 1960;Nessuno;Patrimonio indisponibile;Utilizzato direttamente;Altro;;;;1;False
693705;L219;1121;41;34;64.0;FABBRICATO;Via Pianezza;155;45.0952613;7.645336;Abitazione;Dal 1946 al 1960;Nessuno;Patrimonio indisponibile;;Non Dichiarato;in locazione;3093.0;01/11/2022;1;False
693706;L219;1121;41;35;48.0;FABBRICATO;Via Pianezza;155;45.0952613;7.645336;Abitazione;Dal 1946 al 1960;Nessuno;Patrimonio indisponibile;;Non Dichiarato;in locazione;877.0;01/03/2021;1;False
693707;L219;1121;41;37;48.0;FABBRICATO;Via Pianezza;155;45.0952613;7.645336;Abitazione;Dal 1946 al 1960;Nessuno;Patrimonio indisponibile;Utilizzato direttamente;Altro;;;;1;False
693708;L219;1121;41;38;64.0;FABBRICATO;Via Pianezza;155;45.0952613;7.645336;Abitazione;Dal 1946 al 1960;Nessuno;Patrimonio indisponibile;Utilizzato direttamente;Altro;;;;1;False
693709;L219;1121;41;39;48.0;FABBRICATO;Via Pianezza;155;45.0952613;7.645336;Abitazione;Dal 1946 al 1960;Nessuno;Patrimonio indisponibile;Utilizzato direttamente;Altro;;;;1;False
693710;L219;1121;41;4;48.0;FABBRICATO;via pianezza;151;45.0952613;7.645336;Abitazione;Dal 1946 al 1960;Nessuno;Patrimonio indisponibile;;Non Dichiarato;in locazione;3231.0;01/03/2011;1;False
693711;L219;1121;41;41;48.0;FABBRICATO;Via Pianezza;155;45.0952613;7.645336;Abitazione;Dal 1946 al 1960;Nessuno;Patrimonio indisponibile;Utilizzato direttamente;Altro;;;;1;False
693712;L219;1121;41;42;64.0;FABBRICATO;Via Pianezza;155;45.0952613;7.645336;Abitazione;Dal 1946 al 1960;Nessuno;Patrimonio indisponibile;;Non Dichiarato;in locazione;1110.0;01/03/2021;1;False
693713;L219;1121;41;43;48.0;FABBRICATO;Via Pianezza;155;45.0952613;7.645336;Abitazione;Dal 1946 al 1960;Nessuno;Patrimonio indisponibile;;Non Dichiarato;in locazione;759.0;01/02/2022;1;False
693714;L219;1121;41;44;64.0;FABBRICATO;Via Pianezza;155;45.0952613;7.645336;Abitazione;Dal 1946 al 1960;Nessuno;Patrimonio indisponibile;Utilizzato direttamente;Altro;;;;1;False
693715;L219;1121;41;45;48.0;FABBRICATO;Via Pianezza;155;45.0952613;7.645336;Abitazione;Dal 1946 al 1960;Nessuno;Patrimonio indisponibile;;Non Dichiarato;in locazione;2705.0;01/05/2018;1;False
693716;L219;1121;41;46;64.0;FABBRICATO;Via Pianezza;155;45.0952613;7.645336;Abitazione;Dal 1946 al 1960;Nessuno;Patrimonio indisponibile;;Non Dichiarato;in locazione;934.0;01/02/2022;1;False
693717;L219;1121;41;47;48.0;FABBRICATO;Via Pianezza;155;45.0952613;7.645336;Abitazione;Dal 1946 al 1960;Nessuno;Patrimonio indisponibile;;Non Dichiarato;in locazione;731.0;01/12/2022;1;False
693718;L219;1121;41;49;48.0;FABBRICATO;Via Pianezza;155;45.0952613;7.645336;Abitazione;Dal 1946 al 1960;Nessuno;Patrimonio indisponibile;;Non Dichiarato;in locazione;3123.0;01/12/2010;1;False
693719;L219;1121;41;5;64.0;FABBRICATO;via pianezza;151;45.0952613;7.645336;Abitazione;Dal 1946 al 1960;Nessuno;Patrimonio indisponibile;;Non Dichiarato;in locazione;3482.0;01/04/2018;1;False
693720;L219;1121;41;50;96.0;FABBRICATO;Via Pianezza;155;45.0952613;7.645336;Abitazione;Dal 1946 al 1960;Nessuno;Patrimonio indisponibile;Utilizzato direttamente;Altro;;;;1;False
693721;L219;1121;41;52;15.0;FABBRICATO;Via Pianezza;155;45.0952613;7.645336;Cantina, soffitta, rimessa, box, garage, posto auto aperto/scoperto,;Dal 1946 al 1960;Nessuno;Patrimonio indisponibile;Utilizzato direttamente;Altro;;;;1;False
693722;L219;1121;41;53;15.0;FABBRICATO;Via Pianezza;155;45.0952613;7.645336;Cantina, soffitta, rimessa, box, garage, posto auto aperto/scoperto,;Dal 1946 al 1960;Nessuno;Patrimonio indisponibile;;Non Dichiarato;in locazione;836.0;01/03/2021;1;False
693723;L219;1121;41;54;48.0;FABBRICATO;via pianezza;157;45.0952613;7.645336;Abitazione;Dal 1946 al 1960;Nessuno;Patrimonio indisponibile;Utilizzato direttamente;Altro;;;;1;False
693724;L219;1121;41;55;48.0;FABBRICATO;via pianezza;157;45.0952613;7.645336;Abitazione;Dal 1946 al 1960;Nessuno;Patrimonio indisponibile;Utilizzato direttamente;Altro;;;;1;False
693725;L219;1121;41;56;48.0;FABBRICATO;via pianezza;157;45.0952613;7.645336;Abitazione;Dal 1946 al 1960;Nessuno;Patrimonio indisponibile;;Non Dichiarato;in locazione;512.0;01/07/2015;1;False
693726;L219;1121;41;57;64.0;FABBRICATO;via pianezza;157;45.0952613;7.645336;Abitazione;Dal 1946 al 1960;Nessuno;Patrimonio indisponibile;;Non Dichiarato;in locazione;3116.0;01/07/2020;1;False
693727;L219;1121;41;58;48.0;FABBRICATO;via pianezza;157;45.0952613;7.645336;Abitazione;Dal 1946 al 1960;Nessuno;Patrimonio indisponibile;Utilizzato direttamente;Altro;;;;1;False
693728;L219;1121;41;59;64.0;FABBRICATO;via pianezza;157;45.0952613;7.645336;Abitazione;Dal 1946 al 1960;Nessuno;Patrimonio indisponibile;Utilizzato direttamente;Altro;;;;1;False
693729;L219;1121;41;6;48.0;FABBRICATO;via pianezza;151;45.0952613;7.645336;Abitazione;Dal 1946 al 1960;Nessuno;Patrimonio indisponibile;;Non Dichiarato;in locazione;2439.0;01/07/2009;1;False
693730;L219;1121;41;60;48.0;FABBRICATO;via pianezza;157;45.0952613;7.645336;Abitazione;Dal 1946 al 1960;Nessuno;Patrimonio indisponibile;Utilizzato direttamente;Altro;;;;1;False
693731;L219;1121;41;61;64.0;FABBRICATO;via pianezza;157;45.0952613;7.645336;Abitazione;Dal 1946 al 1960;Nessuno;Patrimonio indisponibile;;Non Dichiarato;in locazione;4087.0;01/06/2022;1;False
693732;L219;1121;41;62;48.0;FABBRICATO;via pianezza;157;45.0952613;7.645336;Abitazione;Dal 1946 al 1960;Nessuno;Patrimonio indisponibile;;Non Dichiarato;in locazione;2133.0;01/07/2020;1;False
693733;L219;1121;41;65;64.0;FABBRICATO;via pianezza;157;45.0952613;7.645336;Abitazione;Dal 1946 al 1960;Nessuno;Patrimonio indisponibile;Utilizzato direttamente;Altro;;;;1;False
693734;L219;1121;41;66;48.0;FABBRICATO;via pianezza;157;45.0952613;7.645336;Abitazione;Dal 1946 al 1960;Nessuno;Patrimonio indisponibile;;Non Dichiarato;in locazione;736.0;01/02/2021;1;False
693735;L219;1121;41;67;64.0;FABBRICATO;via pianezza;157;45.0952613;7.645336;Abitazione;Dal 1946 al 1960;Nessuno;Patrimonio indisponibile;Utilizzato direttamente;Altro;;;;1;False
693736;L219;1121;41;68;48.0;FABBRICATO;via pianezza;157;45.0952613;7.645336;Abitazione;Dal 1946 al 1960;Nessuno;Patrimonio indisponibile;;Non Dichiarato;in locazione;745.0;01/07/2018;1;False
693737;L219;1121;41;7;64.0;FABBRICATO;via pianezza;151;45.0952613;7.645336;Abitazione;Dal 1946 al 1960;Nessuno;Patrimonio indisponibile;;Non Dichiarato;in locazione;4696.0;01/08/2020;1;False
693738;L219;1121;41;70;48.0;FABBRICATO;via pianezza;157;45.0952613;7.645336;Abitazione;Dal 1946 al 1960;Nessuno;Patrimonio indisponibile;Utilizzato direttamente;Altro;;;;1;False
693739;L219;1121;41;71;64.0;FABBRICATO;via pianezza;157;45.0952613;7.645336;Abitazione;Dal 1946 al 1960;Nessuno;Patrimonio indisponibile;;Non Dichiarato;in locazione;3592.0;01/05/2021;1;False
693740;L219;1121;41;72;48.0;FABBRICATO;via pianezza;157;45.0952613;7.645336;Abitazione;Dal 1946 al 1960;Nessuno;Patrimonio indisponibile;;Non Dichiarato;in locazione;704.0;01/01/2022;1;False
693741;L219;1121;41;73;64.0;FABBRICATO;via pianezza;157;45.0952613;7.645336;Abitazione;Dal 1946 al 1960;Nessuno;Patrimonio indisponibile;;Non Dichiarato;in locazione;531.0;01/04/2021;1;False
693742;L219;1121;41;74;15.0;FABBRICATO;via pianezza;157;45.0952613;7.645336;Cantina, soffitta, rimessa, box, garage, posto auto aperto/scoperto,;Dal 1946 al 1960;Nessuno;Patrimonio indisponibile;Utilizzato direttamente;Altro;;;;1;False
693743;L219;1121;41;75;15.0;FABBRICATO;via pianezza;157;45.0952613;7.645336;Cantina, soffitta, rimessa, box, garage, posto auto aperto/scoperto,;Dal 1946 al 1960;Nessuno;Patrimonio indisponibile;;Non Dichiarato;in locazione;1120.0;01/10/2020;1;False
693744;L219;1121;41;76;48.0;FABBRICATO;Via Pianezza;159;45.0952613;7.645336;Abitazione;Dal 1946 al 1960;Nessuno;Patrimonio indisponibile;;Non Dichiarato;in locazione;799.0;01/02/2021;1;False
693745;L219;1121;41;77;48.0;FABBRICATO;Via Pianezza;159;45.0952613;7.645336;Abitazione;Dal 1946 al 1960;Nessuno;Patrimonio indisponibile;Utilizzato direttamente;Altro;;;;1;False
693746;L219;1121;41;8;48.0;FABBRICATO;via pianezza;151;45.0952613;7.645336;Abitazione;Dal 1946 al 1960;Nessuno;Patrimonio indisponibile;;Non Dichiarato;in locazione;2044.0;01/10/2011;1;False
693747;L219;1121;41;80;48.0;FABBRICATO;Via Pianezza;159;45.0952613;7.645336;Abitazione;Dal 1946 al 1960;Nessuno;Patrimonio indisponibile;;Non Dichiarato;in locazione;2215.0;01/07/2011;1;False
693748;L219;1121;41;81;64.0;FABBRICATO;Via Pianezza;159;45.0952613;7.645336;Abitazione;Dal 1946 al 1960;Nessuno;Patrimonio indisponibile;Utilizzato direttamente;Altro;;;;1;False
693749;L219;1121;41;82;48.0;FABBRICATO;Via Pianezza;159;45.0952613;7.645336;Abitazione;Dal 1946 al 1960;Nessuno;Patrimonio indisponibile;;Non Dichiarato;in locazione;1652.0;01/01/2007;1;False
693750;L219;1121;41;85;64.0;FABBRICATO;Via Pianezza;159;45.0952613;7.645336;Abitazione;Dal 1946 al 1960;Nessuno;Patrimonio indisponibile;;Non Dichiarato;in locazione;1036.0;01/11/2019;1;False
693751;L219;1121;41;86;48.0;FABBRICATO;Via Pianezza;159;45.0952613;7.645336;Abitazione;Dal 1946 al 1960;Nessuno;Patrimonio indisponibile;;Non Dichiarato;in locazione;787.0;01/06/2018;1;False
693752;L219;1121;41;88;48.0;FABBRICATO;Via Pianezza;159;45.0952613;7.645336;Abitazione;Dal 1946 al 1960;Nessuno;Patrimonio indisponibile;;Non Dichiarato;in locazione;769.0;01/10/2018;1;False
693753;L219;1121;41;9;22.0;FABBRICATO;via pianezza;151;45.0952613;7.645336;Cantina, soffitta, rimessa, box, garage, posto auto aperto/scoperto,;Dal 1946 al 1960;Nessuno;Patrimonio indisponibile;Utilizzato direttamente;Altro;;;;1;False
693754;L219;1121;41;90;48.0;FABBRICATO;Via Pianezza;159;45.0952613;7.645336;Abitazione;Dal 1946 al 1960;Nessuno;Patrimonio indisponibile;;Non Dichiarato;in locazione;871.0;01/02/2021;1;False
693755;L219;1121;41;91;64.0;FABBRICATO;Via Pianezza;159;45.0952613;7.645336;Abitazione;Dal 1946 al 1960;Nessuno;Patrimonio indisponibile;Utilizzato direttamente;Altro;;;;1;False
693756;L219;1121;41;92;48.0;FABBRICATO;Via Pianezza;159;45.0952613;7.645336;Abitazione;Dal 1946 al 1960;Nessuno;Patrimonio indisponibile;Utilizzato direttamente;Altro;;;;1;False
693757;L219;1121;41;93;64.0;FABBRICATO;Via Pianezza;159;45.0952613;7.645336;Abitazione;Dal 1946 al 1960;Nessuno;Patrimonio indisponibile;;Non Dichiarato;in locazione;3364.0;10/07/2020;1;False
693758;L219;1121;41;94;48.0;FABBRICATO;Via Pianezza;159;45.0952613;7.645336;Abitazione;Dal 1946 al 1960;Nessuno;Patrimonio indisponibile;;Non Dichiarato;in locazione;973.0;01/04/2018;1;False
693759;L219;1121;41;95;72.0;FABBRICATO;Via Pianezza;159;45.0952613;7.645336;Abitazione;Dal 1946 al 1960;Nessuno;Patrimonio indisponibile;;Non Dichiarato;in locazione;3067.0;01/08/2011;1;False
693760;L219;1121;41;96;15.0;FABBRICATO;Via Pianezza;159;45.0952613;7.645336;Cantina, soffitta, rimessa, box, garage, posto auto aperto/scoperto,;Dal 1946 al 1960;Nessuno;Patrimonio indisponibile;Utilizzato direttamente;Altro;;;;1;False
693761;L219;1121;41;97;15.0;FABBRICATO;Via Pianezza;159;45.0952613;7.645336;Cantina, soffitta, rimessa, box, garage, posto auto aperto/scoperto,;Dal 1946 al 1960;Nessuno;Patrimonio indisponibile;Utilizzato direttamente;Altro;;;;1;False
693762;L219;1121;41;98;48.0;FABBRICATO;via pianezza;161;45.0952613;7.645336;Abitazione;Dal 1946 al 1960;Nessuno;Patrimonio indisponibile;;Non Dichiarato;in locazione;878.0;01/01/2021;1;False
693763;L219;1121;41;99;48.0;FABBRICATO;via pianezza;161;45.0952613;7.645336;Abitazione;Dal 1946 al 1960;Nessuno;Patrimonio indisponibile;;Non Dichiarato;in locazione;2638.0;01/05/2018;1;False
693765;L219;1219;44;13;63.0;FABBRICATO;Via San Domenico;16;45.0751722;7.6798657;Abitazione;Prima del 1919;Nessuno;Patrimonio indisponibile;Utilizzato direttamente;Altro;;;;1;False
693766;L219;1219;44;2;64.0;FABBRICATO;Via San Domenico;16;45.0751722;7.6798657;Locale commerciale, negozio;Prima del 1919;Nessuno;Patrimonio indisponibile;Utilizzato direttamente;Attività commerciale e di ristorazione;;;;1;False
693767;L219;1219;44;40;96.0;FABBRICATO;Via San Domenico;16;45.0751722;7.6798657;Abitazione;Prima del 1919;Nessuno;Patrimonio indisponibile;Utilizzato direttamente;Altro;;;;1;False
693768;L219;1219;44;41;123.0;FABBRICATO;Via San Domenico;16;45.0751722;7.6798657;Abitazione;Prima del 1919;Nessuno;Patrimonio indisponibile;Utilizzato direttamente;Altro;;;;1;False
693769;L219;1219;44;42;68.0;FABBRICATO;Via San Domenico;16;45.0751722;7.6798657;Abitazione;Prima del 1919;Nessuno;Patrimonio indisponibile;Utilizzato direttamente;Altro;;;;1;False
693770;L219;1219;44;43;77.0;FABBRICATO;Via San Domenico;16;45.0751722;7.6798657;Abitazione;Prima del 1919;Nessuno;Patrimonio indisponibile;Utilizzato direttamente;Altro;;;;1;False
693771;L219;1219;44;44;92.0;FABBRICATO;Via San Domenico;16;45.0751722;7.6798657;Abitazione;Prima del 1919;Nessuno;Patrimonio indisponibile;Utilizzato direttamente;Altro;;;;1;False
693772;L219;1219;44;45;29.0;FABBRICATO;Via San Domenico;16;45.0751722;7.6798657;Cantina, soffitta, rimessa, box, garage, posto auto aperto/scoperto,;Prima del 1919;Nessuno;Patrimonio indisponibile;Utilizzato direttamente;Altro;;;;1;False
693775;L219;1421;155;2;2460.0;FABBRICATO;Corso Caduti sul Lavoro;5;45.0272124;7.6668622;Ufficio strutturato ed assimilabili;Dal 1971 al 1980;Nessuno;Patrimonio indisponibile;Utilizzato direttamente;Attività didattica;;;;1;False
693776;L219;1421;155;3;78.0;FABBRICATO;Corso Caduti sul Lavoro;5;45.0272124;7.6668622;Abitazione;Dal 1971 al 1980;Nessuno;Patrimonio indisponibile;Utilizzato direttamente;Alloggio di servizio, foresterie;;;;1;False
693777;L219;1421;166;1;77.0;FABBRICATO;via ventimiglia;112;45.026674;7.6686492;Abitazione;Dal 1961 al 1970;Nessuno;Patrimonio indisponibile;Utilizzato direttamente;Alloggio di servizio, foresterie;;;;1;False
693779;L219;1421;166;6;1850.5;FABBRICATO;via ventimiglia;112;45.026674;7.6686492;Edificio scolastico (es.: scuola di ogni ordine e grado, università, scuola di formazione);Dal 1961 al 1970;Nessuno;Patrimonio indisponibile;Utilizzato direttamente;Attività didattica;;;;1;False
693780;L219;1219;57;7;3367.71;FABBRICATO;Via del Carmine;12;45.0761227;7.6747337;Ufficio strutturato ed assimilabili;Prima del 1919;Dichiarazione di interesse culturale;Patrimonio indisponibile;;Non Dichiarato;in concessione a titolo oneroso;151228.0;07/06/2017;1;False
693781;L219;1219;57;9;2776.0;FABBRICATO;Via del Carmine;14;45.0761227;7.6747337;Biblioteca, pinacoteca, museo, gallerie;Prima del 1919;Dichiarazione di interesse culturale;Patrimonio indisponibile;Utilizzato direttamente;Attività artistica e culturale;;;;1;False
693782;L219;1421;188;1;4166.25;FABBRICATO;via valenza;71;45.0255208;7.6680948;Edificio scolastico (es.: scuola di ogni ordine e grado, università, scuola di formazione);Dal 1981 al 1990;Nessuno;Patrimonio indisponibile;Utilizzato direttamente;Attività didattica;;;;1;False
693783;L219;1421;188;2;88.0;FABBRICATO;via valenza;71;45.0255208;7.6680948;Abitazione;Dal 1981 al 1990;Nessuno;Patrimonio indisponibile;Utilizzato direttamente;Alloggio di servizio, foresterie;;;;1;False
693785;L219;1421;188;5;123.0;FABBRICATO;via genova;161;45.0255208;7.6680948;Abitazione;Dal 1991 al 2000;Nessuno;Patrimonio indisponibile;Utilizzato direttamente;Alloggio di servizio, foresterie;;;;1;False
693786;L219;1219;70;14;271.0;FABBRICATO;Via del Carmine;4;45.0756221;7.6759482;Abitazione;Prima del 1919;Dichiarazione di interesse culturale;Demanio;;Non Dichiarato;in concessione a titolo oneroso;7393.0;01/01/2022;1;False
693787;L219;1219;70;15;146.0;FABBRICATO;Via del Carmine;4;45.0756221;7.6759482;Abitazione;Prima del 1919;Dichiarazione di interesse culturale;Demanio;;Non Dichiarato;in concessione a titolo oneroso;7393.0;01/01/2022;1;False
693788;L219;1219;70;23;207.0;FABBRICATO;Via del Carmine;4;45.0756221;7.6759482;Abitazione;Prima del 1919;Dichiarazione di interesse culturale;Demanio;;Non Dichiarato;in concessione a titolo oneroso;7393.0;01/01/2022;1;False
693790;L219;1421;298;2;4036.0;FABBRICATO;via ventimiglia;128;45.0253376;7.6672611;Edificio scolastico (es.: scuola di ogni ordine e grado, università, scuola di formazione);Dal 1971 al 1980;Nessuno;Patrimonio indisponibile;Utilizzato direttamente;Attività didattica;;;;1;False
693793;L219;1421;298;7;64.0;FABBRICATO;via ventimiglia;128;45.0253376;7.6672611;Abitazione;Dal 1971 al 1980;Nessuno;Patrimonio indisponibile;Utilizzato direttamente;Alloggio di servizio, foresterie;;;;1;False
693794;L219;1422;21;19;65.0;FABBRICATO;Via Albisola;8;45.0352629;7.6550914;Abitazione;Dal 1946 al 1960;Nessuno;Patrimonio indisponibile;Utilizzato direttamente;Altro;;;;1;False
693795;L219;1220;30;48;71.0;FABBRICATO;Via Alessandro Manzoni;0;45.0749739;7.6717907;Abitazione;Prima del 1919;Nessuno;Patrimonio disponibile;Utilizzato direttamente;Altro;;;;1;False
693796;L219;1422;24;4;92.0;FABBRICATO;Via Albisola;10;45.0350834;7.6549957;Abitazione;Dal 1946 al 1960;Nessuno;Patrimonio indisponibile;Utilizzato direttamente;Altro;;;;1;False
693797;L219;1220;50;1;3000.0;FABBRICATO;Via della Cittadella;5;45.0746245;7.6735442;Biblioteca, pinacoteca, museo, gallerie;Dal 1961 al 1970;Nessuno;Patrimonio indisponibile;Utilizzato direttamente;Attività artistica e culturale;;;;1;False
693798;L219;1220;50;2;72.0;FABBRICATO;Via Giovanni Ambrogio Bertrandi;10;45.0746245;7.6735442;Abitazione;Dal 1961 al 1970;Nessuno;Patrimonio indisponibile;Utilizzato direttamente;Attività artistica e culturale;;;;1;False
693799;L219;1423;236;318;71.0;FABBRICATO;Via Albenga;22;45.031126;7.6534291;Abitazione;Dal 1971 al 1980;Nessuno;Patrimonio indisponibile;Utilizzato direttamente;Altro;;;;1;False
693800;L219;1423;68;2;140.0;FABBRICATO;via paoli pasquale;75;45.0332987;7.6514125;Edificio scolastico (es.: scuola di ogni ordine e grado, università, scuola di formazione);Dal 1991 al 2000;Nessuno;Patrimonio indisponibile;Utilizzato direttamente;Attività didattica;;;;1;False
693802;L219;1221;149;2;53.0;FABBRICATO;via beaumont claudio;22;45.0751174;7.6652166;Abitazione;Prima del 1919;Nessuno;Patrimonio disponibile;Non utilizzato;Non Dichiarato;;;;1;False
693803;L219;1423;87;68;123.0;FABBRICATO;Corso Corsica;5;45.0324557;7.6531659;Abitazione;Dal 1946 al 1960;Nessuno;Patrimonio indisponibile;Utilizzato direttamente;Altro;;;;1;False
693804;L219;1221;219;14;104.0;FABBRICATO;Via Duchessa Jolanda;20;45.0741357;7.6621646;Abitazione;Prima del 1919;Nessuno;Patrimonio indisponibile;Utilizzato direttamente;Altro;;;;1;False
693805;L219;1221;219;15;66.0;FABBRICATO;Via Duchessa Jolanda;20;45.0741357;7.6621646;Abitazione;Prima del 1919;Nessuno;Patrimonio indisponibile;Utilizzato direttamente;Altro;;;;1;False
693806;L219;1221;219;16;149.0;FABBRICATO;Via Duchessa Jolanda;20;45.0741357;7.6621646;Abitazione;Prima del 1919;Nessuno;Patrimonio indisponibile;Utilizzato direttamente;Altro;;;;1;False
693807;L219;1221;219;17;104.0;FABBRICATO;Via Duchessa Jolanda;20;45.0741357;7.6621646;Abitazione;Prima del 1919;Nessuno;Patrimonio indisponibile;Utilizzato direttamente;Altro;;;;1;False
693808;L219;1221;219;18;125.0;FABBRICATO;Via Duchessa Jolanda;20;45.0741357;7.6621646;Abitazione;Prima del 1919;Nessuno;Patrimonio indisponibile;Utilizzato direttamente;Altro;;;;1;False
693809;L219;1221;219;19;127.0;FABBRICATO;Via Duchessa Jolanda;20;45.0741357;7.6621646;Abitazione;Prima del 1919;Nessuno;Patrimonio indisponibile;Utilizzato direttamente;Altro;;;;1;False
693810;L219;1221;219;20;63.0;FABBRICATO;Via Duchessa Jolanda;20;45.0741357;7.6621646;Abitazione;Prima del 1919;Nessuno;Patrimonio indisponibile;Utilizzato direttamente;Altro;;;;1;False
693811;L219;1221;219;21;103.0;FABBRICATO;Via Duchessa Jolanda;20;45.0741357;7.6621646;Abitazione;Prima del 1919;Nessuno;Patrimonio indisponibile;Utilizzato direttamente;Altro;;;;1;False
693812;L219;1221;219;22;126.0;FABBRICATO;Via Duchessa Jolanda;20;45.0741357;7.6621646;Abitazione;Prima del 1919;Nessuno;Patrimonio indisponibile;Utilizzato direttamente;Altro;;;;1;False
693813;L219;1221;219;23;129.0;FABBRICATO;Via Duchessa Jolanda;20;45.0741357;7.6621646;Abitazione;Prima del 1919;Nessuno;Patrimonio indisponibile;Utilizzato direttamente;Altro;;;;1;False
693814;L219;1221;219;24;64.0;FABBRICATO;Via Duchessa Jolanda;20;45.0741357;7.6621646;Abitazione;Prima del 1919;Nessuno;Patrimonio indisponibile;Utilizzato direttamente;Altro;;;;1;False
693815;L219;1221;219;25;102.0;FABBRICATO;Via Duchessa Jolanda;20;45.0741357;7.6621646;Abitazione;Prima del 1919;Nessuno;Patrimonio indisponibile;Utilizzato direttamente;Altro;;;;1;False
693816;L219;1221;219;26;122.0;FABBRICATO;Via Duchessa Jolanda;20;45.0741357;7.6621646;Abitazione;Prima del 1919;Nessuno;Patrimonio indisponibile;Utilizzato direttamente;Altro;;;;1;False
693817;L219;1221;219;27;127.0;FABBRICATO;Via Duchessa Jolanda;20;45.0741357;7.6621646;Abitazione;Prima del 1919;Nessuno;Patrimonio indisponibile;Utilizzato direttamente;Altro;;;;1;False
693818;L219;1221;219;28;63.0;FABBRICATO;Via Duchessa Jolanda;20;45.0741357;7.6621646;Abitazione;Prima del 1919;Nessuno;Patrimonio indisponibile;Utilizzato direttamente;Altro;;;;1;False
693819;L219;1221;219;29;104.0;FABBRICATO;Via Duchessa Jolanda;20;45.0741357;7.6621646;Abitazione;Prima del 1919;Nessuno;Patrimonio indisponibile;Utilizzato direttamente;Altro;;;;1;False
693820;L219;1221;219;30;123.0;FABBRICATO;Via Duchessa Jolanda;20;45.0741357;7.6621646;Abitazione;Prima del 1919;Nessuno;Patrimonio indisponibile;Utilizzato direttamente;Altro;;;;1;False
693821;L219;1221;219;31;170.0;FABBRICATO;Via Duchessa Jolanda;20;45.0741357;7.6621646;Abitazione;Prima del 1919;Nessuno;Patrimonio indisponibile;Utilizzato direttamente;Altro;;;;1;False
693822;L219;1221;219;5003;11.0;FABBRICATO;Via Duchessa Jolanda;20;45.0741357;7.6621646;Cantina, soffitta, rimessa, box, garage, posto auto aperto/scoperto,;Prima del 1919;Nessuno;Patrimonio indisponibile;Utilizzato direttamente;Altro;;;;1;False
693823;L219;1221;219;5005;16.0;FABBRICATO;Via Duchessa Jolanda;20;45.0741357;7.6621646;Cantina, soffitta, rimessa, box, garage, posto auto aperto/scoperto,;Prima del 1919;Nessuno;Patrimonio indisponibile;Utilizzato direttamente;Altro;;;;1;False
693824;L219;1221;219;5006;14.0;FABBRICATO;Via Duchessa Jolanda;20;45.0741357;7.6621646;Cantina, soffitta, rimessa, box, garage, posto auto aperto/scoperto,;Prima del 1919;Nessuno;Patrimonio indisponibile;Utilizzato direttamente;Altro;;;;1;False
693825;L219;1221;219;5007;24.0;FABBRICATO;Via Duchessa Jolanda;20;45.0741357;7.6621646;Cantina, soffitta, rimessa, box, garage, posto auto aperto/scoperto,;Prima del 1919;Nessuno;Patrimonio indisponibile;Utilizzato direttamente;Altro;;;;1;False
693826;L219;1221;219;5008;25.0;FABBRICATO;Via Duchessa Jolanda;20;45.0741357;7.6621646;Cantina, soffitta, rimessa, box, garage, posto auto aperto/scoperto,;Prima del 1919;Nessuno;Patrimonio indisponibile;Utilizzato direttamente;Altro;;;;1;False
693827;L219;1221;219;5009;24.0;FABBRICATO;Via Duchessa Jolanda;20;45.0741357;7.6621646;Cantina, soffitta, rimessa, box, garage, posto auto aperto/scoperto,;Prima del 1919;Nessuno;Patrimonio indisponibile;Utilizzato direttamente;Altro;;;;1;False
693828;L219;1221;219;5010;22.0;FABBRICATO;Via Duchessa Jolanda;20;45.0741357;7.6621646;Cantina, soffitta, rimessa, box, garage, posto auto aperto/scoperto,;Prima del 1919;Nessuno;Patrimonio indisponibile;Utilizzato direttamente;Altro;;;;1;False
693829;L219;1221;219;5011;12.0;FABBRICATO;Via Duchessa Jolanda;20;45.0741357;7.6621646;Cantina, soffitta, rimessa, box, garage, posto auto aperto/scoperto,;Prima del 1919;Nessuno;Patrimonio indisponibile;Utilizzato direttamente;Altro;;;;1;False
693830;L219;1221;219;5012;91.0;FABBRICATO;Via Duchessa Jolanda;20;45.0741357;7.6621646;Abitazione;Prima del 1919;Nessuno;Patrimonio indisponibile;Utilizzato direttamente;Altro;;;;1;False
693831;L219;1221;219;5013;164.0;FABBRICATO;Via Duchessa Jolanda;20;45.0741357;7.6621646;Abitazione;Prima del 1919;Nessuno;Patrimonio indisponibile;Utilizzato direttamente;Altro;;;;1;False
693834;L219;1425;80;1;51.0;FABBRICATO;Corso Giovanni Agnelli;105;45.0357243;7.6443245;Abitazione;Dal 1919 al 1945;Nessuno;Patrimonio disponibile;;Non Dichiarato;in locazione;1479.0;01/07/2021;1;False
693835;L219;1425;80;2;53.0;FABBRICATO;Corso Giovanni Agnelli;105;45.0357243;7.6443245;Abitazione;Dal 1919 al 1945;Nessuno;Patrimonio disponibile;;Non Dichiarato;in locazione;1475.0;01/07/2021;1;False
693836;L219;1425;80;3;69.0;FABBRICATO;Corso Giovanni Agnelli;105;45.0357243;7.6443245;Abitazione;Dal 1919 al 1945;Nessuno;Patrimonio disponibile;;Non Dichiarato;in locazione;691.0;01/11/2018;1;False
693837;L219;1425;80;4;47.0;FABBRICATO;Corso Giovanni Agnelli;105;45.0357243;7.6443245;Abitazione;Dal 1919 al 1945;Nessuno;Patrimonio disponibile;;Non Dichiarato;in locazione;834.0;01/07/2008;1;False
693838;L219;1425;80;5;67.0;FABBRICATO;Corso Giovanni Agnelli;105;45.0357243;7.6443245;Abitazione;Dal 1919 al 1945;Nessuno;Patrimonio disponibile;;Non Dichiarato;in locazione;2463.0;01/06/2021;1;False
693839;L219;1425;80;6;52.0;FABBRICATO;Corso Giovanni Agnelli;105;45.0357243;7.6443245;Abitazione;Dal 1919 al 1945;Nessuno;Patrimonio disponibile;;Non Dichiarato;in locazione;534.0;01/04/2019;1;False
693840;L219;1425;80;7;69.0;FABBRICATO;Corso Giovanni Agnelli;105;45.0357243;7.6443245;Abitazione;Dal 1919 al 1945;Nessuno;Patrimonio disponibile;;Non Dichiarato;in locazione;2263.0;01/07/2021;1;False
693841;L219;1425;80;8;50.0;FABBRICATO;Corso Giovanni Agnelli;105;45.0357243;7.6443245;Abitazione;Dal 1919 al 1945;Nessuno;Patrimonio disponibile;;Non Dichiarato;in locazione;1479.0;01/07/2021;1;False
693842;L219;1426;252;1;85.0;FABBRICATO;Corso Giovanni Agnelli;156;45.0320342;7.6395428;Abitazione;Dal 1919 al 1945;Nessuno;Patrimonio indisponibile;Utilizzato direttamente;Altro;;;;1;False
693843;L219;1426;252;10;48.0;FABBRICATO;Corso Giovanni Agnelli;156;45.0320342;7.6395428;Abitazione;Dal 1919 al 1945;Nessuno;Patrimonio indisponibile;Utilizzato direttamente;Altro;;;;1;False
693844;L219;1426;252;11;48.0;FABBRICATO;Corso Giovanni Agnelli;156;45.0320342;7.6395428;Abitazione;Dal 1919 al 1945;Nessuno;Patrimonio indisponibile;Utilizzato direttamente;Altro;;;;1;False
693845;L219;1426;252;13;82.0;FABBRICATO;Corso Giovanni Agnelli;156;45.0320342;7.6395428;Abitazione;Dal 1919 al 1945;Nessuno;Patrimonio indisponibile;Utilizzato direttamente;Altro;;;;1;False
693846;L219;1426;252;14;81.0;FABBRICATO;Corso Giovanni Agnelli;156;45.0320342;7.6395428;Abitazione;Dal 1919 al 1945;Nessuno;Patrimonio indisponibile;Utilizzato direttamente;Altro;;;;1;False
693847;L219;1426;252;15;83.0;FABBRICATO;Corso Giovanni Agnelli;156;45.0320342;7.6395428;Abitazione;Dal 1919 al 1945;Nessuno;Patrimonio indisponibile;Utilizzato direttamente;Altro;;;;1;False
693848;L219;1426;252;16;80.0;FABBRICATO;Corso Giovanni Agnelli;156;45.0320342;7.6395428;Abitazione;Dal 1919 al 1945;Nessuno;Patrimonio indisponibile;Utilizzato direttamente;Altro;;;;1;False
693849;L219;1426;252;17;81.0;FABBRICATO;Corso Giovanni Agnelli;156;45.0320342;7.6395428;Abitazione;Dal 1919 al 1945;Nessuno;Patrimonio indisponibile;Utilizzato direttamente;Altro;;;;1;False
693850;L219;1426;252;18;81.0;FABBRICATO;Corso Giovanni Agnelli;156;45.0320342;7.6395428;Abitazione;Dal 1919 al 1945;Nessuno;Patrimonio indisponibile;Utilizzato direttamente;Altro;;;;1;False
693851;L219;1426;252;19;80.0;FABBRICATO;Corso Giovanni Agnelli;156;45.0320342;7.6395428;Abitazione;Dal 1919 al 1945;Nessuno;Patrimonio indisponibile;Utilizzato direttamente;Altro;;;;1;False
693852;L219;1426;252;2;82.0;FABBRICATO;Corso Giovanni Agnelli;156;45.0320342;7.6395428;Abitazione;Dal 1919 al 1945;Nessuno;Patrimonio indisponibile;Utilizzato direttamente;Altro;;;;1;False
693853;L219;1426;252;20;82.0;FABBRICATO;Corso Giovanni Agnelli;156;45.0320342;7.6395428;Abitazione;Dal 1919 al 1945;Nessuno;Patrimonio indisponibile;Utilizzato direttamente;Altro;;;;1;False
693854;L219;1426;252;21;58.0;FABBRICATO;Corso Giovanni Agnelli;156;45.0320342;7.6395428;Abitazione;Dal 1919 al 1945;Nessuno;Patrimonio indisponibile;Utilizzato direttamente;Altro;;;;1;False
693855;L219;1426;252;22;123.0;FABBRICATO;Corso Giovanni Agnelli;156;45.0320342;7.6395428;Abitazione;Dal 1919 al 1945;Nessuno;Patrimonio indisponibile;Utilizzato direttamente;Altro;;;;1;False
693856;L219;1426;252;3;48.0;FABBRICATO;Corso Giovanni Agnelli;156;45.0320342;7.6395428;Abitazione;Dal 1919 al 1945;Nessuno;Patrimonio indisponibile;Utilizzato direttamente;Altro;;;;1;False
693857;L219;1426;252;4;48.0;FABBRICATO;Corso Giovanni Agnelli;156;45.0320342;7.6395428;Abitazione;Dal 1919 al 1945;Nessuno;Patrimonio indisponibile;Utilizzato direttamente;Altro;;;;1;False
693858;L219;1426;252;7;48.0;FABBRICATO;Corso Giovanni Agnelli;156;45.0320342;7.6395428;Abitazione;Dal 1919 al 1945;Nessuno;Patrimonio indisponibile;Utilizzato direttamente;Altro;;;;1;False
693859;L219;1426;252;9;48.0;FABBRICATO;Corso Giovanni Agnelli;156;45.0320342;7.6395428;Abitazione;Dal 1919 al 1945;Nessuno;Patrimonio indisponibile;Utilizzato direttamente;Altro;;;;1;False
693860;L219;1426;257;1;81.0;FABBRICATO;Corso Giovanni Agnelli;156;45.0316563;7.6392762;Abitazione;Dal 1919 al 1945;Nessuno;Patrimonio indisponibile;Utilizzato direttamente;Altro;;;;1;False
693861;L219;1426;257;10;106.0;FABBRICATO;Corso Giovanni Agnelli;156;45.0316563;7.6392762;Abitazione;Dal 1919 al 1945;Nessuno;Patrimonio indisponibile;Utilizzato direttamente;Altro;;;;1;False
693862;L219;1426;257;11;83.0;FABBRICATO;Corso Giovanni Agnelli;156;45.0316563;7.6392762;Abitazione;Dal 1919 al 1945;Nessuno;Patrimonio indisponibile;Utilizzato direttamente;Altro;;;;1;False
693863;L219;1426;257;12;105.0;FABBRICATO;Corso Giovanni Agnelli;156;45.0316563;7.6392762;Abitazione;Dal 1919 al 1945;Nessuno;Patrimonio indisponibile;Utilizzato direttamente;Altro;;;;1;False
693864;L219;1426;257;13;80.0;FABBRICATO;Corso Giovanni Agnelli;156;45.0316563;7.6392762;Abitazione;Dal 1919 al 1945;Nessuno;Patrimonio indisponibile;Utilizzato direttamente;Altro;;;;1;False
693865;L219;1426;257;14;93.0;FABBRICATO;Corso Giovanni Agnelli;156;45.0316563;7.6392762;Abitazione;Dal 1919 al 1945;Nessuno;Patrimonio indisponibile;Utilizzato direttamente;Altro;;;;1;False
693866;L219;1426;257;15;107.0;FABBRICATO;Corso Giovanni Agnelli;156;45.0316563;7.6392762;Abitazione;Dal 1919 al 1945;Nessuno;Patrimonio indisponibile;Utilizzato direttamente;Altro;;;;1;False
693867;L219;1426;257;16;105.0;FABBRICATO;Corso Giovanni Agnelli;156;45.0316563;7.6392762;Abitazione;Dal 1919 al 1945;Nessuno;Patrimonio indisponibile;Utilizzato direttamente;Altro;;;;1;False
693868;L219;1426;257;17;103.0;FABBRICATO;Corso Giovanni Agnelli;156;45.0316563;7.6392762;Abitazione;Dal 1919 al 1945;Nessuno;Patrimonio indisponibile;Utilizzato direttamente;Altro;;;;1;False
693869;L219;1426;257;18;81.0;FABBRICATO;Corso Giovanni Agnelli;156;45.0316563;7.6392762;Abitazione;Dal 1919 al 1945;Nessuno;Patrimonio indisponibile;Utilizzato direttamente;Altro;;;;1;False
693870;L219;1426;257;19;104.0;FABBRICATO;Corso Giovanni Agnelli;156;45.0316563;7.6392762;Abitazione;Dal 1919 al 1945;Nessuno;Patrimonio indisponibile;Utilizzato direttamente;Altro;;;;1;False
693871;L219;1426;257;2;80.0;FABBRICATO;Corso Giovanni Agnelli;156;45.0316563;7.6392762;Abitazione;Dal 1919 al 1945;Nessuno;Patrimonio indisponibile;Utilizzato direttamente;Altro;;;;1;False
693872;L219;1426;257;20;82.0;FABBRICATO;Corso Giovanni Agnelli;156;45.0316563;7.6392762;Abitazione;Dal 1919 al 1945;Nessuno;Patrimonio indisponibile;Utilizzato direttamente;Altro;;;;1;False
693873;L219;1426;257;21;77.0;FABBRICATO;Corso Giovanni Agnelli;156;45.0316563;7.6392762;Abitazione;Dal 1919 al 1945;Nessuno;Patrimonio indisponibile;Utilizzato direttamente;Altro;;;;1;False
693874;L219;1426;257;22;81.0;FABBRICATO;Corso Giovanni Agnelli;156;45.0316563;7.6392762;Abitazione;Dal 1919 al 1945;Nessuno;Patrimonio indisponibile;Utilizzato direttamente;Altro;;;;1;False
693875;L219;1426;257;23;81.0;FABBRICATO;Corso Giovanni Agnelli;156;45.0316563;7.6392762;Abitazione;Dal 1919 al 1945;Nessuno;Patrimonio indisponibile;Utilizzato direttamente;Altro;;;;1;False
693876;L219;1426;257;24;81.0;FABBRICATO;Corso Giovanni Agnelli;156;45.0316563;7.6392762;Abitazione;Dal 1919 al 1945;Nessuno;Patrimonio indisponibile;Utilizzato direttamente;Altro;;;;1;False
693877;L219;1426;257;27;82.0;FABBRICATO;Corso Giovanni Agnelli;156;45.0316563;7.6392762;Abitazione;Dal 1919 al 1945;Nessuno;Patrimonio indisponibile;Utilizzato direttamente;Altro;;;;1;False
693878;L219;1426;257;29;121.0;FABBRICATO;Corso Giovanni Agnelli;156;45.0316563;7.6392762;Abitazione;Dal 1919 al 1945;Nessuno;Patrimonio indisponibile;Utilizzato direttamente;Altro;;;;1;False
693879;L219;1426;257;3;83.0;FABBRICATO;Corso Giovanni Agnelli;156;45.0316563;7.6392762;Abitazione;Dal 1919 al 1945;Nessuno;Patrimonio indisponibile;Utilizzato direttamente;Altro;;;;1;False
693880;L219;1426;257;30;119.0;FABBRICATO;Corso Giovanni Agnelli;156;45.0316563;7.6392762;Abitazione;Dal 1919 al 1945;Nessuno;Patrimonio indisponibile;Utilizzato direttamente;Altro;;;;1;False
693881;L219;1426;257;31;58.0;FABBRICATO;Corso Giovanni Agnelli;156;45.0316563;7.6392762;Abitazione;Dal 1919 al 1945;Nessuno;Patrimonio indisponibile;Utilizzato direttamente;Altro;;;;1;False
693882;L219;1426;257;5;82.0;FABBRICATO;Corso Giovanni Agnelli;156;45.0316563;7.6392762;Abitazione;Dal 1919 al 1945;Nessuno;Patrimonio indisponibile;Utilizzato direttamente;Altro;;;;1;False
693883;L219;1426;257;6;81.0;FABBRICATO;Corso Giovanni Agnelli;156;45.0316563;7.6392762;Abitazione;Dal 1919 al 1945;Nessuno;Patrimonio indisponibile;Utilizzato direttamente;Altro;;;;1;False
693884;L219;1426;257;9;69.0;FABBRICATO;Corso Giovanni Agnelli;156;45.0316563;7.6392762;Abitazione;Dal 1919 al 1945;Nessuno;Patrimonio indisponibile;Utilizzato direttamente;Altro;;;;1;False
693885;L219;1222;338;1;1843.0;FABBRICATO;Via Giacinto Collegno;65;45.0725685;7.6589902;Edificio scolastico (es.: scuola di ogni ordine e grado, università, scuola di formazione);Dal 1946 al 1960;Nessuno;Patrimonio indisponibile;Utilizzato direttamente;Attività didattica;;;;1;False
693886;L219;1222;338;2;93.0;FABBRICATO;Via Giacinto Collegno;65;45.0725685;7.6589902;Abitazione;Dal 1946 al 1960;Nessuno;Patrimonio indisponibile;Utilizzato direttamente;Alloggio di servizio, foresterie;;;;1;False
693887;L219;1426;259;1;328.0;FABBRICATO;Corso Giovanni Agnelli;156;45.0312674;7.6389913;Abitazione;Dal 1919 al 1945;Nessuno;Patrimonio indisponibile;Utilizzato direttamente;Altro;;;;1;False
693888;L219;1426;259;10;81.0;FABBRICATO;Corso Giovanni Agnelli;156;45.0312674;7.6389913;Abitazione;Dal 1919 al 1945;Nessuno;Patrimonio indisponibile;Utilizzato direttamente;Altro;;;;1;False
693889;L219;1426;259;12;82.0;FABBRICATO;Corso Giovanni Agnelli;156;45.0312674;7.6389913;Abitazione;Dal 1919 al 1945;Nessuno;Patrimonio indisponibile;Utilizzato direttamente;Altro;;;;1;False
693890;L219;1426;259;13;81.0;FABBRICATO;Corso Giovanni Agnelli;156;45.0312674;7.6389913;Abitazione;Dal 1919 al 1945;Nessuno;Patrimonio indisponibile;Utilizzato direttamente;Altro;;;;1;False
693891;L219;1426;259;14;80.0;FABBRICATO;Corso Giovanni Agnelli;156;45.0312674;7.6389913;Abitazione;Dal 1919 al 1945;Nessuno;Patrimonio indisponibile;Utilizzato direttamente;Altro;;;;1;False
693892;L219;1426;259;15;82.0;FABBRICATO;Corso Giovanni Agnelli;156;45.0312674;7.6389913;Abitazione;Dal 1919 al 1945;Nessuno;Patrimonio indisponibile;Utilizzato direttamente;Altro;;;;1;False
693893;L219;1426;259;16;81.0;FABBRICATO;Corso Giovanni Agnelli;156;45.0312674;7.6389913;Abitazione;Dal 1919 al 1945;Nessuno;Patrimonio indisponibile;Utilizzato direttamente;Altro;;;;1;False
693894;L219;1426;259;17;81.0;FABBRICATO;Corso Giovanni Agnelli;156;45.0312674;7.6389913;Abitazione;Dal 1919 al 1945;Nessuno;Patrimonio indisponibile;Utilizzato direttamente;Altro;;;;1;False
693895;L219;1426;259;18;80.0;FABBRICATO;Corso Giovanni Agnelli;156;45.0312674;7.6389913;Abitazione;Dal 1919 al 1945;Nessuno;Patrimonio indisponibile;Utilizzato direttamente;Altro;;;;1;False
693896;L219;1426;259;19;54.0;FABBRICATO;Corso Giovanni Agnelli;156;45.0312674;7.6389913;Abitazione;Dal 1919 al 1945;Nessuno;Patrimonio indisponibile;Utilizzato direttamente;Altro;;;;1;False
693897;L219;1426;259;2;83.0;FABBRICATO;Corso Giovanni Agnelli;156;45.0312674;7.6389913;Abitazione;Dal 1919 al 1945;Nessuno;Patrimonio indisponibile;Utilizzato direttamente;Altro;;;;1;False
693898;L219;1426;259;20;83.0;FABBRICATO;Corso Giovanni Agnelli;156;45.0312674;7.6389913;Abitazione;Dal 1919 al 1945;Nessuno;Patrimonio indisponibile;Utilizzato direttamente;Altro;;;;1;False
693899;L219;1426;259;21;58.0;FABBRICATO;Corso Giovanni Agnelli;156;45.0312674;7.6389913;Abitazione;Dal 1919 al 1945;Nessuno;Patrimonio indisponibile;Utilizzato direttamente;Altro;;;;1;False
693900;L219;1426;259;3;79.0;FABBRICATO;Corso Giovanni Agnelli;156;45.0312674;7.6389913;Abitazione;Dal 1919 al 1945;Nessuno;Patrimonio indisponibile;Utilizzato direttamente;Altro;;;;1;False
693901;L219;1426;259;4;79.0;FABBRICATO;Corso Giovanni Agnelli;156;45.0312674;7.6389913;Abitazione;Dal 1919 al 1945;Nessuno;Patrimonio indisponibile;Utilizzato direttamente;Altro;;;;1;False
693902;L219;1426;259;5;83.0;FABBRICATO;Corso Giovanni Agnelli;156;45.0312674;7.6389913;Abitazione;Dal 1919 al 1945;Nessuno;Patrimonio indisponibile;Utilizzato direttamente;Altro;;;;1;False
693903;L219;1426;259;6;81.0;FABBRICATO;Corso Giovanni Agnelli;156;45.0312674;7.6389913;Abitazione;Dal 1919 al 1945;Nessuno;Patrimonio indisponibile;Utilizzato direttamente;Altro;;;;1;False
693904;L219;1426;259;7;81.0;FABBRICATO;Corso Giovanni Agnelli;156;45.0312674;7.6389913;Abitazione;Dal 1919 al 1945;Nessuno;Patrimonio indisponibile;Utilizzato direttamente;Altro;;;;1;False
693905;L219;1426;259;8;80.0;FABBRICATO;Corso Giovanni Agnelli;156;45.0312674;7.6389913;Abitazione;Dal 1919 al 1945;Nessuno;Patrimonio indisponibile;Utilizzato direttamente;Altro;;;;1;False
693906;L219;1224;457;1;240.0;FABBRICATO;corso racconigi;43;45.07019205;7.64694128;Locale commerciale, negozio;Dal 1961 al 1970;Nessuno;Patrimonio disponibile;Utilizzato direttamente;Attività commerciale e di ristorazione;;;;1;False
693907;L219;1224;457;2;285.0;FABBRICATO;corso racconigi;43;45.07019205;7.64694128;Magazzino e locali di deposito;Dal 1961 al 1970;Nessuno;Patrimonio disponibile;Utilizzato direttamente;Attività commerciale e di ristorazione;;;;1;False
693908;L219;1224;457;3;125.0;FABBRICATO;corso racconigi;43;45.07019205;7.64694128;Magazzino e locali di deposito;Dal 1961 al 1970;Nessuno;Patrimonio disponibile;Utilizzato direttamente;Attività commerciale e di ristorazione;;;;1;False
693909;L219;1224;502;1;10000.0;FABBRICATO;via vigone;80 A;45.06959492;7.647152;Ufficio strutturato ed assimilabili;Prima del 1919;Dichiarazione di interesse culturale;Demanio;Utilizzato direttamente;Attività amministrativa/uffici pubblici;in concessione a titolo oneroso;175364.0;01/11/2018;1;False
693910;L219;1224;514;105;143.71;FABBRICATO;via vigone;80;45.06857107;7.64715144;Ufficio strutturato ed assimilabili;Prima del 1919;Dichiarazione di interesse culturale;Demanio;Utilizzato direttamente;Attività amministrativa/uffici pubblici;;;;1;False
693911;L219;1224;514;4;110.0;FABBRICATO;via vigone;80;45.06857107;7.64715144;Abitazione;Prima del 1919;Dichiarazione di interesse culturale;Demanio;Utilizzato direttamente;Attività amministrativa/uffici pubblici;;;;1;False
693917;L219;1122;233;8;63.0;FABBRICATO;Via Giosuè Borsi;76;45.0965779;7.6527366;Abitazione;Dal 1946 al 1960;Nessuno;Patrimonio indisponibile;Utilizzato direttamente;Altro;;;;1;False
693922;L219;1228;158;3;67.0;FABBRICATO;Via Vasile Alecsandri;29;45.0698584;7.6273772;Locale commerciale, negozio;Dal 1971 al 1980;Nessuno;Patrimonio indisponibile;Utilizzato direttamente;Attività commerciale e di ristorazione;;;;1;False
693926;L219;1228;158;7;140.0;FABBRICATO;Via Vasile Alecsandri;29;45.0698584;7.6273772;Abitazione;Dal 1971 al 1980;Nessuno;Patrimonio indisponibile;Utilizzato direttamente;Alloggio di servizio, foresterie;;;;1;False
693928;L219;1228;158;9;35.0;FABBRICATO;Via Vasile Alecsandri;29;45.0698584;7.6273772;Locale commerciale, negozio;Dal 1971 al 1980;Nessuno;Patrimonio indisponibile;Utilizzato direttamente;Attività commerciale e di ristorazione;;;;1;False
693929;L219;1122;732;2;5407.5;FABBRICATO;via tiraboschi gerolamo;33;45.0971339;7.6595818;Edificio scolastico (es.: scuola di ogni ordine e grado, università, scuola di formazione);Dal 1971 al 1980;Nessuno;Patrimonio indisponibile;Utilizzato direttamente;Attività didattica;;;;1;False
693930;L219;1122;732;3;150.0;FABBRICATO;Corso Potenza;108;45.0971339;7.6595818;Abitazione;Dal 1971 al 1980;Nessuno;Patrimonio indisponibile;Utilizzato direttamente;Alloggio di servizio, foresterie;;;;1;False
693931;L219;1123;357;1;93.0;FABBRICATO;via lemie;48;45.0962436;7.6657083;Abitazione;Dal 1961 al 1970;Nessuno;Patrimonio indisponibile;Utilizzato direttamente;Alloggio di servizio, foresterie;;;;1;False
693933;L219;1123;357;3;5040.75;FABBRICATO;via lemie;48;45.0962436;7.6657083;Edificio scolastico (es.: scuola di ogni ordine e grado, università, scuola di formazione);Dal 1961 al 1970;Nessuno;Patrimonio indisponibile;Utilizzato direttamente;Attività didattica;;;;1;False
693934;L219;1228;165;;70.0;FABBRICATO;Via Trecate;44;45.0702054;7.6238202;Impianto sportivo;Dal 1991 al 2000;Nessuno;Patrimonio indisponibile;Utilizzato direttamente;Attività sportiva, ricreativa e di intrattenimento;;;;1;False
693935;L219;1228;96;4;86.0;FABBRICATO;Via Onorato Castellino;10;45.0684792;7.6307726;Abitazione;Dal 1971 al 1980;Nessuno;Patrimonio indisponibile;Utilizzato direttamente;Alloggio di servizio, foresterie;;;;1;False
693936;L219;1228;96;5;3558.75;FABBRICATO;Via Onorato Castellino;10;45.0684792;7.6307726;Edificio scolastico (es.: scuola di ogni ordine e grado, università, scuola di formazione);Dal 1991 al 2000;Nessuno;Patrimonio indisponibile;Utilizzato direttamente;Attività didattica;;;;1;False
693937;L219;1123;397;3;17273.0;FABBRICATO;via gubbio;47;45.0965128;7.6647116;Edificio scolastico (es.: scuola di ogni ordine e grado, università, scuola di formazione);Dal 1971 al 1980;Nessuno;Patrimonio indisponibile;Utilizzato direttamente;Attività didattica;;;;1;False
693938;L219;1123;397;4;88.0;FABBRICATO;Via Ponderano;10;45.0965128;7.6647116;Abitazione;Dal 1971 al 1980;Nessuno;Patrimonio indisponibile;Utilizzato direttamente;Alloggio di servizio, foresterie;;;;1;False
693939;L219;1123;397;5;200.57;FABBRICATO;via ponderano;20;45.0965128;7.6647116;Ufficio strutturato ed assimilabili;Dal 1971 al 1980;Nessuno;Patrimonio indisponibile;Utilizzato direttamente;Altro;;;;1;False
693940;L219;1229;325;1;88.0;FABBRICATO;Via Chambéry;33;45.06869604;7.62058615;Abitazione;Dal 1961 al 1970;Nessuno;Patrimonio indisponibile;Utilizzato direttamente;Alloggio di servizio, foresterie;;;;1;False
693941;L219;1229;325;2;4548.25;FABBRICATO;Via Chambéry;33;45.06869604;7.62058615;Edificio scolastico (es.: scuola di ogni ordine e grado, università, scuola di formazione);Dal 1961 al 1970;Nessuno;Patrimonio indisponibile;Utilizzato direttamente;Attività didattica;;;;1;False
693943;L219;1124;112;2;76.0;FABBRICATO;Corso Benedetto Brin;21;45.0928963;7.6724634;Abitazione;Dal 1919 al 1945;Nessuno;Patrimonio disponibile;Non utilizzato;Non Dichiarato;;;;1;False
693953;L219;1426;357;1;72.0;FABBRICATO;Via De Canal Bernardo;37;45.0343396;7.6401723;Abitazione;Dal 1961 al 1970;Nessuno;Patrimonio disponibile;;Non Dichiarato;in locazione;1003.0;01/01/2022;1;False
693954;L219;1426;357;10;88.0;FABBRICATO;Via De Canal Bernardo;37;45.0343396;7.6401723;Abitazione;Dal 1961 al 1970;Nessuno;Patrimonio disponibile;;Non Dichiarato;in locazione;2963.0;01/08/2020;1;False
693955;L219;1426;357;11;72.0;FABBRICATO;Via De Canal Bernardo;37;45.0343396;7.6401723;Abitazione;Dal 1961 al 1970;Nessuno;Patrimonio disponibile;;Non Dichiarato;in locazione;1022.0;01/06/2015;1;False
693956;L219;1426;357;12;72.0;FABBRICATO;Via De Canal Bernardo;37;45.0343396;7.6401723;Abitazione;Dal 1961 al 1970;Nessuno;Patrimonio disponibile;;Non Dichiarato;in locazione;3936.0;01/10/2021;1;False
693957;L219;1426;357;13;72.0;FABBRICATO;Via De Canal Bernardo;37;45.0343396;7.6401723;Abitazione;Dal 1961 al 1970;Nessuno;Patrimonio disponibile;;Non Dichiarato;in locazione;504.0;01/06/2015;1;False
693958;L219;1426;357;14;72.0;FABBRICATO;Via De Canal Bernardo;37;45.0343396;7.6401723;Abitazione;Dal 1961 al 1970;Nessuno;Patrimonio disponibile;;Non Dichiarato;in locazione;2825.0;01/06/2016;1;False
693959;L219;1426;357;158;148.0;FABBRICATO;Via De Canal Bernardo;37;45.0343396;7.6401723;Abitazione;Dal 1961 al 1970;Nessuno;Patrimonio disponibile;Utilizzato direttamente;Altro;;;;1;False
693960;L219;1426;357;16;56.0;FABBRICATO;Via Bernardo de Canal;39;45.0343396;7.6401723;Abitazione;Dal 1961 al 1970;Nessuno;Patrimonio disponibile;;Non Dichiarato;in locazione;2293.0;01/07/2022;1;False
693961;L219;1426;357;160;10.0;FABBRICATO;Via De Canal Bernardo;37;45.0343396;7.6401723;Cantina, soffitta, rimessa, box, garage, posto auto aperto/scoperto,;Dal 1961 al 1970;Nessuno;Patrimonio disponibile;Utilizzato direttamente;Altro;;;;1;False
693962;L219;1426;357;161;10.0;FABBRICATO;Via Bernardo de Canal;39;45.0343396;7.6401723;Cantina, soffitta, rimessa, box, garage, posto auto aperto/scoperto,;Dal 1961 al 1970;Nessuno;Patrimonio disponibile;Utilizzato direttamente;Altro;;;;1;False
693963;L219;1426;357;17;72.0;FABBRICATO;Via Bernardo de Canal;39;45.0343396;7.6401723;Abitazione;Dal 1961 al 1970;Nessuno;Patrimonio disponibile;;Non Dichiarato;in locazione;1105.0;01/12/2021;1;False
693964;L219;1426;357;18;72.0;FABBRICATO;Via Bernardo de Canal;39;45.0343396;7.6401723;Abitazione;Dal 1961 al 1970;Nessuno;Patrimonio disponibile;;Non Dichiarato;in locazione;3405.0;01/12/2021;1;False
693965;L219;1426;357;19;72.0;FABBRICATO;Via Bernardo de Canal;39;45.0343396;7.6401723;Abitazione;Dal 1961 al 1970;Nessuno;Patrimonio disponibile;;Non Dichiarato;in locazione;2233.0;01/12/2016;1;False
693966;L219;1426;357;20;72.0;FABBRICATO;Via Bernardo de Canal;39;45.0343396;7.6401723;Abitazione;Dal 1961 al 1970;Nessuno;Patrimonio disponibile;;Non Dichiarato;in locazione;2368.0;01/08/2016;1;False
693967;L219;1426;357;21;72.0;FABBRICATO;Via Bernardo de Canal;39;45.0343396;7.6401723;Abitazione;Dal 1961 al 1970;Nessuno;Patrimonio disponibile;;Non Dichiarato;in locazione;3323.0;01/08/2021;1;False
693968;L219;1426;357;22;72.0;FABBRICATO;Via Bernardo de Canal;39;45.0343396;7.6401723;Abitazione;Dal 1961 al 1970;Nessuno;Patrimonio disponibile;Utilizzato direttamente;Altro;;;;1;False
693969;L219;1426;357;23;72.0;FABBRICATO;Via Bernardo de Canal;39;45.0343396;7.6401723;Abitazione;Dal 1961 al 1970;Nessuno;Patrimonio disponibile;;Non Dichiarato;in locazione;3686.0;01/01/2022;1;False
693970;L219;1426;357;24;72.0;FABBRICATO;Via Bernardo de Canal;39;45.0343396;7.6401723;Abitazione;Dal 1961 al 1970;Nessuno;Patrimonio disponibile;Utilizzato direttamente;Altro;;;;1;False
693971;L219;1426;357;25;72.0;FABBRICATO;Via Bernardo de Canal;39;45.0343396;7.6401723;Abitazione;Dal 1961 al 1970;Nessuno;Patrimonio disponibile;;Non Dichiarato;in locazione;1113.0;01/03/2020;1;False
693972;L219;1426;357;26;72.0;FABBRICATO;Via Bernardo de Canal;39;45.0343396;7.6401723;Abitazione;Dal 1961 al 1970;Nessuno;Patrimonio disponibile;;Non Dichiarato;in locazione;3098.0;01/01/2022;1;False
693973;L219;1426;357;27;72.0;FABBRICATO;Via Bernardo de Canal;39;45.0343396;7.6401723;Abitazione;Dal 1961 al 1970;Nessuno;Patrimonio disponibile;;Non Dichiarato;in locazione;2796.0;01/02/2022;1;False
693974;L219;1426;357;28;72.0;FABBRICATO;Via Bernardo de Canal;39;45.0343396;7.6401723;Abitazione;Dal 1961 al 1970;Nessuno;Patrimonio disponibile;;Non Dichiarato;in locazione;986.0;01/06/2021;1;False
693975;L219;1426;357;3;72.0;FABBRICATO;Via De Canal Bernardo;37;45.0343396;7.6401723;Abitazione;Dal 1961 al 1970;Nessuno;Patrimonio disponibile;;Non Dichiarato;in locazione;3014.0;01/12/2021;1;False
693976;L219;1426;357;30;64.0;FABBRICATO;Via Bernardo de Canal;41;45.0343396;7.6401723;Abitazione;Dal 1961 al 1970;Nessuno;Patrimonio indisponibile;Utilizzato direttamente;Altro;;;;1;False
693977;L219;1426;357;38;83.0;FABBRICATO;Via Bernardo de Canal;41;45.0343396;7.6401723;Abitazione;Dal 1961 al 1970;Nessuno;Patrimonio indisponibile;Utilizzato direttamente;Altro;;;;1;False
693978;L219;1426;357;4;72.0;FABBRICATO;Via De Canal Bernardo;37;45.0343396;7.6401723;Abitazione;Dal 1961 al 1970;Nessuno;Patrimonio disponibile;;Non Dichiarato;in locazione;3729.0;01/02/2022;1;False
693979;L219;1426;357;44;60.0;FABBRICATO;Via Bernardo de Canal;43;45.0343396;7.6401723;Abitazione;Dal 1961 al 1970;Nessuno;Patrimonio indisponibile;Utilizzato direttamente;Altro;;;;1;False
693980;L219;1426;357;49;95.0;FABBRICATO;Via Bernardo de Canal;43;45.0343396;7.6401723;Abitazione;Dal 1961 al 1970;Nessuno;Patrimonio indisponibile;Utilizzato direttamente;Altro;;;;1;False
693981;L219;1426;357;5;72.0;FABBRICATO;Via De Canal Bernardo;37;45.0343396;7.6401723;Abitazione;Dal 1961 al 1970;Nessuno;Patrimonio disponibile;;Non Dichiarato;in locazione;1051.0;01/11/2021;1;False
693982;L219;1426;357;54;88.0;FABBRICATO;Via Bernardo de Canal;43;45.0343396;7.6401723;Abitazione;Dal 1961 al 1970;Nessuno;Patrimonio indisponibile;Utilizzato direttamente;Altro;;;;1;False
693983;L219;1426;357;6;72.0;FABBRICATO;Via De Canal Bernardo;37;45.0343396;7.6401723;Abitazione;Dal 1961 al 1970;Nessuno;Patrimonio disponibile;;Non Dichiarato;in locazione;746.0;01/12/2022;1;False
693984;L219;1426;357;7;72.0;FABBRICATO;Via De Canal Bernardo;37;45.0343396;7.6401723;Abitazione;Dal 1961 al 1970;Nessuno;Patrimonio disponibile;;Non Dichiarato;in locazione;967.0;01/01/2022;1;False
693985;L219;1426;357;8;72.0;FABBRICATO;Via De Canal Bernardo;37;45.0343396;7.6401723;Abitazione;Dal 1961 al 1970;Nessuno;Patrimonio disponibile;Utilizzato direttamente;Altro;;;;1;False
693986;L219;1426;357;9;72.0;FABBRICATO;Via De Canal Bernardo;37;45.0343396;7.6401723;Abitazione;Dal 1961 al 1970;Nessuno;Patrimonio disponibile;Utilizzato direttamente;Altro;;;;1;False
693988;L219;1125;373;;178.0;FABBRICATO;via stradella;15;45.0916681;7.677692;Impianto sportivo;Dal 1946 al 1960;Nessuno;Patrimonio indisponibile;Utilizzato direttamente;Altro;;;;1;False
693989;L219;1125;438;10;15.0;FABBRICATO;corso mortara;36 5A;45.0911933;7.6721811;Cantina, soffitta, rimessa, box, garage, posto auto aperto/scoperto,;Dal 2001 al 2010;Nessuno;Patrimonio indisponibile;Utilizzato direttamente;Altro;;;;1;False
693990;L219;1125;438;100;74.0;FABBRICATO;corso mortara;36 7;45.0911933;7.6721811;Abitazione;Dal 2001 al 2010;Nessuno;Patrimonio indisponibile;Utilizzato direttamente;Altro;;;;1;False
693991;L219;1125;438;101;91.0;FABBRICATO;corso mortara;36 7;45.0911933;7.6721811;Abitazione;Dal 2001 al 2010;Nessuno;Patrimonio indisponibile;Utilizzato direttamente;Altro;;;;1;False
693992;L219;1125;438;102;90.0;FABBRICATO;corso mortara;36 7;45.0911933;7.6721811;Abitazione;Dal 2001 al 2010;Nessuno;Patrimonio indisponibile;Utilizzato direttamente;Altro;;;;1;False
693993;L219;1125;438;103;75.0;FABBRICATO;corso mortara;36 7;45.0911933;7.6721811;Abitazione;Dal 2001 al 2010;Nessuno;Patrimonio indisponibile;Utilizzato direttamente;Altro;;;;1;False
693994;L219;1125;438;104;60.0;FABBRICATO;corso mortara;36 7;45.0911933;7.6721811;Abitazione;Dal 2001 al 2010;Nessuno;Patrimonio indisponibile;Utilizzato direttamente;Altro;;;;1;False
693995;L219;1125;438;105;75.0;FABBRICATO;corso mortara;36 7;45.0911933;7.6721811;Abitazione;Dal 2001 al 2010;Nessuno;Patrimonio indisponibile;Utilizzato direttamente;Altro;;;;1;False
693996;L219;1125;438;106;91.0;FABBRICATO;corso mortara;36 7;45.0911933;7.6721811;Abitazione;Dal 2001 al 2010;Nessuno;Patrimonio indisponibile;Utilizzato direttamente;Altro;;;;1;False
693997;L219;1125;438;107;91.0;FABBRICATO;corso mortara;36 7;45.0911933;7.6721811;Abitazione;Dal 2001 al 2010;Nessuno;Patrimonio indisponibile;Utilizzato direttamente;Altro;;;;1;False
693998;L219;1125;438;108;77.0;FABBRICATO;corso mortara;36 7;45.0911933;7.6721811;Abitazione;Dal 2001 al 2010;Nessuno;Patrimonio indisponibile;Utilizzato direttamente;Altro;;;;1;False
693999;L219;1125;438;109;61.0;FABBRICATO;corso mortara;36 7;45.0911933;7.6721811;Abitazione;Dal 2001 al 2010;Nessuno;Patrimonio indisponibile;Utilizzato direttamente;Altro;;;;1;False
694000;L219;1125;438;11;15.0;FABBRICATO;corso mortara;36 5A;45.0911933;7.6721811;Cantina, soffitta, rimessa, box, garage, posto auto aperto/scoperto,;Dal 2001 al 2010;Nessuno;Patrimonio indisponibile;Utilizzato direttamente;Altro;;;;1;False
694001;L219;1125;438;110;75.0;FABBRICATO;corso mortara;36 7;45.0911933;7.6721811;Abitazione;Dal 2001 al 2010;Nessuno;Patrimonio indisponibile;Utilizzato direttamente;Altro;;;;1;False
694002;L219;1125;438;111;90.0;FABBRICATO;corso mortara;36 7;45.0911933;7.6721811;Abitazione;Dal 2001 al 2010;Nessuno;Patrimonio indisponibile;Utilizzato direttamente;Altro;;;;1;False
694003;L219;1125;438;112;90.0;FABBRICATO;corso mortara;36 7;45.0911933;7.6721811;Abitazione;Dal 2001 al 2010;Nessuno;Patrimonio indisponibile;Utilizzato direttamente;Altro;;;;1;False
694004;L219;1125;438;113;77.0;FABBRICATO;corso mortara;36 7;45.0911933;7.6721811;Abitazione;Dal 2001 al 2010;Nessuno;Patrimonio indisponibile;Utilizzato direttamente;Altro;;;;1;False
694005;L219;1125;438;114;59.0;FABBRICATO;corso mortara;36 7;45.0911933;7.6721811;Abitazione;Dal 2001 al 2010;Nessuno;Patrimonio indisponibile;Utilizzato direttamente;Altro;;;;1;False
694006;L219;1125;438;115;75.0;FABBRICATO;corso mortara;36 7;45.0911933;7.6721811;Abitazione;Dal 2001 al 2010;Nessuno;Patrimonio indisponibile;Utilizzato direttamente;Altro;;;;1;False
694007;L219;1125;438;116;91.0;FABBRICATO;corso mortara;36 7;45.0911933;7.6721811;Abitazione;Dal 2001 al 2010;Nessuno;Patrimonio indisponibile;Utilizzato direttamente;Altro;;;;1;False
694008;L219;1125;438;117;90.0;FABBRICATO;corso mortara;36 7;45.0911933;7.6721811;Abitazione;Dal 2001 al 2010;Nessuno;Patrimonio indisponibile;Utilizzato direttamente;Altro;;;;1;False
694009;L219;1125;438;118;77.0;FABBRICATO;corso mortara;36 7;45.0911933;7.6721811;Abitazione;Dal 2001 al 2010;Nessuno;Patrimonio indisponibile;Utilizzato direttamente;Altro;;;;1;False
694010;L219;1125;438;119;61.0;FABBRICATO;corso mortara;36 7;45.0911933;7.6721811;Abitazione;Dal 2001 al 2010;Nessuno;Patrimonio indisponibile;Utilizzato direttamente;Altro;;;;1;False
694011;L219;1125;438;12;15.0;FABBRICATO;corso mortara;36 5A;45.0911933;7.6721811;Cantina, soffitta, rimessa, box, garage, posto auto aperto/scoperto,;Dal 2001 al 2010;Nessuno;Patrimonio indisponibile;Utilizzato direttamente;Altro;;;;1;False
694012;L219;1125;438;120;77.0;FABBRICATO;corso mortara;36 7;45.0911933;7.6721811;Abitazione;Dal 2001 al 2010;Nessuno;Patrimonio indisponibile;Utilizzato direttamente;Altro;;;;1;False
694013;L219;1125;438;121;91.0;FABBRICATO;corso mortara;36 7;45.0911933;7.6721811;Abitazione;Dal 2001 al 2010;Nessuno;Patrimonio indisponibile;Utilizzato direttamente;Altro;;;;1;False
694014;L219;1125;438;122;90.0;FABBRICATO;corso mortara;36 7;45.0911933;7.6721811;Abitazione;Dal 2001 al 2010;Nessuno;Patrimonio indisponibile;Utilizzato direttamente;Altro;;;;1;False
694015;L219;1125;438;123;76.0;FABBRICATO;corso mortara;36 7;45.0911933;7.6721811;Abitazione;Dal 2001 al 2010;Nessuno;Patrimonio indisponibile;Utilizzato direttamente;Altro;;;;1;False
694016;L219;1125;438;124;60.0;FABBRICATO;corso mortara;36 7;45.0911933;7.6721811;Abitazione;Dal 2001 al 2010;Nessuno;Patrimonio indisponibile;Utilizzato direttamente;Altro;;;;1;False
694017;L219;1125;438;125;74.0;FABBRICATO;corso mortara;36 7;45.0911933;7.6721811;Abitazione;Dal 2001 al 2010;Nessuno;Patrimonio indisponibile;Utilizzato direttamente;Altro;;;;1;False
694018;L219;1125;438;126;91.0;FABBRICATO;corso mortara;36 7;45.0911933;7.6721811;Abitazione;Dal 2001 al 2010;Nessuno;Patrimonio indisponibile;Utilizzato direttamente;Altro;;;;1;False
694019;L219;1125;438;127;89.0;FABBRICATO;corso mortara;36 7;45.0911933;7.6721811;Abitazione;Dal 2001 al 2010;Nessuno;Patrimonio indisponibile;Utilizzato direttamente;Altro;;;;1;False
694020;L219;1125;438;128;76.0;FABBRICATO;corso mortara;36 7;45.0911933;7.6721811;Abitazione;Dal 2001 al 2010;Nessuno;Patrimonio indisponibile;Utilizzato direttamente;Altro;;;;1;False
694021;L219;1125;438;129;60.0;FABBRICATO;corso mortara;36 7;45.0911933;7.6721811;Abitazione;Dal 2001 al 2010;Nessuno;Patrimonio indisponibile;Utilizzato direttamente;Altro;;;;1;False
694022;L219;1125;438;13;13.0;FABBRICATO;corso mortara;36 5A;45.0911933;7.6721811;Cantina, soffitta, rimessa, box, garage, posto auto aperto/scoperto,;Dal 2001 al 2010;Nessuno;Patrimonio indisponibile;Utilizzato direttamente;Altro;;;;1;False
694023;L219;1125;438;130;74.0;FABBRICATO;corso mortara;36 7;45.0911933;7.6721811;Abitazione;Dal 2001 al 2010;Nessuno;Patrimonio indisponibile;Utilizzato direttamente;Altro;;;;1;False
694024;L219;1125;438;131;92.0;FABBRICATO;corso mortara;36 7;45.0911933;7.6721811;Abitazione;Dal 2001 al 2010;Nessuno;Patrimonio indisponibile;Utilizzato direttamente;Altro;;;;1;False
694025;L219;1125;438;132;92.0;FABBRICATO;corso mortara;36 7;45.0911933;7.6721811;Abitazione;Dal 2001 al 2010;Nessuno;Patrimonio indisponibile;Utilizzato direttamente;Altro;;;;1;False
694026;L219;1125;438;133;76.0;FABBRICATO;corso mortara;36 7;45.0911933;7.6721811;Abitazione;Dal 2001 al 2010;Nessuno;Patrimonio indisponibile;Utilizzato direttamente;Altro;;;;1;False
694027;L219;1125;438;134;60.0;FABBRICATO;corso mortara;36 7;45.0911933;7.6721811;Abitazione;Dal 2001 al 2010;Nessuno;Patrimonio indisponibile;Utilizzato direttamente;Altro;;;;1;False
694028;L219;1125;438;135;73.0;FABBRICATO;corso mortara;36 7;45.0911933;7.6721811;Abitazione;Dal 2001 al 2010;Nessuno;Patrimonio indisponibile;Utilizzato direttamente;Altro;;;;1;False
694029;L219;1125;438;136;91.0;FABBRICATO;corso mortara;36 7;45.0911933;7.6721811;Abitazione;Dal 2001 al 2010;Nessuno;Patrimonio indisponibile;Utilizzato direttamente;Altro;;;;1;False
694030;L219;1125;438;137;91.0;FABBRICATO;corso mortara;36 7;45.0911933;7.6721811;Abitazione;Dal 2001 al 2010;Nessuno;Patrimonio indisponibile;Utilizzato direttamente;Altro;;;;1;False
694031;L219;1125;438;138;77.0;FABBRICATO;corso mortara;36 7;45.0911933;7.6721811;Abitazione;Dal 2001 al 2010;Nessuno;Patrimonio indisponibile;Utilizzato direttamente;Altro;;;;1;False
694032;L219;1125;438;139;61.0;FABBRICATO;corso mortara;36 7;45.0911933;7.6721811;Abitazione;Dal 2001 al 2010;Nessuno;Patrimonio indisponibile;Utilizzato direttamente;Altro;;;;1;False
694033;L219;1125;438;14;15.0;FABBRICATO;corso mortara;36 5A;45.0911933;7.6721811;Cantina, soffitta, rimessa, box, garage, posto auto aperto/scoperto,;Dal 2001 al 2010;Nessuno;Patrimonio indisponibile;Utilizzato direttamente;Altro;;;;1;False
694034;L219;1125;438;140;76.0;FABBRICATO;corso mortara;36 7;45.0911933;7.6721811;Abitazione;Dal 2001 al 2010;Nessuno;Patrimonio indisponibile;Utilizzato direttamente;Altro;;;;1;False
694035;L219;1125;438;141;91.0;FABBRICATO;corso mortara;36 7;45.0911933;7.6721811;Abitazione;Dal 2001 al 2010;Nessuno;Patrimonio indisponibile;Utilizzato direttamente;Altro;;;;1;False
694036;L219;1125;438;142;91.0;FABBRICATO;corso mortara;36 7;45.0911933;7.6721811;Abitazione;Dal 2001 al 2010;Nessuno;Patrimonio indisponibile;Utilizzato direttamente;Altro;;;;1;False
694037;L219;1125;438;143;77.0;FABBRICATO;corso mortara;36 7;45.0911933;7.6721811;Abitazione;Dal 2001 al 2010;Nessuno;Patrimonio indisponibile;Utilizzato direttamente;Altro;;;;1;False
694038;L219;1125;438;144;60.0;FABBRICATO;corso mortara;36 7;45.0911933;7.6721811;Abitazione;Dal 2001 al 2010;Nessuno;Patrimonio indisponibile;Utilizzato direttamente;Altro;;;;1;False
694039;L219;1125;438;145;75.0;FABBRICATO;corso mortara;36 7;45.0911933;7.6721811;Abitazione;Dal 2001 al 2010;Nessuno;Patrimonio indisponibile;Utilizzato direttamente;Altro;;;;1;False
694040;L219;1125;438;146;91.0;FABBRICATO;corso mortara;36 7;45.0911933;7.6721811;Abitazione;Dal 2001 al 2010;Nessuno;Patrimonio indisponibile;Utilizzato direttamente;Altro;;;;1;False
694041;L219;1125;438;147;91.0;FABBRICATO;corso mortara;36 7;45.0911933;7.6721811;Abitazione;Dal 2001 al 2010;Nessuno;Patrimonio indisponibile;Utilizzato direttamente;Altro;;;;1;False
694042;L219;1125;438;148;76.0;FABBRICATO;corso mortara;36 7;45.0911933;7.6721811;Abitazione;Dal 2001 al 2010;Nessuno;Patrimonio indisponibile;Utilizzato direttamente;Altro;;;;1;False
694043;L219;1125;438;149;61.0;FABBRICATO;corso mortara;36 7;45.0911933;7.6721811;Abitazione;Dal 2001 al 2010;Nessuno;Patrimonio indisponibile;Utilizzato direttamente;Altro;;;;1;False
694044;L219;1125;438;15;15.0;FABBRICATO;corso mortara;36 5A;45.0911933;7.6721811;Cantina, soffitta, rimessa, box, garage, posto auto aperto/scoperto,;Dal 2001 al 2010;Nessuno;Patrimonio indisponibile;Utilizzato direttamente;Altro;;;;1;False
694045;L219;1125;438;150;75.0;FABBRICATO;corso mortara;36 7;45.0911933;7.6721811;Abitazione;Dal 2001 al 2010;Nessuno;Patrimonio indisponibile;Utilizzato direttamente;Altro;;;;1;False
694046;L219;1125;438;151;94.0;FABBRICATO;corso mortara;36 7;45.0911933;7.6721811;Abitazione;Dal 2001 al 2010;Nessuno;Patrimonio indisponibile;Utilizzato direttamente;Altro;;;;1;False
694047;L219;1125;438;152;76.0;FABBRICATO;corso mortara;36 7;45.0911933;7.6721811;Abitazione;Dal 2001 al 2010;Nessuno;Patrimonio indisponibile;Utilizzato direttamente;Altro;;;;1;False
694048;L219;1125;438;153;61.0;FABBRICATO;corso mortara;36 7;45.0911933;7.6721811;Abitazione;Dal 2001 al 2010;Nessuno;Patrimonio indisponibile;Utilizzato direttamente;Altro;;;;1;False
694049;L219;1125;438;154;75.0;FABBRICATO;corso mortara;36 7;45.0911933;7.6721811;Abitazione;Dal 2001 al 2010;Nessuno;Patrimonio indisponibile;Utilizzato direttamente;Altro;;;;1;False
694050;L219;1125;438;155;93.0;FABBRICATO;corso mortara;36 7;45.0911933;7.6721811;Abitazione;Dal 2001 al 2010;Nessuno;Patrimonio indisponibile;Utilizzato direttamente;Altro;;;;1;False
694051;L219;1125;438;156;76.0;FABBRICATO;corso mortara;36 7;45.0911933;7.6721811;Abitazione;Dal 2001 al 2010;Nessuno;Patrimonio indisponibile;Utilizzato direttamente;Altro;;;;1;False
694052;L219;1125;438;157;61.0;FABBRICATO;corso mortara;36 7;45.0911933;7.6721811;Abitazione;Dal 2001 al 2010;Nessuno;Patrimonio indisponibile;Utilizzato direttamente;Altro;;;;1;False
694053;L219;1125;438;158;75.0;FABBRICATO;corso mortara;36 7;45.0911933;7.6721811;Abitazione;Dal 2001 al 2010;Nessuno;Patrimonio indisponibile;Utilizzato direttamente;Altro;;;;1;False
694054;L219;1125;438;159;76.0;FABBRICATO;corso mortara;36 7;45.0911933;7.6721811;Abitazione;Dal 2001 al 2010;Nessuno;Patrimonio indisponibile;Utilizzato direttamente;Altro;;;;1;False
694055;L219;1125;438;16;14.0;FABBRICATO;corso mortara;36 5A;45.0911933;7.6721811;Cantina, soffitta, rimessa, box, garage, posto auto aperto/scoperto,;Dal 2001 al 2010;Nessuno;Patrimonio indisponibile;Utilizzato direttamente;Altro;;;;1;False
694056;L219;1125;438;160;59.0;FABBRICATO;corso mortara;36 7;45.0911933;7.6721811;Abitazione;Dal 2001 al 2010;Nessuno;Patrimonio indisponibile;Utilizzato direttamente;Altro;;;;1;False
694057;L219;1125;438;161;74.0;FABBRICATO;corso mortara;36 7;45.0911933;7.6721811;Abitazione;Dal 2001 al 2010;Nessuno;Patrimonio indisponibile;Utilizzato direttamente;Altro;;;;1;False
694058;L219;1125;438;162;62.0;FABBRICATO;corso mortara;36 7;45.0911933;7.6721811;Abitazione;Dal 2001 al 2010;Nessuno;Patrimonio indisponibile;Utilizzato direttamente;Altro;;;;1;False
694059;L219;1125;438;163;75.0;FABBRICATO;corso mortara;36 7;45.0911933;7.6721811;Abitazione;Dal 2001 al 2010;Nessuno;Patrimonio indisponibile;Utilizzato direttamente;Altro;;;;1;False
694060;L219;1125;438;164;72.0;FABBRICATO;corso mortara;36 7;45.0911933;7.6721811;Abitazione;Dal 2001 al 2010;Nessuno;Patrimonio indisponibile;Utilizzato direttamente;Altro;;;;1;False
694061;L219;1125;438;165;77.0;FABBRICATO;corso mortara;36 7;45.0911933;7.6721811;Abitazione;Dal 2001 al 2010;Nessuno;Patrimonio indisponibile;Utilizzato direttamente;Altro;;;;1;False
694062;L219;1125;438;17;14.0;FABBRICATO;corso mortara;36 5A;45.0911933;7.6721811;Cantina, soffitta, rimessa, box, garage, posto auto aperto/scoperto,;Dal 2001 al 2010;Nessuno;Patrimonio indisponibile;Utilizzato direttamente;Altro;;;;1;False
694063;L219;1125;438;18;14.0;FABBRICATO;corso mortara;36 5A;45.0911933;7.6721811;Cantina, soffitta, rimessa, box, garage, posto auto aperto/scoperto,;Dal 2001 al 2010;Nessuno;Patrimonio indisponibile;Utilizzato direttamente;Altro;;;;1;False
694064;L219;1125;438;19;19.0;FABBRICATO;corso mortara;36 5A;45.0911933;7.6721811;Cantina, soffitta, rimessa, box, garage, posto auto aperto/scoperto,;Dal 2001 al 2010;Nessuno;Patrimonio indisponibile;Utilizzato direttamente;Altro;;;;1;False
694065;L219;1125;438;2;15.0;FABBRICATO;corso mortara;36 5A;45.0911933;7.6721811;Cantina, soffitta, rimessa, box, garage, posto auto aperto/scoperto,;Dal 2001 al 2010;Nessuno;Patrimonio indisponibile;Utilizzato direttamente;Altro;;;;1;False
694066;L219;1125;438;20;18.0;FABBRICATO;corso mortara;36 5A;45.0911933;7.6721811;Cantina, soffitta, rimessa, box, garage, posto auto aperto/scoperto,;Dal 2001 al 2010;Nessuno;Patrimonio indisponibile;Utilizzato direttamente;Altro;;;;1;False
694067;L219;1125;438;21;16.0;FABBRICATO;corso mortara;36 5A;45.0911933;7.6721811;Cantina, soffitta, rimessa, box, garage, posto auto aperto/scoperto,;Dal 2001 al 2010;Nessuno;Patrimonio indisponibile;Utilizzato direttamente;Altro;;;;1;False
694068;L219;1125;438;22;24.0;FABBRICATO;corso mortara;36 5A;45.0911933;7.6721811;Cantina, soffitta, rimessa, box, garage, posto auto aperto/scoperto,;Dal 2001 al 2010;Nessuno;Patrimonio indisponibile;Utilizzato direttamente;Altro;;;;1;False
694069;L219;1125;438;23;20.0;FABBRICATO;corso mortara;36 5A;45.0911933;7.6721811;Cantina, soffitta, rimessa, box, garage, posto auto aperto/scoperto,;Dal 2001 al 2010;Nessuno;Patrimonio indisponibile;Utilizzato direttamente;Altro;;;;1;False
694070;L219;1125;438;24;14.0;FABBRICATO;corso mortara;36 5A;45.0911933;7.6721811;Cantina, soffitta, rimessa, box, garage, posto auto aperto/scoperto,;Dal 2001 al 2010;Nessuno;Patrimonio indisponibile;Utilizzato direttamente;Altro;;;;1;False
694071;L219;1125;438;25;14.0;FABBRICATO;corso mortara;36 5A;45.0911933;7.6721811;Cantina, soffitta, rimessa, box, garage, posto auto aperto/scoperto,;Dal 2001 al 2010;Nessuno;Patrimonio indisponibile;Utilizzato direttamente;Altro;;;;1;False
694072;L219;1125;438;26;14.0;FABBRICATO;corso mortara;36 5A;45.0911933;7.6721811;Cantina, soffitta, rimessa, box, garage, posto auto aperto/scoperto,;Dal 2001 al 2010;Nessuno;Patrimonio indisponibile;Utilizzato direttamente;Altro;;;;1;False
694073;L219;1125;438;27;16.0;FABBRICATO;corso mortara;36 5A;45.0911933;7.6721811;Cantina, soffitta, rimessa, box, garage, posto auto aperto/scoperto,;Dal 2001 al 2010;Nessuno;Patrimonio indisponibile;Utilizzato direttamente;Altro;;;;1;False
694074;L219;1125;438;28;14.0;FABBRICATO;corso mortara;36 5A;45.0911933;7.6721811;Cantina, soffitta, rimessa, box, garage, posto auto aperto/scoperto,;Dal 2001 al 2010;Nessuno;Patrimonio indisponibile;Utilizzato direttamente;Altro;;;;1;False
694075;L219;1125;438;29;14.0;FABBRICATO;corso mortara;36 5A;45.0911933;7.6721811;Cantina, soffitta, rimessa, box, garage, posto auto aperto/scoperto,;Dal 2001 al 2010;Nessuno;Patrimonio indisponibile;Utilizzato direttamente;Altro;;;;1;False
694076;L219;1125;438;3;15.0;FABBRICATO;corso mortara;36 5A;45.0911933;7.6721811;Cantina, soffitta, rimessa, box, garage, posto auto aperto/scoperto,;Dal 2001 al 2010;Nessuno;Patrimonio indisponibile;Utilizzato direttamente;Altro;;;;1;False
694077;L219;1125;438;30;25.0;FABBRICATO;corso mortara;36 5A;45.0911933;7.6721811;Cantina, soffitta, rimessa, box, garage, posto auto aperto/scoperto,;Dal 2001 al 2010;Nessuno;Patrimonio indisponibile;Utilizzato direttamente;Altro;;;;1;False
694078;L219;1125;438;31;25.0;FABBRICATO;corso mortara;36 5A;45.0911933;7.6721811;Cantina, soffitta, rimessa, box, garage, posto auto aperto/scoperto,;Dal 2001 al 2010;Nessuno;Patrimonio indisponibile;Utilizzato direttamente;Altro;;;;1;False
694079;L219;1125;438;32;25.0;FABBRICATO;corso mortara;36 5A;45.0911933;7.6721811;Cantina, soffitta, rimessa, box, garage, posto auto aperto/scoperto,;Dal 2001 al 2010;Nessuno;Patrimonio indisponibile;Utilizzato direttamente;Altro;;;;1;False
694080;L219;1125;438;33;26.0;FABBRICATO;corso mortara;36 5A;45.0911933;7.6721811;Cantina, soffitta, rimessa, box, garage, posto auto aperto/scoperto,;Dal 2001 al 2010;Nessuno;Patrimonio indisponibile;Utilizzato direttamente;Altro;;;;1;False
694081;L219;1125;438;34;18.0;FABBRICATO;corso mortara;36 5A;45.0911933;7.6721811;Cantina, soffitta, rimessa, box, garage, posto auto aperto/scoperto,;Dal 2001 al 2010;Nessuno;Patrimonio indisponibile;Utilizzato direttamente;Altro;;;;1;False
694082;L219;1125;438;35;15.0;FABBRICATO;corso mortara;36 5A;45.0911933;7.6721811;Cantina, soffitta, rimessa, box, garage, posto auto aperto/scoperto,;Dal 2001 al 2010;Nessuno;Patrimonio indisponibile;Utilizzato direttamente;Altro;;;;1;False
694083;L219;1125;438;36;27.0;FABBRICATO;corso mortara;36 5A;45.0911933;7.6721811;Cantina, soffitta, rimessa, box, garage, posto auto aperto/scoperto,;Dal 2001 al 2010;Nessuno;Patrimonio indisponibile;Utilizzato direttamente;Altro;;;;1;False
694085;L219;1125;438;39;15.0;FABBRICATO;corso mortara;36 9A;45.0911933;7.6721811;Cantina, soffitta, rimessa, box, garage, posto auto aperto/scoperto,;Dal 2001 al 2010;Nessuno;Patrimonio indisponibile;Utilizzato direttamente;Altro;;;;1;False
694086;L219;1125;438;4;15.0;FABBRICATO;corso mortara;36 5A;45.0911933;7.6721811;Cantina, soffitta, rimessa, box, garage, posto auto aperto/scoperto,;Dal 2001 al 2010;Nessuno;Patrimonio indisponibile;Utilizzato direttamente;Altro;;;;1;False
694087;L219;1125;438;40;15.0;FABBRICATO;corso mortara;36 9A;45.0911933;7.6721811;Cantina, soffitta, rimessa, box, garage, posto auto aperto/scoperto,;Dal 2001 al 2010;Nessuno;Patrimonio indisponibile;Utilizzato direttamente;Altro;;;;1;False
694088;L219;1125;438;41;14.0;FABBRICATO;corso mortara;36 9A;45.0911933;7.6721811;Cantina, soffitta, rimessa, box, garage, posto auto aperto/scoperto,;Dal 2001 al 2010;Nessuno;Patrimonio indisponibile;Utilizzato direttamente;Altro;;;;1;False
694089;L219;1125;438;42;15.0;FABBRICATO;corso mortara;36 9A;45.0911933;7.6721811;Cantina, soffitta, rimessa, box, garage, posto auto aperto/scoperto,;Dal 2001 al 2010;Nessuno;Patrimonio indisponibile;Utilizzato direttamente;Altro;;;;1;False
694090;L219;1125;438;43;15.0;FABBRICATO;corso mortara;36 9A;45.0911933;7.6721811;Cantina, soffitta, rimessa, box, garage, posto auto aperto/scoperto,;Dal 2001 al 2010;Nessuno;Patrimonio indisponibile;Utilizzato direttamente;Altro;;;;1;False
694091;L219;1125;438;44;15.0;FABBRICATO;corso mortara;36 9A;45.0911933;7.6721811;Cantina, soffitta, rimessa, box, garage, posto auto aperto/scoperto,;Dal 2001 al 2010;Nessuno;Patrimonio indisponibile;Utilizzato direttamente;Altro;;;;1;False
694092;L219;1125;438;45;15.0;FABBRICATO;corso mortara;36 9A;45.0911933;7.6721811;Cantina, soffitta, rimessa, box, garage, posto auto aperto/scoperto,;Dal 2001 al 2010;Nessuno;Patrimonio indisponibile;Utilizzato direttamente;Altro;;;;1;False
694093;L219;1125;438;46;15.0;FABBRICATO;corso mortara;36 9A;45.0911933;7.6721811;Cantina, soffitta, rimessa, box, garage, posto auto aperto/scoperto,;Dal 2001 al 2010;Nessuno;Patrimonio indisponibile;Utilizzato direttamente;Altro;;;;1;False
694094;L219;1125;438;47;15.0;FABBRICATO;corso mortara;36 9A;45.0911933;7.6721811;Cantina, soffitta, rimessa, box, garage, posto auto aperto/scoperto,;Dal 2001 al 2010;Nessuno;Patrimonio indisponibile;Utilizzato direttamente;Altro;;;;1;False
694095;L219;1125;438;48;15.0;FABBRICATO;corso mortara;36 9A;45.0911933;7.6721811;Cantina, soffitta, rimessa, box, garage, posto auto aperto/scoperto,;Dal 2001 al 2010;Nessuno;Patrimonio indisponibile;Utilizzato direttamente;Altro;;;;1;False
694096;L219;1125;438;49;15.0;FABBRICATO;corso mortara;36 9A;45.0911933;7.6721811;Cantina, soffitta, rimessa, box, garage, posto auto aperto/scoperto,;Dal 2001 al 2010;Nessuno;Patrimonio indisponibile;Utilizzato direttamente;Altro;;;;1;False
694097;L219;1125;438;5;15.0;FABBRICATO;corso mortara;36 5A;45.0911933;7.6721811;Cantina, soffitta, rimessa, box, garage, posto auto aperto/scoperto,;Dal 2001 al 2010;Nessuno;Patrimonio indisponibile;Utilizzato direttamente;Altro;;;;1;False
694098;L219;1125;438;50;15.0;FABBRICATO;corso mortara;36 9A;45.0911933;7.6721811;Cantina, soffitta, rimessa, box, garage, posto auto aperto/scoperto,;Dal 2001 al 2010;Nessuno;Patrimonio indisponibile;Utilizzato direttamente;Altro;;;;1;False
694099;L219;1125;438;51;15.0;FABBRICATO;corso mortara;36 9A;45.0911933;7.6721811;Cantina, soffitta, rimessa, box, garage, posto auto aperto/scoperto,;Dal 2001 al 2010;Nessuno;Patrimonio indisponibile;Utilizzato direttamente;Altro;;;;1;False
694100;L219;1125;438;52;15.0;FABBRICATO;corso mortara;36 9A;45.0911933;7.6721811;Cantina, soffitta, rimessa, box, garage, posto auto aperto/scoperto,;Dal 2001 al 2010;Nessuno;Patrimonio indisponibile;Utilizzato direttamente;Altro;;;;1;False
694101;L219;1125;438;53;14.0;FABBRICATO;corso mortara;36 9A;45.0911933;7.6721811;Cantina, soffitta, rimessa, box, garage, posto auto aperto/scoperto,;Dal 2001 al 2010;Nessuno;Patrimonio indisponibile;Utilizzato direttamente;Altro;;;;1;False
694102;L219;1125;438;54;14.0;FABBRICATO;corso mortara;36 9A;45.0911933;7.6721811;Cantina, soffitta, rimessa, box, garage, posto auto aperto/scoperto,;Dal 2001 al 2010;Nessuno;Patrimonio indisponibile;Utilizzato direttamente;Altro;;;;1;False
694103;L219;1125;438;55;14.0;FABBRICATO;corso mortara;36 9A;45.0911933;7.6721811;Cantina, soffitta, rimessa, box, garage, posto auto aperto/scoperto,;Dal 2001 al 2010;Nessuno;Patrimonio indisponibile;Utilizzato direttamente;Altro;;;;1;False
694104;L219;1125;438;56;19.0;FABBRICATO;corso mortara;36 9A;45.0911933;7.6721811;Cantina, soffitta, rimessa, box, garage, posto auto aperto/scoperto,;Dal 2001 al 2010;Nessuno;Patrimonio indisponibile;Utilizzato direttamente;Altro;;;;1;False
694105;L219;1125;438;57;18.0;FABBRICATO;corso mortara;36 9A;45.0911933;7.6721811;Cantina, soffitta, rimessa, box, garage, posto auto aperto/scoperto,;Dal 2001 al 2010;Nessuno;Patrimonio indisponibile;Utilizzato direttamente;Altro;;;;1;False
694106;L219;1125;438;58;16.0;FABBRICATO;corso mortara;36 9A;45.0911933;7.6721811;Cantina, soffitta, rimessa, box, garage, posto auto aperto/scoperto,;Dal 2001 al 2010;Nessuno;Patrimonio indisponibile;Utilizzato direttamente;Altro;;;;1;False
694107;L219;1125;438;59;24.0;FABBRICATO;corso mortara;36 9A;45.0911933;7.6721811;Cantina, soffitta, rimessa, box, garage, posto auto aperto/scoperto,;Dal 2001 al 2010;Nessuno;Patrimonio indisponibile;Utilizzato direttamente;Altro;;;;1;False
694108;L219;1125;438;6;15.0;FABBRICATO;corso mortara;36 5A;45.0911933;7.6721811;Cantina, soffitta, rimessa, box, garage, posto auto aperto/scoperto,;Dal 2001 al 2010;Nessuno;Patrimonio indisponibile;Utilizzato direttamente;Altro;;;;1;False
694109;L219;1125;438;60;20.0;FABBRICATO;corso mortara;36 9A;45.0911933;7.6721811;Cantina, soffitta, rimessa, box, garage, posto auto aperto/scoperto,;Dal 2001 al 2010;Nessuno;Patrimonio indisponibile;Utilizzato direttamente;Altro;;;;1;False
694110;L219;1125;438;61;14.0;FABBRICATO;corso mortara;36 9A;45.0911933;7.6721811;Cantina, soffitta, rimessa, box, garage, posto auto aperto/scoperto,;Dal 2001 al 2010;Nessuno;Patrimonio indisponibile;Utilizzato direttamente;Altro;;;;1;False
694111;L219;1125;438;62;14.0;FABBRICATO;corso mortara;36 9A;45.0911933;7.6721811;Cantina, soffitta, rimessa, box, garage, posto auto aperto/scoperto,;Dal 2001 al 2010;Nessuno;Patrimonio indisponibile;Utilizzato direttamente;Altro;;;;1;False
694112;L219;1125;438;63;14.0;FABBRICATO;corso mortara;36 9A;45.0911933;7.6721811;Cantina, soffitta, rimessa, box, garage, posto auto aperto/scoperto,;Dal 2001 al 2010;Nessuno;Patrimonio indisponibile;Utilizzato direttamente;Altro;;;;1;False
694113;L219;1125;438;64;16.0;FABBRICATO;corso mortara;36 9A;45.0911933;7.6721811;Cantina, soffitta, rimessa, box, garage, posto auto aperto/scoperto,;Dal 2001 al 2010;Nessuno;Patrimonio indisponibile;Utilizzato direttamente;Altro;;;;1;False
694114;L219;1125;438;65;14.0;FABBRICATO;corso mortara;36 9A;45.0911933;7.6721811;Cantina, soffitta, rimessa, box, garage, posto auto aperto/scoperto,;Dal 2001 al 2010;Nessuno;Patrimonio indisponibile;Utilizzato direttamente;Altro;;;;1;False
694115;L219;1125;438;66;14.0;FABBRICATO;corso mortara;36 9A;45.0911933;7.6721811;Cantina, soffitta, rimessa, box, garage, posto auto aperto/scoperto,;Dal 2001 al 2010;Nessuno;Patrimonio indisponibile;Utilizzato direttamente;Altro;;;;1;False
694116;L219;1125;438;67;25.0;FABBRICATO;corso mortara;36 9A;45.0911933;7.6721811;Cantina, soffitta, rimessa, box, garage, posto auto aperto/scoperto,;Dal 2001 al 2010;Nessuno;Patrimonio indisponibile;Utilizzato direttamente;Altro;;;;1;False
694117;L219;1125;438;68;25.0;FABBRICATO;corso mortara;36 9A;45.0911933;7.6721811;Cantina, soffitta, rimessa, box, garage, posto auto aperto/scoperto,;Dal 2001 al 2010;Nessuno;Patrimonio indisponibile;Utilizzato direttamente;Altro;;;;1;False
694118;L219;1125;438;69;25.0;FABBRICATO;corso mortara;36 9A;45.0911933;7.6721811;Cantina, soffitta, rimessa, box, garage, posto auto aperto/scoperto,;Dal 2001 al 2010;Nessuno;Patrimonio indisponibile;Utilizzato direttamente;Altro;;;;1;False
694119;L219;1125;438;7;15.0;FABBRICATO;corso mortara;36 5A;45.0911933;7.6721811;Cantina, soffitta, rimessa, box, garage, posto auto aperto/scoperto,;Dal 2001 al 2010;Nessuno;Patrimonio indisponibile;Utilizzato direttamente;Altro;;;;1;False
694120;L219;1125;438;70;26.0;FABBRICATO;corso mortara;36 9A;45.0911933;7.6721811;Cantina, soffitta, rimessa, box, garage, posto auto aperto/scoperto,;Dal 2001 al 2010;Nessuno;Patrimonio indisponibile;Utilizzato direttamente;Altro;;;;1;False
694121;L219;1125;438;71;18.0;FABBRICATO;corso mortara;36 9A;45.0911933;7.6721811;Cantina, soffitta, rimessa, box, garage, posto auto aperto/scoperto,;Dal 2001 al 2010;Nessuno;Patrimonio indisponibile;Utilizzato direttamente;Altro;;;;1;False
694122;L219;1125;438;72;15.0;FABBRICATO;corso mortara;36 9A;45.0911933;7.6721811;Cantina, soffitta, rimessa, box, garage, posto auto aperto/scoperto,;Dal 2001 al 2010;Nessuno;Patrimonio indisponibile;Utilizzato direttamente;Altro;;;;1;False
694123;L219;1125;438;73;27.0;FABBRICATO;corso mortara;36 9A;45.0911933;7.6721811;Cantina, soffitta, rimessa, box, garage, posto auto aperto/scoperto,;Dal 2001 al 2010;Nessuno;Patrimonio indisponibile;Utilizzato direttamente;Altro;;;;1;False
694124;L219;1125;438;77;92.0;FABBRICATO;corso mortara;36 7;45.0911933;7.6721811;Abitazione;Dal 2001 al 2010;Nessuno;Patrimonio indisponibile;Utilizzato direttamente;Altro;;;;1;False
694125;L219;1125;438;78;76.0;FABBRICATO;corso mortara;36 7;45.0911933;7.6721811;Abitazione;Dal 2001 al 2010;Nessuno;Patrimonio indisponibile;Utilizzato direttamente;Altro;;;;1;False
694126;L219;1125;438;79;61.0;FABBRICATO;corso mortara;36 7;45.0911933;7.6721811;Abitazione;Dal 2001 al 2010;Nessuno;Patrimonio indisponibile;Utilizzato direttamente;Altro;;;;1;False
694127;L219;1125;438;8;15.0;FABBRICATO;corso mortara;36 5A;45.0911933;7.6721811;Cantina, soffitta, rimessa, box, garage, posto auto aperto/scoperto,;Dal 2001 al 2010;Nessuno;Patrimonio indisponibile;Utilizzato direttamente;Altro;;;;1;False
694128;L219;1125;438;80;74.0;FABBRICATO;corso mortara;36 7;45.0911933;7.6721811;Abitazione;Dal 2001 al 2010;Nessuno;Patrimonio indisponibile;Utilizzato direttamente;Altro;;;;1;False
694129;L219;1125;438;81;90.0;FABBRICATO;corso mortara;36 7;45.0911933;7.6721811;Abitazione;Dal 2001 al 2010;Nessuno;Patrimonio indisponibile;Utilizzato direttamente;Altro;;;;1;False
694130;L219;1125;438;82;91.0;FABBRICATO;corso mortara;36 7;45.0911933;7.6721811;Abitazione;Dal 2001 al 2010;Nessuno;Patrimonio indisponibile;Utilizzato direttamente;Altro;;;;1;False
694131;L219;1125;438;83;75.0;FABBRICATO;corso mortara;36 7;45.0911933;7.6721811;Abitazione;Dal 2001 al 2010;Nessuno;Patrimonio indisponibile;Utilizzato direttamente;Altro;;;;1;False
694132;L219;1125;438;84;60.0;FABBRICATO;corso mortara;36 7;45.0911933;7.6721811;Abitazione;Dal 2001 al 2010;Nessuno;Patrimonio indisponibile;Utilizzato direttamente;Altro;;;;1;False
694133;L219;1125;438;85;74.0;FABBRICATO;corso mortara;36 7;45.0911933;7.6721811;Abitazione;Dal 2001 al 2010;Nessuno;Patrimonio indisponibile;Utilizzato direttamente;Altro;;;;1;False
694134;L219;1125;438;86;90.0;FABBRICATO;corso mortara;36 7;45.0911933;7.6721811;Abitazione;Dal 2001 al 2010;Nessuno;Patrimonio indisponibile;Utilizzato direttamente;Altro;;;;1;False
694135;L219;1125;438;87;91.0;FABBRICATO;corso mortara;36 7;45.0911933;7.6721811;Abitazione;Dal 2001 al 2010;Nessuno;Patrimonio indisponibile;Utilizzato direttamente;Altro;;;;1;False
694136;L219;1125;438;88;76.0;FABBRICATO;corso mortara;36 7;45.0911933;7.6721811;Abitazione;Dal 2001 al 2010;Nessuno;Patrimonio indisponibile;Utilizzato direttamente;Altro;;;;1;False
694137;L219;1125;438;89;60.0;FABBRICATO;corso mortara;36 7;45.0911933;7.6721811;Abitazione;Dal 2001 al 2010;Nessuno;Patrimonio indisponibile;Utilizzato direttamente;Altro;;;;1;False
694138;L219;1125;438;9;15.0;FABBRICATO;corso mortara;36 5A;45.0911933;7.6721811;Cantina, soffitta, rimessa, box, garage, posto auto aperto/scoperto,;Dal 2001 al 2010;Nessuno;Patrimonio indisponibile;Utilizzato direttamente;Altro;;;;1;False
694139;L219;1125;438;90;74.0;FABBRICATO;corso mortara;36 7;45.0911933;7.6721811;Abitazione;Dal 2001 al 2010;Nessuno;Patrimonio indisponibile;Utilizzato direttamente;Altro;;;;1;False
694140;L219;1125;438;91;89.0;FABBRICATO;corso mortara;36 7;45.0911933;7.6721811;Abitazione;Dal 2001 al 2010;Nessuno;Patrimonio indisponibile;Utilizzato direttamente;Altro;;;;1;False
694141;L219;1125;438;92;90.0;FABBRICATO;corso mortara;36 7;45.0911933;7.6721811;Abitazione;Dal 2001 al 2010;Nessuno;Patrimonio indisponibile;Utilizzato direttamente;Altro;;;;1;False
694142;L219;1125;438;93;75.0;FABBRICATO;corso mortara;36 7;45.0911933;7.6721811;Abitazione;Dal 2001 al 2010;Nessuno;Patrimonio indisponibile;Utilizzato direttamente;Altro;;;;1;False
694143;L219;1125;438;94;60.0;FABBRICATO;corso mortara;36 7;45.0911933;7.6721811;Abitazione;Dal 2001 al 2010;Nessuno;Patrimonio indisponibile;Utilizzato direttamente;Altro;;;;1;False
694144;L219;1125;438;95;74.0;FABBRICATO;corso mortara;36 7;45.0911933;7.6721811;Abitazione;Dal 2001 al 2010;Nessuno;Patrimonio indisponibile;Utilizzato direttamente;Altro;;;;1;False
694145;L219;1125;438;96;91.0;FABBRICATO;corso mortara;36 7;45.0911933;7.6721811;Abitazione;Dal 2001 al 2010;Nessuno;Patrimonio indisponibile;Utilizzato direttamente;Altro;;;;1;False
694146;L219;1125;438;97;91.0;FABBRICATO;corso mortara;36 7;45.0911933;7.6721811;Abitazione;Dal 2001 al 2010;Nessuno;Patrimonio indisponibile;Utilizzato direttamente;Altro;;;;1;False
694147;L219;1125;438;98;75.0;FABBRICATO;corso mortara;36 7;45.0911933;7.6721811;Abitazione;Dal 2001 al 2010;Nessuno;Patrimonio indisponibile;Utilizzato direttamente;Altro;;;;1;False
694148;L219;1125;438;99;59.0;FABBRICATO;corso mortara;36 7;45.0911933;7.6721811;Abitazione;Dal 2001 al 2010;Nessuno;Patrimonio indisponibile;Utilizzato direttamente;Altro;;;;1;False
694149;L219;1426;358;15;48.0;FABBRICATO;Via Bernardo de Canal;27;45.033875;7.6411595;Abitazione;Dal 1961 al 1970;Nessuno;Patrimonio indisponibile;Utilizzato direttamente;Altro;;;;1;False
694150;L219;1426;358;16;48.0;FABBRICATO;Via Bernardo de Canal;27;45.033875;7.6411595;Abitazione;Dal 1961 al 1970;Nessuno;Patrimonio indisponibile;Utilizzato direttamente;Altro;;;;1;False
694151;L219;1426;358;17;56.0;FABBRICATO;Via Bernardo de Canal;27;45.033875;7.6411595;Abitazione;Dal 1961 al 1970;Nessuno;Patrimonio indisponibile;Utilizzato direttamente;Altro;;;;1;False
694152;L219;1426;358;18;64.0;FABBRICATO;Via Bernardo de Canal;27;45.033875;7.6411595;Abitazione;Dal 1961 al 1970;Nessuno;Patrimonio indisponibile;Utilizzato direttamente;Altro;;;;1;False
694153;L219;1426;358;24;64.0;FABBRICATO;Via Bernardo de Canal;27;45.033875;7.6411595;Abitazione;Dal 1961 al 1970;Nessuno;Patrimonio indisponibile;Utilizzato direttamente;Altro;;;;1;False
694154;L219;1426;358;26;56.0;FABBRICATO;Via Bernardo de Canal;27;45.033875;7.6411595;Abitazione;Dal 1961 al 1970;Nessuno;Patrimonio indisponibile;Utilizzato direttamente;Altro;;;;1;False
694155;L219;1426;358;30;48.0;FABBRICATO;Via Bernardo de Canal;29;45.033875;7.6411595;Abitazione;Dal 1961 al 1970;Nessuno;Patrimonio indisponibile;Utilizzato direttamente;Altro;;;;1;False
694156;L219;1426;358;31;48.0;FABBRICATO;Via Bernardo de Canal;29;45.033875;7.6411595;Abitazione;Dal 1961 al 1970;Nessuno;Patrimonio indisponibile;Utilizzato direttamente;Altro;;;;1;False
694157;L219;1426;358;34;56.0;FABBRICATO;Via Bernardo de Canal;29;45.033875;7.6411595;Abitazione;Dal 1961 al 1970;Nessuno;Patrimonio indisponibile;Utilizzato direttamente;Altro;;;;1;False
694159;L219;1426;358;44;32.0;FABBRICATO;Via Bernardo de Canal;31;45.033875;7.6411595;Abitazione;Dal 1961 al 1970;Nessuno;Patrimonio indisponibile;Utilizzato direttamente;Altro;;;;1;False
694160;L219;1234;4;1;4965.25;FABBRICATO;via tofane;28;45.0664753;7.6339884;Edificio scolastico (es.: scuola di ogni ordine e grado, università, scuola di formazione);Dal 1971 al 1980;Nessuno;Patrimonio indisponibile;Utilizzato direttamente;Attività didattica;;;;1;False
694161;L219;1234;4;2;104.0;FABBRICATO;via tofane;28;45.0664753;7.6339884;Abitazione;Dal 1971 al 1980;Nessuno;Patrimonio indisponibile;Utilizzato direttamente;Alloggio di servizio, foresterie;;;;1;False
694162;L219;1426;364;1;84.0;FABBRICATO;Corso Giovanni Agnelli;156;45.0319885;7.6400676;Abitazione;Dal 1919 al 1945;Nessuno;Patrimonio indisponibile;Utilizzato direttamente;Altro;;;;1;False
694163;L219;1426;364;10;64.0;FABBRICATO;Corso Giovanni Agnelli;156;45.0319885;7.6400676;Abitazione;Dal 1919 al 1945;Nessuno;Patrimonio indisponibile;Utilizzato direttamente;Altro;;;;1;False
694164;L219;1426;364;11;64.0;FABBRICATO;Corso Giovanni Agnelli;156;45.0319885;7.6400676;Abitazione;Dal 1919 al 1945;Nessuno;Patrimonio indisponibile;Utilizzato direttamente;Altro;;;;1;False
694165;L219;1426;364;12;64.0;FABBRICATO;Corso Giovanni Agnelli;156;45.0319885;7.6400676;Abitazione;Dal 1919 al 1945;Nessuno;Patrimonio indisponibile;Utilizzato direttamente;Altro;;;;1;False
694166;L219;1426;364;13;64.0;FABBRICATO;Corso Giovanni Agnelli;156;45.0319885;7.6400676;Abitazione;Dal 1919 al 1945;Nessuno;Patrimonio indisponibile;Utilizzato direttamente;Altro;;;;1;False
694167;L219;1426;364;14;64.0;FABBRICATO;Corso Giovanni Agnelli;156;45.0319885;7.6400676;Abitazione;Dal 1919 al 1945;Nessuno;Patrimonio indisponibile;Utilizzato direttamente;Altro;;;;1;False
694168;L219;1426;364;15;64.0;FABBRICATO;Corso Giovanni Agnelli;156;45.0319885;7.6400676;Abitazione;Dal 1919 al 1945;Nessuno;Patrimonio indisponibile;Utilizzato direttamente;Altro;;;;1;False
694169;L219;1426;364;16;84.0;FABBRICATO;Corso Giovanni Agnelli;156;45.0319885;7.6400676;Abitazione;Dal 1919 al 1945;Nessuno;Patrimonio indisponibile;Utilizzato direttamente;Altro;;;;1;False
694170;L219;1426;364;17;84.0;FABBRICATO;Corso Giovanni Agnelli;156;45.0319885;7.6400676;Abitazione;Dal 1919 al 1945;Nessuno;Patrimonio indisponibile;Utilizzato direttamente;Altro;;;;1;False
694171;L219;1426;364;19;80.0;FABBRICATO;Corso Giovanni Agnelli;156;45.0319885;7.6400676;Abitazione;Dal 1919 al 1945;Nessuno;Patrimonio indisponibile;Utilizzato direttamente;Altro;;;;1;False
694172;L219;1426;364;2;83.0;FABBRICATO;Corso Giovanni Agnelli;156;45.0319885;7.6400676;Abitazione;Dal 1919 al 1945;Nessuno;Patrimonio indisponibile;Utilizzato direttamente;Altro;;;;1;False
694173;L219;1426;364;20;82.0;FABBRICATO;Corso Giovanni Agnelli;156;45.0319885;7.6400676;Abitazione;Dal 1919 al 1945;Nessuno;Patrimonio indisponibile;Utilizzato direttamente;Altro;;;;1;False
694174;L219;1426;364;21;82.0;FABBRICATO;Corso Giovanni Agnelli;156;45.0319885;7.6400676;Abitazione;Dal 1919 al 1945;Nessuno;Patrimonio indisponibile;Utilizzato direttamente;Altro;;;;1;False
694175;L219;1426;364;22;85.0;FABBRICATO;Corso Giovanni Agnelli;156;45.0319885;7.6400676;Abitazione;Dal 1919 al 1945;Nessuno;Patrimonio indisponibile;Utilizzato direttamente;Altro;;;;1;False
694176;L219;1426;364;23;97.0;FABBRICATO;Via Giacomo Dina;39B;45.0319885;7.6400676;Locale commerciale, negozio;Dal 1919 al 1945;Nessuno;Patrimonio indisponibile;Utilizzato direttamente;Attività commerciale e di ristorazione;;;;1;False
694177;L219;1426;364;24;86.0;FABBRICATO;Via Giacomo Dina;33;45.0319885;7.6400676;Locale commerciale, negozio;Dal 1919 al 1945;Nessuno;Patrimonio indisponibile;Utilizzato direttamente;Attività commerciale e di ristorazione;;;;1;False
694178;L219;1426;364;25;62.0;FABBRICATO;Corso Giovanni Agnelli;156;45.0319885;7.6400676;Abitazione;Dal 1919 al 1945;Nessuno;Patrimonio indisponibile;Utilizzato direttamente;Altro;;;;1;False
694179;L219;1426;364;3;81.0;FABBRICATO;Corso Giovanni Agnelli;156;45.0319885;7.6400676;Abitazione;Dal 1919 al 1945;Nessuno;Patrimonio indisponibile;Utilizzato direttamente;Altro;;;;1;False
694180;L219;1426;364;4;81.0;FABBRICATO;Corso Giovanni Agnelli;156;45.0319885;7.6400676;Abitazione;Dal 1919 al 1945;Nessuno;Patrimonio indisponibile;Utilizzato direttamente;Altro;;;;1;False
694181;L219;1426;364;5;59.0;FABBRICATO;Corso Giovanni Agnelli;156;45.0319885;7.6400676;Abitazione;Dal 1919 al 1945;Nessuno;Patrimonio indisponibile;Utilizzato direttamente;Altro;;;;1;False
694182;L219;1426;364;6;64.0;FABBRICATO;Corso Giovanni Agnelli;156;45.0319885;7.6400676;Abitazione;Dal 1919 al 1945;Nessuno;Patrimonio indisponibile;Utilizzato direttamente;Altro;;;;1;False
694183;L219;1426;364;8;48.0;FABBRICATO;Corso Giovanni Agnelli;156;45.0319885;7.6400676;Abitazione;Dal 1919 al 1945;Nessuno;Patrimonio indisponibile;Utilizzato direttamente;Altro;;;;1;False
694184;L219;1426;364;9;52.0;FABBRICATO;Corso Giovanni Agnelli;156;45.0319885;7.6400676;Abitazione;Dal 1919 al 1945;Nessuno;Patrimonio indisponibile;Utilizzato direttamente;Altro;;;;1;False
694185;L219;1235;102;3;80.0;FABBRICATO;Via Lorenzo Delleani;25;45.0671209;7.6341167;Abitazione;Dal 1971 al 1980;Nessuno;Patrimonio indisponibile;Utilizzato direttamente;Alloggio di servizio, foresterie;;;;1;False
694186;L219;1235;38;2;3795.25;FABBRICATO;via tofane;22;45.0661954;7.6348856;Edificio scolastico (es.: scuola di ogni ordine e grado, università, scuola di formazione);Dal 1971 al 1980;Nessuno;Patrimonio indisponibile;Utilizzato direttamente;Attività didattica;;;;1;False
694187;L219;1235;38;3;84.0;FABBRICATO;via tofane;22;45.0661954;7.6348856;Abitazione;Dal 1971 al 1980;Nessuno;Patrimonio indisponibile;Utilizzato direttamente;Alloggio di servizio, foresterie;;;;1;False
694191;L219;1240;128;3;715.0;FABBRICATO;via beaumont claudio;58;45.0719037;7.662706;Edificio scolastico (es.: scuola di ogni ordine e grado, università, scuola di formazione);Dal 1981 al 1990;Nessuno;Patrimonio indisponibile;Utilizzato direttamente;Attività didattica;;;;1;False
694192;L219;1427;114;;185.0;FABBRICATO;Via Carlo del Prete;66;45.0342022;7.638682;Impianto sportivo;Dal 1981 al 1990;Nessuno;Patrimonio indisponibile;Utilizzato direttamente;Attività sportiva, ricreativa e di intrattenimento;;;;1;False
694195;L219;1427;115;102;400.0;FABBRICATO;Via Dandolo Enrico;0;45.0358904;7.6345367;Impianto sportivo;Dal 1971 al 1980;Nessuno;Patrimonio indisponibile;Utilizzato direttamente;Attività sportiva, ricreativa e di intrattenimento;;;;1;False
694197;L219;1427;72;;70.0;FABBRICATO;Via Giacomo Dina;51;45.032432;7.6386292;Locale commerciale, negozio;Dal 1919 al 1945;Nessuno;Patrimonio indisponibile;Utilizzato direttamente;Attività commerciale e di ristorazione;;;;1;False
694198;L219;1427;73;1;56.0;FABBRICATO;Via Lamberto de Bernardi;2;45.0323495;7.6389004;Abitazione;Dal 1919 al 1945;Nessuno;Patrimonio indisponibile;Utilizzato direttamente;Altro;;;;1;False
694199;L219;1427;73;12;342.0;FABBRICATO;Via Lamberto de Bernardi;2;45.0323495;7.6389004;Abitazione;Dal 1919 al 1945;Nessuno;Patrimonio indisponibile;Utilizzato direttamente;Altro;;;;1;False
694200;L219;1427;73;13;28.0;FABBRICATO;Via Lamberto de Bernardi;2;45.0323495;7.6389004;Locale commerciale, negozio;Dal 1919 al 1945;Nessuno;Patrimonio indisponibile;Utilizzato direttamente;Attività commerciale e di ristorazione;;;;1;False
694201;L219;1427;73;14;58.0;FABBRICATO;Via Lamberto de Bernardi;2;45.0323495;7.6389004;Abitazione;Dal 1919 al 1945;Nessuno;Patrimonio indisponibile;Utilizzato direttamente;Altro;;;;1;False
694202;L219;1427;73;15;337.0;FABBRICATO;Via Lamberto de Bernardi;2;45.0323495;7.6389004;Abitazione;Dal 1919 al 1945;Nessuno;Patrimonio indisponibile;Utilizzato direttamente;Altro;;;;1;False
694203;L219;1427;73;16;221.0;FABBRICATO;Via Lamberto de Bernardi;2;45.0323495;7.6389004;Abitazione;Dal 1919 al 1945;Nessuno;Patrimonio indisponibile;Utilizzato direttamente;Altro;;;;1;False
694204;L219;1427;73;17;236.0;FABBRICATO;Via Lamberto de Bernardi;2;45.0323495;7.6389004;Abitazione;Dal 1919 al 1945;Nessuno;Patrimonio indisponibile;Utilizzato direttamente;Altro;;;;1;False
694205;L219;1427;73;18;237.0;FABBRICATO;Via Lamberto de Bernardi;2;45.0323495;7.6389004;Abitazione;Dal 1919 al 1945;Nessuno;Patrimonio indisponibile;Utilizzato direttamente;Altro;;;;1;False
694206;L219;1427;73;19;247.0;FABBRICATO;Via Lamberto de Bernardi;2;45.0323495;7.6389004;Abitazione;Dal 1919 al 1945;Nessuno;Patrimonio indisponibile;Utilizzato direttamente;Altro;;;;1;False
694207;L219;1427;73;20;77.0;FABBRICATO;Via Lamberto de Bernardi;2;45.0323495;7.6389004;Abitazione;Dal 1919 al 1945;Nessuno;Patrimonio indisponibile;Utilizzato direttamente;Altro;;;;1;False
694208;L219;1427;73;22;98.0;FABBRICATO;Via Lamberto de Bernardi;2;45.0323495;7.6389004;Abitazione;Dal 1919 al 1945;Nessuno;Patrimonio indisponibile;Utilizzato direttamente;Altro;;;;1;False
694209;L219;1427;73;24;109.8;FABBRICATO;Via Lamberto de Bernardi;2;45.0323495;7.6389004;Struttura residenziale collettiva (es.: collegi e convitti, educandati, ricoveri, orfanotrofi, ospizi, conventi, seminari);Dal 1919 al 1945;Nessuno;Patrimonio indisponibile;Utilizzato direttamente;Altro;;;;1;False
694210;L219;1427;73;3;56.0;FABBRICATO;Via Lamberto de Bernardi;2;45.0323495;7.6389004;Abitazione;Dal 1919 al 1945;Nessuno;Patrimonio indisponibile;Utilizzato direttamente;Altro;;;;1;False
694211;L219;1427;73;4;82.0;FABBRICATO;Via Lamberto de Bernardi;2;45.0323495;7.6389004;Abitazione;Dal 1919 al 1945;Nessuno;Patrimonio indisponibile;Utilizzato direttamente;Altro;;;;1;False
694212;L219;1427;73;5;56.0;FABBRICATO;Via Lamberto de Bernardi;2;45.0323495;7.6389004;Abitazione;Dal 1919 al 1945;Nessuno;Patrimonio indisponibile;Utilizzato direttamente;Altro;;;;1;False
694213;L219;1427;73;6;474.0;FABBRICATO;Via Lamberto de Bernardi;2;45.0323495;7.6389004;Abitazione;Dal 1919 al 1945;Nessuno;Patrimonio indisponibile;Utilizzato direttamente;Altro;;;;1;False
694214;L219;1427;73;7;333.0;FABBRICATO;Via Lamberto de Bernardi;2;45.0323495;7.6389004;Abitazione;Dal 1919 al 1945;Nessuno;Patrimonio indisponibile;Utilizzato direttamente;Altro;;;;1;False
694215;L219;1427;73;8;338.0;FABBRICATO;Via Lamberto de Bernardi;2;45.0323495;7.6389004;Abitazione;Dal 1919 al 1945;Nessuno;Patrimonio indisponibile;Utilizzato direttamente;Altro;;;;1;False
694216;L219;1427;74;;77.0;FABBRICATO;Via Giacomo Dina;45;45.032267;7.6391539;Locale commerciale, negozio;Dal 1919 al 1945;Nessuno;Patrimonio indisponibile;Utilizzato direttamente;Attività commerciale e di ristorazione;;;;1;False
694217;L219;1427;75;1;28.0;FABBRICATO;Via Lamberto de Bernardi;2;45.032401;7.6384052;Locale commerciale, negozio;Dal 1919 al 1945;Nessuno;Patrimonio indisponibile;Utilizzato direttamente;Attività commerciale e di ristorazione;;;;1;False
694218;L219;1427;75;10;58.0;FABBRICATO;Via Lamberto de Bernardi;2;45.032401;7.6384052;Abitazione;Dal 1919 al 1945;Nessuno;Patrimonio indisponibile;Utilizzato direttamente;Altro;;;;1;False
694219;L219;1427;75;11;48.0;FABBRICATO;Via Lamberto de Bernardi;2;45.032401;7.6384052;Abitazione;Dal 1919 al 1945;Nessuno;Patrimonio indisponibile;Utilizzato direttamente;Altro;;;;1;False
694220;L219;1427;75;12;60.0;FABBRICATO;Via Lamberto de Bernardi;2;45.032401;7.6384052;Abitazione;Dal 1919 al 1945;Nessuno;Patrimonio indisponibile;Utilizzato direttamente;Altro;;;;1;False
694221;L219;1427;75;13;57.0;FABBRICATO;Via Lamberto de Bernardi;2;45.032401;7.6384052;Abitazione;Dal 1919 al 1945;Nessuno;Patrimonio indisponibile;Utilizzato direttamente;Altro;;;;1;False
694222;L219;1427;75;14;57.0;FABBRICATO;Via Lamberto de Bernardi;2;45.032401;7.6384052;Abitazione;Dal 1919 al 1945;Nessuno;Patrimonio indisponibile;Utilizzato direttamente;Altro;;;;1;False
694223;L219;1427;75;17;48.0;FABBRICATO;Via Lamberto de Bernardi;2;45.032401;7.6384052;Abitazione;Dal 1919 al 1945;Nessuno;Patrimonio indisponibile;Utilizzato direttamente;Altro;;;;1;False
694224;L219;1427;75;18;48.0;FABBRICATO;Via Lamberto de Bernardi;2;45.032401;7.6384052;Abitazione;Dal 1919 al 1945;Nessuno;Patrimonio indisponibile;Utilizzato direttamente;Altro;;;;1;False
694225;L219;1427;75;19;48.0;FABBRICATO;Via Lamberto de Bernardi;2;45.032401;7.6384052;Abitazione;Dal 1919 al 1945;Nessuno;Patrimonio indisponibile;Utilizzato direttamente;Altro;;;;1;False
694226;L219;1427;75;2;48.0;FABBRICATO;Via Lamberto de Bernardi;2;45.032401;7.6384052;Abitazione;Dal 1919 al 1945;Nessuno;Patrimonio indisponibile;Utilizzato direttamente;Altro;;;;1;False
694227;L219;1427;75;20;48.0;FABBRICATO;Via Lamberto de Bernardi;2;45.032401;7.6384052;Abitazione;Dal 1919 al 1945;Nessuno;Patrimonio indisponibile;Utilizzato direttamente;Altro;;;;1;False
694228;L219;1427;75;21;118.0;FABBRICATO;Via Lamberto de Bernardi;2;45.032401;7.6384052;Abitazione;Dal 1919 al 1945;Nessuno;Patrimonio indisponibile;Utilizzato direttamente;Altro;;;;1;False
694229;L219;1427;75;3;48.0;FABBRICATO;Via Lamberto de Bernardi;2;45.032401;7.6384052;Abitazione;Dal 1919 al 1945;Nessuno;Patrimonio indisponibile;Utilizzato direttamente;Altro;;;;1;False
694230;L219;1427;75;4;48.0;FABBRICATO;Via Lamberto de Bernardi;2;45.032401;7.6384052;Abitazione;Dal 1919 al 1945;Nessuno;Patrimonio indisponibile;Utilizzato direttamente;Altro;;;;1;False
694231;L219;1427;75;5;48.0;FABBRICATO;Via Lamberto de Bernardi;2;45.032401;7.6384052;Abitazione;Dal 1919 al 1945;Nessuno;Patrimonio indisponibile;Utilizzato direttamente;Altro;;;;1;False
694232;L219;1427;75;6;48.0;FABBRICATO;Via Lamberto de Bernardi;2;45.032401;7.6384052;Abitazione;Dal 1919 al 1945;Nessuno;Patrimonio indisponibile;Utilizzato direttamente;Altro;;;;1;False
694233;L219;1427;75;7;48.0;FABBRICATO;Via Lamberto de Bernardi;2;45.032401;7.6384052;Abitazione;Dal 1919 al 1945;Nessuno;Patrimonio indisponibile;Utilizzato direttamente;Altro;;;;1;False
694234;L219;1427;75;8;48.0;FABBRICATO;Via Lamberto de Bernardi;2;45.032401;7.6384052;Abitazione;Dal 1919 al 1945;Nessuno;Patrimonio indisponibile;Utilizzato direttamente;Altro;;;;1;False
694235;L219;1427;75;9;48.0;FABBRICATO;Via Lamberto de Bernardi;2;45.032401;7.6384052;Abitazione;Dal 1919 al 1945;Nessuno;Patrimonio indisponibile;Utilizzato direttamente;Altro;;;;1;False
694236;L219;1125;441;10;16.0;FABBRICATO;Corso Mortara;0;45.0909338;7.6711827;Cantina, soffitta, rimessa, box, garage, posto auto aperto/scoperto,;Dal 2001 al 2010;Nessuno;Patrimonio indisponibile;Utilizzato direttamente;Altro;;;;1;False
694237;L219;1125;441;11;16.0;FABBRICATO;Corso Mortara;0;45.0909338;7.6711827;Cantina, soffitta, rimessa, box, garage, posto auto aperto/scoperto,;Dal 2001 al 2010;Nessuno;Patrimonio indisponibile;Utilizzato direttamente;Altro;;;;1;False
694238;L219;1125;441;12;16.0;FABBRICATO;Corso Mortara;0;45.0909338;7.6711827;Cantina, soffitta, rimessa, box, garage, posto auto aperto/scoperto,;Dal 2001 al 2010;Nessuno;Patrimonio indisponibile;Utilizzato direttamente;Altro;;;;1;False
694239;L219;1125;441;13;15.0;FABBRICATO;Corso Mortara;0;45.0909338;7.6711827;Cantina, soffitta, rimessa, box, garage, posto auto aperto/scoperto,;Dal 2001 al 2010;Nessuno;Patrimonio indisponibile;Utilizzato direttamente;Altro;;;;1;False
694240;L219;1125;441;14;15.0;FABBRICATO;Corso Mortara;0;45.0909338;7.6711827;Cantina, soffitta, rimessa, box, garage, posto auto aperto/scoperto,;Dal 2001 al 2010;Nessuno;Patrimonio indisponibile;Utilizzato direttamente;Altro;;;;1;False
694241;L219;1125;441;15;23.0;FABBRICATO;Corso Mortara;0;45.0909338;7.6711827;Cantina, soffitta, rimessa, box, garage, posto auto aperto/scoperto,;Dal 2001 al 2010;Nessuno;Patrimonio indisponibile;Utilizzato direttamente;Altro;;;;1;False
694242;L219;1125;441;16;15.0;FABBRICATO;Corso Mortara;0;45.0909338;7.6711827;Cantina, soffitta, rimessa, box, garage, posto auto aperto/scoperto,;Dal 2001 al 2010;Nessuno;Patrimonio indisponibile;Utilizzato direttamente;Altro;;;;1;False
694243;L219;1125;441;17;16.0;FABBRICATO;Corso Mortara;0;45.0909338;7.6711827;Cantina, soffitta, rimessa, box, garage, posto auto aperto/scoperto,;Dal 2001 al 2010;Nessuno;Patrimonio indisponibile;Utilizzato direttamente;Altro;;;;1;False
694244;L219;1125;441;18;16.0;FABBRICATO;Corso Mortara;0;45.0909338;7.6711827;Cantina, soffitta, rimessa, box, garage, posto auto aperto/scoperto,;Dal 2001 al 2010;Nessuno;Patrimonio indisponibile;Utilizzato direttamente;Altro;;;;1;False
694245;L219;1125;441;19;16.0;FABBRICATO;Corso Mortara;0;45.0909338;7.6711827;Cantina, soffitta, rimessa, box, garage, posto auto aperto/scoperto,;Dal 2001 al 2010;Nessuno;Patrimonio indisponibile;Utilizzato direttamente;Altro;;;;1;False
694246;L219;1125;441;2;15.0;FABBRICATO;Corso Mortara;0;45.0909338;7.6711827;Cantina, soffitta, rimessa, box, garage, posto auto aperto/scoperto,;Dal 2001 al 2010;Nessuno;Patrimonio indisponibile;Utilizzato direttamente;Altro;;;;1;False
694247;L219;1125;441;20;16.0;FABBRICATO;Corso Mortara;0;45.0909338;7.6711827;Cantina, soffitta, rimessa, box, garage, posto auto aperto/scoperto,;Dal 2001 al 2010;Nessuno;Patrimonio indisponibile;Utilizzato direttamente;Altro;;;;1;False
694248;L219;1125;441;21;16.0;FABBRICATO;Corso Mortara;0;45.0909338;7.6711827;Cantina, soffitta, rimessa, box, garage, posto auto aperto/scoperto,;Dal 2001 al 2010;Nessuno;Patrimonio indisponibile;Utilizzato direttamente;Altro;;;;1;False
694249;L219;1125;441;22;16.0;FABBRICATO;Corso Mortara;0;45.0909338;7.6711827;Cantina, soffitta, rimessa, box, garage, posto auto aperto/scoperto,;Dal 2001 al 2010;Nessuno;Patrimonio indisponibile;Utilizzato direttamente;Altro;;;;1;False
694250;L219;1125;441;23;16.0;FABBRICATO;Corso Mortara;0;45.0909338;7.6711827;Cantina, soffitta, rimessa, box, garage, posto auto aperto/scoperto,;Dal 2001 al 2010;Nessuno;Patrimonio indisponibile;Utilizzato direttamente;Altro;;;;1;False
694251;L219;1125;441;24;16.0;FABBRICATO;Corso Mortara;0;45.0909338;7.6711827;Cantina, soffitta, rimessa, box, garage, posto auto aperto/scoperto,;Dal 2001 al 2010;Nessuno;Patrimonio indisponibile;Utilizzato direttamente;Altro;;;;1;False
694252;L219;1125;441;25;16.0;FABBRICATO;Corso Mortara;0;45.0909338;7.6711827;Cantina, soffitta, rimessa, box, garage, posto auto aperto/scoperto,;Dal 2001 al 2010;Nessuno;Patrimonio indisponibile;Utilizzato direttamente;Altro;;;;1;False
694253;L219;1125;441;26;16.0;FABBRICATO;Corso Mortara;0;45.0909338;7.6711827;Cantina, soffitta, rimessa, box, garage, posto auto aperto/scoperto,;Dal 2001 al 2010;Nessuno;Patrimonio indisponibile;Utilizzato direttamente;Altro;;;;1;False
694254;L219;1125;441;27;15.0;FABBRICATO;Corso Mortara;0;45.0909338;7.6711827;Cantina, soffitta, rimessa, box, garage, posto auto aperto/scoperto,;Dal 2001 al 2010;Nessuno;Patrimonio indisponibile;Utilizzato direttamente;Altro;;;;1;False
694255;L219;1125;441;28;15.0;FABBRICATO;Corso Mortara;0;45.0909338;7.6711827;Cantina, soffitta, rimessa, box, garage, posto auto aperto/scoperto,;Dal 2001 al 2010;Nessuno;Patrimonio indisponibile;Utilizzato direttamente;Altro;;;;1;False
694256;L219;1125;441;29;23.0;FABBRICATO;Corso Mortara;0;45.0909338;7.6711827;Cantina, soffitta, rimessa, box, garage, posto auto aperto/scoperto,;Dal 2001 al 2010;Nessuno;Patrimonio indisponibile;Utilizzato direttamente;Altro;;;;1;False
694257;L219;1125;441;3;16.0;FABBRICATO;Corso Mortara;0;45.0909338;7.6711827;Cantina, soffitta, rimessa, box, garage, posto auto aperto/scoperto,;Dal 2001 al 2010;Nessuno;Patrimonio indisponibile;Utilizzato direttamente;Altro;;;;1;False
694258;L219;1125;441;31;80.0;FABBRICATO;corso mortara;0 B;45.0909338;7.6711827;Abitazione;Dal 2001 al 2010;Nessuno;Patrimonio indisponibile;Utilizzato direttamente;Altro;;;;1;False
694259;L219;1125;441;32;72.0;FABBRICATO;corso mortara;0 B;45.0909338;7.6711827;Abitazione;Dal 2001 al 2010;Nessuno;Patrimonio indisponibile;Utilizzato direttamente;Altro;;;;1;False
694260;L219;1125;441;33;80.0;FABBRICATO;corso mortara;0 B;45.0909338;7.6711827;Abitazione;Dal 2001 al 2010;Nessuno;Patrimonio indisponibile;Utilizzato direttamente;Altro;;;;1;False
694261;L219;1125;441;34;94.0;FABBRICATO;corso mortara;0 B;45.0909338;7.6711827;Abitazione;Dal 2001 al 2010;Nessuno;Patrimonio indisponibile;Utilizzato direttamente;Altro;;;;1;False
694262;L219;1125;441;35;80.0;FABBRICATO;corso mortara;0 B;45.0909338;7.6711827;Abitazione;Dal 2001 al 2010;Nessuno;Patrimonio indisponibile;Utilizzato direttamente;Altro;;;;1;False
694263;L219;1125;441;36;94.0;FABBRICATO;corso mortara;0 B;45.0909338;7.6711827;Abitazione;Dal 2001 al 2010;Nessuno;Patrimonio indisponibile;Utilizzato direttamente;Altro;;;;1;False
694264;L219;1125;441;37;80.0;FABBRICATO;corso mortara;0 B;45.0909338;7.6711827;Abitazione;Dal 2001 al 2010;Nessuno;Patrimonio indisponibile;Utilizzato direttamente;Altro;;;;1;False
694265;L219;1125;441;38;94.0;FABBRICATO;corso mortara;0 B;45.0909338;7.6711827;Abitazione;Dal 2001 al 2010;Nessuno;Patrimonio indisponibile;Utilizzato direttamente;Altro;;;;1;False
694266;L219;1125;441;39;80.0;FABBRICATO;corso mortara;0 B;45.0909338;7.6711827;Abitazione;Dal 2001 al 2010;Nessuno;Patrimonio indisponibile;Utilizzato direttamente;Altro;;;;1;False
694267;L219;1125;441;4;16.0;FABBRICATO;Corso Mortara;0;45.0909338;7.6711827;Abitazione;Dal 2001 al 2010;Nessuno;Patrimonio indisponibile;Utilizzato direttamente;Altro;;;;1;False
694268;L219;1125;441;40;89.0;FABBRICATO;corso mortara;0 B;45.0909338;7.6711827;Abitazione;Dal 2001 al 2010;Nessuno;Patrimonio indisponibile;Utilizzato direttamente;Altro;;;;1;False
694269;L219;1125;441;41;80.0;FABBRICATO;corso mortara;0 B;45.0909338;7.6711827;Abitazione;Dal 2001 al 2010;Nessuno;Patrimonio indisponibile;Utilizzato direttamente;Altro;;;;1;False
694270;L219;1125;441;42;94.0;FABBRICATO;corso mortara;0 B;45.0909338;7.6711827;Abitazione;Dal 2001 al 2010;Nessuno;Patrimonio indisponibile;Utilizzato direttamente;Altro;;;;1;False
694271;L219;1125;441;43;80.0;FABBRICATO;corso mortara;0 B;45.0909338;7.6711827;Abitazione;Dal 2001 al 2010;Nessuno;Patrimonio indisponibile;Utilizzato direttamente;Altro;;;;1;False
694272;L219;1125;441;44;94.0;FABBRICATO;corso mortara;0 B;45.0909338;7.6711827;Abitazione;Dal 2001 al 2010;Nessuno;Patrimonio indisponibile;Utilizzato direttamente;Altro;;;;1;False
694273;L219;1125;441;46;72.0;FABBRICATO;Corso Mortara;44;45.0909338;7.6711827;Abitazione;Dal 2001 al 2010;Nessuno;Patrimonio indisponibile;Utilizzato direttamente;Altro;;;;1;False
694274;L219;1125;441;47;80.0;FABBRICATO;Corso Mortara;0;45.0909338;7.6711827;Abitazione;Dal 2001 al 2010;Nessuno;Patrimonio indisponibile;Utilizzato direttamente;Altro;;;;1;False
694275;L219;1125;441;48;94.0;FABBRICATO;Corso Mortara;0;45.0909338;7.6711827;Abitazione;Dal 2001 al 2010;Nessuno;Patrimonio indisponibile;Utilizzato direttamente;Altro;;;;1;False
694276;L219;1125;441;49;77.0;FABBRICATO;Corso Mortara;0;45.0909338;7.6711827;Abitazione;Dal 2001 al 2010;Nessuno;Patrimonio indisponibile;Utilizzato direttamente;Altro;;;;1;False
694277;L219;1125;441;5;16.0;FABBRICATO;Corso Mortara;0;45.0909338;7.6711827;Cantina, soffitta, rimessa, box, garage, posto auto aperto/scoperto,;Dal 2001 al 2010;Nessuno;Patrimonio indisponibile;Utilizzato direttamente;Altro;;;;1;False
694278;L219;1125;441;50;94.0;FABBRICATO;Corso Mortara;0;45.0909338;7.6711827;Abitazione;Dal 2001 al 2010;Nessuno;Patrimonio indisponibile;Utilizzato direttamente;Altro;;;;1;False
694279;L219;1125;441;51;78.0;FABBRICATO;Corso Mortara;0;45.0909338;7.6711827;Abitazione;Dal 2001 al 2010;Nessuno;Patrimonio indisponibile;Utilizzato direttamente;Altro;;;;1;False
694280;L219;1125;441;52;94.0;FABBRICATO;Corso Mortara;0;45.0909338;7.6711827;Abitazione;Dal 2001 al 2010;Nessuno;Patrimonio indisponibile;Utilizzato direttamente;Altro;;;;1;False
694281;L219;1125;441;53;78.0;FABBRICATO;Corso Mortara;0;45.0909338;7.6711827;Abitazione;Dal 2001 al 2010;Nessuno;Patrimonio indisponibile;Utilizzato direttamente;Altro;;;;1;False
694282;L219;1125;441;54;94.0;FABBRICATO;Corso Mortara;0;45.0909338;7.6711827;Abitazione;Dal 2001 al 2010;Nessuno;Patrimonio indisponibile;Utilizzato direttamente;Altro;;;;1;False
694283;L219;1125;441;55;78.0;FABBRICATO;Corso Mortara;0;45.0909338;7.6711827;Abitazione;Dal 2001 al 2010;Nessuno;Patrimonio indisponibile;Utilizzato direttamente;Altro;;;;1;False
694284;L219;1125;441;56;94.0;FABBRICATO;Corso Mortara;0;45.0909338;7.6711827;Abitazione;Dal 2001 al 2010;Nessuno;Patrimonio indisponibile;Utilizzato direttamente;Altro;;;;1;False
694285;L219;1125;441;57;78.0;FABBRICATO;Corso Mortara;0;45.0909338;7.6711827;Abitazione;Dal 2001 al 2010;Nessuno;Patrimonio indisponibile;Utilizzato direttamente;Altro;;;;1;False
694286;L219;1125;441;58;94.0;FABBRICATO;Corso Mortara;0;45.0909338;7.6711827;Abitazione;Dal 2001 al 2010;Nessuno;Patrimonio indisponibile;Utilizzato direttamente;Altro;;;;1;False
694287;L219;1125;441;59;78.0;FABBRICATO;Corso Mortara;0;45.0909338;7.6711827;Abitazione;Dal 2001 al 2010;Nessuno;Patrimonio indisponibile;Utilizzato direttamente;Altro;;;;1;False
694288;L219;1125;441;6;16.0;FABBRICATO;Corso Mortara;0;45.0909338;7.6711827;Cantina, soffitta, rimessa, box, garage, posto auto aperto/scoperto,;Dal 2001 al 2010;Nessuno;Patrimonio indisponibile;Utilizzato direttamente;Altro;;;;1;False
694289;L219;1125;441;7;16.0;FABBRICATO;Corso Mortara;0;45.0909338;7.6711827;Cantina, soffitta, rimessa, box, garage, posto auto aperto/scoperto,;Dal 2001 al 2010;Nessuno;Patrimonio indisponibile;Utilizzato direttamente;Altro;;;;1;False
694290;L219;1125;441;8;16.0;FABBRICATO;Corso Mortara;0;45.0909338;7.6711827;Cantina, soffitta, rimessa, box, garage, posto auto aperto/scoperto,;Dal 2001 al 2010;Nessuno;Patrimonio indisponibile;Utilizzato direttamente;Altro;;;;1;False
694291;L219;1125;441;9;16.0;FABBRICATO;corso mortara;36;45.0909338;7.6711827;Cantina, soffitta, rimessa, box, garage, posto auto aperto/scoperto,;Dal 2001 al 2010;Nessuno;Patrimonio indisponibile;Utilizzato direttamente;Altro;;;;1;False
694292;L219;1427;81;1;28.0;FABBRICATO;Via Lamberto de Bernardi;2;45.0317071;7.6389513;Locale commerciale, negozio;Dal 1919 al 1945;Nessuno;Patrimonio indisponibile;Utilizzato direttamente;Altro;;;;1;False
694293;L219;1427;81;10;322.0;FABBRICATO;Via Lamberto de Bernardi;2;45.0317071;7.6389513;Abitazione;Dal 1919 al 1945;Nessuno;Patrimonio indisponibile;Utilizzato direttamente;Altro;;;;1;False
694294;L219;1427;81;11;329.0;FABBRICATO;Via Lamberto de Bernardi;2;45.0317071;7.6389513;Abitazione;Dal 1919 al 1945;Nessuno;Patrimonio indisponibile;Utilizzato direttamente;Altro;;;;1;False
694295;L219;1427;81;12;343.0;FABBRICATO;Via Lamberto de Bernardi;2;45.0317071;7.6389513;Abitazione;Dal 1919 al 1945;Nessuno;Patrimonio indisponibile;Utilizzato direttamente;Altro;;;;1;False
694296;L219;1427;81;13;325.0;FABBRICATO;Via Lamberto de Bernardi;2;45.0317071;7.6389513;Abitazione;Dal 1919 al 1945;Nessuno;Patrimonio indisponibile;Utilizzato direttamente;Altro;;;;1;False
694297;L219;1427;81;14;313.0;FABBRICATO;Via Lamberto de Bernardi;2;45.0317071;7.6389513;Abitazione;Dal 1919 al 1945;Nessuno;Patrimonio indisponibile;Utilizzato direttamente;Altro;;;;1;False
694298;L219;1427;81;15;323.0;FABBRICATO;Via Lamberto de Bernardi;2;45.0317071;7.6389513;Abitazione;Dal 1919 al 1945;Nessuno;Patrimonio indisponibile;Utilizzato direttamente;Altro;;;;1;False
694299;L219;1427;81;16;329.0;FABBRICATO;Via Lamberto de Bernardi;2;45.0317071;7.6389513;Abitazione;Dal 1919 al 1945;Nessuno;Patrimonio indisponibile;Utilizzato direttamente;Altro;;;;1;False
694300;L219;1427;81;17;54.0;FABBRICATO;Via Lamberto de Bernardi;2;45.0317071;7.6389513;Abitazione;Dal 1919 al 1945;Nessuno;Patrimonio indisponibile;Utilizzato direttamente;Altro;;;;1;False
694301;L219;1427;81;19;323.0;FABBRICATO;Via Lamberto de Bernardi;2;45.0317071;7.6389513;Abitazione;Dal 1919 al 1945;Nessuno;Patrimonio indisponibile;Utilizzato direttamente;Altro;;;;1;False
694302;L219;1427;81;2;66.0;FABBRICATO;Via Lamberto de Bernardi;2;45.0317071;7.6389513;Locale commerciale, negozio;Dal 1919 al 1945;Nessuno;Patrimonio indisponibile;Utilizzato direttamente;Altro;;;;1;False
694303;L219;1427;81;20;313.0;FABBRICATO;Via Lamberto de Bernardi;2;45.0317071;7.6389513;Abitazione;Dal 1919 al 1945;Nessuno;Patrimonio indisponibile;Utilizzato direttamente;Altro;;;;1;False
694304;L219;1427;81;21;325.0;FABBRICATO;Via Lamberto de Bernardi;2;45.0317071;7.6389513;Abitazione;Dal 1919 al 1945;Nessuno;Patrimonio indisponibile;Utilizzato direttamente;Altro;;;;1;False
694305;L219;1427;81;22;309.0;FABBRICATO;Via Lamberto de Bernardi;2;45.0317071;7.6389513;Abitazione;Dal 1919 al 1945;Nessuno;Patrimonio indisponibile;Utilizzato direttamente;Altro;;;;1;False
694306;L219;1427;81;23;318.0;FABBRICATO;Via Lamberto de Bernardi;2;45.0317071;7.6389513;Abitazione;Dal 1919 al 1945;Nessuno;Patrimonio indisponibile;Utilizzato direttamente;Altro;;;;1;False
694307;L219;1427;81;24;319.0;FABBRICATO;Via Lamberto de Bernardi;2;45.0317071;7.6389513;Abitazione;Dal 1919 al 1945;Nessuno;Patrimonio indisponibile;Utilizzato direttamente;Altro;;;;1;False
694308;L219;1427;81;25;260.0;FABBRICATO;Via Lamberto de Bernardi;2;45.0317071;7.6389513;Abitazione;Dal 1919 al 1945;Nessuno;Patrimonio indisponibile;Utilizzato direttamente;Altro;;;;1;False
694309;L219;1427;81;26;81.0;FABBRICATO;Via Lamberto de Bernardi;2;45.0317071;7.6389513;Abitazione;Dal 1919 al 1945;Nessuno;Patrimonio indisponibile;Utilizzato direttamente;Altro;;;;1;False
694310;L219;1427;81;27;327.0;FABBRICATO;Via Lamberto de Bernardi;2;45.0317071;7.6389513;Abitazione;Dal 1919 al 1945;Nessuno;Patrimonio indisponibile;Utilizzato direttamente;Altro;;;;1;False
694311;L219;1427;81;28;83.0;FABBRICATO;Via Lamberto de Bernardi;2;45.0317071;7.6389513;Abitazione;Dal 1919 al 1945;Nessuno;Patrimonio indisponibile;Utilizzato direttamente;Altro;;;;1;False
694312;L219;1427;81;29;58.0;FABBRICATO;Via Lamberto de Bernardi;2;45.0317071;7.6389513;Abitazione;Dal 1919 al 1945;Nessuno;Patrimonio indisponibile;Utilizzato direttamente;Altro;;;;1;False
694313;L219;1427;81;3;47.0;FABBRICATO;Via Lamberto de Bernardi;2;45.0317071;7.6389513;Locale commerciale, negozio;Dal 1919 al 1945;Nessuno;Patrimonio indisponibile;Utilizzato direttamente;Altro;;;;1;False
694314;L219;1427;81;30;83.0;FABBRICATO;Via Lamberto de Bernardi;2;45.0317071;7.6389513;Abitazione;Dal 1919 al 1945;Nessuno;Patrimonio indisponibile;Utilizzato direttamente;Altro;;;;1;False
694315;L219;1427;81;31;78.0;FABBRICATO;Via Lamberto de Bernardi;2;45.0317071;7.6389513;Abitazione;Dal 1919 al 1945;Nessuno;Patrimonio indisponibile;Utilizzato direttamente;Altro;;;;1;False
694316;L219;1427;81;32;81.0;FABBRICATO;Via Lamberto de Bernardi;2;45.0317071;7.6389513;Abitazione;Dal 1919 al 1945;Nessuno;Patrimonio indisponibile;Utilizzato direttamente;Altro;;;;1;False
694317;L219;1427;81;33;104.0;FABBRICATO;Via Lamberto de Bernardi;2;45.0317071;7.6389513;Abitazione;Dal 1919 al 1945;Nessuno;Patrimonio indisponibile;Utilizzato direttamente;Altro;;;;1;False
694318;L219;1427;81;34;81.0;FABBRICATO;Via Lamberto de Bernardi;2;45.0317071;7.6389513;Abitazione;Dal 1919 al 1945;Nessuno;Patrimonio indisponibile;Utilizzato direttamente;Altro;;;;1;False
694319;L219;1427;81;35;107.0;FABBRICATO;Via Lamberto de Bernardi;2;45.0317071;7.6389513;Abitazione;Dal 1919 al 1945;Nessuno;Patrimonio indisponibile;Utilizzato direttamente;Altro;;;;1;False
694320;L219;1427;81;36;79.0;FABBRICATO;Via Lamberto de Bernardi;2;45.0317071;7.6389513;Abitazione;Dal 1919 al 1945;Nessuno;Patrimonio indisponibile;Utilizzato direttamente;Altro;;;;1;False
694321;L219;1427;81;37;72.0;FABBRICATO;Via Lamberto de Bernardi;2;45.0317071;7.6389513;Abitazione;Dal 1919 al 1945;Nessuno;Patrimonio indisponibile;Utilizzato direttamente;Altro;;;;1;False
694322;L219;1427;81;39;81.0;FABBRICATO;Via Lamberto de Bernardi;2;45.0317071;7.6389513;Abitazione;Dal 1919 al 1945;Nessuno;Patrimonio indisponibile;Utilizzato direttamente;Altro;;;;1;False
694323;L219;1427;81;4;361.0;FABBRICATO;Via Lamberto de Bernardi;2;45.0317071;7.6389513;Abitazione;Dal 1919 al 1945;Nessuno;Patrimonio indisponibile;Utilizzato direttamente;Altro;;;;1;False
694324;L219;1427;81;40;105.0;FABBRICATO;Via Lamberto de Bernardi;2;45.0317071;7.6389513;Abitazione;Dal 1919 al 1945;Nessuno;Patrimonio indisponibile;Utilizzato direttamente;Altro;;;;1;False
694325;L219;1427;81;41;79.0;FABBRICATO;Via Lamberto de Bernardi;2;45.0317071;7.6389513;Abitazione;Dal 1919 al 1945;Nessuno;Patrimonio indisponibile;Utilizzato direttamente;Altro;;;;1;False
694326;L219;1427;81;42;101.0;FABBRICATO;Via Lamberto de Bernardi;2;45.0317071;7.6389513;Abitazione;Dal 1919 al 1945;Nessuno;Patrimonio indisponibile;Utilizzato direttamente;Altro;;;;1;False
694327;L219;1427;81;43;82.0;FABBRICATO;Via Lamberto de Bernardi;2;45.0317071;7.6389513;Abitazione;Dal 1919 al 1945;Nessuno;Patrimonio indisponibile;Utilizzato direttamente;Altro;;;;1;False
694328;L219;1427;81;44;96.0;FABBRICATO;Via Lamberto de Bernardi;2;45.0317071;7.6389513;Abitazione;Dal 1919 al 1945;Nessuno;Patrimonio indisponibile;Utilizzato direttamente;Altro;;;;1;False
694329;L219;1427;81;45;80.0;FABBRICATO;Via Lamberto de Bernardi;2;45.0317071;7.6389513;Abitazione;Dal 1919 al 1945;Nessuno;Patrimonio indisponibile;Utilizzato direttamente;Altro;;;;1;False
694330;L219;1427;81;46;80.0;FABBRICATO;Via Lamberto de Bernardi;2;45.0317071;7.6389513;Abitazione;Dal 1919 al 1945;Nessuno;Patrimonio indisponibile;Utilizzato direttamente;Altro;;;;1;False
694331;L219;1427;81;47;83.0;FABBRICATO;Via Lamberto de Bernardi;2;45.0317071;7.6389513;Abitazione;Dal 1919 al 1945;Nessuno;Patrimonio indisponibile;Utilizzato direttamente;Altro;;;;1;False
694332;L219;1427;81;48;81.0;FABBRICATO;Via Lamberto de Bernardi;2;45.0317071;7.6389513;Abitazione;Dal 1919 al 1945;Nessuno;Patrimonio indisponibile;Utilizzato direttamente;Altro;;;;1;False
694333;L219;1427;81;49;80.0;FABBRICATO;Via Lamberto de Bernardi;2;45.0317071;7.6389513;Abitazione;Dal 1919 al 1945;Nessuno;Patrimonio indisponibile;Utilizzato direttamente;Altro;;;;1;False
694334;L219;1427;81;5;53.0;FABBRICATO;Via Lamberto de Bernardi;2;45.0317071;7.6389513;Abitazione;Dal 1919 al 1945;Nessuno;Patrimonio indisponibile;Utilizzato direttamente;Altro;;;;1;False
694335;L219;1427;81;50;81.0;FABBRICATO;Via Lamberto de Bernardi;2;45.0317071;7.6389513;Abitazione;Dal 1919 al 1945;Nessuno;Patrimonio indisponibile;Utilizzato direttamente;Altro;;;;1;False
694336;L219;1427;81;51;82.0;FABBRICATO;Via Lamberto de Bernardi;2;45.0317071;7.6389513;Abitazione;Dal 1919 al 1945;Nessuno;Patrimonio indisponibile;Utilizzato direttamente;Altro;;;;1;False
694337;L219;1427;81;52;80.0;FABBRICATO;Via Lamberto de Bernardi;2;45.0317071;7.6389513;Abitazione;Dal 1919 al 1945;Nessuno;Patrimonio indisponibile;Utilizzato direttamente;Altro;;;;1;False
694338;L219;1427;81;53;81.0;FABBRICATO;Via Lamberto de Bernardi;2;45.0317071;7.6389513;Abitazione;Dal 1919 al 1945;Nessuno;Patrimonio indisponibile;Utilizzato direttamente;Altro;;;;1;False
694339;L219;1427;81;54;78.0;FABBRICATO;Via Lamberto de Bernardi;2;45.0317071;7.6389513;Abitazione;Dal 1919 al 1945;Nessuno;Patrimonio indisponibile;Utilizzato direttamente;Altro;;;;1;False
694340;L219;1427;81;55;83.0;FABBRICATO;Via Lamberto de Bernardi;2;45.0317071;7.6389513;Abitazione;Dal 1919 al 1945;Nessuno;Patrimonio indisponibile;Utilizzato direttamente;Altro;;;;1;False
694341;L219;1427;81;57;80.0;FABBRICATO;Via Lamberto de Bernardi;2;45.0317071;7.6389513;Abitazione;Dal 1919 al 1945;Nessuno;Patrimonio indisponibile;Utilizzato direttamente;Altro;;;;1;False
694342;L219;1427;81;58;80.0;FABBRICATO;Via Lamberto de Bernardi;2;45.0317071;7.6389513;Abitazione;Dal 1919 al 1945;Nessuno;Patrimonio indisponibile;Utilizzato direttamente;Altro;;;;1;False
694343;L219;1427;81;59;81.0;FABBRICATO;Via Lamberto de Bernardi;2;45.0317071;7.6389513;Abitazione;Dal 1919 al 1945;Nessuno;Patrimonio indisponibile;Utilizzato direttamente;Altro;;;;1;False
694344;L219;1427;81;6;56.0;FABBRICATO;Via Lamberto de Bernardi;2;45.0317071;7.6389513;Abitazione;Dal 1919 al 1945;Nessuno;Patrimonio indisponibile;Utilizzato direttamente;Altro;;;;1;False
694345;L219;1427;81;60;80.0;FABBRICATO;Via Lamberto de Bernardi;2;45.0317071;7.6389513;Abitazione;Dal 1919 al 1945;Nessuno;Patrimonio indisponibile;Utilizzato direttamente;Altro;;;;1;False
694346;L219;1427;81;63;82.0;FABBRICATO;Via Lamberto de Bernardi;2;45.0317071;7.6389513;Abitazione;Dal 1919 al 1945;Nessuno;Patrimonio indisponibile;Utilizzato direttamente;Altro;;;;1;False
694347;L219;1427;81;64;81.0;FABBRICATO;Via Lamberto de Bernardi;2;45.0317071;7.6389513;Abitazione;Dal 1919 al 1945;Nessuno;Patrimonio indisponibile;Utilizzato direttamente;Altro;;;;1;False
694348;L219;1427;81;65;87.0;FABBRICATO;Via Lamberto de Bernardi;2;45.0317071;7.6389513;Abitazione;Dal 1919 al 1945;Nessuno;Patrimonio indisponibile;Utilizzato direttamente;Altro;;;;1;False
694349;L219;1427;81;66;81.0;FABBRICATO;Via Lamberto de Bernardi;2;45.0317071;7.6389513;Abitazione;Dal 1919 al 1945;Nessuno;Patrimonio indisponibile;Utilizzato direttamente;Altro;;;;1;False
694350;L219;1427;81;67;84.0;FABBRICATO;Via Lamberto de Bernardi;2;45.0317071;7.6389513;Abitazione;Dal 1919 al 1945;Nessuno;Patrimonio indisponibile;Utilizzato direttamente;Altro;;;;1;False
694351;L219;1427;81;68;83.0;FABBRICATO;Via Lamberto de Bernardi;2;45.0317071;7.6389513;Abitazione;Dal 1919 al 1945;Nessuno;Patrimonio indisponibile;Utilizzato direttamente;Altro;;;;1;False
694352;L219;1427;81;69;81.0;FABBRICATO;Via Lamberto de Bernardi;2;45.0317071;7.6389513;Abitazione;Dal 1919 al 1945;Nessuno;Patrimonio indisponibile;Utilizzato direttamente;Altro;;;;1;False
694353;L219;1427;81;7;54.0;FABBRICATO;Via Lamberto de Bernardi;2;45.0317071;7.6389513;Abitazione;Dal 1919 al 1945;Nessuno;Patrimonio indisponibile;Utilizzato direttamente;Altro;;;;1;False
694354;L219;1427;81;70;82.0;FABBRICATO;Via Lamberto de Bernardi;2;45.0317071;7.6389513;Abitazione;Dal 1919 al 1945;Nessuno;Patrimonio indisponibile;Utilizzato direttamente;Altro;;;;1;False
694355;L219;1427;81;71;83.0;FABBRICATO;Via Lamberto de Bernardi;2;45.0317071;7.6389513;Abitazione;Dal 1919 al 1945;Nessuno;Patrimonio indisponibile;Utilizzato direttamente;Altro;;;;1;False
694356;L219;1427;81;72;80.0;FABBRICATO;Via Lamberto de Bernardi;2;45.0317071;7.6389513;Abitazione;Dal 1919 al 1945;Nessuno;Patrimonio indisponibile;Utilizzato direttamente;Altro;;;;1;False
694357;L219;1427;81;73;121.0;FABBRICATO;Via Lamberto de Bernardi;2;45.0317071;7.6389513;Abitazione;Dal 1919 al 1945;Nessuno;Patrimonio indisponibile;Utilizzato direttamente;Altro;;;;1;False
694358;L219;1427;81;8;55.0;FABBRICATO;Via Lamberto de Bernardi;2;45.0317071;7.6389513;Abitazione;Dal 1919 al 1945;Nessuno;Patrimonio indisponibile;Utilizzato direttamente;Altro;;;;1;False
694359;L219;1427;81;9;53.0;FABBRICATO;Via Lamberto de Bernardi;2;45.0317071;7.6389513;Abitazione;Dal 1919 al 1945;Nessuno;Patrimonio indisponibile;Utilizzato direttamente;Altro;;;;1;False
694360;L219;1243;90;10;284.25;FABBRICATO;Via Antonio Bertola;56;45.0731809;7.6734232;Edificio scolastico (es.: scuola di ogni ordine e grado, università, scuola di formazione);Prima del 1919;Nessuno;Patrimonio indisponibile;Non utilizzato;Non Dichiarato;;;;1;False
694361;L219;1243;90;11;2841.5;FABBRICATO;VIA PERRONE ETTORE;SNC;45.0731809;7.6734232;Edificio scolastico (es.: scuola di ogni ordine e grado, università, scuola di formazione);Prima del 1919;Nessuno;Patrimonio indisponibile;Utilizzato direttamente;Attività didattica;;;;1;False
694362;L219;1243;90;12;2680.25;FABBRICATO;Via Ottavio Assarotti;12;45.0731809;7.6734232;Edificio scolastico (es.: scuola di ogni ordine e grado, università, scuola di formazione);Prima del 1919;Nessuno;Patrimonio indisponibile;Utilizzato direttamente;Attività didattica;;;;1;False
694363;L219;1243;90;15;325.0;FABBRICATO;Via Ottavio Assarotti;12;45.0731809;7.6734232;Edificio scolastico (es.: scuola di ogni ordine e grado, università, scuola di formazione);Prima del 1919;Nessuno;Patrimonio indisponibile;Utilizzato direttamente;Attività didattica;;;;1;False
694364;L219;1243;90;6;1212.0;FABBRICATO;Via Perrone;7;45.0731809;7.6734232;Parcheggio collettivo;Dal 1946 al 1960;Nessuno;Patrimonio indisponibile;Utilizzato direttamente;Attività amministrativa/uffici pubblici;;;;1;False
694365;L219;1243;90;7;58.0;FABBRICATO;VIA PERRONE ETTORE;SNC;45.0731809;7.6734232;Abitazione;Dal 1946 al 1960;Nessuno;Patrimonio indisponibile;Utilizzato direttamente;Alloggio di servizio, foresterie;;;;1;False
694366;L219;1127;343;98;97.0;FABBRICATO;via valprato;50;45.0928718;7.6848823;Abitazione;Dal 2001 al 2010;Nessuno;Patrimonio indisponibile;Utilizzato direttamente;Altro;;;;1;False
694367;L219;1127;343;99;81.0;FABBRICATO;via valprato;50;45.0928718;7.6848823;Abitazione;Dal 2001 al 2010;Nessuno;Patrimonio indisponibile;Utilizzato direttamente;Altro;;;;1;False
694368;L219;1245;142;10;2.0;FABBRICATO;via porta palatina;4;45.0724502;7.6828883;Cantina, soffitta, rimessa, box, garage, posto auto aperto/scoperto,;Prima del 1919;Nessuno;Patrimonio indisponibile;Utilizzato direttamente;Altro;;;;1;False
694369;L219;1245;142;11;2.0;FABBRICATO;via porta palatina;4;45.0724502;7.6828883;Cantina, soffitta, rimessa, box, garage, posto auto aperto/scoperto,;Prima del 1919;Nessuno;Patrimonio indisponibile;Utilizzato direttamente;Altro;;;;1;False
694370;L219;1245;142;12;2.0;FABBRICATO;via porta palatina;4;45.0724502;7.6828883;Cantina, soffitta, rimessa, box, garage, posto auto aperto/scoperto,;Prima del 1919;Nessuno;Patrimonio indisponibile;Utilizzato direttamente;Altro;;;;1;False
694371;L219;1245;142;13;4.0;FABBRICATO;via porta palatina;4;45.0724502;7.6828883;Cantina, soffitta, rimessa, box, garage, posto auto aperto/scoperto,;Prima del 1919;Nessuno;Patrimonio indisponibile;Utilizzato direttamente;Altro;;;;1;False
694372;L219;1245;142;14;3.0;FABBRICATO;via porta palatina;4;45.0724502;7.6828883;Cantina, soffitta, rimessa, box, garage, posto auto aperto/scoperto,;Prima del 1919;Nessuno;Patrimonio indisponibile;Utilizzato direttamente;Altro;;;;1;False
694373;L219;1245;142;15;3.0;FABBRICATO;via porta palatina;4;45.0724502;7.6828883;Cantina, soffitta, rimessa, box, garage, posto auto aperto/scoperto,;Prima del 1919;Nessuno;Patrimonio indisponibile;Utilizzato direttamente;Altro;;;;1;False
694374;L219;1245;142;16;3.0;FABBRICATO;via porta palatina;4;45.0724502;7.6828883;Cantina, soffitta, rimessa, box, garage, posto auto aperto/scoperto,;Prima del 1919;Nessuno;Patrimonio indisponibile;Utilizzato direttamente;Altro;;;;1;False
694375;L219;1245;142;17;4.0;FABBRICATO;via porta palatina;4;45.0724502;7.6828883;Cantina, soffitta, rimessa, box, garage, posto auto aperto/scoperto,;Prima del 1919;Nessuno;Patrimonio indisponibile;Utilizzato direttamente;Altro;;;;1;False
694376;L219;1245;142;18;56.0;FABBRICATO;via porta palatina;4;45.0724502;7.6828883;Abitazione;Prima del 1919;Nessuno;Patrimonio indisponibile;Utilizzato direttamente;Altro;;;;1;False
694377;L219;1245;142;19;81.0;FABBRICATO;via porta palatina;4;45.0724502;7.6828883;Abitazione;Prima del 1919;Nessuno;Patrimonio indisponibile;Utilizzato direttamente;Altro;;;;1;False
694378;L219;1245;142;20;65.0;FABBRICATO;via porta palatina;4;45.0724502;7.6828883;Abitazione;Prima del 1919;Nessuno;Patrimonio indisponibile;Utilizzato direttamente;Altro;;;;1;False
694379;L219;1245;142;21;57.0;FABBRICATO;via porta palatina;4;45.0724502;7.6828883;Abitazione;Prima del 1919;Nessuno;Patrimonio indisponibile;Utilizzato direttamente;Altro;;;;1;False
694380;L219;1245;142;22;81.0;FABBRICATO;via porta palatina;4;45.0724502;7.6828883;Abitazione;Prima del 1919;Nessuno;Patrimonio indisponibile;Utilizzato direttamente;Altro;;;;1;False
694381;L219;1245;142;23;64.0;FABBRICATO;via porta palatina;4;45.0724502;7.6828883;Abitazione;Prima del 1919;Nessuno;Patrimonio indisponibile;Utilizzato direttamente;Altro;;;;1;False
694382;L219;1245;142;24;56.0;FABBRICATO;via porta palatina;4;45.0724502;7.6828883;Abitazione;Prima del 1919;Nessuno;Patrimonio indisponibile;Utilizzato direttamente;Altro;;;;1;False
694383;L219;1245;142;25;83.0;FABBRICATO;via porta palatina;4;45.0724502;7.6828883;Abitazione;Prima del 1919;Nessuno;Patrimonio indisponibile;Utilizzato direttamente;Altro;;;;1;False
694384;L219;1245;142;26;66.0;FABBRICATO;via porta palatina;4;45.0724502;7.6828883;Abitazione;Prima del 1919;Nessuno;Patrimonio indisponibile;Utilizzato direttamente;Altro;;;;1;False
694385;L219;1245;142;27;58.0;FABBRICATO;via porta palatina;4;45.0724502;7.6828883;Abitazione;Prima del 1919;Nessuno;Patrimonio indisponibile;Utilizzato direttamente;Altro;;;;1;False
694386;L219;1245;142;28;83.0;FABBRICATO;via porta palatina;4;45.0724502;7.6828883;Abitazione;Prima del 1919;Nessuno;Patrimonio indisponibile;Utilizzato direttamente;Altro;;;;1;False
694387;L219;1245;142;29;65.0;FABBRICATO;via porta palatina;4;45.0724502;7.6828883;Abitazione;Prima del 1919;Nessuno;Patrimonio indisponibile;Utilizzato direttamente;Altro;;;;1;False
694388;L219;1245;142;30;43.0;FABBRICATO;via porta palatina;4;45.0724502;7.6828883;Abitazione;Prima del 1919;Nessuno;Patrimonio indisponibile;Utilizzato direttamente;Altro;;;;1;False
694389;L219;1245;142;31;79.0;FABBRICATO;via porta palatina;4;45.0724502;7.6828883;Abitazione;Prima del 1919;Nessuno;Patrimonio indisponibile;Utilizzato direttamente;Altro;;;;1;False
694390;L219;1245;142;32;45.0;FABBRICATO;via porta palatina;4;45.0724502;7.6828883;Abitazione;Prima del 1919;Nessuno;Patrimonio indisponibile;Utilizzato direttamente;Altro;;;;1;False
694391;L219;1245;142;4;4.0;FABBRICATO;via porta palatina;4;45.0724502;7.6828883;Cantina, soffitta, rimessa, box, garage, posto auto aperto/scoperto,;Prima del 1919;Nessuno;Patrimonio indisponibile;Utilizzato direttamente;Altro;;;;1;False
694392;L219;1245;142;5;2.0;FABBRICATO;via porta palatina;4;45.0724502;7.6828883;Cantina, soffitta, rimessa, box, garage, posto auto aperto/scoperto,;Prima del 1919;Nessuno;Patrimonio indisponibile;Utilizzato direttamente;Altro;;;;1;False
694393;L219;1245;142;6;2.0;FABBRICATO;via porta palatina;4;45.0724502;7.6828883;Cantina, soffitta, rimessa, box, garage, posto auto aperto/scoperto,;Prima del 1919;Nessuno;Patrimonio indisponibile;Utilizzato direttamente;Altro;;;;1;False
694394;L219;1245;142;7;2.0;FABBRICATO;via porta palatina;4;45.0724502;7.6828883;Cantina, soffitta, rimessa, box, garage, posto auto aperto/scoperto,;Prima del 1919;Nessuno;Patrimonio indisponibile;Utilizzato direttamente;Altro;;;;1;False
694395;L219;1245;142;8;2.0;FABBRICATO;via porta palatina;4;45.0724502;7.6828883;Cantina, soffitta, rimessa, box, garage, posto auto aperto/scoperto,;Prima del 1919;Nessuno;Patrimonio indisponibile;Utilizzato direttamente;Altro;;;;1;False
694396;L219;1245;142;9;3.0;FABBRICATO;via porta palatina;4;45.0724502;7.6828883;Cantina, soffitta, rimessa, box, garage, posto auto aperto/scoperto,;Prima del 1919;Nessuno;Patrimonio indisponibile;Utilizzato direttamente;Altro;;;;1;False
694397;L219;1128;127;2;14450.0;FABBRICATO;corso vercelli;141;45.0977378;7.6911031;Edificio scolastico (es.: scuola di ogni ordine e grado, università, scuola di formazione);Dal 1991 al 2000;Nessuno;Patrimonio indisponibile;Utilizzato direttamente;Attività didattica;;;;1;False
694398;L219;1128;127;3;700.86;FABBRICATO;corso vercelli;141;45.0977378;7.6911031;Ufficio strutturato ed assimilabili;Prima del 1919;Nessuno;Patrimonio indisponibile;Utilizzato direttamente;Attività artistica e culturale;;;;1;False
694399;L219;1128;127;4;92.0;FABBRICATO;corso vercelli;141;45.0977378;7.6911031;Abitazione;Prima del 1919;Nessuno;Patrimonio indisponibile;Utilizzato direttamente;Alloggio di servizio, foresterie;;;;1;False
694400;L219;1128;127;5;86.0;FABBRICATO;corso vercelli;141;45.0977378;7.6911031;Abitazione;Prima del 1919;Nessuno;Patrimonio indisponibile;Utilizzato direttamente;Alloggio di servizio, foresterie;;;;1;False
694401;L219;1128;408;54;74.0;FABBRICATO;corso vercelli;103;45.0942383;7.6904193;Abitazione;Prima del 1919;Nessuno;Patrimonio indisponibile;Utilizzato direttamente;Altro;;;;1;False
694402;L219;1428;110;1;1495.0;FABBRICATO;via poma carlo;2;45.0352839;7.630877;Edificio scolastico (es.: scuola di ogni ordine e grado, università, scuola di formazione);Dal 1961 al 1970;Nessuno;Patrimonio indisponibile;Utilizzato direttamente;Attività didattica;;;;1;False
694403;L219;1428;110;2;72.0;FABBRICATO;via poma carlo;2;45.0352839;7.630877;Abitazione;Dal 1961 al 1970;Nessuno;Patrimonio indisponibile;Utilizzato direttamente;Alloggio di servizio, foresterie;;;;1;False
694404;L219;1128;423;11;91.0;FABBRICATO;Via Fossata;68;45.0965595;7.6868094;Abitazione;Dal 1946 al 1960;Nessuno;Patrimonio indisponibile;Utilizzato direttamente;Altro;;;;1;False
694405;L219;1128;423;16;49.0;FABBRICATO;Via Fossata;70;45.0965595;7.6868094;Abitazione;Dal 1946 al 1960;Nessuno;Patrimonio indisponibile;Utilizzato direttamente;Altro;;;;1;False
694406;L219;1128;423;2;91.0;FABBRICATO;Via Fossata;68;45.0965595;7.6868094;Abitazione;Dal 1946 al 1960;Nessuno;Patrimonio indisponibile;Utilizzato direttamente;Altro;;;;1;False
694407;L219;1128;423;31;67.0;FABBRICATO;Via Fossata;68;45.0965595;7.6868094;Abitazione;Dal 1946 al 1960;Nessuno;Patrimonio indisponibile;Utilizzato direttamente;Altro;;;;1;False
694410;L219;1428;117;2;80.0;FABBRICATO;corso tazzoli enrico;78;45.03447412;7.63302084;Abitazione;Dal 1981 al 1990;Nessuno;Patrimonio indisponibile;Utilizzato direttamente;Alloggio di servizio, foresterie;;;;1;False
694411;L219;1129;200;6;129.0;FABBRICATO;via trino;10;45.0974498;7.695916;Abitazione;Dal 1981 al 1990;Nessuno;Patrimonio indisponibile;Utilizzato direttamente;Altro;;;;1;False
694412;L219;1129;350;23;75.0;FABBRICATO;Via Salassa;1;45.0962666;7.6959229;Abitazione;Dal 1919 al 1945;Nessuno;Patrimonio indisponibile;Utilizzato direttamente;Altro;;;;1;False
694413;L219;1129;435;9;64.0;FABBRICATO;Via Lauro Rossi;12;45.0951492;7.6931644;Abitazione;Dal 1961 al 1970;Nessuno;Patrimonio indisponibile;Utilizzato direttamente;Altro;;;;1;False
694414;L219;1129;66;10;65.0;FABBRICATO;Via Renato Martorelli;65;45.0972702;7.6936612;Abitazione;Dal 1919 al 1945;Nessuno;Patrimonio indisponibile;Utilizzato direttamente;Altro;;;;1;False
694415;L219;1129;689;21;87.0;FABBRICATO;via leini';111;45.0959779;7.6922024;Abitazione;Dal 1919 al 1945;Nessuno;Patrimonio indisponibile;Utilizzato direttamente;Altro;;;;1;False
694416;L219;1129;689;22;77.0;FABBRICATO;via leini';111;45.0959779;7.6922024;Abitazione;Dal 1919 al 1945;Nessuno;Patrimonio indisponibile;Utilizzato direttamente;Altro;;;;1;False
694417;L219;1131;70;1;83.0;FABBRICATO;Via Francesco Cilea;2;45.0969763;7.7049601;Abitazione;Dal 1961 al 1970;Nessuno;Patrimonio indisponibile;Utilizzato direttamente;Altro;;;;1;False
694418;L219;1131;70;11;84.0;FABBRICATO;Via Francesco Cilea;2;45.0969763;7.7049601;Abitazione;Dal 1961 al 1970;Nessuno;Patrimonio indisponibile;Utilizzato direttamente;Altro;;;;1;False
694419;L219;1131;70;12;69.0;FABBRICATO;Via Francesco Cilea;2;45.0969763;7.7049601;Abitazione;Dal 1961 al 1970;Nessuno;Patrimonio indisponibile;Utilizzato direttamente;Altro;;;;1;False
694420;L219;1131;70;15;65.0;FABBRICATO;Via Francesco Cilea;4;45.0969763;7.7049601;Abitazione;Dal 1961 al 1970;Nessuno;Patrimonio indisponibile;Utilizzato direttamente;Altro;;;;1;False
694421;L219;1131;70;16;87.0;FABBRICATO;Via Francesco Cilea;4;45.0969763;7.7049601;Abitazione;Dal 1961 al 1970;Nessuno;Patrimonio indisponibile;Utilizzato direttamente;Altro;;;;1;False
694422;L219;1131;70;19;82.0;FABBRICATO;Via Francesco Cilea;4;45.0969763;7.7049601;Abitazione;Dal 1961 al 1970;Nessuno;Patrimonio indisponibile;Utilizzato direttamente;Altro;;;;1;False
694423;L219;1131;70;2;69.0;FABBRICATO;Via Francesco Cilea;2;45.0969763;7.7049601;Abitazione;Dal 1961 al 1970;Nessuno;Patrimonio indisponibile;Utilizzato direttamente;Altro;;;;1;False
694424;L219;1131;70;23;82.0;FABBRICATO;Via Francesco Cilea;4;45.0969763;7.7049601;Abitazione;Dal 1961 al 1970;Nessuno;Patrimonio indisponibile;Utilizzato direttamente;Altro;;;;1;False
694425;L219;1131;70;27;64.0;FABBRICATO;Via Francesco Cilea;2;45.0969763;7.7049601;Abitazione;Dal 1961 al 1970;Nessuno;Patrimonio indisponibile;Utilizzato direttamente;Altro;;;;1;False
694426;L219;1131;70;30;82.0;FABBRICATO;Via Francesco Cilea;6;45.0969763;7.7049601;Abitazione;Dal 1961 al 1970;Nessuno;Patrimonio indisponibile;Utilizzato direttamente;Altro;;;;1;False
694427;L219;1131;70;31;86.0;FABBRICATO;Via Francesco Cilea;6;45.0969763;7.7049601;Abitazione;Dal 1961 al 1970;Nessuno;Patrimonio indisponibile;Utilizzato direttamente;Altro;;;;1;False
694428;L219;1131;70;35;85.0;FABBRICATO;Via Francesco Cilea;6;45.0969763;7.7049601;Abitazione;Dal 1961 al 1970;Nessuno;Patrimonio indisponibile;Utilizzato direttamente;Altro;;;;1;False
694429;L219;1131;70;47;87.0;FABBRICATO;Via Francesco Cilea;8;45.0969763;7.7049601;Abitazione;Dal 1961 al 1970;Nessuno;Patrimonio indisponibile;Utilizzato direttamente;Altro;;;;1;False
694430;L219;1131;70;51;86.0;FABBRICATO;Via Francesco Cilea;8;45.0969763;7.7049601;Abitazione;Dal 1961 al 1970;Nessuno;Patrimonio indisponibile;Utilizzato direttamente;Altro;;;;1;False
694431;L219;1131;70;52;67.0;FABBRICATO;Via Francesco Cilea;8;45.0969763;7.7049601;Abitazione;Dal 1961 al 1970;Nessuno;Patrimonio indisponibile;Utilizzato direttamente;Altro;;;;1;False
694432;L219;1131;70;8;69.0;FABBRICATO;Via Francesco Cilea;2;45.0969763;7.7049601;Abitazione;Dal 1961 al 1970;Nessuno;Patrimonio indisponibile;Utilizzato direttamente;Altro;;;;1;False
694433;L219;1428;149;;278.4;FABBRICATO;corso tazzoli enrico;76;45.0331909;7.6337343;Struttura residenziale collettiva (es.: collegi e convitti, educandati, ricoveri, orfanotrofi, ospizi, conventi, seminari);Dal 1991 al 2000;Nessuno;Patrimonio indisponibile;Utilizzato direttamente;Servizi assistenza socio-sanitaria (non residenziali);;;;1;False
694444;L219;1219;35;2;63.0;FABBRICATO;via s. agostino;15;45.0752932;7.6798428;Magazzino e locali di deposito;Prima del 1919;Nessuno;Patrimonio indisponibile;Utilizzato direttamente;Altro;;;;1;False
694445;L219;1219;35;4;72.0;FABBRICATO;via s. agostino;15;45.0752932;7.6798428;Abitazione;Prima del 1919;Nessuno;Patrimonio indisponibile;Utilizzato direttamente;Altro;;;;1;False
694448;L219;1121;29;;1572.86;FABBRICATO;via verolengo;212;45.0952262;7.6493844;Ufficio strutturato ed assimilabili;Prima del 1919;Nessuno;Patrimonio indisponibile;Utilizzato direttamente;Attività amministrativa/uffici pubblici;;;;1;False
694449;L219;1219;37;3;80.0;FABBRICATO;via s. agostino;15;45.0751377;7.6801036;Abitazione;Prima del 1919;Nessuno;Patrimonio indisponibile;Utilizzato direttamente;Altro;;;;1;False
694450;L219;1219;37;4;50.0;FABBRICATO;via s. agostino;15;45.0751377;7.6801036;Abitazione;Prima del 1919;Nessuno;Patrimonio indisponibile;Utilizzato direttamente;Altro;;;;1;False
694451;L219;1219;37;5;67.0;FABBRICATO;via s. agostino;15;45.0751377;7.6801036;Abitazione;Prima del 1919;Nessuno;Patrimonio indisponibile;Utilizzato direttamente;Altro;;;;1;False
694452;L219;1219;37;6;50.0;FABBRICATO;via s. agostino;15;45.0751377;7.6801036;Abitazione;Prima del 1919;Nessuno;Patrimonio indisponibile;Utilizzato direttamente;Altro;;;;1;False
694453;L219;1219;37;7;70.0;FABBRICATO;via s. agostino;15;45.0751377;7.6801036;Abitazione;Prima del 1919;Nessuno;Patrimonio indisponibile;Utilizzato direttamente;Altro;;;;1;False
694454;L219;1219;37;8;95.0;FABBRICATO;via s. agostino;15;45.0751377;7.6801036;Abitazione;Prima del 1919;Nessuno;Patrimonio indisponibile;Utilizzato direttamente;Altro;;;;1;False
694455;L219;1219;37;9;110.0;FABBRICATO;via s. agostino;15;45.0751377;7.6801036;Abitazione;Prima del 1919;Nessuno;Patrimonio indisponibile;Utilizzato direttamente;Altro;;;;1;False
694461;L219;1219;89;20;123.0;FABBRICATO;Via del Carmine;13;45.0758147;7.6744918;Abitazione;Prima del 1919;Dichiarazione di interesse culturale;Patrimonio indisponibile;Utilizzato direttamente;Attività artistica e culturale;;;;1;False
694462;L219;1219;89;21;3000.0;FABBRICATO;Via del Carmine;13;45.0758147;7.6744918;Biblioteca, pinacoteca, museo, gallerie;Prima del 1919;Dichiarazione di interesse culturale;Patrimonio indisponibile;Utilizzato direttamente;Attività artistica e culturale;;;;1;False
694464;L219;1220;198;10;91.0;FABBRICATO;via garibaldi giuseppe;55;45.075075;7.6736631;Abitazione;Prima del 1919;Nessuno;Patrimonio indisponibile;Utilizzato direttamente;Altro;;;;1;False
694465;L219;1220;198;11;49.0;FABBRICATO;via garibaldi giuseppe;55;45.075075;7.6736631;Abitazione;Prima del 1919;Nessuno;Patrimonio indisponibile;Utilizzato direttamente;Altro;;;;1;False
694466;L219;1220;198;12;66.0;FABBRICATO;via garibaldi giuseppe;55;45.075075;7.6736631;Abitazione;Prima del 1919;Nessuno;Patrimonio indisponibile;Utilizzato direttamente;Altro;;;;1;False
694467;L219;1220;198;13;89.0;FABBRICATO;via garibaldi giuseppe;55;45.075075;7.6736631;Abitazione;Prima del 1919;Nessuno;Patrimonio indisponibile;Utilizzato direttamente;Altro;;;;1;False
694468;L219;1220;198;14;51.0;FABBRICATO;via garibaldi giuseppe;55;45.075075;7.6736631;Abitazione;Prima del 1919;Nessuno;Patrimonio indisponibile;Utilizzato direttamente;Altro;;;;1;False
694469;L219;1220;198;20;46.0;FABBRICATO;via garibaldi giuseppe;55;45.075075;7.6736631;Abitazione;Prima del 1919;Nessuno;Patrimonio indisponibile;Utilizzato direttamente;Altro;;;;1;False
694470;L219;1220;198;21;90.0;FABBRICATO;via garibaldi giuseppe;55;45.075075;7.6736631;Abitazione;Prima del 1919;Nessuno;Patrimonio indisponibile;Utilizzato direttamente;Altro;;;;1;False
694471;L219;1220;198;22;27.0;FABBRICATO;via garibaldi giuseppe;55;45.075075;7.6736631;Abitazione;Prima del 1919;Nessuno;Patrimonio indisponibile;Utilizzato direttamente;Altro;;;;1;False
694472;L219;1220;198;23;22.0;FABBRICATO;via garibaldi giuseppe;55;45.075075;7.6736631;Abitazione;Prima del 1919;Nessuno;Patrimonio indisponibile;Utilizzato direttamente;Altro;;;;1;False
694473;L219;1220;198;24;33.0;FABBRICATO;via garibaldi giuseppe;55;45.075075;7.6736631;Abitazione;Prima del 1919;Nessuno;Patrimonio indisponibile;Utilizzato direttamente;Altro;;;;1;False
694474;L219;1220;198;25;20.0;FABBRICATO;via garibaldi giuseppe;55;45.075075;7.6736631;Abitazione;Prima del 1919;Nessuno;Patrimonio indisponibile;Utilizzato direttamente;Altro;;;;1;False
694475;L219;1220;198;26;54.0;FABBRICATO;via garibaldi giuseppe;55;45.075075;7.6736631;Abitazione;Prima del 1919;Nessuno;Patrimonio indisponibile;Utilizzato direttamente;Altro;;;;1;False
694476;L219;1220;198;27;55.0;FABBRICATO;via garibaldi giuseppe;55;45.075075;7.6736631;Abitazione;Prima del 1919;Nessuno;Patrimonio indisponibile;Utilizzato direttamente;Altro;;;;1;False
694477;L219;1220;198;28;66.0;FABBRICATO;via garibaldi giuseppe;55;45.075075;7.6736631;Abitazione;Prima del 1919;Nessuno;Patrimonio indisponibile;Utilizzato direttamente;Altro;;;;1;False
694478;L219;1220;198;29;35.0;FABBRICATO;via garibaldi giuseppe;55;45.075075;7.6736631;Abitazione;Prima del 1919;Nessuno;Patrimonio indisponibile;Utilizzato direttamente;Altro;;;;1;False
694479;L219;1220;198;30;28.0;FABBRICATO;via garibaldi giuseppe;55;45.075075;7.6736631;Abitazione;Prima del 1919;Nessuno;Patrimonio indisponibile;Utilizzato direttamente;Altro;;;;1;False
694480;L219;1220;198;31;21.0;FABBRICATO;via garibaldi giuseppe;55;45.075075;7.6736631;Abitazione;Prima del 1919;Nessuno;Patrimonio indisponibile;Utilizzato direttamente;Altro;;;;1;False
694481;L219;1220;198;32;32.0;FABBRICATO;via garibaldi giuseppe;55;45.075075;7.6736631;Abitazione;Prima del 1919;Nessuno;Patrimonio indisponibile;Utilizzato direttamente;Altro;;;;1;False
694482;L219;1220;198;33;21.0;FABBRICATO;via garibaldi giuseppe;55;45.075075;7.6736631;Abitazione;Prima del 1919;Nessuno;Patrimonio indisponibile;Utilizzato direttamente;Altro;;;;1;False
694483;L219;1220;198;34;53.0;FABBRICATO;via garibaldi giuseppe;55;45.075075;7.6736631;Abitazione;Prima del 1919;Nessuno;Patrimonio indisponibile;Utilizzato direttamente;Altro;;;;1;False
694484;L219;1220;198;35;54.0;FABBRICATO;via garibaldi giuseppe;55;45.075075;7.6736631;Abitazione;Prima del 1919;Nessuno;Patrimonio indisponibile;Utilizzato direttamente;Altro;;;;1;False
694485;L219;1220;198;36;32.0;FABBRICATO;via garibaldi giuseppe;55;45.075075;7.6736631;Abitazione;Prima del 1919;Nessuno;Patrimonio indisponibile;Utilizzato direttamente;Altro;;;;1;False
694486;L219;1220;198;37;27.0;FABBRICATO;via garibaldi giuseppe;55;45.075075;7.6736631;Abitazione;Prima del 1919;Nessuno;Patrimonio indisponibile;Utilizzato direttamente;Altro;;;;1;False
694487;L219;1220;198;38;22.0;FABBRICATO;via garibaldi giuseppe;55;45.075075;7.6736631;Abitazione;Prima del 1919;Nessuno;Patrimonio indisponibile;Utilizzato direttamente;Altro;;;;1;False
694488;L219;1220;198;39;33.0;FABBRICATO;via garibaldi giuseppe;55;45.075075;7.6736631;Abitazione;Prima del 1919;Nessuno;Patrimonio indisponibile;Utilizzato direttamente;Altro;;;;1;False
694489;L219;1220;198;40;20.0;FABBRICATO;via garibaldi giuseppe;55;45.075075;7.6736631;Abitazione;Prima del 1919;Nessuno;Patrimonio indisponibile;Utilizzato direttamente;Altro;;;;1;False
694490;L219;1220;198;41;54.0;FABBRICATO;via garibaldi giuseppe;55;45.075075;7.6736631;Abitazione;Prima del 1919;Nessuno;Patrimonio indisponibile;Utilizzato direttamente;Altro;;;;1;False
694491;L219;1220;198;42;54.0;FABBRICATO;via garibaldi giuseppe;55;45.075075;7.6736631;Abitazione;Prima del 1919;Nessuno;Patrimonio indisponibile;Utilizzato direttamente;Altro;;;;1;False
694492;L219;1220;198;43;34.0;FABBRICATO;via garibaldi giuseppe;55;45.075075;7.6736631;Abitazione;Prima del 1919;Nessuno;Patrimonio indisponibile;Utilizzato direttamente;Altro;;;;1;False
694493;L219;1220;198;44;76.0;FABBRICATO;via garibaldi giuseppe;55;45.075075;7.6736631;Abitazione;Prima del 1919;Nessuno;Patrimonio indisponibile;Utilizzato direttamente;Altro;;;;1;False
694494;L219;1220;198;45;77.0;FABBRICATO;via garibaldi giuseppe;55;45.075075;7.6736631;Abitazione;Prima del 1919;Nessuno;Patrimonio indisponibile;Utilizzato direttamente;Altro;;;;1;False
694495;L219;1220;198;9;90.0;FABBRICATO;via garibaldi giuseppe;55;45.075075;7.6736631;Abitazione;Prima del 1919;Nessuno;Patrimonio indisponibile;Utilizzato direttamente;Altro;;;;1;False
694497;L219;1422;182;13;132.0;FABBRICATO;via montevideo;41;45.035401;7.6571811;Impianto sportivo;Prima del 1919;Dichiarazione di interesse culturale;Demanio;Utilizzato direttamente;Altro;;;;1;False
694498;L219;1422;182;14;393.0;FABBRICATO;via montevideo;41;45.035401;7.6571811;Impianto sportivo;Prima del 1919;Dichiarazione di interesse culturale;Demanio;Utilizzato direttamente;Altro;;;;1;False
694499;L219;1422;182;15;118.0;FABBRICATO;via montevideo;41;45.035401;7.6571811;Impianto sportivo;Prima del 1919;Dichiarazione di interesse culturale;Demanio;Utilizzato direttamente;Altro;;;;1;False
694500;L219;1422;182;16;66.0;FABBRICATO;via taggia;31 A;45.035401;7.6571811;Ufficio strutturato ed assimilabili;Prima del 1919;Dichiarazione di interesse culturale;Demanio;;Non Dichiarato;in concessione a titolo oneroso;4026.0;01/01/2014;1;False
694504;L219;1422;182;7;2896.0;FABBRICATO;via giordano bruno;148;45.035401;7.6571811;Ufficio strutturato ed assimilabili;Prima del 1919;Dichiarazione di interesse culturale;Demanio;Utilizzato direttamente;Attività amministrativa/uffici pubblici;;;;1;False
694507;L219;1220;212;71;177.0;FABBRICATO;Via Cernaia;30;45.0723838;7.6726557;Abitazione;Dal 1919 al 1945;Nessuno;Patrimonio indisponibile;Utilizzato direttamente;Altro;;;;1;False
694508;L219;1220;212;72;168.0;FABBRICATO;Via Cernaia;30;45.0723838;7.6726557;Abitazione;Dal 1919 al 1945;Nessuno;Patrimonio indisponibile;Utilizzato direttamente;Altro;;;;1;False
694509;L219;1220;212;96;147.0;FABBRICATO;Via Cernaia;28;45.0723838;7.6726557;Abitazione;Dal 1919 al 1945;Nessuno;Patrimonio indisponibile;Utilizzato direttamente;Altro;;;;1;False
694511;L219;1222;345;3;3530.0;FABBRICATO;Via Giacinto Collegno;73;45.0722053;7.658791;Edificio scolastico (es.: scuola di ogni ordine e grado, università, scuola di formazione);Dal 1991 al 2000;Nessuno;Patrimonio indisponibile;Utilizzato direttamente;Attività didattica;;;;1;False
694512;L219;1222;348;2;64.0;FABBRICATO;via palmieri pietro;56;45.072375;7.6595812;Abitazione;Prima del 1919;Dichiarazione di interesse culturale;Demanio;Utilizzato direttamente;Alloggio di servizio, foresterie;;;;1;False
694513;L219;1222;348;3;64.0;FABBRICATO;via palmieri pietro;56;45.072375;7.6595812;Abitazione;Prima del 1919;Dichiarazione di interesse culturale;Demanio;Utilizzato direttamente;Alloggio di servizio, foresterie;;;;1;False
694515;L219;1222;473;2;1931.14;FABBRICATO;Via Nino Bixio;56;45.0691238;7.6560616;Ufficio strutturato ed assimilabili;Prima del 1919;Dichiarazione di interesse culturale;Demanio;Utilizzato direttamente;Attività amministrativa/uffici pubblici;;;;1;False
694516;L219;1222;473;3;146.0;FABBRICATO;Via Nino Bixio;56;45.0691238;7.6560616;Abitazione;Prima del 1919;Dichiarazione di interesse culturale;Demanio;Utilizzato direttamente;Attività amministrativa/uffici pubblici;;;;1;False
694517;L219;1222;473;8;173.0;FABBRICATO;Via Nino Bixio;56;45.0691238;7.6560616;Magazzino e locali di deposito;Prima del 1919;Dichiarazione di interesse culturale;Demanio;Utilizzato direttamente;Attività amministrativa/uffici pubblici;;;;1;False
694518;L219;1222;477;3;1325.43;FABBRICATO;Via Nino Bixio;44;45.068847;7.6568281;Ufficio strutturato ed assimilabili;Prima del 1919;Dichiarazione di interesse culturale;Demanio;Utilizzato direttamente;Attività amministrativa/uffici pubblici;;;;1;False
694519;L219;1222;477;4;120.0;FABBRICATO;Via Nino Bixio;44;45.068847;7.6568281;Abitazione;Prima del 1919;Dichiarazione di interesse culturale;Demanio;Utilizzato direttamente;Alloggio di servizio, foresterie;;;;1;False
694521;L219;1223;9;1;1728.25;FABBRICATO;Via Bruino;14;45.0747652;7.6544966;Edificio scolastico (es.: scuola di ogni ordine e grado, università, scuola di formazione);Dal 1971 al 1980;Nessuno;Patrimonio indisponibile;Utilizzato direttamente;Attività didattica;;;;1;False
694522;L219;1224;287;1;19.0;FABBRICATO;Via Revello;34;45.06810593;7.64839005;Cantina, soffitta, rimessa, box, garage, posto auto aperto/scoperto,;Dal 1946 al 1960;Nessuno;Patrimonio indisponibile;Non utilizzato;Non Dichiarato;;;;1;False
694523;L219;1224;287;2;19.0;FABBRICATO;Via Revello;34;45.06810593;7.64839005;Cantina, soffitta, rimessa, box, garage, posto auto aperto/scoperto,;Dal 1946 al 1960;Nessuno;Patrimonio indisponibile;Non utilizzato;Non Dichiarato;;;;1;False
694524;L219;1224;287;3;61.0;FABBRICATO;Via Revello;34;45.06810593;7.64839005;Magazzino e locali di deposito;Dal 1946 al 1960;Nessuno;Patrimonio indisponibile;Non utilizzato;Non Dichiarato;;;;1;False
694525;L219;1224;287;4;126.0;FABBRICATO;Via Revello;34;45.06810593;7.64839005;Abitazione;Dal 1946 al 1960;Nessuno;Patrimonio indisponibile;Non utilizzato;Non Dichiarato;;;;1;False
694526;L219;1224;394;3;54.0;FABBRICATO;corso racconigi;29;45.07144708;7.6472494;Abitazione;Prima del 1919;Dichiarazione di interesse culturale;Demanio;Utilizzato direttamente;Alloggio di servizio, foresterie;;;;1;False
694527;L219;1224;394;4;53.0;FABBRICATO;corso racconigi;29;45.07144708;7.6472494;Abitazione;Prima del 1919;Dichiarazione di interesse culturale;Demanio;Utilizzato direttamente;Alloggio di servizio, foresterie;;;;1;False
694528;L219;1224;396;;52.0;FABBRICATO;corso racconigi;29;45.07131751;7.6475088;Abitazione;Prima del 1919;Dichiarazione di interesse culturale;Demanio;Utilizzato direttamente;Alloggio di servizio, foresterie;;;;1;False
694530;L219;1224;538;5;192.0;FABBRICATO;Via Cesana;6;45.07218884;7.65029322;Abitazione;Dal 1971 al 1980;Nessuno;Patrimonio indisponibile;Utilizzato direttamente;Alloggio di servizio, foresterie;;;;1;False
694532;L219;1426;261;1;12.0;FABBRICATO;Corso Giovanni Agnelli;156;45.0310421;7.6393359;Abitazione;Dal 1919 al 1945;Nessuno;Patrimonio indisponibile;Utilizzato direttamente;Altro;;;;1;False
694533;L219;1426;261;10;434.0;FABBRICATO;Corso Giovanni Agnelli;156;45.0310421;7.6393359;Abitazione;Dal 1919 al 1945;Nessuno;Patrimonio indisponibile;Utilizzato direttamente;Altro;;;;1;False
694534;L219;1426;261;11;71.0;FABBRICATO;Corso Giovanni Agnelli;156;45.0310421;7.6393359;Abitazione;Dal 1919 al 1945;Nessuno;Patrimonio indisponibile;Utilizzato direttamente;Altro;;;;1;False
694535;L219;1426;261;13;106.0;FABBRICATO;Corso Giovanni Agnelli;156;45.0310421;7.6393359;Abitazione;Dal 1919 al 1945;Nessuno;Patrimonio indisponibile;Utilizzato direttamente;Altro;;;;1;False
694536;L219;1426;261;14;104.0;FABBRICATO;Corso Giovanni Agnelli;156;45.0310421;7.6393359;Abitazione;Dal 1919 al 1945;Nessuno;Patrimonio indisponibile;Utilizzato direttamente;Altro;;;;1;False
694537;L219;1426;261;15;112.0;FABBRICATO;Corso Giovanni Agnelli;156;45.0310421;7.6393359;Abitazione;Dal 1919 al 1945;Nessuno;Patrimonio indisponibile;Utilizzato direttamente;Altro;;;;1;False
694538;L219;1426;261;16;83.0;FABBRICATO;Corso Giovanni Agnelli;156;45.0310421;7.6393359;Abitazione;Dal 1919 al 1945;Nessuno;Patrimonio indisponibile;Utilizzato direttamente;Altro;;;;1;False
694539;L219;1426;261;17;108.0;FABBRICATO;Corso Giovanni Agnelli;156;45.0310421;7.6393359;Abitazione;Dal 1919 al 1945;Nessuno;Patrimonio indisponibile;Utilizzato direttamente;Altro;;;;1;False
694540;L219;1426;261;18;81.0;FABBRICATO;Corso Giovanni Agnelli;156;45.0310421;7.6393359;Abitazione;Dal 1919 al 1945;Nessuno;Patrimonio indisponibile;Utilizzato direttamente;Altro;;;;1;False
694541;L219;1426;261;19;82.0;FABBRICATO;Corso Giovanni Agnelli;156;45.0310421;7.6393359;Abitazione;Dal 1919 al 1945;Nessuno;Patrimonio indisponibile;Utilizzato direttamente;Altro;;;;1;False
694542;L219;1426;261;2;83.0;FABBRICATO;Corso Giovanni Agnelli;156;45.0310421;7.6393359;Abitazione;Dal 1919 al 1945;Nessuno;Patrimonio indisponibile;Utilizzato direttamente;Altro;;;;1;False
694543;L219;1426;261;20;109.0;FABBRICATO;Corso Giovanni Agnelli;156;45.0310421;7.6393359;Abitazione;Dal 1919 al 1945;Nessuno;Patrimonio indisponibile;Utilizzato direttamente;Altro;;;;1;False
694544;L219;1426;261;22;83.0;FABBRICATO;Corso Giovanni Agnelli;156;45.0310421;7.6393359;Abitazione;Dal 1919 al 1945;Nessuno;Patrimonio indisponibile;Utilizzato direttamente;Altro;;;;1;False
694545;L219;1426;261;23;60.0;FABBRICATO;Corso Giovanni Agnelli;156;45.0310421;7.6393359;Abitazione;Dal 1919 al 1945;Nessuno;Patrimonio indisponibile;Utilizzato direttamente;Altro;;;;1;False
694546;L219;1426;261;24;60.0;FABBRICATO;Corso Giovanni Agnelli;156;45.0310421;7.6393359;Abitazione;Dal 1919 al 1945;Nessuno;Patrimonio indisponibile;Utilizzato direttamente;Altro;;;;1;False
694547;L219;1426;261;3;84.0;FABBRICATO;Corso Giovanni Agnelli;156;45.0310421;7.6393359;Abitazione;Dal 1919 al 1945;Nessuno;Patrimonio indisponibile;Utilizzato direttamente;Altro;;;;1;False
694548;L219;1426;261;4;82.0;FABBRICATO;Corso Giovanni Agnelli;156;45.0310421;7.6393359;Abitazione;Dal 1919 al 1945;Nessuno;Patrimonio indisponibile;Utilizzato direttamente;Altro;;;;1;False
694549;L219;1426;261;6;83.0;FABBRICATO;Corso Giovanni Agnelli;156;45.0310421;7.6393359;Abitazione;Dal 1919 al 1945;Nessuno;Patrimonio indisponibile;Utilizzato direttamente;Altro;;;;1;False
694550;L219;1426;261;7;82.0;FABBRICATO;Corso Giovanni Agnelli;156;45.0310421;7.6393359;Abitazione;Dal 1919 al 1945;Nessuno;Patrimonio indisponibile;Utilizzato direttamente;Altro;;;;1;False
694551;L219;1426;261;8;83.0;FABBRICATO;Corso Giovanni Agnelli;156;45.0310421;7.6393359;Abitazione;Dal 1919 al 1945;Nessuno;Patrimonio indisponibile;Utilizzato direttamente;Altro;;;;1;False
694552;L219;1426;261;9;108.0;FABBRICATO;Corso Giovanni Agnelli;156;45.0310421;7.6393359;Abitazione;Dal 1919 al 1945;Nessuno;Patrimonio indisponibile;Utilizzato direttamente;Altro;;;;1;False
694553;L219;1426;262;1;29.0;FABBRICATO;Corso Giovanni Agnelli;154;45.031393;7.6401097;Locale commerciale, negozio;Dal 1919 al 1945;Nessuno;Patrimonio indisponibile;Utilizzato direttamente;Attività commerciale e di ristorazione;;;;1;False
694554;L219;1426;262;10;85.0;FABBRICATO;Corso Giovanni Agnelli;156;45.031393;7.6401097;Abitazione;Dal 1919 al 1945;Nessuno;Patrimonio indisponibile;Utilizzato direttamente;Altro;;;;1;False
694555;L219;1426;262;11;80.0;FABBRICATO;Corso Giovanni Agnelli;156;45.031393;7.6401097;Abitazione;Dal 1919 al 1945;Nessuno;Patrimonio indisponibile;Utilizzato direttamente;Altro;;;;1;False
694556;L219;1426;262;12;80.0;FABBRICATO;Corso Giovanni Agnelli;156;45.031393;7.6401097;Abitazione;Dal 1919 al 1945;Nessuno;Patrimonio indisponibile;Utilizzato direttamente;Altro;;;;1;False
694557;L219;1426;262;13;78.0;FABBRICATO;Corso Giovanni Agnelli;156;45.031393;7.6401097;Abitazione;Dal 1919 al 1945;Nessuno;Patrimonio indisponibile;Utilizzato direttamente;Altro;;;;1;False
694558;L219;1426;262;14;80.0;FABBRICATO;Corso Giovanni Agnelli;156;45.031393;7.6401097;Abitazione;Dal 1919 al 1945;Nessuno;Patrimonio indisponibile;Utilizzato direttamente;Altro;;;;1;False
694559;L219;1426;262;15;78.0;FABBRICATO;Corso Giovanni Agnelli;156;45.031393;7.6401097;Abitazione;Dal 1919 al 1945;Nessuno;Patrimonio indisponibile;Utilizzato direttamente;Altro;;;;1;False
694560;L219;1426;262;16;91.0;FABBRICATO;Corso Giovanni Agnelli;156;45.031393;7.6401097;Abitazione;Dal 1919 al 1945;Nessuno;Patrimonio indisponibile;Utilizzato direttamente;Altro;;;;1;False
694561;L219;1426;262;17;79.0;FABBRICATO;Corso Giovanni Agnelli;156;45.031393;7.6401097;Abitazione;Dal 1919 al 1945;Nessuno;Patrimonio indisponibile;Utilizzato direttamente;Altro;;;;1;False
694562;L219;1426;262;18;78.0;FABBRICATO;Corso Giovanni Agnelli;156;45.031393;7.6401097;Abitazione;Dal 1919 al 1945;Nessuno;Patrimonio indisponibile;Utilizzato direttamente;Altro;;;;1;False
694563;L219;1426;262;19;83.0;FABBRICATO;Corso Giovanni Agnelli;156;45.031393;7.6401097;Abitazione;Dal 1919 al 1945;Nessuno;Patrimonio indisponibile;Utilizzato direttamente;Altro;;;;1;False
694564;L219;1426;262;2;23.0;FABBRICATO;Corso Giovanni Agnelli;160;45.031393;7.6401097;Locale commerciale, negozio;Dal 1919 al 1945;Nessuno;Patrimonio indisponibile;Utilizzato direttamente;Attività commerciale e di ristorazione;;;;1;False
694565;L219;1426;262;20;79.0;FABBRICATO;Corso Giovanni Agnelli;156;45.031393;7.6401097;Abitazione;Dal 1919 al 1945;Nessuno;Patrimonio indisponibile;Utilizzato direttamente;Altro;;;;1;False
694566;L219;1426;262;21;80.0;FABBRICATO;Corso Giovanni Agnelli;156;45.031393;7.6401097;Abitazione;Dal 1919 al 1945;Nessuno;Patrimonio indisponibile;Utilizzato direttamente;Altro;;;;1;False
694567;L219;1426;262;22;77.0;FABBRICATO;Corso Giovanni Agnelli;156;45.031393;7.6401097;Abitazione;Dal 1919 al 1945;Nessuno;Patrimonio indisponibile;Utilizzato direttamente;Altro;;;;1;False
694568;L219;1426;262;23;81.0;FABBRICATO;Corso Giovanni Agnelli;156;45.031393;7.6401097;Abitazione;Dal 1919 al 1945;Nessuno;Patrimonio indisponibile;Utilizzato direttamente;Altro;;;;1;False
694569;L219;1426;262;24;80.0;FABBRICATO;Corso Giovanni Agnelli;156;45.031393;7.6401097;Abitazione;Dal 1919 al 1945;Nessuno;Patrimonio indisponibile;Utilizzato direttamente;Altro;;;;1;False
694570;L219;1426;262;25;79.0;FABBRICATO;Corso Giovanni Agnelli;156;45.031393;7.6401097;Abitazione;Dal 1919 al 1945;Nessuno;Patrimonio indisponibile;Utilizzato direttamente;Altro;;;;1;False
694571;L219;1426;262;27;66.0;FABBRICATO;Corso Giovanni Agnelli;156;45.031393;7.6401097;Abitazione;Dal 1919 al 1945;Nessuno;Patrimonio indisponibile;Utilizzato direttamente;Altro;;;;1;False
694572;L219;1426;262;28;81.0;FABBRICATO;Corso Giovanni Agnelli;156;45.031393;7.6401097;Abitazione;Dal 1919 al 1945;Nessuno;Patrimonio indisponibile;Utilizzato direttamente;Altro;;;;1;False
694573;L219;1426;262;29;77.0;FABBRICATO;Corso Giovanni Agnelli;156;45.031393;7.6401097;Abitazione;Dal 1919 al 1945;Nessuno;Patrimonio indisponibile;Utilizzato direttamente;Altro;;;;1;False
694574;L219;1426;262;3;139.0;FABBRICATO;Corso Giovanni Agnelli;160;45.031393;7.6401097;Locale commerciale, negozio;Dal 1919 al 1945;Nessuno;Patrimonio indisponibile;Utilizzato direttamente;Attività commerciale e di ristorazione;;;;1;False
694575;L219;1426;262;31;79.0;FABBRICATO;Corso Giovanni Agnelli;156;45.031393;7.6401097;Abitazione;Dal 1919 al 1945;Nessuno;Patrimonio indisponibile;Utilizzato direttamente;Altro;;;;1;False
694576;L219;1426;262;32;81.0;FABBRICATO;Corso Giovanni Agnelli;156;45.031393;7.6401097;Abitazione;Dal 1919 al 1945;Nessuno;Patrimonio indisponibile;Utilizzato direttamente;Altro;;;;1;False
694577;L219;1426;262;33;105.0;FABBRICATO;Corso Giovanni Agnelli;156;45.031393;7.6401097;Abitazione;Dal 1919 al 1945;Nessuno;Patrimonio indisponibile;Utilizzato direttamente;Altro;;;;1;False
694578;L219;1426;262;34;79.0;FABBRICATO;Corso Giovanni Agnelli;156;45.031393;7.6401097;Abitazione;Dal 1919 al 1945;Nessuno;Patrimonio indisponibile;Utilizzato direttamente;Altro;;;;1;False
694579;L219;1426;262;35;107.0;FABBRICATO;Corso Giovanni Agnelli;156;45.031393;7.6401097;Abitazione;Dal 1919 al 1945;Nessuno;Patrimonio indisponibile;Utilizzato direttamente;Altro;;;;1;False
694580;L219;1426;262;36;79.0;FABBRICATO;Corso Giovanni Agnelli;156;45.031393;7.6401097;Abitazione;Dal 1919 al 1945;Nessuno;Patrimonio indisponibile;Utilizzato direttamente;Altro;;;;1;False
694581;L219;1426;262;38;81.0;FABBRICATO;Corso Giovanni Agnelli;156;45.031393;7.6401097;Abitazione;Dal 1919 al 1945;Nessuno;Patrimonio indisponibile;Utilizzato direttamente;Altro;;;;1;False
694582;L219;1426;262;39;80.0;FABBRICATO;Corso Giovanni Agnelli;156;45.031393;7.6401097;Abitazione;Dal 1919 al 1945;Nessuno;Patrimonio indisponibile;Utilizzato direttamente;Altro;;;;1;False
694583;L219;1426;262;4;97.0;FABBRICATO;Corso Giovanni Agnelli;156;45.031393;7.6401097;Abitazione;Dal 1919 al 1945;Nessuno;Patrimonio indisponibile;Utilizzato direttamente;Altro;;;;1;False
694584;L219;1426;262;40;107.0;FABBRICATO;Corso Giovanni Agnelli;156;45.031393;7.6401097;Abitazione;Dal 1919 al 1945;Nessuno;Patrimonio indisponibile;Utilizzato direttamente;Altro;;;;1;False
694585;L219;1426;262;41;81.0;FABBRICATO;Corso Giovanni Agnelli;156;45.031393;7.6401097;Abitazione;Dal 1919 al 1945;Nessuno;Patrimonio indisponibile;Utilizzato direttamente;Altro;;;;1;False
694586;L219;1426;262;43;77.0;FABBRICATO;Corso Giovanni Agnelli;156;45.031393;7.6401097;Abitazione;Dal 1919 al 1945;Nessuno;Patrimonio indisponibile;Utilizzato direttamente;Altro;;;;1;False
694587;L219;1426;262;44;104.0;FABBRICATO;Corso Giovanni Agnelli;156;45.031393;7.6401097;Abitazione;Dal 1919 al 1945;Nessuno;Patrimonio indisponibile;Utilizzato direttamente;Altro;;;;1;False
694588;L219;1426;262;45;111.0;FABBRICATO;Corso Giovanni Agnelli;156;45.031393;7.6401097;Abitazione;Dal 1919 al 1945;Nessuno;Patrimonio indisponibile;Utilizzato direttamente;Altro;;;;1;False
694589;L219;1426;262;46;79.0;FABBRICATO;Corso Giovanni Agnelli;156;45.031393;7.6401097;Abitazione;Dal 1919 al 1945;Nessuno;Patrimonio indisponibile;Utilizzato direttamente;Altro;;;;1;False
694590;L219;1426;262;47;82.0;FABBRICATO;Corso Giovanni Agnelli;156;45.031393;7.6401097;Abitazione;Dal 1919 al 1945;Nessuno;Patrimonio indisponibile;Utilizzato direttamente;Altro;;;;1;False
694591;L219;1426;262;48;80.0;FABBRICATO;Corso Giovanni Agnelli;156;45.031393;7.6401097;Abitazione;Dal 1919 al 1945;Nessuno;Patrimonio indisponibile;Utilizzato direttamente;Altro;;;;1;False
694592;L219;1426;262;49;81.0;FABBRICATO;Corso Giovanni Agnelli;156;45.031393;7.6401097;Abitazione;Dal 1919 al 1945;Nessuno;Patrimonio indisponibile;Utilizzato direttamente;Altro;;;;1;False
694593;L219;1426;262;5;81.0;FABBRICATO;Corso Giovanni Agnelli;156;45.031393;7.6401097;Abitazione;Dal 1919 al 1945;Nessuno;Patrimonio indisponibile;Utilizzato direttamente;Altro;;;;1;False
694594;L219;1426;262;50;78.0;FABBRICATO;Corso Giovanni Agnelli;156;45.031393;7.6401097;Abitazione;Dal 1919 al 1945;Nessuno;Patrimonio indisponibile;Utilizzato direttamente;Altro;;;;1;False
694595;L219;1426;262;52;48.0;FABBRICATO;Corso Giovanni Agnelli;156;45.031393;7.6401097;Abitazione;Dal 1919 al 1945;Nessuno;Patrimonio indisponibile;Utilizzato direttamente;Altro;;;;1;False
694596;L219;1426;262;53;76.0;FABBRICATO;Corso Giovanni Agnelli;156;45.031393;7.6401097;Abitazione;Dal 1919 al 1945;Nessuno;Patrimonio indisponibile;Utilizzato direttamente;Altro;;;;1;False
694597;L219;1426;262;54;81.0;FABBRICATO;Corso Giovanni Agnelli;156;45.031393;7.6401097;Abitazione;Dal 1919 al 1945;Nessuno;Patrimonio indisponibile;Utilizzato direttamente;Altro;;;;1;False
694598;L219;1426;262;55;80.0;FABBRICATO;Corso Giovanni Agnelli;156;45.031393;7.6401097;Abitazione;Dal 1919 al 1945;Nessuno;Patrimonio indisponibile;Utilizzato direttamente;Altro;;;;1;False
694599;L219;1426;262;56;81.0;FABBRICATO;Corso Giovanni Agnelli;156;45.031393;7.6401097;Abitazione;Dal 1919 al 1945;Nessuno;Patrimonio indisponibile;Utilizzato direttamente;Altro;;;;1;False
694600;L219;1426;262;57;81.0;FABBRICATO;Corso Giovanni Agnelli;156;45.031393;7.6401097;Abitazione;Dal 1919 al 1945;Nessuno;Patrimonio indisponibile;Utilizzato direttamente;Altro;;;;1;False
694601;L219;1426;262;58;83.0;FABBRICATO;Corso Giovanni Agnelli;156;45.031393;7.6401097;Abitazione;Dal 1919 al 1945;Nessuno;Patrimonio indisponibile;Utilizzato direttamente;Altro;;;;1;False
694602;L219;1426;262;59;80.0;FABBRICATO;Corso Giovanni Agnelli;156;45.031393;7.6401097;Abitazione;Dal 1919 al 1945;Nessuno;Patrimonio indisponibile;Utilizzato direttamente;Altro;;;;1;False
694603;L219;1426;262;6;79.0;FABBRICATO;Corso Giovanni Agnelli;156;45.031393;7.6401097;Abitazione;Dal 1919 al 1945;Nessuno;Patrimonio indisponibile;Utilizzato direttamente;Altro;;;;1;False
694604;L219;1426;262;60;80.0;FABBRICATO;Corso Giovanni Agnelli;156;45.031393;7.6401097;Abitazione;Dal 1919 al 1945;Nessuno;Patrimonio indisponibile;Utilizzato direttamente;Altro;;;;1;False
694605;L219;1426;262;62;81.0;FABBRICATO;Corso Giovanni Agnelli;156;45.031393;7.6401097;Abitazione;Dal 1919 al 1945;Nessuno;Patrimonio indisponibile;Utilizzato direttamente;Altro;;;;1;False
694606;L219;1426;262;63;81.0;FABBRICATO;Corso Giovanni Agnelli;156;45.031393;7.6401097;Abitazione;Dal 1919 al 1945;Nessuno;Patrimonio indisponibile;Utilizzato direttamente;Altro;;;;1;False
694607;L219;1426;262;64;79.0;FABBRICATO;Corso Giovanni Agnelli;156;45.031393;7.6401097;Abitazione;Dal 1919 al 1945;Nessuno;Patrimonio indisponibile;Utilizzato direttamente;Altro;;;;1;False
694608;L219;1426;262;65;80.0;FABBRICATO;Corso Giovanni Agnelli;156;45.031393;7.6401097;Abitazione;Dal 1919 al 1945;Nessuno;Patrimonio indisponibile;Utilizzato direttamente;Altro;;;;1;False
694609;L219;1426;262;66;79.0;FABBRICATO;Corso Giovanni Agnelli;156;45.031393;7.6401097;Abitazione;Dal 1919 al 1945;Nessuno;Patrimonio indisponibile;Utilizzato direttamente;Altro;;;;1;False
694610;L219;1426;262;67;81.0;FABBRICATO;Corso Giovanni Agnelli;156;45.031393;7.6401097;Abitazione;Dal 1919 al 1945;Nessuno;Patrimonio indisponibile;Utilizzato direttamente;Altro;;;;1;False
694611;L219;1426;262;68;81.0;FABBRICATO;Corso Giovanni Agnelli;156;45.031393;7.6401097;Abitazione;Dal 1919 al 1945;Nessuno;Patrimonio indisponibile;Utilizzato direttamente;Altro;;;;1;False
694612;L219;1426;262;69;80.0;FABBRICATO;Corso Giovanni Agnelli;156;45.031393;7.6401097;Abitazione;Dal 1919 al 1945;Nessuno;Patrimonio indisponibile;Utilizzato direttamente;Altro;;;;1;False
694613;L219;1426;262;7;79.0;FABBRICATO;Corso Giovanni Agnelli;156;45.031393;7.6401097;Abitazione;Dal 1919 al 1945;Nessuno;Patrimonio indisponibile;Utilizzato direttamente;Altro;;;;1;False
694614;L219;1426;262;70;79.0;FABBRICATO;Corso Giovanni Agnelli;156;45.031393;7.6401097;Abitazione;Dal 1919 al 1945;Nessuno;Patrimonio indisponibile;Utilizzato direttamente;Altro;;;;1;False
694615;L219;1426;262;71;79.0;FABBRICATO;Corso Giovanni Agnelli;156;45.031393;7.6401097;Abitazione;Dal 1919 al 1945;Nessuno;Patrimonio indisponibile;Utilizzato direttamente;Altro;;;;1;False
694616;L219;1426;262;72;82.0;FABBRICATO;Corso Giovanni Agnelli;156;45.031393;7.6401097;Abitazione;Dal 1919 al 1945;Nessuno;Patrimonio indisponibile;Utilizzato direttamente;Altro;;;;1;False
694617;L219;1426;262;73;58.0;FABBRICATO;Corso Giovanni Agnelli;156;45.031393;7.6401097;Abitazione;Dal 1919 al 1945;Nessuno;Patrimonio indisponibile;Utilizzato direttamente;Altro;;;;1;False
694618;L219;1426;262;74;58.0;FABBRICATO;Corso Giovanni Agnelli;156;45.031393;7.6401097;Abitazione;Dal 1919 al 1945;Nessuno;Patrimonio indisponibile;Utilizzato direttamente;Altro;;;;1;False
694619;L219;1426;262;75;60.0;FABBRICATO;Corso Giovanni Agnelli;156;45.031393;7.6401097;Abitazione;Dal 1919 al 1945;Nessuno;Patrimonio indisponibile;Utilizzato direttamente;Altro;;;;1;False
694620;L219;1426;262;8;80.0;FABBRICATO;Corso Giovanni Agnelli;156;45.031393;7.6401097;Abitazione;Dal 1919 al 1945;Nessuno;Patrimonio indisponibile;Utilizzato direttamente;Altro;;;;1;False
694621;L219;1426;262;9;79.0;FABBRICATO;Corso Giovanni Agnelli;156;45.031393;7.6401097;Abitazione;Dal 1919 al 1945;Nessuno;Patrimonio indisponibile;Utilizzato direttamente;Altro;;;;1;False
694622;L219;1225;649;13;72.0;FABBRICATO;Via Frejus;116;45.0701969;7.6403433;Abitazione;Dal 1919 al 1945;Nessuno;Patrimonio indisponibile;Utilizzato direttamente;Altro;;;;1;False
694623;L219;1225;966;2;6603.25;FABBRICATO;via bardonecchia;34;45.0734471;7.6449315;Edificio scolastico (es.: scuola di ogni ordine e grado, università, scuola di formazione);Dal 1981 al 1990;Nessuno;Patrimonio indisponibile;Utilizzato direttamente;Attività didattica;;;;1;False
694624;L219;1225;966;3;96.0;FABBRICATO;Via Villar Focchiardo;16;45.0734471;7.6449315;Abitazione;Dal 1981 al 1990;Nessuno;Patrimonio indisponibile;Utilizzato direttamente;Alloggio di servizio, foresterie;;;;1;False
694625;L219;1225;966;4;94.0;FABBRICATO;Via Villar Focchiardo;16;45.0734471;7.6449315;Abitazione;Dal 1981 al 1990;Nessuno;Patrimonio indisponibile;Utilizzato direttamente;Alloggio di servizio, foresterie;;;;1;False
694626;L219;1225;966;7;197.75;FABBRICATO;via bardonecchia;18;45.0734471;7.6449315;Edificio scolastico (es.: scuola di ogni ordine e grado, università, scuola di formazione);Dal 1971 al 1980;Nessuno;Patrimonio indisponibile;Utilizzato direttamente;Attività didattica;;;;1;False
694628;L219;1226;596;24;72.0;FABBRICATO;via frejus;133;45.0697099;7.637608;Abitazione;Dal 1946 al 1960;Nessuno;Patrimonio indisponibile;;Non Dichiarato;in locazione;3350.0;01/04/2022;1;False
694629;L219;1227;12;;1731.0;FABBRICATO;corso francia;285;45.0743946;7.6267684;Edificio scolastico (es.: scuola di ogni ordine e grado, università, scuola di formazione);Dal 1919 al 1945;Nessuno;Patrimonio indisponibile;Utilizzato direttamente;Attività didattica;;;;1;False
694630;L219;1227;27;1;6136.75;FABBRICATO;corso peschiera;370;45.0741161;7.6262041;Edificio scolastico (es.: scuola di ogni ordine e grado, università, scuola di formazione);Dal 1919 al 1945;Dichiarazione di interesse culturale;Demanio;Utilizzato direttamente;Attività didattica;;;;1;False
694631;L219;1227;27;6;56.0;FABBRICATO;corso peschiera;380;45.0741161;7.6262041;Abitazione;Dal 1919 al 1945;Dichiarazione di interesse culturale;Demanio;Utilizzato direttamente;Alloggio di servizio, foresterie;;;;1;False
694637;L219;1227;399;2;1179.5;FABBRICATO;Via Giovanni Fattori;113;45.0712303;7.6268469;Edificio scolastico (es.: scuola di ogni ordine e grado, università, scuola di formazione);Dal 1971 al 1980;Nessuno;Patrimonio indisponibile;Utilizzato direttamente;Attività didattica;;;;1;False
694638;L219;1227;399;3;73.0;FABBRICATO;Via Giovanni Fattori;113;45.0712303;7.6268469;Abitazione;Dal 1971 al 1980;Nessuno;Patrimonio indisponibile;Utilizzato direttamente;Alloggio di servizio, foresterie;;;;1;False
694645;L219;1227;464;1;76.25;FABBRICATO;corso francia;285 A;45.0739498;7.6272094;Edificio scolastico (es.: scuola di ogni ordine e grado, università, scuola di formazione);Dal 1946 al 1960;Nessuno;Patrimonio indisponibile;;Non Dichiarato;in concessione a titolo oneroso;2056.0;01/04/2019;1;False
694648;L219;1227;464;4;173.0;FABBRICATO;corso peschiera;364;45.0739498;7.6272094;Impianto sportivo;Dal 1971 al 1980;Nessuno;Patrimonio indisponibile;Utilizzato direttamente;Altro;;;;1;False
694654;L219;1227;466;10;559.6;FABBRICATO;via marsigli luigi ferdinando;12;45.0717388;7.6279282;Struttura residenziale collettiva (es.: collegi e convitti, educandati, ricoveri, orfanotrofi, ospizi, conventi, seminari);Dal 1981 al 1990;Nessuno;Patrimonio indisponibile;Utilizzato direttamente;Servizi assistenza socio-sanitaria (non residenziali);;;;1;False
694655;L219;1227;466;11;156.0;FABBRICATO;via marsigli luigi ferdinando;12;45.0717388;7.6279282;Ospedali, case di cura, cliniche e assimilabili;Dal 1981 al 1990;Nessuno;Patrimonio indisponibile;Utilizzato direttamente;Servizi assistenza socio-sanitaria (non residenziali);;;;1;False
694656;L219;1227;466;12;197.0;FABBRICATO;via marsigli luigi ferdinando;14;45.0717388;7.6279282;Fabbricato per attività produttiva (industriale, artigianale o agricola);Dal 1981 al 1990;Nessuno;Patrimonio indisponibile;Utilizzato direttamente;Servizi assistenza socio-sanitaria (non residenziali);;;;1;False
694657;L219;1227;466;13;178.0;FABBRICATO;via marsigli luigi ferdinando;12;45.0717388;7.6279282;Magazzino e locali di deposito;Dal 1981 al 1990;Nessuno;Patrimonio indisponibile;Utilizzato direttamente;Servizi assistenza socio-sanitaria (non residenziali);;;;1;False
694658;L219;1227;466;18;33.0;FABBRICATO;via marsigli luigi ferdinando;14;45.0717388;7.6279282;Locale commerciale, negozio;Dal 1981 al 1990;Nessuno;Patrimonio indisponibile;Utilizzato direttamente;Attività commerciale e di ristorazione;;;;1;False
694661;L219;1121;69;1;112.0;FABBRICATO;via pianezza;107;45.0940745;7.6501696;Abitazione;Prima del 1919;Nessuno;Patrimonio indisponibile;Utilizzato direttamente;Alloggio di servizio, foresterie;;;;1;False
694665;L219;1228;117;2;78.0;FABBRICATO;Via Giovanni Fattori;85;45.0705123;7.628937;Abitazione;Dal 1971 al 1980;Nessuno;Patrimonio indisponibile;Utilizzato direttamente;Alloggio di servizio, foresterie;;;;1;False
694668;L219;1228;120;2;79.0;FABBRICATO;Via Trecate;46;45.069562;7.6253372;Abitazione;Dal 1971 al 1980;Nessuno;Patrimonio indisponibile;Utilizzato direttamente;Alloggio di servizio, foresterie;;;;1;False
694670;L219;1228;123;2;88.0;FABBRICATO;Via Luigi Ferdinando Marsigli;53;45.0685998;7.6289775;Abitazione;Dal 1981 al 1990;Nessuno;Patrimonio indisponibile;Utilizzato direttamente;Alloggio di servizio, foresterie;;;;1;False
694671;L219;123;395;1;48.0;FABBRICATO;via nuova;2;45.02966;7.68779;Abitazione;Prima del 1919;Nessuno;Patrimonio indisponibile;Utilizzato direttamente;Alloggio di servizio, foresterie;;;;1;False
694672;L219;1230;1;1;3258.25;FABBRICATO;via germonio anastasio;4;45.0736682;7.6105378;Edificio scolastico (es.: scuola di ogni ordine e grado, università, scuola di formazione);Dal 1961 al 1970;Nessuno;Patrimonio indisponibile;Utilizzato direttamente;Attività didattica;;;;1;False
694673;L219;1230;1;3;64.0;FABBRICATO;via germonio anastasio;4;45.0736682;7.6105378;Abitazione;Dal 1961 al 1970;Nessuno;Patrimonio indisponibile;Utilizzato direttamente;Alloggio di servizio, foresterie;;;;1;False
694674;L219;1124;81;115;50.0;FABBRICATO;Via Bosconero;3;45.0944679;7.6728741;Abitazione;Prima del 1919;Nessuno;Patrimonio indisponibile;Utilizzato direttamente;Altro;;;;1;False
694675;L219;1124;81;116;75.0;FABBRICATO;Via Bosconero;3;45.0944679;7.6728741;Abitazione;Prima del 1919;Nessuno;Patrimonio indisponibile;Utilizzato direttamente;Altro;;;;1;False
694676;L219;1124;81;117;78.0;FABBRICATO;Via Bosconero;3;45.0944679;7.6728741;Abitazione;Prima del 1919;Nessuno;Patrimonio indisponibile;Utilizzato direttamente;Altro;;;;1;False
694677;L219;1124;81;118;50.0;FABBRICATO;Via Bosconero;3;45.0944679;7.6728741;Abitazione;Prima del 1919;Nessuno;Patrimonio indisponibile;Utilizzato direttamente;Altro;;;;1;False
694678;L219;1124;81;119;77.0;FABBRICATO;Via Bosconero;3;45.0944679;7.6728741;Abitazione;Prima del 1919;Nessuno;Patrimonio indisponibile;Utilizzato direttamente;Altro;;;;1;False
694679;L219;1230;2;1;4646.0;FABBRICATO;via germonio anastasio;12;45.0729834;7.610595;Edificio scolastico (es.: scuola di ogni ordine e grado, università, scuola di formazione);Dal 1971 al 1980;Nessuno;Patrimonio indisponibile;Utilizzato direttamente;Attività didattica;;;;1;False
694680;L219;1230;2;2;114.0;FABBRICATO;via germonio anastasio;12;45.0729834;7.610595;Abitazione;Dal 1971 al 1980;Nessuno;Patrimonio indisponibile;Utilizzato direttamente;Alloggio di servizio, foresterie;;;;1;False
694681;L219;1230;552;2;1217.0;FABBRICATO;via vandalino;109;45.0710222;7.6118988;Edificio scolastico (es.: scuola di ogni ordine e grado, università, scuola di formazione);Dal 1971 al 1980;Nessuno;Patrimonio indisponibile;Utilizzato direttamente;Attività didattica;;;;1;False
694682;L219;1230;552;3;84.0;FABBRICATO;Via Anastasio Germonio;35;45.0710222;7.6118988;Abitazione;Dal 1971 al 1980;Nessuno;Patrimonio indisponibile;Utilizzato direttamente;Alloggio di servizio, foresterie;;;;1;False
694683;L219;1230;572;10;17.0;FABBRICATO;Via Claviere;9;45.0722039;7.6203768;Cantina, soffitta, rimessa, box, garage, posto auto aperto/scoperto,;Prima del 1919;Nessuno;Patrimonio indisponibile;Utilizzato direttamente;Altro;;;;1;False
694684;L219;1125;202;2;83.0;FABBRICATO;via giachino errico;38;45.0923756;7.6755809;Abitazione;Prima del 1919;Dichiarazione di interesse culturale;Demanio;Utilizzato direttamente;Alloggio di servizio, foresterie;;;;1;False
694685;L219;1125;202;4;1491.25;FABBRICATO;Via Cambiano;10;45.0923756;7.6755809;Edificio scolastico (es.: scuola di ogni ordine e grado, università, scuola di formazione);Prima del 1919;Dichiarazione di interesse culturale;Demanio;Utilizzato direttamente;Attività didattica;;;;1;False
694686;L219;1230;813;1;4394.29;FABBRICATO;Via Francesco De Sanctis;4;45.0734148;7.618744;Ufficio strutturato ed assimilabili;Dal 2001 al 2010;Nessuno;Patrimonio indisponibile;Utilizzato direttamente;Attività amministrativa/uffici pubblici;;;;1;False
694687;L219;1125;210;10;16.0;FABBRICATO;via giachino errico;30;45.0917968;7.6761135;Cantina, soffitta, rimessa, box, garage, posto auto aperto/scoperto,;Prima del 1919;Nessuno;Patrimonio disponibile;Utilizzato direttamente;Altro;;;;1;False
694688;L219;1125;210;11;30.0;FABBRICATO;via giachino errico;30;45.0917968;7.6761135;Cantina, soffitta, rimessa, box, garage, posto auto aperto/scoperto,;Prima del 1919;Nessuno;Patrimonio disponibile;Utilizzato direttamente;Altro;;;;1;False
694689;L219;1125;210;12;240.0;FABBRICATO;via giachino errico;30;45.0917968;7.6761135;Magazzino e locali di deposito;Prima del 1919;Nessuno;Patrimonio disponibile;Utilizzato direttamente;Altro;;;;1;False
694690;L219;1125;210;13;24.0;FABBRICATO;via giachino errico;30;45.0917968;7.6761135;Abitazione;Prima del 1919;Nessuno;Patrimonio disponibile;Utilizzato direttamente;Altro;;;;1;False
694691;L219;1125;210;14;16.0;FABBRICATO;via giachino errico;30;45.0917968;7.6761135;Abitazione;Prima del 1919;Nessuno;Patrimonio disponibile;Utilizzato direttamente;Altro;;;;1;False
694692;L219;1125;210;15;16.0;FABBRICATO;via giachino errico;30;45.0917968;7.6761135;Abitazione;Prima del 1919;Nessuno;Patrimonio disponibile;Utilizzato direttamente;Altro;;;;1;False
694693;L219;1125;210;16;16.0;FABBRICATO;via giachino errico;30;45.0917968;7.6761135;Abitazione;Prima del 1919;Nessuno;Patrimonio disponibile;Utilizzato direttamente;Altro;;;;1;False
694694;L219;1125;210;17;16.0;FABBRICATO;via giachino errico;30;45.0917968;7.6761135;Abitazione;Prima del 1919;Nessuno;Patrimonio disponibile;Utilizzato direttamente;Altro;;;;1;False
694695;L219;1125;210;28;235.0;FABBRICATO;via giachino errico;30;45.0917968;7.6761135;Fabbricato per attività produttiva (industriale, artigianale o agricola);Prima del 1919;Nessuno;Patrimonio disponibile;Utilizzato direttamente;Altro;;;;1;False
694696;L219;1125;210;29;58.0;FABBRICATO;via giachino errico;30;45.0917968;7.6761135;Magazzino e locali di deposito;Prima del 1919;Nessuno;Patrimonio disponibile;Utilizzato direttamente;Altro;;;;1;False
694697;L219;1125;210;30;16.0;FABBRICATO;via giachino errico;30;45.0917968;7.6761135;Abitazione;Prima del 1919;Nessuno;Patrimonio disponibile;Utilizzato direttamente;Altro;;;;1;False
694698;L219;1125;210;31;32.0;FABBRICATO;via giachino errico;30;45.0917968;7.6761135;Abitazione;Prima del 1919;Nessuno;Patrimonio disponibile;Utilizzato direttamente;Altro;;;;1;False
694699;L219;1125;210;52;180.0;FABBRICATO;via giachino errico;30;45.0917968;7.6761135;Magazzino e locali di deposito;Prima del 1919;Nessuno;Patrimonio disponibile;Utilizzato direttamente;Altro;;;;1;False
694700;L219;1125;210;7;16.0;FABBRICATO;via giachino errico;30;45.0917968;7.6761135;Abitazione;Prima del 1919;Nessuno;Patrimonio disponibile;Utilizzato direttamente;Altro;;;;1;False
694701;L219;1125;210;8;18.0;FABBRICATO;via giachino errico;30;45.0917968;7.6761135;Cantina, soffitta, rimessa, box, garage, posto auto aperto/scoperto,;Prima del 1919;Nessuno;Patrimonio disponibile;Utilizzato direttamente;Altro;;;;1;False
694702;L219;1125;210;9;16.0;FABBRICATO;via giachino errico;30;45.0917968;7.6761135;Cantina, soffitta, rimessa, box, garage, posto auto aperto/scoperto,;Prima del 1919;Nessuno;Patrimonio disponibile;Utilizzato direttamente;Altro;;;;1;False
694703;L219;1231;201;1;920.5;FABBRICATO;corso francia;373;45.0737383;7.6098484;Edificio scolastico (es.: scuola di ogni ordine e grado, università, scuola di formazione);Dal 1946 al 1960;Nessuno;Patrimonio indisponibile;Utilizzato direttamente;Attività didattica;;;;1;False
694704;L219;1231;202;1;1875.75;FABBRICATO;corso francia;377;45.0735729;7.6096127;Edificio scolastico (es.: scuola di ogni ordine e grado, università, scuola di formazione);Dal 1946 al 1960;Nessuno;Patrimonio indisponibile;Utilizzato direttamente;Attività didattica;;;;1;False
694705;L219;1231;202;2;54.0;FABBRICATO;corso francia;377;45.0735729;7.6096127;Abitazione;Dal 1946 al 1960;Nessuno;Patrimonio indisponibile;Utilizzato direttamente;Alloggio di servizio, foresterie;;;;1;False
694706;L219;1231;558;;1004.0;FABBRICATO;Via Thures;11;45.0732241;7.606131;Edificio scolastico (es.: scuola di ogni ordine e grado, università, scuola di formazione);Dal 2001 al 2010;Nessuno;Patrimonio indisponibile;Utilizzato direttamente;Attività didattica;;;;1;False
694709;L219;1233;206;3;3577.43;FABBRICATO;via monte ortigara;95;45.068372;7.6262545;Ufficio strutturato ed assimilabili;Dal 1981 al 1990;Nessuno;Patrimonio indisponibile;;Non Dichiarato;in concessione a titolo oneroso;1110.0;02/11/2021;1;False
694710;L219;1233;206;4;694.0;FABBRICATO;via monte ortigara;95;45.068372;7.6262545;Edificio scolastico (es.: scuola di ogni ordine e grado, università, scuola di formazione);Dal 1981 al 1990;Nessuno;Patrimonio indisponibile;Utilizzato direttamente;Attività artistica e culturale;;;;1;False
694711;L219;1233;206;5;88.0;FABBRICATO;via monte ortigara;95 B;45.068372;7.6262545;Abitazione;Dal 1981 al 1990;Nessuno;Patrimonio indisponibile;Utilizzato direttamente;Alloggio di servizio, foresterie;;;;1;False
694712;L219;1237;71;1;6314.0;FABBRICATO;via luserna di rora' emanuele;12;45.0676232;7.6479667;Edificio scolastico (es.: scuola di ogni ordine e grado, università, scuola di formazione);Dal 1991 al 2000;Dichiarazione di interesse culturale;Demanio;Utilizzato direttamente;Attività didattica;;;;1;False
694713;L219;1237;71;2;56.0;FABBRICATO;via luserna di rora' emanuele;12;45.0676232;7.6479667;Abitazione;Prima del 1919;Dichiarazione di interesse culturale;Demanio;Utilizzato direttamente;Alloggio di servizio, foresterie;;;;1;False
694714;L219;1237;71;3;56.0;FABBRICATO;via luserna di rora' emanuele;12;45.0676232;7.6479667;Abitazione;Prima del 1919;Dichiarazione di interesse culturale;Demanio;Utilizzato direttamente;Alloggio di servizio, foresterie;;;;1;False
694715;L219;1237;72;10;152.0;FABBRICATO;Via Emanuele Luserna Di Rorà;8;45.0674105;7.6487585;Abitazione;Dal 1919 al 1945;Dichiarazione di interesse culturale;Demanio;Utilizzato direttamente;Attività commerciale e di ristorazione;;;;1;False
694716;L219;1237;72;12;30.0;FABBRICATO;Via Emanuele Luserna Di Rorà;8;45.0674105;7.6487585;Cantina, soffitta, rimessa, box, garage, posto auto aperto/scoperto,;Dal 1919 al 1945;Dichiarazione di interesse culturale;Demanio;Utilizzato direttamente;Attività commerciale e di ristorazione;;;;1;False
694717;L219;1237;72;13;25.0;FABBRICATO;Via Emanuele Luserna Di Rorà;8;45.0674105;7.6487585;Cantina, soffitta, rimessa, box, garage, posto auto aperto/scoperto,;Dal 1919 al 1945;Dichiarazione di interesse culturale;Demanio;Utilizzato direttamente;Attività commerciale e di ristorazione;;;;1;False
694718;L219;1237;72;14;7.0;FABBRICATO;Via Emanuele Luserna Di Rorà;8;45.0674105;7.6487585;Cantina, soffitta, rimessa, box, garage, posto auto aperto/scoperto,;Dal 1919 al 1945;Dichiarazione di interesse culturale;Demanio;Utilizzato direttamente;Attività commerciale e di ristorazione;;;;1;False
694719;L219;1237;72;6;175.4;FABBRICATO;Via Emanuele Luserna Di Rorà;8;45.0674105;7.6487585;Ospedali, case di cura, cliniche e assimilabili;Dal 1919 al 1945;Dichiarazione di interesse culturale;Demanio;Utilizzato direttamente;Servizi assistenza socio-sanitaria (non residenziali);;;;1;False
694720;L219;1237;72;7;122.0;FABBRICATO;Via Emanuele Luserna Di Rorà;8;45.0674105;7.6487585;Locale commerciale, negozio;Dal 1919 al 1945;Dichiarazione di interesse culturale;Demanio;Utilizzato direttamente;Attività commerciale e di ristorazione;;;;1;False
694723;L219;1426;395;121;70.0;FABBRICATO;Via Paolo Sarpi;132;45.0305985;7.6418194;Abitazione;Dopo il 2010;Nessuno;Patrimonio indisponibile;Utilizzato direttamente;Altro;;;;1;False
694724;L219;1426;395;125;69.0;FABBRICATO;Via Paolo Sarpi;132;45.0305985;7.6418194;Abitazione;Dopo il 2010;Nessuno;Patrimonio indisponibile;Utilizzato direttamente;Altro;;;;1;False
694725;L219;1426;97;;341.14;FABBRICATO;Via Bernardo de Canal;35;45.0341622;7.6406515;Ufficio strutturato ed assimilabili;Dal 1961 al 1970;Nessuno;Patrimonio indisponibile;Utilizzato direttamente;Altro;;;;1;False
694726;L219;1238;93;8;67.0;FABBRICATO;Via Cesana;33;45.0687008;7.6504413;Abitazione;Prima del 1919;Nessuno;Patrimonio indisponibile;Utilizzato direttamente;Altro;;;;1;False
694727;L219;1241;131;1;26.0;FABBRICATO;via morosini francesco;1;45.0677162;7.6641177;Locale commerciale, negozio;Prima del 1919;Nessuno;Patrimonio indisponibile;Utilizzato direttamente;Attività commerciale e di ristorazione;;;;1;False
694728;L219;1241;131;10;93.0;FABBRICATO;corso vittorio emanuele ii;119;45.0677162;7.6641177;Abitazione;Prima del 1919;Nessuno;Patrimonio indisponibile;Utilizzato direttamente;Altro;;;;1;False
694729;L219;1241;131;11;82.0;FABBRICATO;corso vittorio emanuele ii;119;45.0677162;7.6641177;Abitazione;Prima del 1919;Nessuno;Patrimonio indisponibile;Utilizzato direttamente;Altro;;;;1;False
694730;L219;1241;131;12;90.0;FABBRICATO;corso vittorio emanuele ii;119;45.0677162;7.6641177;Abitazione;Prima del 1919;Nessuno;Patrimonio indisponibile;Utilizzato direttamente;Altro;;;;1;False
694731;L219;1241;131;13;104.0;FABBRICATO;corso vittorio emanuele ii;119;45.0677162;7.6641177;Abitazione;Prima del 1919;Nessuno;Patrimonio indisponibile;Utilizzato direttamente;Altro;;;;1;False
694732;L219;1241;131;14;67.0;FABBRICATO;corso vittorio emanuele ii;119;45.0677162;7.6641177;Abitazione;Prima del 1919;Nessuno;Patrimonio indisponibile;Utilizzato direttamente;Altro;;;;1;False
694733;L219;1241;131;15;90.0;FABBRICATO;corso vittorio emanuele ii;119;45.0677162;7.6641177;Abitazione;Prima del 1919;Nessuno;Patrimonio indisponibile;Utilizzato direttamente;Altro;;;;1;False
694734;L219;1241;131;16;82.0;FABBRICATO;corso vittorio emanuele ii;119;45.0677162;7.6641177;Abitazione;Prima del 1919;Nessuno;Patrimonio indisponibile;Utilizzato direttamente;Altro;;;;1;False
694735;L219;1241;131;17;84.0;FABBRICATO;corso vittorio emanuele ii;119;45.0677162;7.6641177;Abitazione;Prima del 1919;Nessuno;Patrimonio indisponibile;Utilizzato direttamente;Altro;;;;1;False
694736;L219;1241;131;18;104.0;FABBRICATO;corso vittorio emanuele ii;119;45.0677162;7.6641177;Abitazione;Prima del 1919;Nessuno;Patrimonio indisponibile;Utilizzato direttamente;Altro;;;;1;False
694737;L219;1241;131;19;65.0;FABBRICATO;corso vittorio emanuele ii;119;45.0677162;7.6641177;Abitazione;Prima del 1919;Nessuno;Patrimonio indisponibile;Utilizzato direttamente;Altro;;;;1;False
694738;L219;1241;131;2;17.0;FABBRICATO;via morosini francesco;1;45.0677162;7.6641177;Locale commerciale, negozio;Prima del 1919;Nessuno;Patrimonio indisponibile;Utilizzato direttamente;Attività commerciale e di ristorazione;;;;1;False
694739;L219;1241;131;20;93.0;FABBRICATO;corso vittorio emanuele ii;119;45.0677162;7.6641177;Abitazione;Prima del 1919;Nessuno;Patrimonio indisponibile;Utilizzato direttamente;Altro;;;;1;False
694740;L219;1241;131;21;82.0;FABBRICATO;corso vittorio emanuele ii;119;45.0677162;7.6641177;Abitazione;Prima del 1919;Nessuno;Patrimonio indisponibile;Utilizzato direttamente;Altro;;;;1;False
694741;L219;1241;131;22;88.0;FABBRICATO;corso vittorio emanuele ii;119;45.0677162;7.6641177;Abitazione;Prima del 1919;Nessuno;Patrimonio indisponibile;Utilizzato direttamente;Altro;;;;1;False
694742;L219;1241;131;23;102.0;FABBRICATO;corso vittorio emanuele ii;119;45.0677162;7.6641177;Abitazione;Prima del 1919;Nessuno;Patrimonio indisponibile;Utilizzato direttamente;Altro;;;;1;False
694743;L219;1241;131;24;69.0;FABBRICATO;corso vittorio emanuele ii;119;45.0677162;7.6641177;Abitazione;Prima del 1919;Nessuno;Patrimonio indisponibile;Utilizzato direttamente;Altro;;;;1;False
694744;L219;1241;131;25;90.0;FABBRICATO;corso vittorio emanuele ii;119;45.0677162;7.6641177;Abitazione;Prima del 1919;Nessuno;Patrimonio indisponibile;Utilizzato direttamente;Altro;;;;1;False
694745;L219;1241;131;26;82.0;FABBRICATO;corso vittorio emanuele ii;119;45.0677162;7.6641177;Abitazione;Prima del 1919;Nessuno;Patrimonio indisponibile;Utilizzato direttamente;Altro;;;;1;False
694746;L219;1241;131;27;86.0;FABBRICATO;corso vittorio emanuele ii;119;45.0677162;7.6641177;Abitazione;Prima del 1919;Nessuno;Patrimonio indisponibile;Utilizzato direttamente;Altro;;;;1;False
694747;L219;1241;131;28;52.0;FABBRICATO;corso vittorio emanuele ii;119;45.0677162;7.6641177;Abitazione;Prima del 1919;Nessuno;Patrimonio indisponibile;Utilizzato direttamente;Altro;;;;1;False
694748;L219;1241;131;29;50.0;FABBRICATO;corso vittorio emanuele ii;119;45.0677162;7.6641177;Abitazione;Prima del 1919;Nessuno;Patrimonio indisponibile;Utilizzato direttamente;Altro;;;;1;False
694749;L219;1241;131;3;14.0;FABBRICATO;via morosini francesco;1;45.0677162;7.6641177;Locale commerciale, negozio;Prima del 1919;Nessuno;Patrimonio indisponibile;Utilizzato direttamente;Attività commerciale e di ristorazione;;;;1;False
694750;L219;1241;131;30;249.0;FABBRICATO;corso vittorio emanuele ii;119;45.0677162;7.6641177;Abitazione;Prima del 1919;Nessuno;Patrimonio indisponibile;Utilizzato direttamente;Altro;;;;1;False
694751;L219;1241;131;4;43.0;FABBRICATO;via morosini francesco;1;45.0677162;7.6641177;Locale commerciale, negozio;Prima del 1919;Nessuno;Patrimonio indisponibile;Utilizzato direttamente;Attività commerciale e di ristorazione;;;;1;False
694752;L219;1241;131;5;151.0;FABBRICATO;corso vittorio emanuele ii;119;45.0677162;7.6641177;Locale commerciale, negozio;Prima del 1919;Nessuno;Patrimonio indisponibile;Utilizzato direttamente;Attività commerciale e di ristorazione;;;;1;False
694753;L219;1241;131;6;22.0;FABBRICATO;corso vittorio emanuele ii;119;45.0677162;7.6641177;Locale commerciale, negozio;Prima del 1919;Nessuno;Patrimonio indisponibile;Utilizzato direttamente;Attività commerciale e di ristorazione;;;;1;False
694754;L219;1241;131;7;23.0;FABBRICATO;corso vittorio emanuele ii;119;45.0677162;7.6641177;Locale commerciale, negozio;Prima del 1919;Nessuno;Patrimonio indisponibile;Utilizzato direttamente;Attività commerciale e di ristorazione;;;;1;False
694755;L219;1241;131;8;106.0;FABBRICATO;corso vittorio emanuele ii;119;45.0677162;7.6641177;Abitazione;Prima del 1919;Nessuno;Patrimonio indisponibile;Utilizzato direttamente;Altro;;;;1;False
694756;L219;1241;131;9;66.0;FABBRICATO;corso vittorio emanuele ii;119;45.0677162;7.6641177;Abitazione;Prima del 1919;Nessuno;Patrimonio indisponibile;Utilizzato direttamente;Altro;;;;1;False
694757;L219;1427;118;2;454.0;FABBRICATO;corso siracusa;225;45.033196;7.6345169;Impianto sportivo;Dal 1961 al 1970;Nessuno;Patrimonio indisponibile;Utilizzato direttamente;Altro;;;;1;False
694758;L219;1427;124;;662.86;FABBRICATO;Via Carlo del Prete;79;45.0344615;7.6363508;Ufficio strutturato ed assimilabili;Dal 1991 al 2000;Nessuno;Patrimonio indisponibile;Utilizzato direttamente;Attività amministrativa/uffici pubblici;;;;1;False
694760;L219;1427;43;;459.0;FABBRICATO;corso siracusa;219;45.0343097;7.6347562;Ospedali, case di cura, cliniche e assimilabili;Dal 1961 al 1970;Nessuno;Patrimonio indisponibile;Utilizzato direttamente;Servizi assistenza socio-sanitaria (non residenziali);;;;1;False
694761;L219;1242;91;1;6023.25;FABBRICATO;via revel ottavio conte thaon di;8;45.0687671;7.6697917;Edificio scolastico (es.: scuola di ogni ordine e grado, università, scuola di formazione);Prima del 1919;Dichiarazione di interesse culturale;Demanio;Utilizzato direttamente;Attività didattica;;;;1;False
694762;L219;1242;91;2;56.0;FABBRICATO;via revel ottavio conte thaon di;8;45.0687671;7.6697917;Abitazione;Prima del 1919;Dichiarazione di interesse culturale;Demanio;Utilizzato direttamente;Alloggio di servizio, foresterie;;;;1;False
694763;L219;1242;91;3;72.0;FABBRICATO;via revel ottavio conte thaon di;8;45.0687671;7.6697917;Abitazione;Prima del 1919;Dichiarazione di interesse culturale;Demanio;Utilizzato direttamente;Alloggio di servizio, foresterie;;;;1;False
694764;L219;1242;91;4;40.0;FABBRICATO;via revel ottavio conte thaon di;8;45.0687671;7.6697917;Abitazione;Prima del 1919;Dichiarazione di interesse culturale;Demanio;Utilizzato direttamente;Alloggio di servizio, foresterie;;;;1;False
694765;L219;1243;159;43;54.0;FABBRICATO;via stampatori;8 Bis;45.07242169;7.6779537;Locale commerciale, negozio;Prima del 1919;Dichiarazione di interesse culturale;Demanio;Utilizzato direttamente;Attività commerciale e di ristorazione;;;;1;False
694766;L219;1243;159;46;43.0;FABBRICATO;Via Stampatori;10;45.07242169;7.6779537;Abitazione;Prima del 1919;Dichiarazione di interesse culturale;Demanio;Utilizzato direttamente;Altro;;;;1;False
694767;L219;1243;159;47;83.0;FABBRICATO;Via Stampatori;10;45.07242169;7.6779537;Abitazione;Prima del 1919;Dichiarazione di interesse culturale;Demanio;Utilizzato direttamente;Altro;;;;1;False
694768;L219;1243;159;48;39.0;FABBRICATO;Via Stampatori;10;45.07242169;7.6779537;Abitazione;Prima del 1919;Dichiarazione di interesse culturale;Demanio;Utilizzato direttamente;Altro;;;;1;False
694769;L219;1243;159;49;76.0;FABBRICATO;Via Stampatori;10;45.07242169;7.6779537;Abitazione;Prima del 1919;Dichiarazione di interesse culturale;Demanio;Utilizzato direttamente;Altro;;;;1;False
694770;L219;1243;159;50;37.0;FABBRICATO;Via Stampatori;10;45.07242169;7.6779537;Abitazione;Prima del 1919;Dichiarazione di interesse culturale;Demanio;Utilizzato direttamente;Altro;;;;1;False
694771;L219;1243;159;51;77.0;FABBRICATO;Via Stampatori;10;45.07242169;7.6779537;Abitazione;Prima del 1919;Dichiarazione di interesse culturale;Demanio;Utilizzato direttamente;Altro;;;;1;False
694772;L219;1243;159;52;102.0;FABBRICATO;Via Stampatori;12;45.07242169;7.6779537;Impianto sportivo;Prima del 1919;Dichiarazione di interesse culturale;Demanio;;Non Dichiarato;in concessione a titolo oneroso;3225.0;01/05/2009;1;False
694773;L219;1243;159;53;19.0;FABBRICATO;Via Stampatori;10;45.07242169;7.6779537;Cantina, soffitta, rimessa, box, garage, posto auto aperto/scoperto,;Prima del 1919;Dichiarazione di interesse culturale;Demanio;Utilizzato direttamente;Altro;;;;1;False
694774;L219;1243;159;54;13.0;FABBRICATO;via stampatori;10 B;45.07242169;7.6779537;Cantina, soffitta, rimessa, box, garage, posto auto aperto/scoperto,;Prima del 1919;Dichiarazione di interesse culturale;Demanio;Utilizzato direttamente;Altro;;;;1;False
694775;L219;1243;159;55;119.0;FABBRICATO;via stampatori;10 B;45.07242169;7.6779537;Abitazione;Prima del 1919;Dichiarazione di interesse culturale;Demanio;Utilizzato direttamente;Altro;;;;1;False
694776;L219;1243;159;56;94.0;FABBRICATO;via stampatori;10 B;45.07242169;7.6779537;Abitazione;Prima del 1919;Dichiarazione di interesse culturale;Demanio;Utilizzato direttamente;Altro;;;;1;False
694777;L219;1243;159;57;22.0;FABBRICATO;via stampatori;10 B;45.07242169;7.6779537;Cantina, soffitta, rimessa, box, garage, posto auto aperto/scoperto,;Prima del 1919;Dichiarazione di interesse culturale;Demanio;Utilizzato direttamente;Altro;;;;1;False
694778;L219;1243;159;58;114.0;FABBRICATO;via stampatori;10 B;45.07242169;7.6779537;Abitazione;Prima del 1919;Dichiarazione di interesse culturale;Demanio;Utilizzato direttamente;Altro;;;;1;False
694779;L219;1243;159;59;65.0;FABBRICATO;via stampatori;10 B;45.07242169;7.6779537;Abitazione;Prima del 1919;Dichiarazione di interesse culturale;Demanio;Utilizzato direttamente;Altro;;;;1;False
694780;L219;1243;159;60;22.0;FABBRICATO;via stampatori;10 B;45.07242169;7.6779537;Cantina, soffitta, rimessa, box, garage, posto auto aperto/scoperto,;Prima del 1919;Dichiarazione di interesse culturale;Demanio;Utilizzato direttamente;Altro;;;;1;False
694781;L219;1243;159;61;117.0;FABBRICATO;via stampatori;10 B;45.07242169;7.6779537;Abitazione;Prima del 1919;Dichiarazione di interesse culturale;Demanio;Utilizzato direttamente;Altro;;;;1;False
694782;L219;1243;159;62;61.0;FABBRICATO;via stampatori;10 B;45.07242169;7.6779537;Abitazione;Prima del 1919;Dichiarazione di interesse culturale;Demanio;Utilizzato direttamente;Altro;;;;1;False
694783;L219;1243;159;63;53.0;FABBRICATO;Via Stampatori;12;45.07242169;7.6779537;Locale commerciale, negozio;Prima del 1919;Dichiarazione di interesse culturale;Demanio;Utilizzato direttamente;Attività commerciale e di ristorazione;;;;1;False
694784;L219;1243;159;64;46.0;FABBRICATO;Via Stampatori;12;45.07242169;7.6779537;Locale commerciale, negozio;Prima del 1919;Dichiarazione di interesse culturale;Demanio;Utilizzato direttamente;Attività commerciale e di ristorazione;;;;1;False
694785;L219;1243;159;67;70.0;FABBRICATO;Via Stampatori;12;45.07242169;7.6779537;Ufficio strutturato ed assimilabili;Prima del 1919;Dichiarazione di interesse culturale;Demanio;Utilizzato direttamente;Attività amministrativa/uffici pubblici;;;;1;False
694786;L219;1243;159;68;98.0;FABBRICATO;Via Stampatori;0;45.07242169;7.6779537;Abitazione;Prima del 1919;Dichiarazione di interesse culturale;Demanio;Utilizzato direttamente;Altro;;;;1;False
694787;L219;1243;159;69;85.0;FABBRICATO;Via Stampatori;0;45.07242169;7.6779537;Abitazione;Prima del 1919;Dichiarazione di interesse culturale;Demanio;Utilizzato direttamente;Altro;;;;1;False
694788;L219;1243;159;70;94.0;FABBRICATO;Via Stampatori;0;45.07242169;7.6779537;Abitazione;Prima del 1919;Dichiarazione di interesse culturale;Demanio;Utilizzato direttamente;Altro;;;;1;False
694789;L219;1243;159;71;85.0;FABBRICATO;Via Stampatori;0;45.07242169;7.6779537;Abitazione;Prima del 1919;Dichiarazione di interesse culturale;Demanio;Utilizzato direttamente;Altro;;;;1;False
694790;L219;1243;159;72;93.0;FABBRICATO;Via Stampatori;0;45.07242169;7.6779537;Abitazione;Prima del 1919;Dichiarazione di interesse culturale;Demanio;Utilizzato direttamente;Altro;;;;1;False
694791;L219;1243;159;73;98.0;FABBRICATO;via stampatori;12 B;45.07242169;7.6779537;Abitazione;Prima del 1919;Dichiarazione di interesse culturale;Demanio;Utilizzato direttamente;Altro;;;;1;False
694792;L219;1243;159;74;94.0;FABBRICATO;via stampatori;12 B;45.07242169;7.6779537;Abitazione;Prima del 1919;Dichiarazione di interesse culturale;Demanio;Utilizzato direttamente;Altro;;;;1;False
694793;L219;1243;159;75;98.0;FABBRICATO;via stampatori;12 B;45.07242169;7.6779537;Abitazione;Prima del 1919;Dichiarazione di interesse culturale;Demanio;Utilizzato direttamente;Altro;;;;1;False
694794;L219;1243;159;76;94.0;FABBRICATO;via stampatori;12 B;45.07242169;7.6779537;Abitazione;Prima del 1919;Dichiarazione di interesse culturale;Demanio;Utilizzato direttamente;Altro;;;;1;False
694795;L219;1243;159;77;99.0;FABBRICATO;via stampatori;12 B;45.07242169;7.6779537;Abitazione;Prima del 1919;Dichiarazione di interesse culturale;Demanio;Utilizzato direttamente;Altro;;;;1;False
694796;L219;1243;159;78;95.0;FABBRICATO;via stampatori;12 B;45.07242169;7.6779537;Abitazione;Prima del 1919;Dichiarazione di interesse culturale;Demanio;Utilizzato direttamente;Altro;;;;1;False
694797;L219;1243;159;79;68.0;FABBRICATO;Via Stampatori;16;45.07242169;7.6779537;Locale commerciale, negozio;Prima del 1919;Dichiarazione di interesse culturale;Demanio;Utilizzato direttamente;Attività commerciale e di ristorazione;;;;1;False
694798;L219;1243;159;80;45.0;FABBRICATO;Via Santa Maria;6;45.07242169;7.6779537;Locale commerciale, negozio;Prima del 1919;Dichiarazione di interesse culturale;Demanio;;Non Dichiarato;in concessione a titolo oneroso;1704.0;01/03/2021;1;False
694799;L219;1243;159;81;54.0;FABBRICATO;Via Santa Maria;6;45.07242169;7.6779537;Locale commerciale, negozio;Prima del 1919;Dichiarazione di interesse culturale;Demanio;Utilizzato direttamente;Attività commerciale e di ristorazione;;;;1;False
694800;L219;1243;159;82;70.0;FABBRICATO;Via Santa Maria;6;45.07242169;7.6779537;Locale commerciale, negozio;Prima del 1919;Dichiarazione di interesse culturale;Demanio;Utilizzato direttamente;Attività commerciale e di ristorazione;;;;1;False
694801;L219;1243;159;83;107.0;FABBRICATO;via s. maria;6 C;45.07242169;7.6779537;Abitazione;Prima del 1919;Dichiarazione di interesse culturale;Demanio;Utilizzato direttamente;Altro;;;;1;False
694802;L219;1243;159;84;115.0;FABBRICATO;via s. maria;6 C;45.07242169;7.6779537;Abitazione;Prima del 1919;Dichiarazione di interesse culturale;Demanio;Utilizzato direttamente;Altro;;;;1;False
694803;L219;1243;159;85;121.0;FABBRICATO;via s. maria;6 C;45.07242169;7.6779537;Abitazione;Prima del 1919;Dichiarazione di interesse culturale;Demanio;Utilizzato direttamente;Altro;;;;1;False
694804;L219;1243;159;86;72.0;FABBRICATO;via s. maria;6 C;45.07242169;7.6779537;Abitazione;Prima del 1919;Dichiarazione di interesse culturale;Demanio;Utilizzato direttamente;Altro;;;;1;False
694805;L219;1243;159;87;114.0;FABBRICATO;via s. maria;6 C;45.07242169;7.6779537;Abitazione;Prima del 1919;Dichiarazione di interesse culturale;Demanio;Utilizzato direttamente;Altro;;;;1;False
694806;L219;1243;159;88;123.0;FABBRICATO;via s. maria;6 C;45.07242169;7.6779537;Abitazione;Prima del 1919;Dichiarazione di interesse culturale;Demanio;Utilizzato direttamente;Altro;;;;1;False
694807;L219;1243;159;89;71.0;FABBRICATO;via s. maria;6 C;45.07242169;7.6779537;Abitazione;Prima del 1919;Dichiarazione di interesse culturale;Demanio;Utilizzato direttamente;Altro;;;;1;False
694808;L219;1243;159;90;79.0;FABBRICATO;via s. maria;6 C;45.07242169;7.6779537;Abitazione;Prima del 1919;Dichiarazione di interesse culturale;Demanio;Utilizzato direttamente;Altro;;;;1;False
694809;L219;1243;159;91;37.0;FABBRICATO;via s. maria;6 C;45.07242169;7.6779537;Abitazione;Prima del 1919;Dichiarazione di interesse culturale;Demanio;Utilizzato direttamente;Altro;;;;1;False
694810;L219;1243;159;92;122.0;FABBRICATO;via s. maria;6 C;45.07242169;7.6779537;Abitazione;Prima del 1919;Dichiarazione di interesse culturale;Demanio;Utilizzato direttamente;Altro;;;;1;False
694811;L219;1243;159;93;80.0;FABBRICATO;via s. maria;6 C;45.07242169;7.6779537;Abitazione;Prima del 1919;Dichiarazione di interesse culturale;Demanio;Utilizzato direttamente;Altro;;;;1;False
694812;L219;1243;159;94;115.0;FABBRICATO;via s. maria;6 C;45.07242169;7.6779537;Abitazione;Prima del 1919;Dichiarazione di interesse culturale;Demanio;Utilizzato direttamente;Altro;;;;1;False
694813;L219;1243;159;95;143.0;FABBRICATO;via s. maria;6 C;45.07242169;7.6779537;Abitazione;Prima del 1919;Dichiarazione di interesse culturale;Demanio;Utilizzato direttamente;Altro;;;;1;False
694814;L219;1243;159;96;50.0;FABBRICATO;via s. maria;6 C;45.07242169;7.6779537;Abitazione;Prima del 1919;Dichiarazione di interesse culturale;Demanio;Utilizzato direttamente;Altro;;;;1;False
694815;L219;1243;159;97;77.0;FABBRICATO;via s. maria;6 C;45.07242169;7.6779537;Abitazione;Prima del 1919;Dichiarazione di interesse culturale;Demanio;Utilizzato direttamente;Altro;;;;1;False
694816;L219;1243;159;98;82.0;FABBRICATO;Via Stampatori;10;45.07242169;7.6779537;Locale commerciale, negozio;Prima del 1919;Dichiarazione di interesse culturale;Demanio;Utilizzato direttamente;Attività commerciale e di ristorazione;;;;1;False
694817;L219;1243;159;99;317.0;FABBRICATO;Via Stampatori;12;45.07242169;7.6779537;Impianto sportivo;Prima del 1919;Dichiarazione di interesse culturale;Demanio;;Non Dichiarato;in concessione a titolo oneroso;3225.0;01/05/2009;1;False
694818;L219;1427;76;;107.0;FABBRICATO;Via Eleonora d'Arborea;51;45.0322341;7.6382905;Locale commerciale, negozio;Dal 1919 al 1945;Nessuno;Patrimonio indisponibile;Utilizzato direttamente;Attività commerciale e di ristorazione;;;;1;False
694819;L219;1427;77;1;48.0;FABBRICATO;Via Lamberto de Bernardi;2;45.0320387;7.6381606;Abitazione;Dal 1919 al 1945;Nessuno;Patrimonio indisponibile;Utilizzato direttamente;Altro;;;;1;False
694820;L219;1427;77;10;64.0;FABBRICATO;Via Lamberto de Bernardi;2;45.0320387;7.6381606;Abitazione;Dal 1919 al 1945;Nessuno;Patrimonio indisponibile;Utilizzato direttamente;Altro;;;;1;False
694821;L219;1427;77;11;48.0;FABBRICATO;Via Lamberto de Bernardi;2;45.0320387;7.6381606;Abitazione;Dal 1919 al 1945;Nessuno;Patrimonio indisponibile;Utilizzato direttamente;Altro;;;;1;False
694822;L219;1427;77;12;64.0;FABBRICATO;Via Lamberto de Bernardi;2;45.0320387;7.6381606;Abitazione;Dal 1919 al 1945;Nessuno;Patrimonio indisponibile;Utilizzato direttamente;Altro;;;;1;False
694823;L219;1427;77;13;48.0;FABBRICATO;Via Lamberto de Bernardi;2;45.0320387;7.6381606;Abitazione;Dal 1919 al 1945;Nessuno;Patrimonio indisponibile;Utilizzato direttamente;Altro;;;;1;False
694824;L219;1427;77;14;82.0;FABBRICATO;Via Lamberto de Bernardi;2;45.0320387;7.6381606;Abitazione;Dal 1919 al 1945;Nessuno;Patrimonio indisponibile;Utilizzato direttamente;Altro;;;;1;False
694825;L219;1427;77;15;64.0;FABBRICATO;Via Lamberto de Bernardi;2;45.0320387;7.6381606;Abitazione;Dal 1919 al 1945;Nessuno;Patrimonio indisponibile;Utilizzato direttamente;Altro;;;;1;False
694826;L219;1427;77;16;58.0;FABBRICATO;Via Lamberto de Bernardi;2;45.0320387;7.6381606;Abitazione;Dal 1919 al 1945;Nessuno;Patrimonio indisponibile;Utilizzato direttamente;Altro;;;;1;False
694827;L219;1427;77;17;64.0;FABBRICATO;Via Lamberto de Bernardi;2;45.0320387;7.6381606;Abitazione;Dal 1919 al 1945;Nessuno;Patrimonio indisponibile;Utilizzato direttamente;Altro;;;;1;False
694828;L219;1427;77;18;59.0;FABBRICATO;Via Lamberto de Bernardi;2;45.0320387;7.6381606;Abitazione;Dal 1919 al 1945;Nessuno;Patrimonio indisponibile;Utilizzato direttamente;Altro;;;;1;False
694829;L219;1427;77;19;64.0;FABBRICATO;Via Lamberto de Bernardi;2;45.0320387;7.6381606;Abitazione;Dal 1919 al 1945;Nessuno;Patrimonio indisponibile;Utilizzato direttamente;Altro;;;;1;False
694830;L219;1427;77;2;48.0;FABBRICATO;Via Lamberto de Bernardi;2;45.0320387;7.6381606;Abitazione;Dal 1919 al 1945;Nessuno;Patrimonio indisponibile;Utilizzato direttamente;Altro;;;;1;False
694831;L219;1427;77;20;57.0;FABBRICATO;Via Lamberto de Bernardi;2;45.0320387;7.6381606;Abitazione;Dal 1919 al 1945;Nessuno;Patrimonio indisponibile;Utilizzato direttamente;Altro;;;;1;False
694832;L219;1427;77;21;48.0;FABBRICATO;Via Lamberto de Bernardi;2;45.0320387;7.6381606;Abitazione;Dal 1919 al 1945;Nessuno;Patrimonio indisponibile;Utilizzato direttamente;Altro;;;;1;False
694833;L219;1427;77;22;48.0;FABBRICATO;Via Lamberto de Bernardi;2;45.0320387;7.6381606;Abitazione;Dal 1919 al 1945;Nessuno;Patrimonio indisponibile;Utilizzato direttamente;Altro;;;;1;False
694834;L219;1427;77;23;48.0;FABBRICATO;Via Lamberto de Bernardi;2;45.0320387;7.6381606;Abitazione;Dal 1919 al 1945;Nessuno;Patrimonio indisponibile;Utilizzato direttamente;Altro;;;;1;False
694835;L219;1427;77;24;48.0;FABBRICATO;Via Lamberto de Bernardi;2;45.0320387;7.6381606;Abitazione;Dal 1919 al 1945;Nessuno;Patrimonio indisponibile;Utilizzato direttamente;Altro;;;;1;False
694836;L219;1427;77;26;48.0;FABBRICATO;Via Lamberto de Bernardi;2;45.0320387;7.6381606;Abitazione;Dal 1919 al 1945;Nessuno;Patrimonio indisponibile;Utilizzato direttamente;Altro;;;;1;False
694837;L219;1427;77;27;57.0;FABBRICATO;Via Lamberto de Bernardi;2;45.0320387;7.6381606;Abitazione;Dal 1919 al 1945;Nessuno;Patrimonio indisponibile;Utilizzato direttamente;Altro;;;;1;False
694838;L219;1427;77;28;48.0;FABBRICATO;Via Lamberto de Bernardi;2;45.0320387;7.6381606;Abitazione;Dal 1919 al 1945;Nessuno;Patrimonio indisponibile;Utilizzato direttamente;Altro;;;;1;False
694839;L219;1427;77;3;48.0;FABBRICATO;Via Lamberto de Bernardi;2;45.0320387;7.6381606;Abitazione;Dal 1919 al 1945;Nessuno;Patrimonio indisponibile;Utilizzato direttamente;Altro;;;;1;False
694840;L219;1427;77;4;48.0;FABBRICATO;Via Lamberto de Bernardi;2;45.0320387;7.6381606;Abitazione;Dal 1919 al 1945;Nessuno;Patrimonio indisponibile;Utilizzato direttamente;Altro;;;;1;False
694841;L219;1427;77;5;48.0;FABBRICATO;Via Lamberto de Bernardi;2;45.0320387;7.6381606;Abitazione;Dal 1919 al 1945;Nessuno;Patrimonio indisponibile;Utilizzato direttamente;Altro;;;;1;False
694842;L219;1427;77;6;48.0;FABBRICATO;Via Lamberto de Bernardi;2;45.0320387;7.6381606;Abitazione;Dal 1919 al 1945;Nessuno;Patrimonio indisponibile;Utilizzato direttamente;Altro;;;;1;False
694843;L219;1427;77;7;48.0;FABBRICATO;Via Lamberto de Bernardi;2;45.0320387;7.6381606;Abitazione;Dal 1919 al 1945;Nessuno;Patrimonio indisponibile;Utilizzato direttamente;Altro;;;;1;False
694844;L219;1427;77;8;48.0;FABBRICATO;Via Lamberto de Bernardi;2;45.0320387;7.6381606;Abitazione;Dal 1919 al 1945;Nessuno;Patrimonio indisponibile;Utilizzato direttamente;Altro;;;;1;False
694845;L219;1427;77;9;48.0;FABBRICATO;Via Lamberto de Bernardi;2;45.0320387;7.6381606;Abitazione;Dal 1919 al 1945;Nessuno;Patrimonio indisponibile;Utilizzato direttamente;Altro;;;;1;False
694846;L219;1427;78;1;55.0;FABBRICATO;Via Lamberto de Bernardi;2;45.0316332;7.6378617;Abitazione;Dal 1919 al 1945;Nessuno;Patrimonio indisponibile;Utilizzato direttamente;Altro;;;;1;False
694847;L219;1427;78;10;48.0;FABBRICATO;Via Lamberto de Bernardi;2;45.0316332;7.6378617;Abitazione;Dal 1919 al 1945;Nessuno;Patrimonio indisponibile;Utilizzato direttamente;Altro;;;;1;False
694848;L219;1427;78;11;80.0;FABBRICATO;Via Lamberto de Bernardi;2;45.0316332;7.6378617;Abitazione;Dal 1919 al 1945;Nessuno;Patrimonio indisponibile;Utilizzato direttamente;Altro;;;;1;False
694849;L219;1427;78;12;48.0;FABBRICATO;Via Lamberto de Bernardi;2;45.0316332;7.6378617;Abitazione;Dal 1919 al 1945;Nessuno;Patrimonio indisponibile;Utilizzato direttamente;Altro;;;;1;False
694850;L219;1427;78;13;48.0;FABBRICATO;Via Lamberto de Bernardi;2;45.0316332;7.6378617;Abitazione;Dal 1919 al 1945;Nessuno;Patrimonio indisponibile;Utilizzato direttamente;Altro;;;;1;False
694851;L219;1427;78;14;48.0;FABBRICATO;Via Lamberto de Bernardi;2;45.0316332;7.6378617;Abitazione;Dal 1919 al 1945;Nessuno;Patrimonio indisponibile;Utilizzato direttamente;Altro;;;;1;False
694852;L219;1427;78;15;48.0;FABBRICATO;Via Lamberto de Bernardi;2;45.0316332;7.6378617;Abitazione;Dal 1919 al 1945;Nessuno;Patrimonio indisponibile;Utilizzato direttamente;Altro;;;;1;False
694853;L219;1427;78;16;28.0;FABBRICATO;Via Lamberto de Bernardi;2;45.0316332;7.6378617;Locale commerciale, negozio;Dal 1919 al 1945;Nessuno;Patrimonio indisponibile;Utilizzato direttamente;Attività commerciale e di ristorazione;;;;1;False
694854;L219;1427;78;19;48.0;FABBRICATO;Via Lamberto de Bernardi;2;45.0316332;7.6378617;Abitazione;Dal 1919 al 1945;Nessuno;Patrimonio indisponibile;Utilizzato direttamente;Altro;;;;1;False
694855;L219;1427;78;2;53.0;FABBRICATO;Via Lamberto de Bernardi;2;45.0316332;7.6378617;Abitazione;Dal 1919 al 1945;Nessuno;Patrimonio indisponibile;Utilizzato direttamente;Altro;;;;1;False
694856;L219;1427;78;20;48.0;FABBRICATO;Via Lamberto de Bernardi;2;45.0316332;7.6378617;Abitazione;Dal 1919 al 1945;Nessuno;Patrimonio indisponibile;Utilizzato direttamente;Altro;;;;1;False
694857;L219;1427;78;21;122.0;FABBRICATO;Via Lamberto de Bernardi;2;45.0316332;7.6378617;Abitazione;Dal 1919 al 1945;Nessuno;Patrimonio indisponibile;Utilizzato direttamente;Altro;;;;1;False
694858;L219;1427;78;22;119.0;FABBRICATO;Via Lamberto de Bernardi;2;45.0316332;7.6378617;Abitazione;Dal 1919 al 1945;Nessuno;Patrimonio indisponibile;Utilizzato direttamente;Altro;;;;1;False
694859;L219;1427;78;3;48.0;FABBRICATO;Via Lamberto de Bernardi;2;45.0316332;7.6378617;Abitazione;Dal 1919 al 1945;Nessuno;Patrimonio indisponibile;Utilizzato direttamente;Altro;;;;1;False
694860;L219;1427;78;4;48.0;FABBRICATO;Via Lamberto de Bernardi;2;45.0316332;7.6378617;Abitazione;Dal 1919 al 1945;Nessuno;Patrimonio indisponibile;Utilizzato direttamente;Altro;;;;1;False
694861;L219;1427;78;5;48.0;FABBRICATO;Via Lamberto de Bernardi;2;45.0316332;7.6378617;Abitazione;Dal 1919 al 1945;Nessuno;Patrimonio indisponibile;Utilizzato direttamente;Altro;;;;1;False
694862;L219;1427;78;6;48.0;FABBRICATO;Via Lamberto de Bernardi;2;45.0316332;7.6378617;Abitazione;Dal 1919 al 1945;Nessuno;Patrimonio indisponibile;Utilizzato direttamente;Altro;;;;1;False
694863;L219;1427;78;9;48.0;FABBRICATO;Via Lamberto de Bernardi;2;45.0316332;7.6378617;Abitazione;Dal 1919 al 1945;Nessuno;Patrimonio indisponibile;Utilizzato direttamente;Altro;;;;1;False
694871;L219;1427;80;1;470.0;FABBRICATO;Via Lamberto de Bernardi;2;45.0314137;7.6382279;Abitazione;Dal 1919 al 1945;Nessuno;Patrimonio indisponibile;Utilizzato direttamente;Altro;;;;1;False
694872;L219;1427;80;10;305.0;FABBRICATO;Via Lamberto de Bernardi;2;45.0314137;7.6382279;Abitazione;Dal 1919 al 1945;Nessuno;Patrimonio indisponibile;Utilizzato direttamente;Altro;;;;1;False
694873;L219;1427;80;11;248.0;FABBRICATO;Via Lamberto de Bernardi;2;45.0314137;7.6382279;Abitazione;Dal 1919 al 1945;Nessuno;Patrimonio indisponibile;Utilizzato direttamente;Altro;;;;1;False
694874;L219;1427;80;12;431.0;FABBRICATO;Via Lamberto de Bernardi;2;45.0314137;7.6382279;Abitazione;Dal 1919 al 1945;Nessuno;Patrimonio indisponibile;Utilizzato direttamente;Altro;;;;1;False
694875;L219;1427;80;13;297.0;FABBRICATO;Via Lamberto de Bernardi;2;45.0314137;7.6382279;Abitazione;Dal 1919 al 1945;Nessuno;Patrimonio indisponibile;Utilizzato direttamente;Altro;;;;1;False
694876;L219;1427;80;14;311.0;FABBRICATO;Via Lamberto de Bernardi;2;45.0314137;7.6382279;Abitazione;Dal 1919 al 1945;Nessuno;Patrimonio indisponibile;Utilizzato direttamente;Altro;;;;1;False
694877;L219;1427;80;17;327.0;FABBRICATO;Via Lamberto de Bernardi;2;45.0314137;7.6382279;Abitazione;Dal 1919 al 1945;Nessuno;Patrimonio indisponibile;Utilizzato direttamente;Altro;;;;1;False
694878;L219;1427;80;18;340.0;FABBRICATO;Via Lamberto de Bernardi;2;45.0314137;7.6382279;Abitazione;Dal 1919 al 1945;Nessuno;Patrimonio indisponibile;Utilizzato direttamente;Altro;;;;1;False
694879;L219;1427;80;19;335.0;FABBRICATO;Via Lamberto de Bernardi;2;45.0314137;7.6382279;Abitazione;Dal 1919 al 1945;Nessuno;Patrimonio indisponibile;Utilizzato direttamente;Altro;;;;1;False
694880;L219;1427;80;2;369.0;FABBRICATO;Via Lamberto de Bernardi;2;45.0314137;7.6382279;Abitazione;Dal 1919 al 1945;Nessuno;Patrimonio indisponibile;Utilizzato direttamente;Altro;;;;1;False
694881;L219;1427;80;20;335.0;FABBRICATO;Via Lamberto de Bernardi;2;45.0314137;7.6382279;Abitazione;Dal 1919 al 1945;Nessuno;Patrimonio indisponibile;Utilizzato direttamente;Altro;;;;1;False
694882;L219;1427;80;21;86.0;FABBRICATO;Via Lamberto de Bernardi;2;45.0314137;7.6382279;Abitazione;Dal 1919 al 1945;Nessuno;Patrimonio indisponibile;Utilizzato direttamente;Altro;;;;1;False
694883;L219;1427;80;22;340.0;FABBRICATO;Via Lamberto de Bernardi;2;45.0314137;7.6382279;Abitazione;Dal 1919 al 1945;Nessuno;Patrimonio indisponibile;Utilizzato direttamente;Altro;;;;1;False
694884;L219;1427;80;23;147.0;FABBRICATO;Via Lamberto de Bernardi;2;45.0314137;7.6382279;Abitazione;Dal 1919 al 1945;Nessuno;Patrimonio indisponibile;Utilizzato direttamente;Altro;;;;1;False
694885;L219;1427;80;3;324.0;FABBRICATO;Via Lamberto de Bernardi;2;45.0314137;7.6382279;Abitazione;Dal 1919 al 1945;Nessuno;Patrimonio indisponibile;Utilizzato direttamente;Altro;;;;1;False
694886;L219;1427;80;4;369.0;FABBRICATO;Via Lamberto de Bernardi;2;45.0314137;7.6382279;Abitazione;Dal 1919 al 1945;Nessuno;Patrimonio indisponibile;Utilizzato direttamente;Altro;;;;1;False
694887;L219;1427;80;5;340.0;FABBRICATO;Via Lamberto de Bernardi;2;45.0314137;7.6382279;Abitazione;Dal 1919 al 1945;Nessuno;Patrimonio indisponibile;Utilizzato direttamente;Altro;;;;1;False
694888;L219;1427;80;6;327.0;FABBRICATO;Via Lamberto de Bernardi;2;45.0314137;7.6382279;Abitazione;Dal 1919 al 1945;Nessuno;Patrimonio indisponibile;Utilizzato direttamente;Altro;;;;1;False
694889;L219;1427;80;7;341.0;FABBRICATO;Via Lamberto de Bernardi;2;45.0314137;7.6382279;Abitazione;Dal 1919 al 1945;Nessuno;Patrimonio indisponibile;Utilizzato direttamente;Altro;;;;1;False
694890;L219;1427;80;8;341.0;FABBRICATO;Via Lamberto de Bernardi;2;45.0314137;7.6382279;Abitazione;Dal 1919 al 1945;Nessuno;Patrimonio indisponibile;Utilizzato direttamente;Altro;;;;1;False
694891;L219;1427;80;9;231.0;FABBRICATO;Via Lamberto de Bernardi;2;45.0314137;7.6382279;Abitazione;Dal 1919 al 1945;Nessuno;Patrimonio indisponibile;Utilizzato direttamente;Altro;;;;1;False
694892;L219;1243;84;30;54.0;FABBRICATO;Via Giuseppe Barbaroux;31;45.0726799;7.6782398;Locale commerciale, negozio;Prima del 1919;Dichiarazione di interesse culturale;Demanio;Utilizzato direttamente;Attività commerciale e di ristorazione;;;;1;False
694893;L219;1243;84;31;19.0;FABBRICATO;Via Giuseppe Barbaroux;31;45.0726799;7.6782398;Locale commerciale, negozio;Prima del 1919;Dichiarazione di interesse culturale;Demanio;Utilizzato direttamente;Attività commerciale e di ristorazione;;;;1;False
694894;L219;1243;84;32;64.0;FABBRICATO;Via Giuseppe Barbaroux;31;45.0726799;7.6782398;Locale commerciale, negozio;Prima del 1919;Dichiarazione di interesse culturale;Demanio;Utilizzato direttamente;Attività commerciale e di ristorazione;;;;1;False
694895;L219;1243;84;33;64.0;FABBRICATO;Via Giuseppe Barbaroux;31;45.0726799;7.6782398;Locale commerciale, negozio;Prima del 1919;Dichiarazione di interesse culturale;Demanio;Utilizzato direttamente;Attività commerciale e di ristorazione;;;;1;False
694896;L219;1243;84;34;120.0;FABBRICATO;Via Giuseppe Barbaroux;31;45.0726799;7.6782398;Abitazione;Prima del 1919;Dichiarazione di interesse culturale;Demanio;Utilizzato direttamente;Altro;;;;1;False
694897;L219;1243;84;35;86.0;FABBRICATO;Via Giuseppe Barbaroux;31;45.0726799;7.6782398;Abitazione;Prima del 1919;Dichiarazione di interesse culturale;Demanio;Utilizzato direttamente;Altro;;;;1;False
694898;L219;1243;84;36;94.0;FABBRICATO;Via Giuseppe Barbaroux;31;45.0726799;7.6782398;Abitazione;Prima del 1919;Dichiarazione di interesse culturale;Demanio;Utilizzato direttamente;Altro;;;;1;False
694899;L219;1243;84;37;94.0;FABBRICATO;Via Giuseppe Barbaroux;31;45.0726799;7.6782398;Abitazione;Prima del 1919;Dichiarazione di interesse culturale;Demanio;Utilizzato direttamente;Altro;;;;1;False
694900;L219;1243;84;38;120.0;FABBRICATO;Via Giuseppe Barbaroux;31;45.0726799;7.6782398;Abitazione;Prima del 1919;Dichiarazione di interesse culturale;Demanio;Utilizzato direttamente;Altro;;;;1;False
694901;L219;1243;84;39;85.0;FABBRICATO;Via Giuseppe Barbaroux;31;45.0726799;7.6782398;Abitazione;Prima del 1919;Dichiarazione di interesse culturale;Demanio;Utilizzato direttamente;Altro;;;;1;False
694902;L219;1243;84;40;93.0;FABBRICATO;Via Giuseppe Barbaroux;31;45.0726799;7.6782398;Abitazione;Prima del 1919;Dichiarazione di interesse culturale;Demanio;Utilizzato direttamente;Altro;;;;1;False
694903;L219;1243;84;41;94.0;FABBRICATO;Via Giuseppe Barbaroux;31;45.0726799;7.6782398;Abitazione;Prima del 1919;Dichiarazione di interesse culturale;Demanio;Utilizzato direttamente;Altro;;;;1;False
694904;L219;1243;84;42;87.0;FABBRICATO;Via Giuseppe Barbaroux;31;45.0726799;7.6782398;Abitazione;Prima del 1919;Dichiarazione di interesse culturale;Demanio;Utilizzato direttamente;Altro;;;;1;False
694905;L219;1243;84;43;85.0;FABBRICATO;Via Giuseppe Barbaroux;31;45.0726799;7.6782398;Abitazione;Prima del 1919;Dichiarazione di interesse culturale;Demanio;Utilizzato direttamente;Altro;;;;1;False
694906;L219;1243;84;44;94.0;FABBRICATO;Via Giuseppe Barbaroux;31;45.0726799;7.6782398;Abitazione;Prima del 1919;Dichiarazione di interesse culturale;Demanio;Utilizzato direttamente;Altro;;;;1;False
694907;L219;1243;84;45;82.0;FABBRICATO;Via Giuseppe Barbaroux;31;45.0726799;7.6782398;Abitazione;Prima del 1919;Dichiarazione di interesse culturale;Demanio;Utilizzato direttamente;Altro;;;;1;False
694908;L219;1243;85;39;11.0;FABBRICATO;via s. dalmazzo;11;45.0727152;7.6774138;Locale commerciale, negozio;Prima del 1919;Nessuno;Patrimonio indisponibile;Utilizzato direttamente;Attività commerciale e di ristorazione;;;;1;False
694909;L219;1243;85;40;16.0;FABBRICATO;via s. dalmazzo;11;45.0727152;7.6774138;Locale commerciale, negozio;Prima del 1919;Nessuno;Patrimonio indisponibile;Utilizzato direttamente;Attività commerciale e di ristorazione;;;;1;False
694910;L219;1243;85;41;35.0;FABBRICATO;via s. dalmazzo;11;45.0727152;7.6774138;Locale commerciale, negozio;Prima del 1919;Nessuno;Patrimonio indisponibile;Utilizzato direttamente;Attività commerciale e di ristorazione;;;;1;False
694911;L219;1243;85;42;40.0;FABBRICATO;via s. dalmazzo;11;45.0727152;7.6774138;Cantina, soffitta, rimessa, box, garage, posto auto aperto/scoperto,;Prima del 1919;Nessuno;Patrimonio indisponibile;Utilizzato direttamente;Altro;;;;1;False
694912;L219;1243;85;43;50.0;FABBRICATO;via s. dalmazzo;11;45.0727152;7.6774138;Cantina, soffitta, rimessa, box, garage, posto auto aperto/scoperto,;Prima del 1919;Nessuno;Patrimonio indisponibile;Utilizzato direttamente;Altro;;;;1;False
694913;L219;1243;85;44;72.0;FABBRICATO;via s. dalmazzo;11;45.0727152;7.6774138;Abitazione;Prima del 1919;Nessuno;Patrimonio indisponibile;Utilizzato direttamente;Altro;;;;1;False
694914;L219;1243;85;45;98.0;FABBRICATO;via s. dalmazzo;11;45.0727152;7.6774138;Abitazione;Prima del 1919;Nessuno;Patrimonio indisponibile;Utilizzato direttamente;Altro;;;;1;False
694915;L219;1243;85;46;56.0;FABBRICATO;via s. dalmazzo;11;45.0727152;7.6774138;Abitazione;Prima del 1919;Nessuno;Patrimonio indisponibile;Utilizzato direttamente;Altro;;;;1;False
694916;L219;1243;85;47;44.0;FABBRICATO;via s. dalmazzo;11;45.0727152;7.6774138;Abitazione;Prima del 1919;Nessuno;Patrimonio indisponibile;Utilizzato direttamente;Altro;;;;1;False
694917;L219;1243;85;48;72.0;FABBRICATO;via s. dalmazzo;11;45.0727152;7.6774138;Abitazione;Prima del 1919;Nessuno;Patrimonio indisponibile;Utilizzato direttamente;Altro;;;;1;False
694918;L219;1243;85;49;98.0;FABBRICATO;via s. dalmazzo;11;45.0727152;7.6774138;Abitazione;Prima del 1919;Nessuno;Patrimonio indisponibile;Utilizzato direttamente;Altro;;;;1;False
694919;L219;1243;85;50;57.0;FABBRICATO;via s. dalmazzo;11;45.0727152;7.6774138;Abitazione;Prima del 1919;Nessuno;Patrimonio indisponibile;Utilizzato direttamente;Altro;;;;1;False
694920;L219;1243;85;51;44.0;FABBRICATO;via s. dalmazzo;11;45.0727152;7.6774138;Abitazione;Prima del 1919;Nessuno;Patrimonio indisponibile;Utilizzato direttamente;Altro;;;;1;False
694921;L219;1243;85;52;72.0;FABBRICATO;via s. dalmazzo;11;45.0727152;7.6774138;Abitazione;Prima del 1919;Nessuno;Patrimonio indisponibile;Utilizzato direttamente;Altro;;;;1;False
694922;L219;1243;85;53;98.0;FABBRICATO;via s. dalmazzo;11;45.0727152;7.6774138;Abitazione;Prima del 1919;Nessuno;Patrimonio indisponibile;Utilizzato direttamente;Altro;;;;1;False
694923;L219;1243;85;54;57.0;FABBRICATO;via s. dalmazzo;11;45.0727152;7.6774138;Abitazione;Prima del 1919;Nessuno;Patrimonio indisponibile;Utilizzato direttamente;Altro;;;;1;False
694924;L219;1243;85;55;44.0;FABBRICATO;via s. dalmazzo;11;45.0727152;7.6774138;Abitazione;Prima del 1919;Nessuno;Patrimonio indisponibile;Utilizzato direttamente;Altro;;;;1;False
694925;L219;1243;85;56;64.0;FABBRICATO;via s. dalmazzo;11;45.0727152;7.6774138;Abitazione;Prima del 1919;Nessuno;Patrimonio indisponibile;Utilizzato direttamente;Altro;;;;1;False
694926;L219;1243;85;57;88.0;FABBRICATO;via s. dalmazzo;11;45.0727152;7.6774138;Abitazione;Prima del 1919;Nessuno;Patrimonio indisponibile;Utilizzato direttamente;Altro;;;;1;False
694927;L219;1243;85;58;58.0;FABBRICATO;via s. dalmazzo;11;45.0727152;7.6774138;Abitazione;Prima del 1919;Nessuno;Patrimonio indisponibile;Utilizzato direttamente;Altro;;;;1;False
694928;L219;1243;85;59;46.0;FABBRICATO;via s. dalmazzo;11;45.0727152;7.6774138;Abitazione;Prima del 1919;Nessuno;Patrimonio indisponibile;Utilizzato direttamente;Altro;;;;1;False
694929;L219;1245;121;1;64.0;FABBRICATO;via milano;1;45.0733744;7.680619;Locale commerciale, negozio;Prima del 1919;Dichiarazione di interesse culturale;Demanio;;Non Dichiarato;in concessione a titolo oneroso;81335.0;01/10/2014;1;False
694930;L219;1245;121;10;164.0;FABBRICATO;via milano;1 B;45.0733744;7.680619;Locale commerciale, negozio;Prima del 1919;Dichiarazione di interesse culturale;Demanio;Utilizzato direttamente;Attività commerciale e di ristorazione;;;;1;False
694931;L219;1245;121;12;27.0;FABBRICATO;Via Palazzo di Città;3;45.0733744;7.680619;Locale commerciale, negozio;Prima del 1919;Dichiarazione di interesse culturale;Demanio;;Non Dichiarato;in concessione a titolo oneroso;13152.0;01/02/2014;1;False
694932;L219;1245;121;14;30.0;FABBRICATO;Via Gian Francesco Bellezia;2;45.0733744;7.680619;Cantina, soffitta, rimessa, box, garage, posto auto aperto/scoperto,;Prima del 1919;Dichiarazione di interesse culturale;Demanio;Utilizzato direttamente;Attività amministrativa/uffici pubblici;;;;1;False
694933;L219;1245;121;15;138.0;FABBRICATO;VIA BELLEZIA GIAN FRANCESCO;SNC;45.0733744;7.680619;Abitazione;Prima del 1919;Dichiarazione di interesse culturale;Demanio;Utilizzato direttamente;Attività amministrativa/uffici pubblici;;;;1;False
694934;L219;1245;121;16;57.0;FABBRICATO;Via Corte d'Appello;1;45.0733744;7.680619;Abitazione;Prima del 1919;Dichiarazione di interesse culturale;Demanio;Utilizzato direttamente;Attività amministrativa/uffici pubblici;;;;1;False
694935;L219;1245;121;17;14.0;FABBRICATO;VIA CORTE D'APPELLO;SNC;45.0733744;7.680619;Abitazione;Prima del 1919;Dichiarazione di interesse culturale;Demanio;Utilizzato direttamente;Attività amministrativa/uffici pubblici;;;;1;False
694936;L219;1245;121;18;86.0;FABBRICATO;Via Palazzo di Città;1;45.0733744;7.680619;Abitazione;Prima del 1919;Dichiarazione di interesse culturale;Demanio;Utilizzato direttamente;Attività amministrativa/uffici pubblici;;;;1;False
694937;L219;1245;121;19;88.0;FABBRICATO;Via Palazzo di Città;1;45.0733744;7.680619;Abitazione;Prima del 1919;Dichiarazione di interesse culturale;Demanio;Utilizzato direttamente;Attività amministrativa/uffici pubblici;;;;1;False
694938;L219;1245;121;23;186.0;FABBRICATO;via garibaldi giuseppe;14;45.0733744;7.680619;Locale commerciale, negozio;Prima del 1919;Dichiarazione di interesse culturale;Demanio;;Non Dichiarato;in concessione a titolo oneroso;68614.0;01/02/2014;1;False
694939;L219;1245;121;24;389.0;FABBRICATO;via garibaldi giuseppe;14;45.0733744;7.680619;Locale commerciale, negozio;Prima del 1919;Dichiarazione di interesse culturale;Demanio;Utilizzato direttamente;Attività commerciale e di ristorazione;;;;1;False
694940;L219;1245;121;4;25.0;FABBRICATO;via garibaldi giuseppe;14;45.0733744;7.680619;Locale commerciale, negozio;Prima del 1919;Dichiarazione di interesse culturale;Demanio;Utilizzato direttamente;Attività commerciale e di ristorazione;;;;1;False
694941;L219;1245;121;6;56.0;FABBRICATO;via garibaldi giuseppe;14;45.0733744;7.680619;Locale commerciale, negozio;Prima del 1919;Dichiarazione di interesse culturale;Demanio;Utilizzato direttamente;Attività commerciale e di ristorazione;;;;1;False
694942;L219;1245;121;7;54.0;FABBRICATO;via garibaldi giuseppe;14;45.0733744;7.680619;Locale commerciale, negozio;Prima del 1919;Dichiarazione di interesse culturale;Demanio;Utilizzato direttamente;Attività commerciale e di ristorazione;;;;1;False
694943;L219;1245;121;9;22.0;FABBRICATO;via milano;1 D;45.0733744;7.680619;Locale commerciale, negozio;Prima del 1919;Dichiarazione di interesse culturale;Demanio;Utilizzato direttamente;Attività commerciale e di ristorazione;;;;1;False
694950;L219;1245;132;1;24.0;FABBRICATO;VIA CORTE D'APPELLO;SNC;45.0727848;7.6812472;Locale commerciale, negozio;Prima del 1919;Dichiarazione di interesse culturale;Demanio;;Non Dichiarato;in concessione a titolo oneroso;15296.0;01/07/2017;1;False
694951;L219;1245;132;10;67.0;FABBRICATO;VIA CORTE D'APPELLO;SNC;45.0727848;7.6812472;Locale commerciale, negozio;Prima del 1919;Dichiarazione di interesse culturale;Demanio;;Non Dichiarato;in concessione a titolo oneroso;8859.0;01/01/2009;1;False
694952;L219;1245;132;11;21.0;FABBRICATO;VIA CORTE D'APPELLO;SNC;45.0727848;7.6812472;Cantina, soffitta, rimessa, box, garage, posto auto aperto/scoperto,;Prima del 1919;Dichiarazione di interesse culturale;Demanio;Utilizzato direttamente;Attività amministrativa/uffici pubblici;;;;1;False
694953;L219;1245;132;12;21.0;FABBRICATO;VIA CORTE D'APPELLO;SNC;45.0727848;7.6812472;Cantina, soffitta, rimessa, box, garage, posto auto aperto/scoperto,;Prima del 1919;Dichiarazione di interesse culturale;Demanio;Utilizzato direttamente;Attività amministrativa/uffici pubblici;;;;1;False
694954;L219;1245;132;2;77.0;FABBRICATO;VIA CORTE D'APPELLO;SNC;45.0727848;7.6812472;Locale commerciale, negozio;Prima del 1919;Dichiarazione di interesse culturale;Demanio;Utilizzato direttamente;Attività commerciale e di ristorazione;;;;1;False
694955;L219;1245;132;8;41.0;FABBRICATO;Piazza Palazzo di Città;5;45.0727848;7.6812472;Locale commerciale, negozio;Prima del 1919;Dichiarazione di interesse culturale;Demanio;;Non Dichiarato;in concessione a titolo oneroso;5198.0;01/08/2020;1;False
694956;L219;1245;132;9;51.0;FABBRICATO;Piazza Palazzo di Città;5;45.0727848;7.6812472;Magazzino e locali di deposito;Prima del 1919;Dichiarazione di interesse culturale;Demanio;Utilizzato direttamente;Attività amministrativa/uffici pubblici;;;;1;False
694957;L219;1125;90;1;3072.0;FABBRICATO;corso venezia;11;45.0929198;7.6789981;Struttura residenziale collettiva (es.: collegi e convitti, educandati, ricoveri, orfanotrofi, ospizi, conventi, seminari);Prima del 1919;Nessuno;Patrimonio indisponibile;Utilizzato direttamente;Alloggio di servizio, foresterie;;;;1;False
694958;L219;1245;143;120;38.0;FABBRICATO;via palazzo di citta';13;45.0723039;7.6831473;Locale commerciale, negozio;Prima del 1919;Nessuno;Patrimonio indisponibile;Utilizzato direttamente;Attività commerciale e di ristorazione;;;;1;False
694959;L219;1245;143;121;48.0;FABBRICATO;via palazzo di citta';13;45.0723039;7.6831473;Locale commerciale, negozio;Prima del 1919;Nessuno;Patrimonio indisponibile;Utilizzato direttamente;Attività commerciale e di ristorazione;;;;1;False
694960;L219;1245;143;122;102.0;FABBRICATO;via palazzo di citta';11;45.0723039;7.6831473;Abitazione;Prima del 1919;Nessuno;Patrimonio indisponibile;Utilizzato direttamente;Altro;;;;1;False
694961;L219;1245;143;123;86.0;FABBRICATO;via palazzo di citta';11;45.0723039;7.6831473;Abitazione;Prima del 1919;Nessuno;Patrimonio indisponibile;Utilizzato direttamente;Altro;;;;1;False
694962;L219;1245;143;124;102.0;FABBRICATO;via palazzo di citta';11;45.0723039;7.6831473;Abitazione;Prima del 1919;Nessuno;Patrimonio indisponibile;Utilizzato direttamente;Altro;;;;1;False
694963;L219;1245;143;125;86.0;FABBRICATO;via palazzo di citta';11;45.0723039;7.6831473;Abitazione;Prima del 1919;Nessuno;Patrimonio indisponibile;Utilizzato direttamente;Altro;;;;1;False
694964;L219;1245;143;126;33.0;FABBRICATO;via palazzo di citta';11;45.0723039;7.6831473;Cantina, soffitta, rimessa, box, garage, posto auto aperto/scoperto,;Prima del 1919;Nessuno;Patrimonio indisponibile;Utilizzato direttamente;Altro;;;;1;False
694965;L219;1245;143;127;15.0;FABBRICATO;via palazzo di citta';11;45.0723039;7.6831473;Cantina, soffitta, rimessa, box, garage, posto auto aperto/scoperto,;Prima del 1919;Nessuno;Patrimonio indisponibile;Utilizzato direttamente;Altro;;;;1;False
694966;L219;1245;143;128;13.0;FABBRICATO;via palazzo di citta';11;45.0723039;7.6831473;Cantina, soffitta, rimessa, box, garage, posto auto aperto/scoperto,;Prima del 1919;Nessuno;Patrimonio indisponibile;Utilizzato direttamente;Altro;;;;1;False
694967;L219;1245;143;129;13.0;FABBRICATO;via palazzo di citta';11;45.0723039;7.6831473;Cantina, soffitta, rimessa, box, garage, posto auto aperto/scoperto,;Prima del 1919;Nessuno;Patrimonio indisponibile;Utilizzato direttamente;Altro;;;;1;False
694968;L219;1245;143;130;10.0;FABBRICATO;via palazzo di citta';11;45.0723039;7.6831473;Cantina, soffitta, rimessa, box, garage, posto auto aperto/scoperto,;Prima del 1919;Nessuno;Patrimonio indisponibile;Utilizzato direttamente;Altro;;;;1;False
694969;L219;1245;143;131;10.0;FABBRICATO;via palazzo di citta';11;45.0723039;7.6831473;Cantina, soffitta, rimessa, box, garage, posto auto aperto/scoperto,;Prima del 1919;Nessuno;Patrimonio indisponibile;Utilizzato direttamente;Altro;;;;1;False
694970;L219;1245;143;132;15.0;FABBRICATO;via palazzo di citta';11;45.0723039;7.6831473;Cantina, soffitta, rimessa, box, garage, posto auto aperto/scoperto,;Prima del 1919;Nessuno;Patrimonio indisponibile;Utilizzato direttamente;Altro;;;;1;False
694971;L219;1245;143;133;48.0;FABBRICATO;Via Palazzo di Città;9;45.0723039;7.6831473;Locale commerciale, negozio;Prima del 1919;Nessuno;Patrimonio indisponibile;Utilizzato direttamente;Attività commerciale e di ristorazione;;;;1;False
694972;L219;1245;143;134;38.0;FABBRICATO;Via Palazzo di Città;9;45.0723039;7.6831473;Locale commerciale, negozio;Prima del 1919;Nessuno;Patrimonio indisponibile;Utilizzato direttamente;Attività commerciale e di ristorazione;;;;1;False
694973;L219;1245;143;135;85.0;FABBRICATO;via palazzo di citta';11;45.0723039;7.6831473;Abitazione;Prima del 1919;Nessuno;Patrimonio indisponibile;Utilizzato direttamente;Altro;;;;1;False
694974;L219;1245;143;136;91.0;FABBRICATO;via palazzo di citta';11;45.0723039;7.6831473;Abitazione;Prima del 1919;Nessuno;Patrimonio indisponibile;Utilizzato direttamente;Altro;;;;1;False
694975;L219;1245;143;137;85.0;FABBRICATO;via palazzo di citta';11;45.0723039;7.6831473;Abitazione;Prima del 1919;Nessuno;Patrimonio indisponibile;Utilizzato direttamente;Altro;;;;1;False
694976;L219;1245;143;138;92.0;FABBRICATO;via palazzo di citta';11;45.0723039;7.6831473;Abitazione;Prima del 1919;Nessuno;Patrimonio indisponibile;Utilizzato direttamente;Altro;;;;1;False
694977;L219;1245;143;139;13.0;FABBRICATO;via palazzo di citta';11;45.0723039;7.6831473;Cantina, soffitta, rimessa, box, garage, posto auto aperto/scoperto,;Prima del 1919;Nessuno;Patrimonio indisponibile;Utilizzato direttamente;Altro;;;;1;False
694978;L219;1245;143;140;13.0;FABBRICATO;via palazzo di citta';11;45.0723039;7.6831473;Cantina, soffitta, rimessa, box, garage, posto auto aperto/scoperto,;Prima del 1919;Nessuno;Patrimonio indisponibile;Utilizzato direttamente;Altro;;;;1;False
694979;L219;1245;143;141;15.0;FABBRICATO;via palazzo di citta';11;45.0723039;7.6831473;Cantina, soffitta, rimessa, box, garage, posto auto aperto/scoperto,;Prima del 1919;Nessuno;Patrimonio indisponibile;Utilizzato direttamente;Altro;;;;1;False
694980;L219;1245;143;142;23.0;FABBRICATO;via palazzo di citta';11;45.0723039;7.6831473;Cantina, soffitta, rimessa, box, garage, posto auto aperto/scoperto,;Prima del 1919;Nessuno;Patrimonio indisponibile;Utilizzato direttamente;Altro;;;;1;False
694981;L219;1245;143;143;15.0;FABBRICATO;via palazzo di citta';11;45.0723039;7.6831473;Cantina, soffitta, rimessa, box, garage, posto auto aperto/scoperto,;Prima del 1919;Nessuno;Patrimonio indisponibile;Utilizzato direttamente;Altro;;;;1;False
694982;L219;1245;143;144;10.0;FABBRICATO;via palazzo di citta';11;45.0723039;7.6831473;Cantina, soffitta, rimessa, box, garage, posto auto aperto/scoperto,;Prima del 1919;Nessuno;Patrimonio indisponibile;Utilizzato direttamente;Altro;;;;1;False
694983;L219;1245;143;145;10.0;FABBRICATO;via palazzo di citta';11;45.0723039;7.6831473;Cantina, soffitta, rimessa, box, garage, posto auto aperto/scoperto,;Prima del 1919;Nessuno;Patrimonio indisponibile;Utilizzato direttamente;Altro;;;;1;False
694984;L219;1245;143;4;4.0;FABBRICATO;via porta palatina;4;45.0723039;7.6831473;Cantina, soffitta, rimessa, box, garage, posto auto aperto/scoperto,;Prima del 1919;Nessuno;Patrimonio indisponibile;Utilizzato direttamente;Altro;;;;1;False
694985;L219;1428;85;10;59.0;FABBRICATO;via scarsellini angelo;12 G;45.0354907;7.6300452;Abitazione;Dal 1946 al 1960;Nessuno;Patrimonio indisponibile;Utilizzato direttamente;Altro;;;;1;False
694986;L219;1428;85;109;58.0;FABBRICATO;via scarsellini angelo;12 H;45.0354907;7.6300452;Abitazione;Dal 1946 al 1960;Nessuno;Patrimonio indisponibile;Utilizzato direttamente;Altro;;;;1;False
694987;L219;1428;85;112;58.0;FABBRICATO;via scarsellini angelo;12 G;45.0354907;7.6300452;Abitazione;Dal 1946 al 1960;Nessuno;Patrimonio indisponibile;Utilizzato direttamente;Altro;;;;1;False
694988;L219;1428;85;113;39.0;FABBRICATO;via scarsellini angelo;12;45.0354907;7.6300452;Magazzino e locali di deposito;Dal 1946 al 1960;Nessuno;Patrimonio indisponibile;Utilizzato direttamente;Altro;;;;1;False
694989;L219;1428;85;116;61.0;FABBRICATO;Via Angelo Scarsellini;0;45.0354907;7.6300452;Abitazione;Dal 1946 al 1960;Nessuno;Patrimonio indisponibile;Utilizzato direttamente;Altro;;;;1;False
694990;L219;1428;85;117;52.0;FABBRICATO;Via Angelo Scarsellini;0;45.0354907;7.6300452;Abitazione;Dal 1946 al 1960;Nessuno;Patrimonio indisponibile;Utilizzato direttamente;Altro;;;;1;False
694991;L219;1428;85;118;57.0;FABBRICATO;Via Angelo Scarsellini;0;45.0354907;7.6300452;Abitazione;Dal 1946 al 1960;Nessuno;Patrimonio indisponibile;Utilizzato direttamente;Altro;;;;1;False
694992;L219;1428;85;119;62.0;FABBRICATO;Via Angelo Scarsellini;0;45.0354907;7.6300452;Abitazione;Dal 1946 al 1960;Nessuno;Patrimonio indisponibile;Utilizzato direttamente;Altro;;;;1;False
694993;L219;1428;85;12;58.0;FABBRICATO;via scarsellini angelo;12 G;45.0354907;7.6300452;Abitazione;Dal 1946 al 1960;Nessuno;Patrimonio indisponibile;Utilizzato direttamente;Altro;;;;1;False
694994;L219;1428;85;120;62.0;FABBRICATO;Via Angelo Scarsellini;0;45.0354907;7.6300452;Abitazione;Dal 1946 al 1960;Nessuno;Patrimonio indisponibile;Utilizzato direttamente;Altro;;;;1;False
694995;L219;1428;85;121;62.0;FABBRICATO;Via Angelo Scarsellini;0;45.0354907;7.6300452;Abitazione;Dal 1946 al 1960;Nessuno;Patrimonio indisponibile;Utilizzato direttamente;Altro;;;;1;False
694996;L219;1428;85;122;67.0;FABBRICATO;Via Angelo Scarsellini;0;45.0354907;7.6300452;Abitazione;Dal 1946 al 1960;Nessuno;Patrimonio indisponibile;Utilizzato direttamente;Altro;;;;1;False
694997;L219;1428;85;123;66.0;FABBRICATO;Via Angelo Scarsellini;0;45.0354907;7.6300452;Abitazione;Dal 1946 al 1960;Nessuno;Patrimonio indisponibile;Utilizzato direttamente;Altro;;;;1;False
694998;L219;1428;85;124;53.0;FABBRICATO;Via Angelo Scarsellini;0;45.0354907;7.6300452;Abitazione;Dal 1946 al 1960;Nessuno;Patrimonio indisponibile;Utilizzato direttamente;Altro;;;;1;False
694999;L219;1428;85;125;69.0;FABBRICATO;Via Angelo Scarsellini;0;45.0354907;7.6300452;Abitazione;Dal 1946 al 1960;Nessuno;Patrimonio indisponibile;Utilizzato direttamente;Altro;;;;1;False
695000;L219;1428;85;126;60.0;FABBRICATO;Via Angelo Scarsellini;0;45.0354907;7.6300452;Abitazione;Dal 1946 al 1960;Nessuno;Patrimonio indisponibile;Utilizzato direttamente;Altro;;;;1;False
695001;L219;1428;85;127;65.0;FABBRICATO;Via Angelo Scarsellini;0;45.0354907;7.6300452;Abitazione;Dal 1946 al 1960;Nessuno;Patrimonio indisponibile;Utilizzato direttamente;Altro;;;;1;False
695002;L219;1428;85;128;51.0;FABBRICATO;Via Angelo Scarsellini;0;45.0354907;7.6300452;Abitazione;Dal 1946 al 1960;Nessuno;Patrimonio indisponibile;Utilizzato direttamente;Altro;;;;1;False
695003;L219;1428;85;129;63.0;FABBRICATO;Via Angelo Scarsellini;0;45.0354907;7.6300452;Abitazione;Dal 1946 al 1960;Nessuno;Patrimonio indisponibile;Utilizzato direttamente;Altro;;;;1;False
695004;L219;1428;85;13;59.0;FABBRICATO;via scarsellini angelo;12 H;45.0354907;7.6300452;Abitazione;Dal 1946 al 1960;Nessuno;Patrimonio indisponibile;Utilizzato direttamente;Altro;;;;1;False
695005;L219;1428;85;130;63.0;FABBRICATO;Via Angelo Scarsellini;0;45.0354907;7.6300452;Abitazione;Dal 1946 al 1960;Nessuno;Patrimonio indisponibile;Utilizzato direttamente;Altro;;;;1;False
695006;L219;1428;85;131;63.0;FABBRICATO;Via Angelo Scarsellini;0;45.0354907;7.6300452;Abitazione;Dal 1946 al 1960;Nessuno;Patrimonio indisponibile;Utilizzato direttamente;Altro;;;;1;False
695007;L219;1428;85;132;53.0;FABBRICATO;Via Angelo Scarsellini;0;45.0354907;7.6300452;Abitazione;Dal 1946 al 1960;Nessuno;Patrimonio indisponibile;Utilizzato direttamente;Altro;;;;1;False
695008;L219;1428;85;134;60.0;FABBRICATO;Via Angelo Scarsellini;0;45.0354907;7.6300452;Abitazione;Dal 1946 al 1960;Nessuno;Patrimonio indisponibile;Utilizzato direttamente;Altro;;;;1;False
695009;L219;1428;85;135;35.0;FABBRICATO;Via Angelo Scarsellini;0;45.0354907;7.6300452;Cantina, soffitta, rimessa, box, garage, posto auto aperto/scoperto,;Dal 1946 al 1960;Nessuno;Patrimonio indisponibile;Utilizzato direttamente;Altro;;;;1;False
695010;L219;1428;85;136;55.0;FABBRICATO;via scarsellini angelo;12;45.0354907;7.6300452;Abitazione;Dal 1946 al 1960;Nessuno;Patrimonio indisponibile;Utilizzato direttamente;Altro;;;;1;False
695011;L219;1428;85;138;59.0;FABBRICATO;via scarsellini angelo;12 D;45.0354907;7.6300452;Abitazione;Dal 1946 al 1960;Nessuno;Patrimonio indisponibile;Utilizzato direttamente;Altro;;;;1;False
695012;L219;1428;85;139;53.0;FABBRICATO;via scarsellini angelo;12 D;45.0354907;7.6300452;Abitazione;Dal 1946 al 1960;Nessuno;Patrimonio indisponibile;;Non Dichiarato;in concessione a titolo oneroso;22496.0;01/11/2004;1;False
695013;L219;1428;85;14;57.0;FABBRICATO;via scarsellini angelo;12 H;45.0354907;7.6300452;Abitazione;Dal 1946 al 1960;Nessuno;Patrimonio indisponibile;Utilizzato direttamente;Altro;;;;1;False
695014;L219;1428;85;140;59.0;FABBRICATO;via scarsellini angelo;12 D;45.0354907;7.6300452;Abitazione;Dal 1946 al 1960;Nessuno;Patrimonio indisponibile;Utilizzato direttamente;Altro;;;;1;False
695015;L219;1428;85;141;63.0;FABBRICATO;via scarsellini angelo;12 D;45.0354907;7.6300452;Abitazione;Dal 1946 al 1960;Nessuno;Patrimonio indisponibile;Utilizzato direttamente;Altro;;;;1;False
695016;L219;1428;85;142;63.0;FABBRICATO;via scarsellini angelo;12 D;45.0354907;7.6300452;Abitazione;Dal 1946 al 1960;Nessuno;Patrimonio indisponibile;Utilizzato direttamente;Altro;;;;1;False
695017;L219;1428;85;143;53.0;FABBRICATO;via scarsellini angelo;12 D;45.0354907;7.6300452;Abitazione;Dal 1946 al 1960;Nessuno;Patrimonio indisponibile;Utilizzato direttamente;Altro;;;;1;False
695018;L219;1428;85;144;60.0;FABBRICATO;via scarsellini angelo;12 D;45.0354907;7.6300452;Abitazione;Dal 1946 al 1960;Nessuno;Patrimonio indisponibile;Utilizzato direttamente;Altro;;;;1;False
695019;L219;1428;85;145;64.0;FABBRICATO;via scarsellini angelo;12 D;45.0354907;7.6300452;Abitazione;Dal 1946 al 1960;Nessuno;Patrimonio indisponibile;Utilizzato direttamente;Altro;;;;1;False
695020;L219;1428;85;146;64.0;FABBRICATO;via scarsellini angelo;12 D;45.0354907;7.6300452;Abitazione;Dal 1946 al 1960;Nessuno;Patrimonio indisponibile;Utilizzato direttamente;Altro;;;;1;False
695021;L219;1428;85;147;53.0;FABBRICATO;via scarsellini angelo;12 D;45.0354907;7.6300452;Abitazione;Dal 1946 al 1960;Nessuno;Patrimonio indisponibile;Utilizzato direttamente;Altro;;;;1;False
695022;L219;1428;85;148;59.0;FABBRICATO;via scarsellini angelo;12 D;45.0354907;7.6300452;Abitazione;Dal 1946 al 1960;Nessuno;Patrimonio indisponibile;Utilizzato direttamente;Altro;;;;1;False
695023;L219;1428;85;149;63.0;FABBRICATO;via scarsellini angelo;12 D;45.0354907;7.6300452;Abitazione;Dal 1946 al 1960;Nessuno;Patrimonio indisponibile;Utilizzato direttamente;Altro;;;;1;False
695024;L219;1428;85;15;60.0;FABBRICATO;via scarsellini angelo;12 H;45.0354907;7.6300452;Abitazione;Dal 1946 al 1960;Nessuno;Patrimonio indisponibile;Utilizzato direttamente;Altro;;;;1;False
695025;L219;1428;85;151;52.0;FABBRICATO;via scarsellini angelo;12 D;45.0354907;7.6300452;Abitazione;Dal 1946 al 1960;Nessuno;Patrimonio indisponibile;Utilizzato direttamente;Altro;;;;1;False
695026;L219;1428;85;152;59.0;FABBRICATO;via scarsellini angelo;12 D;45.0354907;7.6300452;Abitazione;Dal 1946 al 1960;Nessuno;Patrimonio indisponibile;Utilizzato direttamente;Altro;;;;1;False
695027;L219;1428;85;153;63.0;FABBRICATO;via scarsellini angelo;12 D;45.0354907;7.6300452;Abitazione;Dal 1946 al 1960;Nessuno;Patrimonio indisponibile;Utilizzato direttamente;Altro;;;;1;False
695028;L219;1428;85;154;63.0;FABBRICATO;via scarsellini angelo;12 D;45.0354907;7.6300452;Abitazione;Dal 1946 al 1960;Nessuno;Patrimonio indisponibile;Utilizzato direttamente;Altro;;;;1;False
695029;L219;1428;85;155;52.0;FABBRICATO;via scarsellini angelo;12 D;45.0354907;7.6300452;Abitazione;Dal 1946 al 1960;Nessuno;Patrimonio indisponibile;Utilizzato direttamente;Altro;;;;1;False
695030;L219;1428;85;156;59.0;FABBRICATO;via scarsellini angelo;12 D;45.0354907;7.6300452;Abitazione;Dal 1946 al 1960;Nessuno;Patrimonio indisponibile;Utilizzato direttamente;Altro;;;;1;False
695031;L219;1428;85;157;62.0;FABBRICATO;via scarsellini angelo;12 D;45.0354907;7.6300452;Abitazione;Dal 1946 al 1960;Nessuno;Patrimonio indisponibile;Utilizzato direttamente;Altro;;;;1;False
695032;L219;1428;85;158;35.0;FABBRICATO;via scarsellini angelo;12 D;45.0354907;7.6300452;Cantina, soffitta, rimessa, box, garage, posto auto aperto/scoperto,;Dal 1946 al 1960;Nessuno;Patrimonio indisponibile;Utilizzato direttamente;Altro;;;;1;False
695033;L219;1428;85;159;13.0;FABBRICATO;via scarsellini angelo;12 D;45.0354907;7.6300452;Cantina, soffitta, rimessa, box, garage, posto auto aperto/scoperto,;Dal 1946 al 1960;Nessuno;Patrimonio indisponibile;Utilizzato direttamente;Altro;;;;1;False
695034;L219;1428;85;16;57.0;FABBRICATO;via scarsellini angelo;12 H;45.0354907;7.6300452;Abitazione;Dal 1946 al 1960;Nessuno;Patrimonio indisponibile;Utilizzato direttamente;Altro;;;;1;False
695035;L219;1428;85;160;53.0;FABBRICATO;via scarsellini angelo;12 B;45.0354907;7.6300452;Abitazione;Dal 1946 al 1960;Nessuno;Patrimonio indisponibile;Utilizzato direttamente;Altro;;;;1;False
695036;L219;1428;85;161;59.0;FABBRICATO;via scarsellini angelo;12 B;45.0354907;7.6300452;Abitazione;Dal 1946 al 1960;Nessuno;Patrimonio indisponibile;Utilizzato direttamente;Altro;;;;1;False
695037;L219;1428;85;162;61.0;FABBRICATO;via scarsellini angelo;12 B;45.0354907;7.6300452;Abitazione;Dal 1946 al 1960;Nessuno;Patrimonio indisponibile;Utilizzato direttamente;Altro;;;;1;False
695038;L219;1428;85;165;62.0;FABBRICATO;via scarsellini angelo;12 B;45.0354907;7.6300452;Abitazione;Dal 1946 al 1960;Nessuno;Patrimonio indisponibile;Utilizzato direttamente;Altro;;;;1;False
695039;L219;1428;85;166;62.0;FABBRICATO;via scarsellini angelo;12 B;45.0354907;7.6300452;Abitazione;Dal 1946 al 1960;Nessuno;Patrimonio indisponibile;Utilizzato direttamente;Altro;;;;1;False
695040;L219;1428;85;167;54.0;FABBRICATO;via scarsellini angelo;12;45.0354907;7.6300452;Abitazione;Dal 1946 al 1960;Nessuno;Patrimonio indisponibile;Utilizzato direttamente;Altro;;;;1;False
695041;L219;1428;85;168;62.0;FABBRICATO;via scarsellini angelo;12 B;45.0354907;7.6300452;Abitazione;Dal 1946 al 1960;Nessuno;Patrimonio indisponibile;Utilizzato direttamente;Altro;;;;1;False
695042;L219;1428;85;169;62.0;FABBRICATO;via scarsellini angelo;12 B;45.0354907;7.6300452;Abitazione;Dal 1946 al 1960;Nessuno;Patrimonio indisponibile;Utilizzato direttamente;Altro;;;;1;False
695043;L219;1428;85;170;60.0;FABBRICATO;via scarsellini angelo;12 B;45.0354907;7.6300452;Abitazione;Dal 1946 al 1960;Nessuno;Patrimonio indisponibile;Utilizzato direttamente;Altro;;;;1;False
695044;L219;1428;85;171;62.0;FABBRICATO;via scarsellini angelo;12 B;45.0354907;7.6300452;Abitazione;Dal 1946 al 1960;Nessuno;Patrimonio indisponibile;Utilizzato direttamente;Altro;;;;1;False
695045;L219;1428;85;172;66.0;FABBRICATO;via scarsellini angelo;12 B;45.0354907;7.6300452;Abitazione;Dal 1946 al 1960;Nessuno;Patrimonio indisponibile;Utilizzato direttamente;Altro;;;;1;False
695046;L219;1428;85;175;61.0;FABBRICATO;via scarsellini angelo;12 B;45.0354907;7.6300452;Abitazione;Dal 1946 al 1960;Nessuno;Patrimonio indisponibile;Utilizzato direttamente;Altro;;;;1;False
695047;L219;1428;85;176;35.0;FABBRICATO;via scarsellini angelo;12 B;45.0354907;7.6300452;Cantina, soffitta, rimessa, box, garage, posto auto aperto/scoperto,;Dal 1946 al 1960;Nessuno;Patrimonio indisponibile;Utilizzato direttamente;Altro;;;;1;False
695048;L219;1428;85;177;56.0;FABBRICATO;via scarsellini angelo;12 B;45.0354907;7.6300452;Abitazione;Dal 1946 al 1960;Nessuno;Patrimonio indisponibile;Utilizzato direttamente;Altro;;;;1;False
695049;L219;1428;85;18;57.0;FABBRICATO;via scarsellini angelo;12 H;45.0354907;7.6300452;Abitazione;Dal 1946 al 1960;Nessuno;Patrimonio indisponibile;Utilizzato direttamente;Altro;;;;1;False
695050;L219;1428;85;180;45.0;FABBRICATO;via scarsellini angelo;12 B;45.0354907;7.6300452;Abitazione;Dal 1946 al 1960;Nessuno;Patrimonio indisponibile;Utilizzato direttamente;Altro;;;;1;False
695051;L219;1428;85;181;61.0;FABBRICATO;via scarsellini angelo;12 C;45.0354907;7.6300452;Abitazione;Dal 1946 al 1960;Nessuno;Patrimonio indisponibile;Utilizzato direttamente;Altro;;;;1;False
695052;L219;1428;85;182;52.0;FABBRICATO;via scarsellini angelo;12 C;45.0354907;7.6300452;Abitazione;Dal 1946 al 1960;Nessuno;Patrimonio indisponibile;Utilizzato direttamente;Altro;;;;1;False
695053;L219;1428;85;183;60.0;FABBRICATO;via scarsellini angelo;12 C;45.0354907;7.6300452;Abitazione;Dal 1946 al 1960;Nessuno;Patrimonio indisponibile;Utilizzato direttamente;Altro;;;;1;False
695054;L219;1428;85;184;61.0;FABBRICATO;via scarsellini angelo;12 C;45.0354907;7.6300452;Abitazione;Dal 1946 al 1960;Nessuno;Patrimonio indisponibile;Utilizzato direttamente;Altro;;;;1;False
695055;L219;1428;85;185;51.0;FABBRICATO;via scarsellini angelo;12 C;45.0354907;7.6300452;Abitazione;Dal 1946 al 1960;Nessuno;Patrimonio indisponibile;Utilizzato direttamente;Altro;;;;1;False
695056;L219;1428;85;186;53.0;FABBRICATO;via scarsellini angelo;12 C;45.0354907;7.6300452;Abitazione;Dal 1946 al 1960;Nessuno;Patrimonio indisponibile;Utilizzato direttamente;Altro;;;;1;False
695057;L219;1428;85;187;61.0;FABBRICATO;via scarsellini angelo;12 C;45.0354907;7.6300452;Abitazione;Dal 1946 al 1960;Nessuno;Patrimonio indisponibile;Utilizzato direttamente;Altro;;;;1;False
695058;L219;1428;85;188;64.0;FABBRICATO;via scarsellini angelo;12 C;45.0354907;7.6300452;Abitazione;Dal 1946 al 1960;Nessuno;Patrimonio indisponibile;Utilizzato direttamente;Altro;;;;1;False
695059;L219;1428;85;189;52.0;FABBRICATO;via scarsellini angelo;12 C;45.0354907;7.6300452;Abitazione;Dal 1946 al 1960;Nessuno;Patrimonio indisponibile;Utilizzato direttamente;Altro;;;;1;False
695060;L219;1428;85;19;61.0;FABBRICATO;via scarsellini angelo;12 H;45.0354907;7.6300452;Abitazione;Dal 1946 al 1960;Nessuno;Patrimonio indisponibile;Utilizzato direttamente;Altro;;;;1;False
695061;L219;1428;85;190;62.0;FABBRICATO;via scarsellini angelo;12 C;45.0354907;7.6300452;Abitazione;Dal 1946 al 1960;Nessuno;Patrimonio indisponibile;Utilizzato direttamente;Altro;;;;1;False
695062;L219;1428;85;191;61.0;FABBRICATO;via scarsellini angelo;12 C;45.0354907;7.6300452;Abitazione;Dal 1946 al 1960;Nessuno;Patrimonio indisponibile;Utilizzato direttamente;Altro;;;;1;False
695063;L219;1428;85;193;50.0;FABBRICATO;via scarsellini angelo;12 C;45.0354907;7.6300452;Abitazione;Dal 1946 al 1960;Nessuno;Patrimonio indisponibile;Utilizzato direttamente;Altro;;;;1;False
695064;L219;1428;85;194;64.0;FABBRICATO;via scarsellini angelo;12 C;45.0354907;7.6300452;Abitazione;Dal 1946 al 1960;Nessuno;Patrimonio indisponibile;Utilizzato direttamente;Altro;;;;1;False
695065;L219;1428;85;195;64.0;FABBRICATO;via scarsellini angelo;12 C;45.0354907;7.6300452;Abitazione;Dal 1946 al 1960;Nessuno;Patrimonio indisponibile;Utilizzato direttamente;Altro;;;;1;False
695066;L219;1428;85;196;52.0;FABBRICATO;via scarsellini angelo;12 C;45.0354907;7.6300452;Abitazione;Dal 1946 al 1960;Nessuno;Patrimonio indisponibile;Utilizzato direttamente;Altro;;;;1;False
695067;L219;1428;85;197;61.0;FABBRICATO;via scarsellini angelo;12 C;45.0354907;7.6300452;Abitazione;Dal 1946 al 1960;Nessuno;Patrimonio indisponibile;Utilizzato direttamente;Altro;;;;1;False
695068;L219;1428;85;198;64.0;FABBRICATO;via scarsellini angelo;12 C;45.0354907;7.6300452;Abitazione;Dal 1946 al 1960;Nessuno;Patrimonio indisponibile;Utilizzato direttamente;Altro;;;;1;False
695069;L219;1428;85;199;35.0;FABBRICATO;via scarsellini angelo;12 C;45.0354907;7.6300452;Cantina, soffitta, rimessa, box, garage, posto auto aperto/scoperto,;Dal 1946 al 1960;Nessuno;Patrimonio indisponibile;Utilizzato direttamente;Altro;;;;1;False
695070;L219;1428;85;2;59.0;FABBRICATO;via scarsellini angelo;12 G;45.0354907;7.6300452;Abitazione;Dal 1946 al 1960;Nessuno;Patrimonio indisponibile;Utilizzato direttamente;Altro;;;;1;False
695071;L219;1428;85;20;60.0;FABBRICATO;via scarsellini angelo;12 H;45.0354907;7.6300452;Abitazione;Dal 1946 al 1960;Nessuno;Patrimonio indisponibile;Utilizzato direttamente;Altro;;;;1;False
695072;L219;1428;85;201;58.0;FABBRICATO;via scarsellini angelo;12 C;45.0354907;7.6300452;Abitazione;Dal 1946 al 1960;Nessuno;Patrimonio indisponibile;Utilizzato direttamente;Altro;;;;1;False
695073;L219;1428;85;203;51.0;FABBRICATO;via scarsellini angelo;12 E;45.0354907;7.6300452;Abitazione;Dal 1946 al 1960;Nessuno;Patrimonio indisponibile;Utilizzato direttamente;Altro;;;;1;False
695074;L219;1428;85;204;59.0;FABBRICATO;via scarsellini angelo;12 E;45.0354907;7.6300452;Abitazione;Dal 1946 al 1960;Nessuno;Patrimonio indisponibile;Utilizzato direttamente;Altro;;;;1;False
695075;L219;1428;85;205;62.0;FABBRICATO;via scarsellini angelo;12 E;45.0354907;7.6300452;Abitazione;Dal 1946 al 1960;Nessuno;Patrimonio indisponibile;Utilizzato direttamente;Altro;;;;1;False
695076;L219;1428;85;206;65.0;FABBRICATO;via scarsellini angelo;12 E;45.0354907;7.6300452;Abitazione;Dal 1946 al 1960;Nessuno;Patrimonio indisponibile;Utilizzato direttamente;Altro;;;;1;False
695077;L219;1428;85;207;53.0;FABBRICATO;via scarsellini angelo;12 E;45.0354907;7.6300452;Abitazione;Dal 1946 al 1960;Nessuno;Patrimonio indisponibile;Utilizzato direttamente;Altro;;;;1;False
695078;L219;1428;85;208;61.0;FABBRICATO;via scarsellini angelo;12 E;45.0354907;7.6300452;Abitazione;Dal 1946 al 1960;Nessuno;Patrimonio indisponibile;Utilizzato direttamente;Altro;;;;1;False
695079;L219;1428;85;209;64.0;FABBRICATO;via scarsellini angelo;12 E;45.0354907;7.6300452;Abitazione;Dal 1946 al 1960;Nessuno;Patrimonio indisponibile;Utilizzato direttamente;Altro;;;;1;False
695080;L219;1428;85;21;58.0;FABBRICATO;via scarsellini angelo;12 H;45.0354907;7.6300452;Abitazione;Dal 1946 al 1960;Nessuno;Patrimonio indisponibile;Utilizzato direttamente;Altro;;;;1;False
695081;L219;1428;85;210;64.0;FABBRICATO;via scarsellini angelo;12 E;45.0354907;7.6300452;Abitazione;Dal 1946 al 1960;Nessuno;Patrimonio indisponibile;Utilizzato direttamente;Altro;;;;1;False
695082;L219;1428;85;211;53.0;FABBRICATO;via scarsellini angelo;12 E;45.0354907;7.6300452;Abitazione;Dal 1946 al 1960;Nessuno;Patrimonio indisponibile;Utilizzato direttamente;Altro;;;;1;False
695083;L219;1428;85;212;60.0;FABBRICATO;via scarsellini angelo;12 E;45.0354907;7.6300452;Abitazione;Dal 1946 al 1960;Nessuno;Patrimonio indisponibile;Utilizzato direttamente;Altro;;;;1;False
695084;L219;1428;85;213;61.0;FABBRICATO;via scarsellini angelo;12 E;45.0354907;7.6300452;Abitazione;Dal 1946 al 1960;Nessuno;Patrimonio indisponibile;Utilizzato direttamente;Altro;;;;1;False
695085;L219;1428;85;214;60.0;FABBRICATO;via scarsellini angelo;12 E;45.0354907;7.6300452;Abitazione;Dal 1946 al 1960;Nessuno;Patrimonio indisponibile;Utilizzato direttamente;Altro;;;;1;False
695086;L219;1428;85;215;51.0;FABBRICATO;via scarsellini angelo;12 E;45.0354907;7.6300452;Abitazione;Dal 1946 al 1960;Nessuno;Patrimonio indisponibile;Utilizzato direttamente;Altro;;;;1;False
695087;L219;1428;85;216;62.0;FABBRICATO;via scarsellini angelo;12 E;45.0354907;7.6300452;Abitazione;Dal 1946 al 1960;Nessuno;Patrimonio indisponibile;Utilizzato direttamente;Altro;;;;1;False
695088;L219;1428;85;217;63.0;FABBRICATO;via scarsellini angelo;12 E;45.0354907;7.6300452;Abitazione;Dal 1946 al 1960;Nessuno;Patrimonio indisponibile;Utilizzato direttamente;Altro;;;;1;False
695089;L219;1428;85;218;64.0;FABBRICATO;via scarsellini angelo;12 E;45.0354907;7.6300452;Abitazione;Dal 1946 al 1960;Nessuno;Patrimonio indisponibile;Utilizzato direttamente;Altro;;;;1;False
695090;L219;1428;85;219;52.0;FABBRICATO;via scarsellini angelo;12 E;45.0354907;7.6300452;Abitazione;Dal 1946 al 1960;Nessuno;Patrimonio indisponibile;Utilizzato direttamente;Altro;;;;1;False
695091;L219;1428;85;22;57.0;FABBRICATO;via scarsellini angelo;12 H;45.0354907;7.6300452;Abitazione;Dal 1946 al 1960;Nessuno;Patrimonio indisponibile;Utilizzato direttamente;Altro;;;;1;False
695092;L219;1428;85;220;61.0;FABBRICATO;via scarsellini angelo;12 E;45.0354907;7.6300452;Abitazione;Dal 1946 al 1960;Nessuno;Patrimonio indisponibile;Utilizzato direttamente;Altro;;;;1;False
695093;L219;1428;85;221;64.0;FABBRICATO;via scarsellini angelo;12 E;45.0354907;7.6300452;Abitazione;Dal 1946 al 1960;Nessuno;Patrimonio indisponibile;Utilizzato direttamente;Altro;;;;1;False
695094;L219;1428;85;222;35.0;FABBRICATO;via scarsellini angelo;12 E;45.0354907;7.6300452;Cantina, soffitta, rimessa, box, garage, posto auto aperto/scoperto,;Dal 1946 al 1960;Nessuno;Patrimonio indisponibile;Utilizzato direttamente;Altro;;;;1;False
695095;L219;1428;85;223;62.0;FABBRICATO;via scarsellini angelo;12 F;45.0354907;7.6300452;Abitazione;Dal 1946 al 1960;Nessuno;Patrimonio indisponibile;Utilizzato direttamente;Altro;;;;1;False
695096;L219;1428;85;224;51.0;FABBRICATO;via scarsellini angelo;12 F;45.0354907;7.6300452;Abitazione;Dal 1946 al 1960;Nessuno;Patrimonio indisponibile;Utilizzato direttamente;Altro;;;;1;False
695097;L219;1428;85;225;59.0;FABBRICATO;via scarsellini angelo;12 F;45.0354907;7.6300452;Abitazione;Dal 1946 al 1960;Nessuno;Patrimonio indisponibile;Utilizzato direttamente;Altro;;;;1;False
695098;L219;1428;85;226;63.0;FABBRICATO;via scarsellini angelo;12 F;45.0354907;7.6300452;Abitazione;Dal 1946 al 1960;Nessuno;Patrimonio indisponibile;Utilizzato direttamente;Altro;;;;1;False
695099;L219;1428;85;227;62.0;FABBRICATO;via scarsellini angelo;12 F;45.0354907;7.6300452;Abitazione;Dal 1946 al 1960;Nessuno;Patrimonio indisponibile;Utilizzato direttamente;Altro;;;;1;False
695100;L219;1428;85;228;53.0;FABBRICATO;via scarsellini angelo;12 F;45.0354907;7.6300452;Abitazione;Dal 1946 al 1960;Nessuno;Patrimonio indisponibile;Utilizzato direttamente;Altro;;;;1;False
695101;L219;1428;85;229;61.0;FABBRICATO;via scarsellini angelo;12 F;45.0354907;7.6300452;Abitazione;Dal 1946 al 1960;Nessuno;Patrimonio indisponibile;Utilizzato direttamente;Altro;;;;1;False
695102;L219;1428;85;230;62.0;FABBRICATO;via scarsellini angelo;12 F;45.0354907;7.6300452;Abitazione;Dal 1946 al 1960;Nessuno;Patrimonio indisponibile;Utilizzato direttamente;Altro;;;;1;False
695103;L219;1428;85;231;63.0;FABBRICATO;via scarsellini angelo;12 F;45.0354907;7.6300452;Abitazione;Dal 1946 al 1960;Nessuno;Patrimonio indisponibile;Utilizzato direttamente;Altro;;;;1;False
695104;L219;1428;85;232;53.0;FABBRICATO;via scarsellini angelo;12 F;45.0354907;7.6300452;Abitazione;Dal 1946 al 1960;Nessuno;Patrimonio indisponibile;Utilizzato direttamente;Altro;;;;1;False
695105;L219;1428;85;233;61.0;FABBRICATO;via scarsellini angelo;12 F;45.0354907;7.6300452;Abitazione;Dal 1946 al 1960;Nessuno;Patrimonio indisponibile;Utilizzato direttamente;Altro;;;;1;False
695106;L219;1428;85;234;64.0;FABBRICATO;via scarsellini angelo;12 F;45.0354907;7.6300452;Abitazione;Dal 1946 al 1960;Nessuno;Patrimonio indisponibile;Utilizzato direttamente;Altro;;;;1;False
695107;L219;1428;85;235;64.0;FABBRICATO;via scarsellini angelo;12 F;45.0354907;7.6300452;Abitazione;Dal 1946 al 1960;Nessuno;Patrimonio indisponibile;Utilizzato direttamente;Altro;;;;1;False
695108;L219;1428;85;236;50.0;FABBRICATO;via scarsellini angelo;12 F;45.0354907;7.6300452;Abitazione;Dal 1946 al 1960;Nessuno;Patrimonio indisponibile;Utilizzato direttamente;Altro;;;;1;False
695109;L219;1428;85;237;63.0;FABBRICATO;via scarsellini angelo;12 F;45.0354907;7.6300452;Abitazione;Dal 1946 al 1960;Nessuno;Patrimonio indisponibile;Utilizzato direttamente;Altro;;;;1;False
695110;L219;1428;85;238;66.0;FABBRICATO;via scarsellini angelo;12 F;45.0354907;7.6300452;Abitazione;Dal 1946 al 1960;Nessuno;Patrimonio indisponibile;Utilizzato direttamente;Altro;;;;1;False
695111;L219;1428;85;239;64.0;FABBRICATO;via scarsellini angelo;12 F;45.0354907;7.6300452;Abitazione;Dal 1946 al 1960;Nessuno;Patrimonio indisponibile;Utilizzato direttamente;Altro;;;;1;False
695112;L219;1428;85;24;57.0;FABBRICATO;via scarsellini angelo;12 H;45.0354907;7.6300452;Abitazione;Dal 1946 al 1960;Nessuno;Patrimonio indisponibile;Utilizzato direttamente;Altro;;;;1;False
695113;L219;1428;85;240;52.0;FABBRICATO;via scarsellini angelo;12 F;45.0354907;7.6300452;Abitazione;Dal 1946 al 1960;Nessuno;Patrimonio indisponibile;Utilizzato direttamente;Altro;;;;1;False
695114;L219;1428;85;241;61.0;FABBRICATO;via scarsellini angelo;12 F;45.0354907;7.6300452;Abitazione;Dal 1946 al 1960;Nessuno;Patrimonio indisponibile;Utilizzato direttamente;Altro;;;;1;False
695115;L219;1428;85;242;64.0;FABBRICATO;via scarsellini angelo;12 F;45.0354907;7.6300452;Abitazione;Dal 1946 al 1960;Nessuno;Patrimonio indisponibile;Utilizzato direttamente;Altro;;;;1;False
695116;L219;1428;85;243;35.0;FABBRICATO;via scarsellini angelo;12 F;45.0354907;7.6300452;Cantina, soffitta, rimessa, box, garage, posto auto aperto/scoperto,;Dal 1946 al 1960;Nessuno;Patrimonio indisponibile;Utilizzato direttamente;Altro;;;;1;False
695117;L219;1428;85;25;58.0;FABBRICATO;via scarsellini angelo;12 I;45.0354907;7.6300452;Abitazione;Dal 1946 al 1960;Nessuno;Patrimonio indisponibile;Utilizzato direttamente;Altro;;;;1;False
695118;L219;1428;85;26;61.0;FABBRICATO;via scarsellini angelo;12 I;45.0354907;7.6300452;Abitazione;Dal 1946 al 1960;Nessuno;Patrimonio indisponibile;Utilizzato direttamente;Altro;;;;1;False
695119;L219;1428;85;27;58.0;FABBRICATO;via scarsellini angelo;12 I;45.0354907;7.6300452;Abitazione;Dal 1946 al 1960;Nessuno;Patrimonio indisponibile;Utilizzato direttamente;Altro;;;;1;False
695120;L219;1428;85;29;58.0;FABBRICATO;via scarsellini angelo;12 I;45.0354907;7.6300452;Abitazione;Dal 1946 al 1960;Nessuno;Patrimonio indisponibile;Utilizzato direttamente;Altro;;;;1;False
695121;L219;1428;85;3;63.0;FABBRICATO;via scarsellini angelo;12 G;45.0354907;7.6300452;Abitazione;Dal 1946 al 1960;Nessuno;Patrimonio indisponibile;Utilizzato direttamente;Altro;;;;1;False
695122;L219;1428;85;32;59.0;FABBRICATO;via scarsellini angelo;12 I;45.0354907;7.6300452;Abitazione;Dal 1946 al 1960;Nessuno;Patrimonio indisponibile;Utilizzato direttamente;Altro;;;;1;False
695123;L219;1428;85;33;60.0;FABBRICATO;via scarsellini angelo;12 I;45.0354907;7.6300452;Abitazione;Dal 1946 al 1960;Nessuno;Patrimonio indisponibile;Utilizzato direttamente;Altro;;;;1;False
695124;L219;1428;85;35;59.0;FABBRICATO;via scarsellini angelo;12 I;45.0354907;7.6300452;Abitazione;Dal 1946 al 1960;Nessuno;Patrimonio indisponibile;Utilizzato direttamente;Altro;;;;1;False
695125;L219;1428;85;36;58.0;FABBRICATO;via scarsellini angelo;12 I;45.0354907;7.6300452;Abitazione;Dal 1946 al 1960;Nessuno;Patrimonio indisponibile;Utilizzato direttamente;Altro;;;;1;False
695126;L219;1428;85;37;59.0;FABBRICATO;via scarsellini angelo;12 L;45.0354907;7.6300452;Abitazione;Dal 1946 al 1960;Nessuno;Patrimonio indisponibile;Utilizzato direttamente;Altro;;;;1;False
695127;L219;1428;85;38;59.0;FABBRICATO;via scarsellini angelo;12 L;45.0354907;7.6300452;Abitazione;Dal 1946 al 1960;Nessuno;Patrimonio indisponibile;Utilizzato direttamente;Altro;;;;1;False
695128;L219;1428;85;39;61.0;FABBRICATO;via scarsellini angelo;12 L;45.0354907;7.6300452;Abitazione;Dal 1946 al 1960;Nessuno;Patrimonio indisponibile;Utilizzato direttamente;Altro;;;;1;False
695129;L219;1428;85;4;59.0;FABBRICATO;via scarsellini angelo;12 G;45.0354907;7.6300452;Abitazione;Dal 1946 al 1960;Nessuno;Patrimonio indisponibile;Utilizzato direttamente;Altro;;;;1;False
695130;L219;1428;85;40;58.0;FABBRICATO;via scarsellini angelo;12 L;45.0354907;7.6300452;Abitazione;Dal 1946 al 1960;Nessuno;Patrimonio indisponibile;Utilizzato direttamente;Altro;;;;1;False
695131;L219;1428;85;41;60.0;FABBRICATO;via scarsellini angelo;12 L;45.0354907;7.6300452;Abitazione;Dal 1946 al 1960;Nessuno;Patrimonio indisponibile;Utilizzato direttamente;Altro;;;;1;False
695132;L219;1428;85;42;62.0;FABBRICATO;via scarsellini angelo;12 L;45.0354907;7.6300452;Abitazione;Dal 1946 al 1960;Nessuno;Patrimonio indisponibile;Utilizzato direttamente;Altro;;;;1;False
695133;L219;1428;85;44;56.0;FABBRICATO;via scarsellini angelo;12 L;45.0354907;7.6300452;Abitazione;Dal 1946 al 1960;Nessuno;Patrimonio indisponibile;Utilizzato direttamente;Altro;;;;1;False
695134;L219;1428;85;45;58.0;FABBRICATO;via scarsellini angelo;12 L;45.0354907;7.6300452;Abitazione;Dal 1946 al 1960;Nessuno;Patrimonio indisponibile;Utilizzato direttamente;Altro;;;;1;False
695135;L219;1428;85;46;57.0;FABBRICATO;via scarsellini angelo;12 L;45.0354907;7.6300452;Abitazione;Dal 1946 al 1960;Nessuno;Patrimonio indisponibile;Utilizzato direttamente;Altro;;;;1;False
695136;L219;1428;85;47;58.0;FABBRICATO;via scarsellini angelo;12 L;45.0354907;7.6300452;Abitazione;Dal 1946 al 1960;Nessuno;Patrimonio indisponibile;Utilizzato direttamente;Altro;;;;1;False
695137;L219;1428;85;48;57.0;FABBRICATO;via scarsellini angelo;12 L;45.0354907;7.6300452;Abitazione;Dal 1946 al 1960;Nessuno;Patrimonio indisponibile;Utilizzato direttamente;Altro;;;;1;False
695138;L219;1428;85;49;64.0;FABBRICATO;via scarsellini angelo;12 M;45.0354907;7.6300452;Abitazione;Dal 1946 al 1960;Nessuno;Patrimonio indisponibile;Utilizzato direttamente;Altro;;;;1;False
695139;L219;1428;85;5;63.0;FABBRICATO;via scarsellini angelo;12 G;45.0354907;7.6300452;Abitazione;Dal 1946 al 1960;Nessuno;Patrimonio indisponibile;Utilizzato direttamente;Altro;;;;1;False
695140;L219;1428;85;51;62.0;FABBRICATO;via scarsellini angelo;12 M;45.0354907;7.6300452;Abitazione;Dal 1946 al 1960;Nessuno;Patrimonio indisponibile;Utilizzato direttamente;Altro;;;;1;False
695142;L219;1428;85;55;64.0;FABBRICATO;via scarsellini angelo;12 M;45.0354907;7.6300452;Abitazione;Dal 1946 al 1960;Nessuno;Patrimonio indisponibile;Utilizzato direttamente;Altro;;;;1;False
695143;L219;1428;85;57;64.0;FABBRICATO;via scarsellini angelo;12 M;45.0354907;7.6300452;Abitazione;Dal 1946 al 1960;Nessuno;Patrimonio indisponibile;Utilizzato direttamente;Altro;;;;1;False
695144;L219;1428;85;58;63.0;FABBRICATO;via scarsellini angelo;12 M;45.0354907;7.6300452;Abitazione;Dal 1946 al 1960;Nessuno;Patrimonio indisponibile;Utilizzato direttamente;Altro;;;;1;False
695145;L219;1428;85;59;57.0;FABBRICATO;via scarsellini angelo;12 N;45.0354907;7.6300452;Abitazione;Dal 1946 al 1960;Nessuno;Patrimonio indisponibile;Utilizzato direttamente;Altro;;;;1;False
695146;L219;1428;85;6;59.0;FABBRICATO;via scarsellini angelo;12 G;45.0354907;7.6300452;Abitazione;Dal 1946 al 1960;Nessuno;Patrimonio indisponibile;Utilizzato direttamente;Altro;;;;1;False
695147;L219;1428;85;60;61.0;FABBRICATO;via scarsellini angelo;12 N;45.0354907;7.6300452;Abitazione;Dal 1946 al 1960;Nessuno;Patrimonio indisponibile;Utilizzato direttamente;Altro;;;;1;False
695148;L219;1428;85;61;59.0;FABBRICATO;via scarsellini angelo;12 N;45.0354907;7.6300452;Abitazione;Dal 1946 al 1960;Nessuno;Patrimonio indisponibile;Utilizzato direttamente;Altro;;;;1;False
695149;L219;1428;85;62;58.0;FABBRICATO;via scarsellini angelo;12 N;45.0354907;7.6300452;Abitazione;Dal 1946 al 1960;Nessuno;Patrimonio indisponibile;Utilizzato direttamente;Altro;;;;1;False
695150;L219;1428;85;63;58.0;FABBRICATO;via scarsellini angelo;12 N;45.0354907;7.6300452;Abitazione;Dal 1946 al 1960;Nessuno;Patrimonio indisponibile;Utilizzato direttamente;Altro;;;;1;False
695151;L219;1428;85;65;57.0;FABBRICATO;via scarsellini angelo;12 N;45.0354907;7.6300452;Abitazione;Dal 1946 al 1960;Nessuno;Patrimonio indisponibile;Utilizzato direttamente;Altro;;;;1;False
695152;L219;1428;85;67;58.0;FABBRICATO;via scarsellini angelo;12 N;45.0354907;7.6300452;Abitazione;Dal 1946 al 1960;Nessuno;Patrimonio indisponibile;Utilizzato direttamente;Altro;;;;1;False
695153;L219;1428;85;68;58.0;FABBRICATO;via scarsellini angelo;12 N;45.0354907;7.6300452;Abitazione;Dal 1946 al 1960;Nessuno;Patrimonio indisponibile;Utilizzato direttamente;Altro;;;;1;False
695154;L219;1428;85;69;58.0;FABBRICATO;via scarsellini angelo;12 N;45.0354907;7.6300452;Abitazione;Dal 1946 al 1960;Nessuno;Patrimonio indisponibile;Utilizzato direttamente;Altro;;;;1;False
695155;L219;1428;85;7;64.0;FABBRICATO;via scarsellini angelo;12 G;45.0354907;7.6300452;Abitazione;Dal 1946 al 1960;Nessuno;Patrimonio indisponibile;Utilizzato direttamente;Altro;;;;1;False
695156;L219;1428;85;70;60.0;FABBRICATO;via scarsellini angelo;12 O;45.0354907;7.6300452;Abitazione;Dal 1946 al 1960;Nessuno;Patrimonio indisponibile;Utilizzato direttamente;Altro;;;;1;False
695157;L219;1428;85;71;60.0;FABBRICATO;via scarsellini angelo;12 O;45.0354907;7.6300452;Abitazione;Dal 1946 al 1960;Nessuno;Patrimonio indisponibile;Utilizzato direttamente;Altro;;;;1;False
695158;L219;1428;85;72;60.0;FABBRICATO;via scarsellini angelo;12 O;45.0354907;7.6300452;Abitazione;Dal 1946 al 1960;Nessuno;Patrimonio indisponibile;Utilizzato direttamente;Altro;;;;1;False
695159;L219;1428;85;73;59.0;FABBRICATO;via scarsellini angelo;12 O;45.0354907;7.6300452;Abitazione;Dal 1946 al 1960;Nessuno;Patrimonio indisponibile;Utilizzato direttamente;Altro;;;;1;False
695160;L219;1428;85;74;60.0;FABBRICATO;via scarsellini angelo;12 O;45.0354907;7.6300452;Abitazione;Dal 1946 al 1960;Nessuno;Patrimonio indisponibile;Utilizzato direttamente;Altro;;;;1;False
695161;L219;1428;85;76;60.0;FABBRICATO;via scarsellini angelo;12 O;45.0354907;7.6300452;Abitazione;Dal 1946 al 1960;Nessuno;Patrimonio indisponibile;Utilizzato direttamente;Altro;;;;1;False
695162;L219;1428;85;77;59.0;FABBRICATO;via scarsellini angelo;12 O;45.0354907;7.6300452;Abitazione;Dal 1946 al 1960;Nessuno;Patrimonio indisponibile;Utilizzato direttamente;Altro;;;;1;False
695163;L219;1428;85;78;62.0;FABBRICATO;via scarsellini angelo;12 O;45.0354907;7.6300452;Abitazione;Dal 1946 al 1960;Nessuno;Patrimonio indisponibile;Utilizzato direttamente;Altro;;;;1;False
695164;L219;1428;85;79;59.0;FABBRICATO;via scarsellini angelo;12 O;45.0354907;7.6300452;Abitazione;Dal 1946 al 1960;Nessuno;Patrimonio indisponibile;Utilizzato direttamente;Altro;;;;1;False
695165;L219;1428;85;8;60.0;FABBRICATO;via scarsellini angelo;12 G;45.0354907;7.6300452;Abitazione;Dal 1946 al 1960;Nessuno;Patrimonio indisponibile;Utilizzato direttamente;Altro;;;;1;False
695166;L219;1428;85;80;61.0;FABBRICATO;via scarsellini angelo;12 O;45.0354907;7.6300452;Abitazione;Dal 1946 al 1960;Nessuno;Patrimonio indisponibile;Utilizzato direttamente;Altro;;;;1;False
695167;L219;1428;85;81;59.0;FABBRICATO;via scarsellini angelo;12 O;45.0354907;7.6300452;Abitazione;Dal 1946 al 1960;Nessuno;Patrimonio indisponibile;Utilizzato direttamente;Altro;;;;1;False
695168;L219;1428;85;82;61.0;FABBRICATO;Via Angelo Scarsellini;1;45.0354907;7.6300452;Abitazione;Dal 1946 al 1960;Nessuno;Patrimonio indisponibile;Utilizzato direttamente;Altro;;;;1;False
695169;L219;1428;85;85;59.0;FABBRICATO;Via Angelo Scarsellini;1;45.0354907;7.6300452;Abitazione;Dal 1946 al 1960;Nessuno;Patrimonio indisponibile;Utilizzato direttamente;Altro;;;;1;False
695170;L219;1428;85;87;59.0;FABBRICATO;Via Angelo Scarsellini;1;45.0354907;7.6300452;Abitazione;Dal 1946 al 1960;Nessuno;Patrimonio indisponibile;Utilizzato direttamente;Altro;;;;1;False
695171;L219;1428;85;88;60.0;FABBRICATO;Via Angelo Scarsellini;1;45.0354907;7.6300452;Abitazione;Dal 1946 al 1960;Nessuno;Patrimonio indisponibile;Utilizzato direttamente;Altro;;;;1;False
695172;L219;1428;85;89;59.0;FABBRICATO;Via Angelo Scarsellini;1;45.0354907;7.6300452;Abitazione;Dal 1946 al 1960;Nessuno;Patrimonio indisponibile;Utilizzato direttamente;Altro;;;;1;False
695173;L219;1428;85;9;58.0;FABBRICATO;via scarsellini angelo;12 G;45.0354907;7.6300452;Abitazione;Dal 1946 al 1960;Nessuno;Patrimonio indisponibile;Utilizzato direttamente;Altro;;;;1;False
695174;L219;1428;85;90;59.0;FABBRICATO;Via Angelo Scarsellini;1;45.0354907;7.6300452;Abitazione;Dal 1946 al 1960;Nessuno;Patrimonio indisponibile;Utilizzato direttamente;Altro;;;;1;False
695175;L219;1428;85;92;61.0;FABBRICATO;Via Angelo Scarsellini;1;45.0354907;7.6300452;Abitazione;Dal 1946 al 1960;Nessuno;Patrimonio indisponibile;Utilizzato direttamente;Altro;;;;1;False
695176;L219;1428;85;94;60.0;FABBRICATO;via scarsellini angelo;12 Q;45.0354907;7.6300452;Abitazione;Dal 1946 al 1960;Nessuno;Patrimonio indisponibile;Utilizzato direttamente;Altro;;;;1;False
695177;L219;1428;85;95;60.0;FABBRICATO;via scarsellini angelo;12 Q;45.0354907;7.6300452;Abitazione;Dal 1946 al 1960;Nessuno;Patrimonio indisponibile;Utilizzato direttamente;Altro;;;;1;False
695178;L219;1428;85;96;61.0;FABBRICATO;via scarsellini angelo;12 Q;45.0354907;7.6300452;Abitazione;Dal 1946 al 1960;Nessuno;Patrimonio indisponibile;Utilizzato direttamente;Altro;;;;1;False
695179;L219;1428;85;97;60.0;FABBRICATO;via scarsellini angelo;12 Q;45.0354907;7.6300452;Abitazione;Dal 1946 al 1960;Nessuno;Patrimonio indisponibile;Utilizzato direttamente;Altro;;;;1;False
695180;L219;1428;85;98;60.0;FABBRICATO;via scarsellini angelo;12 Q;45.0354907;7.6300452;Abitazione;Dal 1946 al 1960;Nessuno;Patrimonio indisponibile;Utilizzato direttamente;Altro;;;;1;False
695181;L219;1428;85;99;60.0;FABBRICATO;via scarsellini angelo;12 Q;45.0354907;7.6300452;Abitazione;Dal 1946 al 1960;Nessuno;Patrimonio indisponibile;Utilizzato direttamente;Altro;;;;1;False
695182;L219;1131;72;11;66.0;FABBRICATO;Via Giuseppe Tartini;31;45.0966828;7.7056668;Abitazione;Dal 1961 al 1970;Nessuno;Patrimonio indisponibile;Utilizzato direttamente;Altro;;;;1;False
695183;L219;1131;72;12;82.0;FABBRICATO;Via Giuseppe Tartini;31;45.0966828;7.7056668;Abitazione;Dal 1961 al 1970;Nessuno;Patrimonio indisponibile;Utilizzato direttamente;Altro;;;;1;False
695184;L219;1131;72;17;83.0;FABBRICATO;Via Giuseppe Tartini;33;45.0966828;7.7056668;Abitazione;Dal 1961 al 1970;Nessuno;Patrimonio indisponibile;Utilizzato direttamente;Altro;;;;1;False
695185;L219;1131;72;18;64.0;FABBRICATO;Via Giuseppe Tartini;33;45.0966828;7.7056668;Abitazione;Dal 1961 al 1970;Nessuno;Patrimonio indisponibile;Utilizzato direttamente;Altro;;;;1;False
695186;L219;1131;72;19;65.0;FABBRICATO;Via Giuseppe Tartini;33;45.0966828;7.7056668;Abitazione;Dal 1961 al 1970;Nessuno;Patrimonio indisponibile;Utilizzato direttamente;Altro;;;;1;False
695187;L219;1131;72;21;82.0;FABBRICATO;Via Giuseppe Tartini;33;45.0966828;7.7056668;Abitazione;Dal 1961 al 1970;Nessuno;Patrimonio indisponibile;Utilizzato direttamente;Altro;;;;1;False
695188;L219;1131;72;27;87.0;FABBRICATO;Via Giuseppe Tartini;33;45.0966828;7.7056668;Abitazione;Dal 1961 al 1970;Nessuno;Patrimonio indisponibile;Utilizzato direttamente;Altro;;;;1;False
695189;L219;1131;72;28;63.0;FABBRICATO;Via Giuseppe Tartini;33;45.0966828;7.7056668;Abitazione;Dal 1961 al 1970;Nessuno;Patrimonio indisponibile;Utilizzato direttamente;Altro;;;;1;False
695190;L219;1131;72;29;62.0;FABBRICATO;Via Giuseppe Tartini;35;45.0966828;7.7056668;Abitazione;Dal 1961 al 1970;Nessuno;Patrimonio indisponibile;Utilizzato direttamente;Altro;;;;1;False
695191;L219;1131;72;31;68.0;FABBRICATO;Via Giuseppe Tartini;35;45.0966828;7.7056668;Abitazione;Dal 1961 al 1970;Nessuno;Patrimonio indisponibile;Utilizzato direttamente;Altro;;;;1;False
695192;L219;1131;72;33;82.0;FABBRICATO;Via Giuseppe Tartini;35;45.0966828;7.7056668;Abitazione;Dal 1961 al 1970;Nessuno;Patrimonio indisponibile;Utilizzato direttamente;Altro;;;;1;False
695193;L219;1131;72;36;84.0;FABBRICATO;Via Giuseppe Tartini;35;45.0966828;7.7056668;Abitazione;Dal 1961 al 1970;Nessuno;Patrimonio indisponibile;Utilizzato direttamente;Altro;;;;1;False
695194;L219;1131;72;37;81.0;FABBRICATO;Via Giuseppe Tartini;35;45.0966828;7.7056668;Abitazione;Dal 1961 al 1970;Nessuno;Patrimonio indisponibile;Utilizzato direttamente;Altro;;;;1;False
695195;L219;1131;72;38;66.0;FABBRICATO;Via Giuseppe Tartini;35;45.0966828;7.7056668;Abitazione;Dal 1961 al 1970;Nessuno;Patrimonio indisponibile;Utilizzato direttamente;Altro;;;;1;False
695196;L219;1131;72;40;67.0;FABBRICATO;Via Giuseppe Tartini;35;45.0966828;7.7056668;Abitazione;Dal 1961 al 1970;Nessuno;Patrimonio indisponibile;Utilizzato direttamente;Altro;;;;1;False
695197;L219;1131;72;41;64.0;FABBRICATO;Via Giuseppe Tartini;35;45.0966828;7.7056668;Abitazione;Dal 1961 al 1970;Nessuno;Patrimonio indisponibile;Utilizzato direttamente;Altro;;;;1;False
695198;L219;1131;72;42;84.0;FABBRICATO;Via Giuseppe Tartini;35;45.0966828;7.7056668;Abitazione;Dal 1961 al 1970;Nessuno;Patrimonio indisponibile;Utilizzato direttamente;Altro;;;;1;False
695199;L219;1131;72;43;81.0;FABBRICATO;Via Giuseppe Tartini;37;45.0966828;7.7056668;Abitazione;Dal 1961 al 1970;Nessuno;Patrimonio indisponibile;Utilizzato direttamente;Altro;;;;1;False
695200;L219;1131;72;44;66.0;FABBRICATO;Via Giuseppe Tartini;37;45.0966828;7.7056668;Abitazione;Dal 1961 al 1970;Nessuno;Patrimonio indisponibile;Utilizzato direttamente;Altro;;;;1;False
695201;L219;1131;72;47;62.0;FABBRICATO;Via Giuseppe Tartini;37;45.0966828;7.7056668;Abitazione;Dal 1961 al 1970;Nessuno;Patrimonio indisponibile;Utilizzato direttamente;Altro;;;;1;False
695202;L219;1131;72;49;81.0;FABBRICATO;Via Giuseppe Tartini;37;45.0966828;7.7056668;Abitazione;Dal 1961 al 1970;Nessuno;Patrimonio indisponibile;Utilizzato direttamente;Altro;;;;1;False
695203;L219;1131;72;5;86.0;FABBRICATO;Via Giuseppe Tartini;31;45.0966828;7.7056668;Abitazione;Dal 1961 al 1970;Nessuno;Patrimonio indisponibile;Utilizzato direttamente;Altro;;;;1;False
695204;L219;1131;72;53;80.0;FABBRICATO;Via Giuseppe Tartini;37;45.0966828;7.7056668;Abitazione;Dal 1961 al 1970;Nessuno;Patrimonio indisponibile;Utilizzato direttamente;Altro;;;;1;False
695205;L219;1131;72;56;84.0;FABBRICATO;Via Giuseppe Tartini;37;45.0966828;7.7056668;Abitazione;Dal 1961 al 1970;Nessuno;Patrimonio indisponibile;Utilizzato direttamente;Altro;;;;1;False
695206;L219;1245;156;12;38.0;FABBRICATO;via stampatori;1;45.0729577;7.6790912;Abitazione;Prima del 1919;Dichiarazione di interesse culturale;Demanio;Utilizzato direttamente;Attività amministrativa/uffici pubblici;;;;1;False
695207;L219;1245;156;13;34.0;FABBRICATO;via stampatori;1;45.0729577;7.6790912;Abitazione;Prima del 1919;Dichiarazione di interesse culturale;Demanio;Utilizzato direttamente;Attività amministrativa/uffici pubblici;;;;1;False
695208;L219;1245;156;16;28.0;FABBRICATO;via garibaldi giuseppe;25;45.0729577;7.6790912;Locale commerciale, negozio;Prima del 1919;Dichiarazione di interesse culturale;Demanio;;Non Dichiarato;in concessione a titolo oneroso;15027.0;01/12/2012;1;False
695209;L219;1245;156;17;53.0;FABBRICATO;via garibaldi giuseppe;25;45.0729577;7.6790912;Abitazione;Prima del 1919;Dichiarazione di interesse culturale;Demanio;;Non Dichiarato;in concessione a titolo oneroso;15027.0;01/12/2012;1;False
695210;L219;1245;156;19;52.0;FABBRICATO;via garibaldi giuseppe;29 A;45.0729577;7.6790912;Locale commerciale, negozio;Prima del 1919;Dichiarazione di interesse culturale;Demanio;Utilizzato direttamente;Attività commerciale e di ristorazione;;;;1;False
695211;L219;1245;156;21;70.0;FABBRICATO;via stampatori;1;45.0729577;7.6790912;Locale commerciale, negozio;Prima del 1919;Dichiarazione di interesse culturale;Demanio;Utilizzato direttamente;Attività commerciale e di ristorazione;;;;1;False
695212;L219;1245;156;25;32.0;FABBRICATO;via stampatori;1;45.0729577;7.6790912;Cantina, soffitta, rimessa, box, garage, posto auto aperto/scoperto,;Prima del 1919;Dichiarazione di interesse culturale;Demanio;Utilizzato direttamente;Attività amministrativa/uffici pubblici;;;;1;False
695213;L219;1245;156;29;97.0;FABBRICATO;via garibaldi giuseppe;27;45.0729577;7.6790912;Locale commerciale, negozio;Prima del 1919;Dichiarazione di interesse culturale;Demanio;;Non Dichiarato;in concessione a titolo oneroso;26477.0;01/02/2014;1;False
695214;L219;1245;156;30;36.0;FABBRICATO;via garibaldi giuseppe;27;45.0729577;7.6790912;Locale commerciale, negozio;Prima del 1919;Dichiarazione di interesse culturale;Demanio;;Non Dichiarato;in concessione a titolo oneroso;20398.0;01/07/2020;1;False
695215;L219;1245;156;31;5.0;FABBRICATO;via garibaldi giuseppe;29;45.0729577;7.6790912;Cantina, soffitta, rimessa, box, garage, posto auto aperto/scoperto,;Prima del 1919;Dichiarazione di interesse culturale;Demanio;Utilizzato direttamente;Attività commerciale e di ristorazione;;;;1;False
695216;L219;1245;156;7;6305.43;FABBRICATO;via garibaldi giuseppe;25;45.0729577;7.6790912;Ufficio strutturato ed assimilabili;Prima del 1919;Dichiarazione di interesse culturale;Demanio;Utilizzato direttamente;Attività amministrativa/uffici pubblici;;;;1;False
695217;L219;1245;156;8;56.0;FABBRICATO;via garibaldi giuseppe;29;45.0729577;7.6790912;Abitazione;Prima del 1919;Dichiarazione di interesse culturale;Demanio;Utilizzato direttamente;Attività amministrativa/uffici pubblici;;;;1;False
695218;L219;1132;110;;518.0;FABBRICATO;via mascagni pietro;20;45.0969427;7.707155;Impianto sportivo;Dal 1981 al 1990;Nessuno;Patrimonio indisponibile;Utilizzato direttamente;Altro;;;;1;False
695226;L219;1245;255;1;44.0;FABBRICATO;via botero giovanni;11 F;45.0715462;7.6791253;Locale commerciale, negozio;Prima del 1919;Nessuno;Patrimonio indisponibile;Utilizzato direttamente;Attività commerciale e di ristorazione;;;;1;False
695227;L219;1245;255;12;122.0;FABBRICATO;Via Monte di Pietà;23;45.0715462;7.6791253;Abitazione;Prima del 1919;Nessuno;Patrimonio indisponibile;Utilizzato direttamente;Altro;;;;1;False
695228;L219;1245;255;2;96.0;FABBRICATO;Via Monte di Pietà;23;45.0715462;7.6791253;Locale commerciale, negozio;Prima del 1919;Nessuno;Patrimonio indisponibile;Utilizzato direttamente;Attività commerciale e di ristorazione;;;;1;False
695229;L219;1245;255;20;127.0;FABBRICATO;Via Botero Giovanni;11;45.0715462;7.6791253;Abitazione;Prima del 1919;Nessuno;Patrimonio indisponibile;Utilizzato direttamente;Altro;;;;1;False
695230;L219;1245;255;21;120.0;FABBRICATO;Via Botero Giovanni;11;45.0715462;7.6791253;Abitazione;Prima del 1919;Nessuno;Patrimonio indisponibile;Utilizzato direttamente;Altro;;;;1;False
695231;L219;1245;255;22;121.0;FABBRICATO;Via Botero Giovanni;11;45.0715462;7.6791253;Abitazione;Prima del 1919;Nessuno;Patrimonio indisponibile;Utilizzato direttamente;Altro;;;;1;False
695232;L219;1245;255;23;122.0;FABBRICATO;Via Monte di Pietà;23;45.0715462;7.6791253;Abitazione;Prima del 1919;Nessuno;Patrimonio indisponibile;Utilizzato direttamente;Altro;;;;1;False
695233;L219;1245;255;24;82.0;FABBRICATO;Via Monte di Pietà;23;45.0715462;7.6791253;Abitazione;Prima del 1919;Nessuno;Patrimonio indisponibile;Utilizzato direttamente;Altro;;;;1;False
695234;L219;1245;255;25;61.0;FABBRICATO;Via Monte di Pietà;23;45.0715462;7.6791253;Abitazione;Prima del 1919;Nessuno;Patrimonio indisponibile;Utilizzato direttamente;Altro;;;;1;False
695235;L219;1245;255;26;67.0;FABBRICATO;Via Monte di Pietà;23;45.0715462;7.6791253;Abitazione;Prima del 1919;Nessuno;Patrimonio indisponibile;Utilizzato direttamente;Altro;;;;1;False
695236;L219;1245;255;27;60.0;FABBRICATO;Via Monte di Pietà;23;45.0715462;7.6791253;Abitazione;Prima del 1919;Nessuno;Patrimonio indisponibile;Utilizzato direttamente;Altro;;;;1;False
695237;L219;1245;255;28;61.0;FABBRICATO;Via Monte di Pietà;23;45.0715462;7.6791253;Abitazione;Prima del 1919;Nessuno;Patrimonio indisponibile;Utilizzato direttamente;Altro;;;;1;False
695238;L219;1245;255;29;61.0;FABBRICATO;Via Monte di Pietà;23;45.0715462;7.6791253;Abitazione;Prima del 1919;Nessuno;Patrimonio indisponibile;Utilizzato direttamente;Altro;;;;1;False
695239;L219;1245;255;3;59.0;FABBRICATO;Via Monte di Pietà;23;45.0715462;7.6791253;Locale commerciale, negozio;Prima del 1919;Nessuno;Patrimonio indisponibile;Utilizzato direttamente;Attività commerciale e di ristorazione;;;;1;False
695240;L219;1245;255;30;127.0;FABBRICATO;Via Monte di Pietà;23;45.0715462;7.6791253;Abitazione;Prima del 1919;Nessuno;Patrimonio indisponibile;Utilizzato direttamente;Altro;;;;1;False
695241;L219;1245;255;31;43.0;FABBRICATO;Via Monte di Pietà;23;45.0715462;7.6791253;Abitazione;Prima del 1919;Nessuno;Patrimonio indisponibile;Utilizzato direttamente;Altro;;;;1;False
695242;L219;1245;255;32;59.0;FABBRICATO;Via Monte di Pietà;23;45.0715462;7.6791253;Abitazione;Prima del 1919;Nessuno;Patrimonio indisponibile;Utilizzato direttamente;Altro;;;;1;False
695243;L219;1245;255;33;36.0;FABBRICATO;Via Monte di Pietà;23;45.0715462;7.6791253;Abitazione;Prima del 1919;Nessuno;Patrimonio indisponibile;Utilizzato direttamente;Altro;;;;1;False
695244;L219;1245;255;34;58.0;FABBRICATO;Via Monte di Pietà;23;45.0715462;7.6791253;Abitazione;Prima del 1919;Nessuno;Patrimonio indisponibile;Utilizzato direttamente;Altro;;;;1;False
695245;L219;1245;255;35;60.0;FABBRICATO;Via Monte di Pietà;23;45.0715462;7.6791253;Abitazione;Prima del 1919;Nessuno;Patrimonio indisponibile;Utilizzato direttamente;Altro;;;;1;False
695246;L219;1245;255;36;62.0;FABBRICATO;Via Monte di Pietà;23;45.0715462;7.6791253;Abitazione;Prima del 1919;Nessuno;Patrimonio indisponibile;Utilizzato direttamente;Altro;;;;1;False
695247;L219;1245;255;37;44.0;FABBRICATO;Via Monte di Pietà;23;45.0715462;7.6791253;Abitazione;Prima del 1919;Nessuno;Patrimonio indisponibile;Utilizzato direttamente;Altro;;;;1;False
695248;L219;1245;255;38;59.0;FABBRICATO;Via Monte di Pietà;23;45.0715462;7.6791253;Abitazione;Prima del 1919;Nessuno;Patrimonio indisponibile;Utilizzato direttamente;Altro;;;;1;False
695249;L219;1245;255;39;36.0;FABBRICATO;Via Monte di Pietà;23;45.0715462;7.6791253;Abitazione;Prima del 1919;Nessuno;Patrimonio indisponibile;Utilizzato direttamente;Altro;;;;1;False
695250;L219;1245;255;4;121.0;FABBRICATO;Via Monte di Pietà;23;45.0715462;7.6791253;Locale commerciale, negozio;Prima del 1919;Nessuno;Patrimonio indisponibile;Utilizzato direttamente;Attività commerciale e di ristorazione;;;;1;False
695251;L219;1245;255;40;59.0;FABBRICATO;Via Monte di Pietà;23;45.0715462;7.6791253;Abitazione;Prima del 1919;Nessuno;Patrimonio indisponibile;Utilizzato direttamente;Altro;;;;1;False
695252;L219;1245;255;41;60.0;FABBRICATO;Via Monte di Pietà;23;45.0715462;7.6791253;Abitazione;Prima del 1919;Nessuno;Patrimonio indisponibile;Utilizzato direttamente;Altro;;;;1;False
695253;L219;1245;255;42;61.0;FABBRICATO;Via Monte di Pietà;23;45.0715462;7.6791253;Abitazione;Prima del 1919;Nessuno;Patrimonio indisponibile;Utilizzato direttamente;Altro;;;;1;False
695254;L219;1245;255;43;95.0;FABBRICATO;Via Monte di Pietà;23;45.0715462;7.6791253;Magazzino e locali di deposito;Prima del 1919;Nessuno;Patrimonio indisponibile;Utilizzato direttamente;Altro;;;;1;False
695255;L219;1245;255;44;63.0;FABBRICATO;Via Monte di Pietà;23;45.0715462;7.6791253;Abitazione;Prima del 1919;Nessuno;Patrimonio indisponibile;Utilizzato direttamente;Altro;;;;1;False
695256;L219;1245;255;45;46.0;FABBRICATO;Via Monte di Pietà;23;45.0715462;7.6791253;Abitazione;Prima del 1919;Nessuno;Patrimonio indisponibile;Utilizzato direttamente;Altro;;;;1;False
695257;L219;1245;255;46;97.0;FABBRICATO;Via Monte di Pietà;23;45.0715462;7.6791253;Abitazione;Prima del 1919;Nessuno;Patrimonio indisponibile;Utilizzato direttamente;Altro;;;;1;False
695258;L219;1245;255;5;84.0;FABBRICATO;Via Monte di Pietà;23;45.0715462;7.6791253;Ufficio strutturato ed assimilabili;Prima del 1919;Nessuno;Patrimonio indisponibile;Utilizzato direttamente;Altro;;;;1;False
695259;L219;1245;277;11;65.0;FABBRICATO;via venti settembre;57;45.0701747;7.6823665;Abitazione;Prima del 1919;Nessuno;Patrimonio indisponibile;;Non Dichiarato;in locazione;2796.0;01/05/2022;1;False
695260;L219;1245;277;5002;11.0;FABBRICATO;via venti settembre;57;45.0701747;7.6823665;Cantina, soffitta, rimessa, box, garage, posto auto aperto/scoperto,;Prima del 1919;Nessuno;Patrimonio indisponibile;Utilizzato direttamente;Altro;;;;1;False
695261;L219;1245;277;5003;25.0;FABBRICATO;via venti settembre;57;45.0701747;7.6823665;Cantina, soffitta, rimessa, box, garage, posto auto aperto/scoperto,;Prima del 1919;Nessuno;Patrimonio indisponibile;Utilizzato direttamente;Altro;;;;1;False
695262;L219;1245;277;5005;3.0;FABBRICATO;via venti settembre;57;45.0701747;7.6823665;Cantina, soffitta, rimessa, box, garage, posto auto aperto/scoperto,;Prima del 1919;Nessuno;Patrimonio indisponibile;Utilizzato direttamente;Altro;;;;1;False
695263;L219;1245;277;5006;6.0;FABBRICATO;via venti settembre;57;45.0701747;7.6823665;Cantina, soffitta, rimessa, box, garage, posto auto aperto/scoperto,;Prima del 1919;Nessuno;Patrimonio indisponibile;Utilizzato direttamente;Altro;;;;1;False
695264;L219;1245;277;5007;6.0;FABBRICATO;via venti settembre;57;45.0701747;7.6823665;Cantina, soffitta, rimessa, box, garage, posto auto aperto/scoperto,;Prima del 1919;Nessuno;Patrimonio indisponibile;Utilizzato direttamente;Altro;;;;1;False
695265;L219;1245;277;6;24.0;FABBRICATO;via venti settembre;57;45.0701747;7.6823665;Locale commerciale, negozio;Prima del 1919;Nessuno;Patrimonio indisponibile;;Non Dichiarato;in locazione;11535.0;01/06/2015;1;False
695266;L219;1132;89;1;94.0;FABBRICATO;via pergolesi giambattista;93 A;45.0959163;7.7075185;Abitazione;Dal 1961 al 1970;Nessuno;Patrimonio indisponibile;Utilizzato direttamente;Altro;;;;1;False
695267;L219;1132;89;10;65.0;FABBRICATO;via pergolesi giambattista;93 A;45.0959163;7.7075185;Abitazione;Dal 1961 al 1970;Nessuno;Patrimonio indisponibile;Utilizzato direttamente;Altro;;;;1;False
695268;L219;1132;89;12;65.0;FABBRICATO;via pergolesi giambattista;93 A;45.0959163;7.7075185;Abitazione;Dal 1961 al 1970;Nessuno;Patrimonio indisponibile;Utilizzato direttamente;Altro;;;;1;False
695269;L219;1132;89;18;87.0;FABBRICATO;via pergolesi giambattista;93 B;45.0959163;7.7075185;Abitazione;Dal 1961 al 1970;Nessuno;Patrimonio indisponibile;Utilizzato direttamente;Altro;;;;1;False
695270;L219;1132;89;19;64.0;FABBRICATO;via pergolesi giambattista;93 B;45.0959163;7.7075185;Abitazione;Dal 1961 al 1970;Nessuno;Patrimonio indisponibile;Utilizzato direttamente;Altro;;;;1;False
695271;L219;1132;89;2;66.0;FABBRICATO;via pergolesi giambattista;93 A;45.0959163;7.7075185;Abitazione;Dal 1961 al 1970;Nessuno;Patrimonio indisponibile;Utilizzato direttamente;Altro;;;;1;False
695272;L219;1132;89;21;64.0;FABBRICATO;via pergolesi giambattista;93 B;45.0959163;7.7075185;Abitazione;Dal 1961 al 1970;Nessuno;Patrimonio indisponibile;Utilizzato direttamente;Altro;;;;1;False
695273;L219;1132;89;22;89.0;FABBRICATO;via pergolesi giambattista;93 B;45.0959163;7.7075185;Abitazione;Dal 1961 al 1970;Nessuno;Patrimonio indisponibile;Utilizzato direttamente;Altro;;;;1;False
695274;L219;1132;89;23;63.0;FABBRICATO;via pergolesi giambattista;93 B;45.0959163;7.7075185;Abitazione;Dal 1961 al 1970;Nessuno;Patrimonio indisponibile;Utilizzato direttamente;Altro;;;;1;False
695275;L219;1132;89;24;87.0;FABBRICATO;via pergolesi giambattista;93 B;45.0959163;7.7075185;Abitazione;Dal 1961 al 1970;Nessuno;Patrimonio indisponibile;Utilizzato direttamente;Altro;;;;1;False
695276;L219;1132;89;25;63.0;FABBRICATO;via pergolesi giambattista;93 B;45.0959163;7.7075185;Abitazione;Dal 1961 al 1970;Nessuno;Patrimonio indisponibile;Utilizzato direttamente;Altro;;;;1;False
695277;L219;1132;89;26;89.0;FABBRICATO;via pergolesi giambattista;93 B;45.0959163;7.7075185;Abitazione;Dal 1961 al 1970;Nessuno;Patrimonio indisponibile;Utilizzato direttamente;Altro;;;;1;False
695278;L219;1132;89;29;92.0;FABBRICATO;via pergolesi giambattista;93 C;45.0959163;7.7075185;Abitazione;Dal 1961 al 1970;Nessuno;Patrimonio indisponibile;Utilizzato direttamente;Altro;;;;1;False
695279;L219;1132;89;31;86.0;FABBRICATO;via pergolesi giambattista;93 C;45.0959163;7.7075185;Abitazione;Dal 1961 al 1970;Nessuno;Patrimonio indisponibile;Utilizzato direttamente;Altro;;;;1;False
695280;L219;1132;89;38;64.0;FABBRICATO;via pergolesi giambattista;93 C;45.0959163;7.7075185;Abitazione;Dal 1961 al 1970;Nessuno;Patrimonio indisponibile;Utilizzato direttamente;Altro;;;;1;False
695281;L219;1132;89;42;66.0;FABBRICATO;via pergolesi giambattista;93 C;45.0959163;7.7075185;Abitazione;Dal 1961 al 1970;Nessuno;Patrimonio indisponibile;Utilizzato direttamente;Altro;;;;1;False
695282;L219;1132;89;43;65.0;FABBRICATO;via pergolesi giambattista;93 D;45.0959163;7.7075185;Abitazione;Dal 1961 al 1970;Nessuno;Patrimonio indisponibile;Utilizzato direttamente;Altro;;;;1;False
695283;L219;1132;89;44;87.0;FABBRICATO;via pergolesi giambattista;93 D;45.0959163;7.7075185;Abitazione;Dal 1961 al 1970;Nessuno;Patrimonio indisponibile;Utilizzato direttamente;Altro;;;;1;False
695284;L219;1132;89;45;64.0;FABBRICATO;via pergolesi giambattista;93 D;45.0959163;7.7075185;Abitazione;Dal 1961 al 1970;Nessuno;Patrimonio indisponibile;Utilizzato direttamente;Altro;;;;1;False
695285;L219;1132;89;47;64.0;FABBRICATO;via pergolesi giambattista;93 D;45.0959163;7.7075185;Abitazione;Dal 1961 al 1970;Nessuno;Patrimonio indisponibile;Utilizzato direttamente;Altro;;;;1;False
695286;L219;1132;89;48;89.0;FABBRICATO;via pergolesi giambattista;93 D;45.0959163;7.7075185;Abitazione;Dal 1961 al 1970;Nessuno;Patrimonio indisponibile;Utilizzato direttamente;Altro;;;;1;False
695287;L219;1132;89;49;63.0;FABBRICATO;via pergolesi giambattista;93 D;45.0959163;7.7075185;Abitazione;Dal 1961 al 1970;Nessuno;Patrimonio indisponibile;Utilizzato direttamente;Altro;;;;1;False
695288;L219;1132;89;5;86.0;FABBRICATO;via pergolesi giambattista;93 A;45.0959163;7.7075185;Abitazione;Dal 1961 al 1970;Nessuno;Patrimonio indisponibile;Utilizzato direttamente;Altro;;;;1;False
695289;L219;1132;89;51;64.0;FABBRICATO;via pergolesi giambattista;93 D;45.0959163;7.7075185;Abitazione;Dal 1961 al 1970;Nessuno;Patrimonio indisponibile;Utilizzato direttamente;Altro;;;;1;False
695290;L219;1132;89;9;87.0;FABBRICATO;via pergolesi giambattista;93 A;45.0959163;7.7075185;Abitazione;Dal 1961 al 1970;Nessuno;Patrimonio indisponibile;Utilizzato direttamente;Altro;;;;1;False
695291;L219;1245;278;2;61.0;FABBRICATO;Via San Tommaso;17;45.0701216;7.6818637;Abitazione;Prima del 1919;Nessuno;Patrimonio indisponibile;Utilizzato direttamente;Alloggio di servizio, foresterie;;;;1;False
695292;L219;1245;278;3;73.0;FABBRICATO;Via San Tommaso;17;45.0701216;7.6818637;Abitazione;Prima del 1919;Nessuno;Patrimonio indisponibile;Utilizzato direttamente;Alloggio di servizio, foresterie;;;;1;False
695293;L219;1245;278;5;5980.0;FABBRICATO;Via Antonio Bertola;8;45.0701216;7.6818637;Edificio scolastico (es.: scuola di ogni ordine e grado, università, scuola di formazione);Prima del 1919;Nessuno;Patrimonio indisponibile;Utilizzato direttamente;Attività didattica;;;;1;False
695294;L219;1245;278;6;2476.25;FABBRICATO;Via San Tommaso;17;45.0701216;7.6818637;Edificio scolastico (es.: scuola di ogni ordine e grado, università, scuola di formazione);Prima del 1919;Nessuno;Patrimonio indisponibile;Utilizzato direttamente;Attività didattica;;;;1;False
695295;L219;1245;452;5;1923.14;FABBRICATO;Largo IV Marzo;19;45.0733196;7.6820156;Ufficio strutturato ed assimilabili;Prima del 1919;Dichiarazione di interesse culturale;Demanio;Utilizzato direttamente;Attività amministrativa/uffici pubblici;;;;1;False
695304;L219;1245;84;23;108.0;FABBRICATO;via palazzo di citta';20;45.0728114;7.6824559;Locale commerciale, negozio;Prima del 1919;Dichiarazione di interesse culturale;Demanio;Utilizzato direttamente;Attività commerciale e di ristorazione;;;;1;False
695305;L219;1245;84;24;80.0;FABBRICATO;via palazzo di citta';20;45.0728114;7.6824559;Ufficio strutturato ed assimilabili;Prima del 1919;Dichiarazione di interesse culturale;Demanio;;Non Dichiarato;in concessione a titolo oneroso;2525.0;01/06/2021;1;False
695306;L219;1245;84;25;220.0;FABBRICATO;via palazzo di citta';20;45.0728114;7.6824559;Ufficio strutturato ed assimilabili;Prima del 1919;Dichiarazione di interesse culturale;Demanio;Utilizzato direttamente;Altro;;;;1;False
695307;L219;1245;84;26;128.0;FABBRICATO;via palazzo di citta';20;45.0728114;7.6824559;Ufficio strutturato ed assimilabili;Prima del 1919;Dichiarazione di interesse culturale;Demanio;Utilizzato direttamente;Altro;;;;1;False
695308;L219;1245;84;28;321.0;FABBRICATO;via palazzo di citta';20;45.0728114;7.6824559;Ufficio strutturato ed assimilabili;Prima del 1919;Dichiarazione di interesse culturale;Demanio;Utilizzato direttamente;Altro;;;;1;False
695309;L219;1245;84;29;101.0;FABBRICATO;via palazzo di citta';20;45.0728114;7.6824559;Ufficio strutturato ed assimilabili;Prima del 1919;Dichiarazione di interesse culturale;Demanio;Utilizzato direttamente;Altro;;;;1;False
695310;L219;1245;84;30;184.0;FABBRICATO;via palazzo di citta';20;45.0728114;7.6824559;Ufficio strutturato ed assimilabili;Prima del 1919;Dichiarazione di interesse culturale;Demanio;;Non Dichiarato;in concessione a titolo oneroso;622.0;01/06/2021;1;False
695311;L219;1245;84;38;32.0;FABBRICATO;via palazzo di citta';20;45.0728114;7.6824559;Ufficio strutturato ed assimilabili;Prima del 1919;Dichiarazione di interesse culturale;Demanio;;Non Dichiarato;in concessione a titolo oneroso;2525.0;01/06/2021;1;False
695312;L219;1245;84;39;32.0;FABBRICATO;via palazzo di citta';20;45.0728114;7.6824559;Ufficio strutturato ed assimilabili;Prima del 1919;Dichiarazione di interesse culturale;Demanio;;Non Dichiarato;in concessione a titolo oneroso;2525.0;01/06/2021;1;False
695313;L219;1245;84;40;40.0;FABBRICATO;via palazzo di citta';20;45.0728114;7.6824559;Ufficio strutturato ed assimilabili;Prima del 1919;Dichiarazione di interesse culturale;Demanio;Utilizzato direttamente;Altro;;;;1;False
695314;L219;1245;84;44;204.0;FABBRICATO;via palazzo di citta';20;45.0728114;7.6824559;Abitazione;Prima del 1919;Dichiarazione di interesse culturale;Demanio;Utilizzato direttamente;Altro;;;;1;False
695315;L219;1245;84;45;102.0;FABBRICATO;PIAZZA CORPUS DOMINI;20;45.0728114;7.6824559;Abitazione;Prima del 1919;Dichiarazione di interesse culturale;Demanio;Utilizzato direttamente;Altro;;;;1;False
695316;L219;1245;84;46;100.0;FABBRICATO;PIAZZA CORPUS DOMINI;20;45.0728114;7.6824559;Abitazione;Prima del 1919;Dichiarazione di interesse culturale;Demanio;Utilizzato direttamente;Altro;;;;1;False
695317;L219;1245;84;47;143.0;FABBRICATO;PIAZZA CORPUS DOMINI;20;45.0728114;7.6824559;Abitazione;Prima del 1919;Dichiarazione di interesse culturale;Demanio;Utilizzato direttamente;Altro;;;;1;False
695318;L219;1245;84;48;52.0;FABBRICATO;PIAZZA CORPUS DOMINI;20;45.0728114;7.6824559;Abitazione;Prima del 1919;Dichiarazione di interesse culturale;Demanio;Utilizzato direttamente;Altro;;;;1;False
695319;L219;1245;84;49;119.0;FABBRICATO;PIAZZA CORPUS DOMINI;20;45.0728114;7.6824559;Abitazione;Prima del 1919;Dichiarazione di interesse culturale;Demanio;Utilizzato direttamente;Altro;;;;1;False
695320;L219;1245;84;50;102.0;FABBRICATO;PIAZZA CORPUS DOMINI;20;45.0728114;7.6824559;Abitazione;Prima del 1919;Dichiarazione di interesse culturale;Demanio;Utilizzato direttamente;Altro;;;;1;False
695321;L219;1245;84;51;115.0;FABBRICATO;PIAZZA CORPUS DOMINI;20;45.0728114;7.6824559;Abitazione;Prima del 1919;Dichiarazione di interesse culturale;Demanio;Utilizzato direttamente;Altro;;;;1;False
695322;L219;1245;84;52;100.0;FABBRICATO;PIAZZA CORPUS DOMINI;20;45.0728114;7.6824559;Abitazione;Prima del 1919;Dichiarazione di interesse culturale;Demanio;Utilizzato direttamente;Altro;;;;1;False
695323;L219;1133;15;1;96.0;FABBRICATO;corso taranto;153;45.0958274;7.7130146;Abitazione;Dal 1961 al 1970;Nessuno;Patrimonio indisponibile;Utilizzato direttamente;Altro;;;;1;False
695324;L219;1133;15;14;88.0;FABBRICATO;Corso Taranto;155;45.0958274;7.7130146;Abitazione;Dal 1961 al 1970;Nessuno;Patrimonio indisponibile;Utilizzato direttamente;Altro;;;;1;False
695325;L219;1133;15;17;88.0;FABBRICATO;Corso Taranto;155;45.0958274;7.7130146;Abitazione;Dal 1961 al 1970;Nessuno;Patrimonio indisponibile;Utilizzato direttamente;Altro;;;;1;False
695326;L219;1133;15;2;88.0;FABBRICATO;corso taranto;153;45.0958274;7.7130146;Abitazione;Dal 1961 al 1970;Nessuno;Patrimonio indisponibile;Utilizzato direttamente;Altro;;;;1;False
695327;L219;1133;15;24;104.0;FABBRICATO;Corso Taranto;157;45.0958274;7.7130146;Abitazione;Dal 1961 al 1970;Nessuno;Patrimonio indisponibile;Utilizzato direttamente;Altro;;;;1;False
695328;L219;1133;15;29;88.0;FABBRICATO;Corso Taranto;157;45.0958274;7.7130146;Abitazione;Dal 1961 al 1970;Nessuno;Patrimonio indisponibile;Utilizzato direttamente;Altro;;;;1;False
695329;L219;1133;15;6;88.0;FABBRICATO;corso taranto;153;45.0958274;7.7130146;Abitazione;Dal 1961 al 1970;Nessuno;Patrimonio indisponibile;Utilizzato direttamente;Altro;;;;1;False
695330;L219;1133;17;14;67.0;FABBRICATO;corso taranto;159 4;45.0959078;7.7139963;Abitazione;Dal 1961 al 1970;Nessuno;Patrimonio indisponibile;Utilizzato direttamente;Altro;;;;1;False
695331;L219;1133;17;20;68.0;FABBRICATO;corso taranto;159 4;45.0959078;7.7139963;Abitazione;Dal 1961 al 1970;Nessuno;Patrimonio indisponibile;Utilizzato direttamente;Altro;;;;1;False
695332;L219;1133;17;34;92.0;FABBRICATO;corso taranto;159 8;45.0959078;7.7139963;Abitazione;Dal 1961 al 1970;Nessuno;Patrimonio indisponibile;Utilizzato direttamente;Altro;;;;1;False
695333;L219;1133;17;38;92.0;FABBRICATO;corso taranto;159 8;45.0959078;7.7139963;Abitazione;Dal 1961 al 1970;Nessuno;Patrimonio indisponibile;Utilizzato direttamente;Altro;;;;1;False
695334;L219;1133;17;39;85.0;FABBRICATO;corso taranto;159 8;45.0959078;7.7139963;Abitazione;Dal 1961 al 1970;Nessuno;Patrimonio indisponibile;Utilizzato direttamente;Altro;;;;1;False
695335;L219;1428;90;1;1242.5;FABBRICATO;via poma carlo;14;45.0350849;7.630729;Edificio scolastico (es.: scuola di ogni ordine e grado, università, scuola di formazione);Dal 1961 al 1970;Nessuno;Patrimonio indisponibile;Utilizzato direttamente;Attività didattica;;;;1;False
695336;L219;1428;90;2;73.0;FABBRICATO;via poma carlo;14;45.0350849;7.630729;Abitazione;Dal 1961 al 1970;Nessuno;Patrimonio indisponibile;Utilizzato direttamente;Alloggio di servizio, foresterie;;;;1;False
695337;L219;1245;9;19;98.0;FABBRICATO;via s. agostino;20;45.0751043;7.6803697;Abitazione;Prima del 1919;Nessuno;Patrimonio indisponibile;Utilizzato direttamente;Altro;;;;1;False
695338;L219;1245;9;20;82.0;FABBRICATO;via s. agostino;20;45.0751043;7.6803697;Abitazione;Prima del 1919;Nessuno;Patrimonio indisponibile;Utilizzato direttamente;Altro;;;;1;False
695339;L219;1245;9;21;89.0;FABBRICATO;via s. agostino;20;45.0751043;7.6803697;Abitazione;Prima del 1919;Nessuno;Patrimonio indisponibile;Utilizzato direttamente;Altro;;;;1;False
695340;L219;1245;9;22;84.0;FABBRICATO;via s. agostino;20;45.0751043;7.6803697;Abitazione;Prima del 1919;Nessuno;Patrimonio indisponibile;Utilizzato direttamente;Altro;;;;1;False
695341;L219;1245;9;23;102.0;FABBRICATO;via s. agostino;20;45.0751043;7.6803697;Abitazione;Prima del 1919;Nessuno;Patrimonio indisponibile;Utilizzato direttamente;Altro;;;;1;False
695342;L219;1245;9;25;109.0;FABBRICATO;via s. agostino;20;45.0751043;7.6803697;Ufficio strutturato ed assimilabili;Prima del 1919;Nessuno;Patrimonio indisponibile;Utilizzato direttamente;Altro;;;;1;False
695343;L219;1246;102;68;14.0;FABBRICATO;via roma;53;45.0695334;7.6841005;Cantina, soffitta, rimessa, box, garage, posto auto aperto/scoperto,;Dal 1919 al 1945;Nessuno;Patrimonio disponibile;Utilizzato direttamente;Altro;;;;1;False
695344;L219;1133;42;14;192.0;FABBRICATO;Via Giovenale Ancina;22;45.0942204;7.7110818;Abitazione;Dal 1946 al 1960;Nessuno;Patrimonio indisponibile;Utilizzato direttamente;Altro;;;;1;False
695345;L219;1133;42;17;84.0;FABBRICATO;Via Giovenale Ancina;22;45.0942204;7.7110818;Abitazione;Dal 1946 al 1960;Nessuno;Patrimonio indisponibile;Utilizzato direttamente;Altro;;;;1;False
695346;L219;1133;42;20;83.0;FABBRICATO;Via Giovenale Ancina;22;45.0942204;7.7110818;Abitazione;Dal 1946 al 1960;Nessuno;Patrimonio indisponibile;Utilizzato direttamente;Altro;;;;1;False
695349;L219;1247;90;3;348.0;FABBRICATO;Corso San Maurizio;6;45.0717482;7.6921332;Ufficio strutturato ed assimilabili;Prima del 1919;Dichiarazione di interesse culturale;Demanio;Utilizzato direttamente;Attività amministrativa/uffici pubblici;;;;1;False
695350;L219;1138;22;;72.0;FABBRICATO;strada del meisino;91;45.0892891;7.7363082;Impianto sportivo;Dal 1981 al 1990;Nessuno;Patrimonio indisponibile;Utilizzato direttamente;Attività sportiva, ricreativa e di intrattenimento;;;;1;False
695351;L219;1247;92;1;128.29;FABBRICATO;Corso San Maurizio;6;45.0715064;7.6924086;Ufficio strutturato ed assimilabili;Prima del 1919;Dichiarazione di interesse culturale;Demanio;Utilizzato direttamente;Attività sportiva, ricreativa e di intrattenimento;;;;1;False
695352;L219;1248;100;22;64.0;FABBRICATO;via s. giulia;6;45.0725277;7.6930821;Abitazione;Dal 1961 al 1970;Nessuno;Patrimonio indisponibile;Utilizzato direttamente;Altro;;;;1;False
695353;L219;1248;218;1;34.0;FABBRICATO;Corso San Maurizio;12;45.0699763;7.693655;Locale commerciale, negozio;Dal 1946 al 1960;Nessuno;Patrimonio indisponibile;Utilizzato direttamente;Attività commerciale e di ristorazione;;;;1;False
695354;L219;1248;218;10;120.0;FABBRICATO;Corso San Maurizio;12;45.0699763;7.693655;Abitazione;Dal 1946 al 1960;Nessuno;Patrimonio indisponibile;Utilizzato direttamente;Altro;;;;1;False
695355;L219;1248;218;11;103.0;FABBRICATO;Corso San Maurizio;12;45.0699763;7.693655;Abitazione;Dal 1946 al 1960;Nessuno;Patrimonio indisponibile;Utilizzato direttamente;Altro;;;;1;False
695356;L219;1248;218;12;91.0;FABBRICATO;Corso San Maurizio;12;45.0699763;7.693655;Abitazione;Dal 1946 al 1960;Nessuno;Patrimonio indisponibile;Utilizzato direttamente;Altro;;;;1;False
695357;L219;1248;218;13;122.0;FABBRICATO;Corso San Maurizio;12;45.0699763;7.693655;Abitazione;Dal 1946 al 1960;Nessuno;Patrimonio indisponibile;Utilizzato direttamente;Altro;;;;1;False
695358;L219;1248;218;14;102.0;FABBRICATO;Corso San Maurizio;12;45.0699763;7.693655;Abitazione;Dal 1946 al 1960;Nessuno;Patrimonio indisponibile;Utilizzato direttamente;Altro;;;;1;False
695359;L219;1248;218;15;92.0;FABBRICATO;Corso San Maurizio;12;45.0699763;7.693655;Abitazione;Dal 1946 al 1960;Nessuno;Patrimonio indisponibile;Utilizzato direttamente;Altro;;;;1;False
695360;L219;1248;218;16;102.0;FABBRICATO;Corso San Maurizio;12;45.0699763;7.693655;Abitazione;Dal 1946 al 1960;Nessuno;Patrimonio indisponibile;Utilizzato direttamente;Altro;;;;1;False
695361;L219;1248;218;17;93.0;FABBRICATO;Corso San Maurizio;12;45.0699763;7.693655;Abitazione;Dal 1946 al 1960;Nessuno;Patrimonio indisponibile;Utilizzato direttamente;Altro;;;;1;False
695362;L219;1248;218;18;118.0;FABBRICATO;Corso San Maurizio;12;45.0699763;7.693655;Abitazione;Dal 1946 al 1960;Nessuno;Patrimonio indisponibile;Utilizzato direttamente;Altro;;;;1;False
695363;L219;1248;218;19;35.0;FABBRICATO;Via Montebello;26;45.0699763;7.693655;Locale commerciale, negozio;Dal 1946 al 1960;Nessuno;Patrimonio indisponibile;Utilizzato direttamente;Attività commerciale e di ristorazione;;;;1;False
695364;L219;1248;218;2;96.0;FABBRICATO;Corso San Maurizio;12;45.0699763;7.693655;Locale commerciale, negozio;Dal 1946 al 1960;Nessuno;Patrimonio indisponibile;Utilizzato direttamente;Attività commerciale e di ristorazione;;;;1;False
695365;L219;1248;218;20;29.0;FABBRICATO;Via Montebello;26;45.0699763;7.693655;Locale commerciale, negozio;Dal 1946 al 1960;Nessuno;Patrimonio indisponibile;Utilizzato direttamente;Attività commerciale e di ristorazione;;;;1;False
695366;L219;1248;218;21;31.0;FABBRICATO;Via Montebello;26;45.0699763;7.693655;Locale commerciale, negozio;Dal 1946 al 1960;Nessuno;Patrimonio indisponibile;Utilizzato direttamente;Attività commerciale e di ristorazione;;;;1;False
695367;L219;1248;218;22;58.0;FABBRICATO;Via Montebello;26;45.0699763;7.693655;Locale commerciale, negozio;Dal 1946 al 1960;Nessuno;Patrimonio indisponibile;Utilizzato direttamente;Attività commerciale e di ristorazione;;;;1;False
695368;L219;1248;218;23;89.0;FABBRICATO;Via Montebello;26;45.0699763;7.693655;Abitazione;Dal 1946 al 1960;Nessuno;Patrimonio indisponibile;Utilizzato direttamente;Altro;;;;1;False
695369;L219;1248;218;24;82.0;FABBRICATO;Via Montebello;26;45.0699763;7.693655;Abitazione;Dal 1946 al 1960;Nessuno;Patrimonio indisponibile;Utilizzato direttamente;Altro;;;;1;False
695370;L219;1248;218;25;66.0;FABBRICATO;Via Montebello;26;45.0699763;7.693655;Abitazione;Dal 1946 al 1960;Nessuno;Patrimonio indisponibile;Utilizzato direttamente;Altro;;;;1;False
695371;L219;1248;218;26;80.0;FABBRICATO;Via Montebello;26;45.0699763;7.693655;Abitazione;Dal 1946 al 1960;Nessuno;Patrimonio indisponibile;Utilizzato direttamente;Altro;;;;1;False
695372;L219;1248;218;27;95.0;FABBRICATO;Via Montebello;26;45.0699763;7.693655;Abitazione;Dal 1946 al 1960;Nessuno;Patrimonio indisponibile;Utilizzato direttamente;Altro;;;;1;False
695373;L219;1248;218;28;82.0;FABBRICATO;Via Montebello;26;45.0699763;7.693655;Abitazione;Dal 1946 al 1960;Nessuno;Patrimonio indisponibile;Utilizzato direttamente;Altro;;;;1;False
695374;L219;1248;218;29;64.0;FABBRICATO;Via Montebello;26;45.0699763;7.693655;Abitazione;Dal 1946 al 1960;Nessuno;Patrimonio indisponibile;Utilizzato direttamente;Altro;;;;1;False
695375;L219;1248;218;3;56.0;FABBRICATO;Corso San Maurizio;12;45.0699763;7.693655;Locale commerciale, negozio;Dal 1946 al 1960;Nessuno;Patrimonio indisponibile;Utilizzato direttamente;Attività commerciale e di ristorazione;;;;1;False
695376;L219;1248;218;30;74.0;FABBRICATO;Via Montebello;26;45.0699763;7.693655;Abitazione;Dal 1946 al 1960;Nessuno;Patrimonio indisponibile;Utilizzato direttamente;Altro;;;;1;False
695377;L219;1248;218;31;91.0;FABBRICATO;Via Montebello;26;45.0699763;7.693655;Abitazione;Dal 1946 al 1960;Nessuno;Patrimonio indisponibile;Utilizzato direttamente;Altro;;;;1;False
695378;L219;1248;218;32;91.0;FABBRICATO;Via Montebello;26;45.0699763;7.693655;Abitazione;Dal 1946 al 1960;Nessuno;Patrimonio indisponibile;Utilizzato direttamente;Altro;;;;1;False
695379;L219;1248;218;33;66.0;FABBRICATO;Via Montebello;26;45.0699763;7.693655;Abitazione;Dal 1946 al 1960;Nessuno;Patrimonio indisponibile;Utilizzato direttamente;Altro;;;;1;False
695380;L219;1248;218;34;73.0;FABBRICATO;Via Montebello;26;45.0699763;7.693655;Abitazione;Dal 1946 al 1960;Nessuno;Patrimonio indisponibile;Utilizzato direttamente;Altro;;;;1;False
695381;L219;1248;218;35;79.0;FABBRICATO;Via Montebello;26;45.0699763;7.693655;Abitazione;Dal 1946 al 1960;Nessuno;Patrimonio indisponibile;Utilizzato direttamente;Altro;;;;1;False
695382;L219;1248;218;36;58.0;FABBRICATO;Via Montebello;26;45.0699763;7.693655;Abitazione;Dal 1946 al 1960;Nessuno;Patrimonio indisponibile;Utilizzato direttamente;Altro;;;;1;False
695383;L219;1248;218;37;89.0;FABBRICATO;Via Montebello;26;45.0699763;7.693655;Abitazione;Dal 1946 al 1960;Nessuno;Patrimonio indisponibile;Utilizzato direttamente;Altro;;;;1;False
695384;L219;1248;218;38;68.0;FABBRICATO;Via Montebello;26;45.0699763;7.693655;Abitazione;Dal 1946 al 1960;Nessuno;Patrimonio indisponibile;Utilizzato direttamente;Altro;;;;1;False
695385;L219;1248;218;4;119.0;FABBRICATO;Corso San Maurizio;12;45.0699763;7.693655;Abitazione;Dal 1946 al 1960;Nessuno;Patrimonio indisponibile;Utilizzato direttamente;Altro;;;;1;False
695386;L219;1248;218;5;99.0;FABBRICATO;Corso San Maurizio;12;45.0699763;7.693655;Abitazione;Dal 1946 al 1960;Nessuno;Patrimonio indisponibile;Utilizzato direttamente;Altro;;;;1;False
695387;L219;1248;218;6;93.0;FABBRICATO;Corso San Maurizio;12;45.0699763;7.693655;Abitazione;Dal 1946 al 1960;Nessuno;Patrimonio indisponibile;Utilizzato direttamente;Altro;;;;1;False
695388;L219;1248;218;7;120.0;FABBRICATO;Corso San Maurizio;12;45.0699763;7.693655;Abitazione;Dal 1946 al 1960;Nessuno;Patrimonio indisponibile;Utilizzato direttamente;Altro;;;;1;False
695389;L219;1248;218;8;102.0;FABBRICATO;Corso San Maurizio;12;45.0699763;7.693655;Abitazione;Dal 1946 al 1960;Nessuno;Patrimonio indisponibile;Utilizzato direttamente;Altro;;;;1;False
695390;L219;1248;218;9;94.0;FABBRICATO;Corso San Maurizio;12;45.0699763;7.693655;Abitazione;Dal 1946 al 1960;Nessuno;Patrimonio indisponibile;Utilizzato direttamente;Altro;;;;1;False
695403;L219;1248;227;1;53.0;FABBRICATO;corso s. maurizio;16 Bis;45.0696003;7.694224;Locale commerciale, negozio;Dal 1946 al 1960;Nessuno;Patrimonio indisponibile;Utilizzato direttamente;Attività commerciale e di ristorazione;;;;1;False
695404;L219;1248;227;10;58.0;FABBRICATO;Corso San Maurizio;18;45.0696003;7.694224;Abitazione;Dal 1946 al 1960;Nessuno;Patrimonio indisponibile;Utilizzato direttamente;Altro;;;;1;False
695405;L219;1248;227;11;74.0;FABBRICATO;Corso San Maurizio;18;45.0696003;7.694224;Abitazione;Dal 1946 al 1960;Nessuno;Patrimonio indisponibile;Utilizzato direttamente;Altro;;;;1;False
695406;L219;1248;227;12;61.0;FABBRICATO;Corso San Maurizio;18;45.0696003;7.694224;Abitazione;Dal 1946 al 1960;Nessuno;Patrimonio indisponibile;Utilizzato direttamente;Altro;;;;1;False
695407;L219;1248;227;13;74.0;FABBRICATO;Corso San Maurizio;18;45.0696003;7.694224;Abitazione;Dal 1946 al 1960;Nessuno;Patrimonio indisponibile;Utilizzato direttamente;Altro;;;;1;False
695408;L219;1248;227;14;58.0;FABBRICATO;Corso San Maurizio;18;45.0696003;7.694224;Abitazione;Dal 1946 al 1960;Nessuno;Patrimonio indisponibile;Utilizzato direttamente;Altro;;;;1;False
695409;L219;1248;227;15;75.0;FABBRICATO;Corso San Maurizio;18;45.0696003;7.694224;Abitazione;Dal 1946 al 1960;Nessuno;Patrimonio indisponibile;Utilizzato direttamente;Altro;;;;1;False
695410;L219;1248;227;16;60.0;FABBRICATO;Corso San Maurizio;18;45.0696003;7.694224;Abitazione;Dal 1946 al 1960;Nessuno;Patrimonio indisponibile;Utilizzato direttamente;Altro;;;;1;False
695411;L219;1248;227;17;73.0;FABBRICATO;Corso San Maurizio;18;45.0696003;7.694224;Abitazione;Dal 1946 al 1960;Nessuno;Patrimonio indisponibile;Utilizzato direttamente;Altro;;;;1;False
695412;L219;1248;227;18;61.0;FABBRICATO;Corso San Maurizio;18;45.0696003;7.694224;Abitazione;Dal 1946 al 1960;Nessuno;Patrimonio indisponibile;Utilizzato direttamente;Altro;;;;1;False
695413;L219;1248;227;19;75.0;FABBRICATO;Corso San Maurizio;18;45.0696003;7.694224;Abitazione;Dal 1946 al 1960;Nessuno;Patrimonio indisponibile;Utilizzato direttamente;Altro;;;;1;False
695414;L219;1248;227;2;30.0;FABBRICATO;corso s. maurizio;16 Bis;45.0696003;7.694224;Locale commerciale, negozio;Dal 1946 al 1960;Nessuno;Patrimonio indisponibile;Utilizzato direttamente;Attività commerciale e di ristorazione;;;;1;False
695415;L219;1248;227;20;56.0;FABBRICATO;corso s. maurizio;18;45.0696003;7.694224;Abitazione;Dal 1946 al 1960;Nessuno;Patrimonio indisponibile;Utilizzato direttamente;Altro;;;;1;False
695416;L219;1248;227;21;75.0;FABBRICATO;corso s. maurizio;18;45.0696003;7.694224;Abitazione;Dal 1946 al 1960;Nessuno;Patrimonio indisponibile;Utilizzato direttamente;Altro;;;;1;False
695417;L219;1248;227;22;58.0;FABBRICATO;corso s. maurizio;18;45.0696003;7.694224;Abitazione;Dal 1946 al 1960;Nessuno;Patrimonio indisponibile;Utilizzato direttamente;Altro;;;;1;False
695418;L219;1248;227;23;77.0;FABBRICATO;corso s. maurizio;18;45.0696003;7.694224;Abitazione;Dal 1946 al 1960;Nessuno;Patrimonio indisponibile;Utilizzato direttamente;Altro;;;;1;False
695419;L219;1248;227;24;57.0;FABBRICATO;corso s. maurizio;18;45.0696003;7.694224;Abitazione;Dal 1946 al 1960;Nessuno;Patrimonio indisponibile;Utilizzato direttamente;Altro;;;;1;False
695420;L219;1248;227;25;76.0;FABBRICATO;corso s. maurizio;18;45.0696003;7.694224;Abitazione;Dal 1946 al 1960;Nessuno;Patrimonio indisponibile;Utilizzato direttamente;Altro;;;;1;False
695421;L219;1248;227;26;58.0;FABBRICATO;corso s. maurizio;18;45.0696003;7.694224;Abitazione;Dal 1946 al 1960;Nessuno;Patrimonio indisponibile;Utilizzato direttamente;Altro;;;;1;False
695422;L219;1248;227;27;77.0;FABBRICATO;corso s. maurizio;18;45.0696003;7.694224;Abitazione;Dal 1946 al 1960;Nessuno;Patrimonio indisponibile;Utilizzato direttamente;Altro;;;;1;False
695423;L219;1248;227;28;58.0;FABBRICATO;corso s. maurizio;18;45.0696003;7.694224;Abitazione;Dal 1946 al 1960;Nessuno;Patrimonio indisponibile;Utilizzato direttamente;Altro;;;;1;False
695424;L219;1248;227;29;76.0;FABBRICATO;corso s. maurizio;18;45.0696003;7.694224;Abitazione;Dal 1946 al 1960;Nessuno;Patrimonio indisponibile;Utilizzato direttamente;Altro;;;;1;False
695425;L219;1248;227;30;61.0;FABBRICATO;corso s. maurizio;18;45.0696003;7.694224;Abitazione;Dal 1946 al 1960;Nessuno;Patrimonio indisponibile;Utilizzato direttamente;Altro;;;;1;False
695426;L219;1248;227;31;77.0;FABBRICATO;corso s. maurizio;18;45.0696003;7.694224;Abitazione;Dal 1946 al 1960;Nessuno;Patrimonio indisponibile;Utilizzato direttamente;Altro;;;;1;False
695427;L219;1248;227;32;57.0;FABBRICATO;corso s. maurizio;18;45.0696003;7.694224;Abitazione;Dal 1946 al 1960;Nessuno;Patrimonio indisponibile;Utilizzato direttamente;Altro;;;;1;False
695428;L219;1248;227;33;77.0;FABBRICATO;corso s. maurizio;18;45.0696003;7.694224;Abitazione;Dal 1946 al 1960;Nessuno;Patrimonio indisponibile;Utilizzato direttamente;Altro;;;;1;False
695429;L219;1248;227;34;48.0;FABBRICATO;Corso San Maurizio;18;45.0696003;7.694224;Abitazione;Dal 1946 al 1960;Nessuno;Patrimonio indisponibile;Utilizzato direttamente;Altro;;;;1;False
695430;L219;1248;227;35;91.0;FABBRICATO;Corso San Maurizio;18;45.0696003;7.694224;Abitazione;Dal 1946 al 1960;Nessuno;Patrimonio indisponibile;Utilizzato direttamente;Altro;;;;1;False
695431;L219;1248;227;36;109.0;FABBRICATO;Corso San Maurizio;18;45.0696003;7.694224;Abitazione;Dal 1946 al 1960;Nessuno;Patrimonio indisponibile;Utilizzato direttamente;Altro;;;;1;False
695432;L219;1248;227;37;90.0;FABBRICATO;Corso San Maurizio;18;45.0696003;7.694224;Abitazione;Dal 1946 al 1960;Nessuno;Patrimonio indisponibile;Utilizzato direttamente;Altro;;;;1;False
695433;L219;1248;227;38;109.0;FABBRICATO;Corso San Maurizio;18;45.0696003;7.694224;Abitazione;Dal 1946 al 1960;Nessuno;Patrimonio indisponibile;Utilizzato direttamente;Altro;;;;1;False
695434;L219;1248;227;39;89.0;FABBRICATO;Corso San Maurizio;18;45.0696003;7.694224;Abitazione;Dal 1946 al 1960;Nessuno;Patrimonio indisponibile;Utilizzato direttamente;Altro;;;;1;False
695435;L219;1248;227;40;108.0;FABBRICATO;Corso San Maurizio;18;45.0696003;7.694224;Abitazione;Dal 1946 al 1960;Nessuno;Patrimonio indisponibile;Utilizzato direttamente;Altro;;;;1;False
695436;L219;1248;227;41;92.0;FABBRICATO;Corso San Maurizio;18;45.0696003;7.694224;Abitazione;Dal 1946 al 1960;Nessuno;Patrimonio indisponibile;Utilizzato direttamente;Altro;;;;1;False
695437;L219;1248;227;42;107.0;FABBRICATO;Corso San Maurizio;18;45.0696003;7.694224;Abitazione;Dal 1946 al 1960;Nessuno;Patrimonio indisponibile;Utilizzato direttamente;Altro;;;;1;False
695438;L219;1248;227;43;91.0;FABBRICATO;Corso San Maurizio;18;45.0696003;7.694224;Abitazione;Dal 1946 al 1960;Nessuno;Patrimonio indisponibile;Utilizzato direttamente;Altro;;;;1;False
695439;L219;1248;227;44;109.0;FABBRICATO;Corso San Maurizio;18;45.0696003;7.694224;Abitazione;Dal 1946 al 1960;Nessuno;Patrimonio indisponibile;Utilizzato direttamente;Altro;;;;1;False
695440;L219;1248;227;45;92.0;FABBRICATO;Corso San Maurizio;18;45.0696003;7.694224;Abitazione;Dal 1946 al 1960;Nessuno;Patrimonio indisponibile;Utilizzato direttamente;Altro;;;;1;False
695441;L219;1248;227;46;108.0;FABBRICATO;Corso San Maurizio;18;45.0696003;7.694224;Abitazione;Dal 1946 al 1960;Nessuno;Patrimonio indisponibile;Utilizzato direttamente;Altro;;;;1;False
695442;L219;1248;227;47;90.0;FABBRICATO;Corso San Maurizio;18;45.0696003;7.694224;Abitazione;Dal 1946 al 1960;Nessuno;Patrimonio indisponibile;Utilizzato direttamente;Altro;;;;1;False
695443;L219;1248;227;48;108.0;FABBRICATO;Corso San Maurizio;18;45.0696003;7.694224;Abitazione;Dal 1946 al 1960;Nessuno;Patrimonio indisponibile;Utilizzato direttamente;Altro;;;;1;False
695444;L219;1248;227;5;39.0;FABBRICATO;corso s. maurizio;16 Bis;45.0696003;7.694224;Locale commerciale, negozio;Dal 1946 al 1960;Nessuno;Patrimonio indisponibile;Utilizzato direttamente;Attività commerciale e di ristorazione;;;;1;False
695445;L219;1248;227;50;93.0;FABBRICATO;Corso San Maurizio;18;45.0696003;7.694224;Locale commerciale, negozio;Dal 1946 al 1960;Nessuno;Patrimonio indisponibile;Utilizzato direttamente;Attività commerciale e di ristorazione;;;;1;False
695446;L219;1248;227;6;60.0;FABBRICATO;Corso San Maurizio;18;45.0696003;7.694224;Abitazione;Dal 1946 al 1960;Nessuno;Patrimonio indisponibile;Utilizzato direttamente;Altro;;;;1;False
695447;L219;1248;227;7;76.0;FABBRICATO;Corso San Maurizio;18;45.0696003;7.694224;Abitazione;Dal 1946 al 1960;Nessuno;Patrimonio indisponibile;Utilizzato direttamente;Altro;;;;1;False
695448;L219;1248;227;8;58.0;FABBRICATO;Corso San Maurizio;18;45.0696003;7.694224;Abitazione;Dal 1946 al 1960;Nessuno;Patrimonio indisponibile;Utilizzato direttamente;Altro;;;;1;False
695449;L219;1248;227;9;73.0;FABBRICATO;Corso San Maurizio;18;45.0696003;7.694224;Abitazione;Dal 1946 al 1960;Nessuno;Patrimonio indisponibile;Utilizzato direttamente;Altro;;;;1;False
695451;L219;1143;196;;2136.75;FABBRICATO;corso mamiani terenzio;1;45.0889295;7.7139399;Edificio scolastico (es.: scuola di ogni ordine e grado, università, scuola di formazione);Dal 1961 al 1970;Nessuno;Patrimonio indisponibile;Utilizzato direttamente;Attività didattica;;;;1;False
695493;L219;1249;346;2;14.0;FABBRICATO;via parma;51;45.0763781;7.6951746;Cantina, soffitta, rimessa, box, garage, posto auto aperto/scoperto,;Dal 1991 al 2000;Nessuno;Patrimonio indisponibile;Utilizzato direttamente;Altro;;;;1;False
695494;L219;1249;346;3;14.0;FABBRICATO;via parma;51;45.0763781;7.6951746;Cantina, soffitta, rimessa, box, garage, posto auto aperto/scoperto,;Dal 1991 al 2000;Nessuno;Patrimonio indisponibile;Utilizzato direttamente;Altro;;;;1;False
695495;L219;1249;346;33;77.0;FABBRICATO;via parma;51;45.0763781;7.6951746;Abitazione;Dal 1991 al 2000;Nessuno;Patrimonio indisponibile;Utilizzato direttamente;Altro;;;;1;False
695496;L219;1249;346;37;77.0;FABBRICATO;via parma;51;45.0763781;7.6951746;Abitazione;Dal 1991 al 2000;Nessuno;Patrimonio indisponibile;Utilizzato direttamente;Altro;;;;1;False
695498;L219;1249;80;1;3871.25;FABBRICATO;via parma;50;45.0761472;7.6948782;Edificio scolastico (es.: scuola di ogni ordine e grado, università, scuola di formazione);Prima del 1919;Nessuno;Patrimonio indisponibile;Utilizzato direttamente;Attività didattica;;;;1;False
695499;L219;1249;80;28;38.0;FABBRICATO;via parma;50;45.0761472;7.6948782;Abitazione;Prima del 1919;Nessuno;Patrimonio indisponibile;Utilizzato direttamente;Alloggio di servizio, foresterie;;;;1;False
695500;L219;1250;124;10;571.71;FABBRICATO;Via Manin Daniele;1;45.0716153;7.7031609;Ufficio strutturato ed assimilabili;Dal 1919 al 1945;Nessuno;Patrimonio indisponibile;Non utilizzato;Non Dichiarato;;;;1;False
695501;L219;1250;124;11;351.43;FABBRICATO;Via Manin Daniele;1;45.0716153;7.7031609;Ufficio strutturato ed assimilabili;Dal 1919 al 1945;Nessuno;Patrimonio indisponibile;Non utilizzato;Non Dichiarato;;;;1;False
695502;L219;1250;137;5;52.0;FABBRICATO;corso regina margherita;43;45.070847;7.6991625;Abitazione;Dal 1981 al 1990;Dichiarazione di interesse culturale;Demanio;Utilizzato direttamente;Alloggio di servizio, foresterie;;;;1;False
695503;L219;1250;138;;2079.8;FABBRICATO;corso regina margherita;47;45.0712207;7.699145;Struttura residenziale collettiva (es.: collegi e convitti, educandati, ricoveri, orfanotrofi, ospizi, conventi, seminari);Prima del 1919;Nessuno;Patrimonio indisponibile;Utilizzato direttamente;Attività commerciale e di ristorazione;;;;1;False
695504;L219;1429;141;;219.71;FABBRICATO;corso orbassano;327 A;45.0355853;7.62731;Ufficio strutturato ed assimilabili;Dal 1981 al 1990;Nessuno;Patrimonio indisponibile;Utilizzato direttamente;Altro;;;;1;False
695505;L219;1250;206;2;116.0;FABBRICATO;Corso Carlo Luigi Farini;20;45.0718908;7.7029915;Magazzino e locali di deposito;Dal 1919 al 1945;Nessuno;Patrimonio indisponibile;Non utilizzato;Non Dichiarato;;;;1;False
695506;L219;1250;206;3;66.0;FABBRICATO;Corso Carlo Luigi Farini;20;45.0718908;7.7029915;Magazzino e locali di deposito;Dal 1919 al 1945;Nessuno;Patrimonio indisponibile;Non utilizzato;Non Dichiarato;;;;1;False
695507;L219;1250;206;4;20.0;FABBRICATO;Corso Carlo Luigi Farini;20;45.0718908;7.7029915;Cantina, soffitta, rimessa, box, garage, posto auto aperto/scoperto,;Dal 1919 al 1945;Nessuno;Patrimonio indisponibile;Non utilizzato;Non Dichiarato;;;;1;False
695508;L219;1250;206;5;13.0;FABBRICATO;Corso Carlo Luigi Farini;20;45.0718908;7.7029915;Cantina, soffitta, rimessa, box, garage, posto auto aperto/scoperto,;Dal 1919 al 1945;Nessuno;Patrimonio indisponibile;Non utilizzato;Non Dichiarato;;;;1;False
695509;L219;1429;41;1;3528.57;FABBRICATO;Via Carlo Pinchia;11;45.0370978;7.6249117;Ufficio strutturato ed assimilabili;Dal 1961 al 1970;Nessuno;Patrimonio indisponibile;Utilizzato direttamente;Attività amministrativa/uffici pubblici;;;;1;False
695510;L219;1429;41;2;79.0;FABBRICATO;Via Carlo Pinchia;15;45.0370978;7.6249117;Abitazione;Dal 1961 al 1970;Nessuno;Patrimonio indisponibile;Utilizzato direttamente;Attività amministrativa/uffici pubblici;;;;1;False
695511;L219;1429;98;103;103.0;FABBRICATO;VIA ORBASSANO;380;45.0343493;7.620652;Abitazione;Dal 1946 al 1960;Nessuno;Patrimonio indisponibile;Utilizzato direttamente;Altro;;;;1;False
695512;L219;1429;98;112;100.0;FABBRICATO;VIA ORBASSANO;380;45.0343493;7.620652;Abitazione;Dal 1946 al 1960;Nessuno;Patrimonio indisponibile;Utilizzato direttamente;Altro;;;;1;False
695513;L219;1429;98;120;93.0;FABBRICATO;VIA ORBASSANO;380;45.0343493;7.620652;Abitazione;Dal 1946 al 1960;Nessuno;Patrimonio indisponibile;Utilizzato direttamente;Altro;;;;1;False
695514;L219;1429;98;124;95.0;FABBRICATO;VIA ORBASSANO;380;45.0343493;7.620652;Abitazione;Dal 1946 al 1960;Nessuno;Patrimonio indisponibile;Utilizzato direttamente;Altro;;;;1;False
695515;L219;1429;98;126;91.0;FABBRICATO;VIA ORBASSANO;380;45.0343493;7.620652;Abitazione;Dal 1946 al 1960;Nessuno;Patrimonio indisponibile;Utilizzato direttamente;Altro;;;;1;False
695516;L219;1429;98;173;113.0;FABBRICATO;VIA ORBASSANO;380;45.0343493;7.620652;Abitazione;Dal 1946 al 1960;Nessuno;Patrimonio indisponibile;Utilizzato direttamente;Altro;;;;1;False
695517;L219;1429;98;175;92.0;FABBRICATO;VIA ORBASSANO;380;45.0343493;7.620652;Abitazione;Dal 1946 al 1960;Nessuno;Patrimonio indisponibile;Utilizzato direttamente;Altro;;;;1;False
695518;L219;1251;100;1;9773.25;FABBRICATO;Via Ricasoli Bettino;30;45.0722427;7.7058911;Edificio scolastico (es.: scuola di ogni ordine e grado, università, scuola di formazione);Prima del 1919;Dichiarazione di interesse culturale;Demanio;Utilizzato direttamente;Attività didattica;;;;1;False
695519;L219;1251;100;2;56.0;FABBRICATO;Via Ricasoli Bettino;30;45.0722427;7.7058911;Abitazione;Prima del 1919;Dichiarazione di interesse culturale;Demanio;Utilizzato direttamente;Alloggio di servizio, foresterie;;;;1;False
695520;L219;1251;100;3;64.0;FABBRICATO;Via Ricasoli Bettino;30;45.0722427;7.7058911;Abitazione;Prima del 1919;Dichiarazione di interesse culturale;Demanio;Utilizzato direttamente;Alloggio di servizio, foresterie;;;;1;False
695521;L219;1251;100;4;64.0;FABBRICATO;Via Ricasoli Bettino;30;45.0722427;7.7058911;Abitazione;Prima del 1919;Dichiarazione di interesse culturale;Demanio;Utilizzato direttamente;Alloggio di servizio, foresterie;;;;1;False
695522;L219;1251;294;1;877.5;FABBRICATO;Piazza Antonio Fontanesi;6;45.0736074;7.7103231;Edificio scolastico (es.: scuola di ogni ordine e grado, università, scuola di formazione);Dal 1961 al 1970;Nessuno;Patrimonio indisponibile;Utilizzato direttamente;Attività didattica;;;;1;False
695523;L219;1251;294;2;86.0;FABBRICATO;Piazza Antonio Fontanesi;6;45.0736074;7.7103231;Abitazione;Dal 1961 al 1970;Nessuno;Patrimonio indisponibile;Utilizzato direttamente;Alloggio di servizio, foresterie;;;;1;False
695524;L219;1430;100;;266.0;FABBRICATO;Via Edoardo Rubino;86;45.039812;7.6196636;Impianto sportivo;Dal 2001 al 2010;Nessuno;Patrimonio indisponibile;Utilizzato direttamente;Altro;;;;1;False
695525;L219;1144;15;10;86.0;FABBRICATO;via petrella errico;75;45.0917837;7.70757765;Abitazione;Dal 1961 al 1970;Nessuno;Patrimonio indisponibile;Utilizzato direttamente;Altro;;;;1;False
695526;L219;1144;15;11;86.0;FABBRICATO;via pietracqua luigi;19;45.0917837;7.70757765;Abitazione;Dal 1961 al 1970;Nessuno;Patrimonio indisponibile;Utilizzato direttamente;Altro;;;;1;False
695527;L219;1144;15;12;77.0;FABBRICATO;via pietracqua luigi;19;45.0917837;7.70757765;Abitazione;Dal 1961 al 1970;Nessuno;Patrimonio indisponibile;Utilizzato direttamente;Altro;;;;1;False
695528;L219;1144;15;15;82.0;FABBRICATO;via pietracqua luigi;19;45.0917837;7.70757765;Abitazione;Dal 1961 al 1970;Nessuno;Patrimonio indisponibile;Utilizzato direttamente;Altro;;;;1;False
695529;L219;1144;15;17;91.0;FABBRICATO;via pietracqua luigi;19;45.0917837;7.70757765;Abitazione;Dal 1961 al 1970;Nessuno;Patrimonio indisponibile;Utilizzato direttamente;Altro;;;;1;False
695530;L219;1144;15;19;76.0;FABBRICATO;via pietracqua luigi;19;45.0917837;7.70757765;Abitazione;Dal 1961 al 1970;Nessuno;Patrimonio indisponibile;Utilizzato direttamente;Altro;;;;1;False
695531;L219;1144;15;21;82.0;FABBRICATO;via pietracqua luigi;19;45.0917837;7.70757765;Abitazione;Dal 1961 al 1970;Nessuno;Patrimonio indisponibile;Utilizzato direttamente;Altro;;;;1;False
695532;L219;1144;15;22;77.0;FABBRICATO;via pietracqua luigi;19;45.0917837;7.70757765;Abitazione;Dal 1961 al 1970;Nessuno;Patrimonio indisponibile;Utilizzato direttamente;Altro;;;;1;False
695533;L219;1144;15;24;82.0;FABBRICATO;via pietracqua luigi;19;45.0917837;7.70757765;Abitazione;Dal 1961 al 1970;Nessuno;Patrimonio indisponibile;Utilizzato direttamente;Altro;;;;1;False
695534;L219;1144;15;26;69.0;FABBRICATO;via pietracqua luigi;19;45.0917837;7.70757765;Abitazione;Dal 1961 al 1970;Nessuno;Patrimonio indisponibile;Utilizzato direttamente;Altro;;;;1;False
695535;L219;1144;15;27;89.0;FABBRICATO;via pietracqua luigi;19;45.0917837;7.70757765;Abitazione;Dal 1961 al 1970;Nessuno;Patrimonio indisponibile;Utilizzato direttamente;Altro;;;;1;False
695536;L219;1144;15;28;70.0;FABBRICATO;via petrella errico;75;45.0917837;7.70757765;Abitazione;Dal 1961 al 1970;Nessuno;Patrimonio indisponibile;Utilizzato direttamente;Altro;;;;1;False
695537;L219;1144;15;29;66.0;FABBRICATO;via petrella errico;75;45.0917837;7.70757765;Abitazione;Dal 1961 al 1970;Nessuno;Patrimonio indisponibile;Utilizzato direttamente;Altro;;;;1;False
695538;L219;1144;15;3;68.0;FABBRICATO;via petrella errico;75;45.0917837;7.70757765;Abitazione;Dal 1961 al 1970;Nessuno;Patrimonio indisponibile;Utilizzato direttamente;Altro;;;;1;False
695539;L219;1144;15;30;63.0;FABBRICATO;via petrella errico;75;45.0917837;7.70757765;Abitazione;Dal 1961 al 1970;Nessuno;Patrimonio indisponibile;Utilizzato direttamente;Altro;;;;1;False
695540;L219;1144;15;31;84.0;FABBRICATO;via petrella errico;75;45.0917837;7.70757765;Abitazione;Dal 1961 al 1970;Nessuno;Patrimonio indisponibile;Utilizzato direttamente;Altro;;;;1;False
695541;L219;1144;15;32;76.0;FABBRICATO;via pietracqua luigi;19;45.0917837;7.70757765;Abitazione;Dal 1961 al 1970;Nessuno;Patrimonio indisponibile;Utilizzato direttamente;Altro;;;;1;False
695542;L219;1144;15;4;86.0;FABBRICATO;via petrella errico;75;45.0917837;7.70757765;Abitazione;Dal 1961 al 1970;Nessuno;Patrimonio indisponibile;Utilizzato direttamente;Altro;;;;1;False
695543;L219;1144;15;8;86.0;FABBRICATO;via petrella errico;75;45.0917837;7.70757765;Abitazione;Dal 1961 al 1970;Nessuno;Patrimonio indisponibile;Utilizzato direttamente;Altro;;;;1;False
695544;L219;1144;15;9;66.0;FABBRICATO;via petrella errico;75;45.0917837;7.70757765;Abitazione;Dal 1961 al 1970;Nessuno;Patrimonio indisponibile;Utilizzato direttamente;Altro;;;;1;False
695545;L219;1251;389;4;123.0;FABBRICATO;Corso Belgio;38;45.07213;7.7100065;Locale commerciale, negozio;Prima del 1919;Nessuno;Patrimonio indisponibile;Utilizzato direttamente;Altro;;;;1;False
695546;L219;1251;389;6;18.0;FABBRICATO;Corso Belgio;38;45.07213;7.7100065;Locale commerciale, negozio;Prima del 1919;Nessuno;Patrimonio indisponibile;Utilizzato direttamente;Servizi assistenza socio-sanitaria (non residenziali);;;;1;False
695547;L219;1251;389;7;41.0;FABBRICATO;Via Andorno;35;45.07213;7.7100065;Abitazione;Prima del 1919;Nessuno;Patrimonio indisponibile;Utilizzato direttamente;Altro;;;;1;False
695548;L219;1132;85;1;64.0;FABBRICATO;Via Arcangelo Corelli;37;45.0960948;7.7088124;Abitazione;Dal 1961 al 1970;Nessuno;Patrimonio indisponibile;Utilizzato direttamente;Altro;;;;1;False
695549;L219;1132;85;13;65.0;FABBRICATO;Via Arcangelo Corelli;37;45.0960948;7.7088124;Abitazione;Dal 1961 al 1970;Nessuno;Patrimonio indisponibile;Utilizzato direttamente;Altro;;;;1;False
695550;L219;1132;85;16;108.0;FABBRICATO;Via Arcangelo Corelli;39;45.0960948;7.7088124;Abitazione;Dal 1961 al 1970;Nessuno;Patrimonio indisponibile;Utilizzato direttamente;Altro;;;;1;False
695551;L219;1132;85;18;108.0;FABBRICATO;Via Arcangelo Corelli;39;45.0960948;7.7088124;Abitazione;Dal 1961 al 1970;Nessuno;Patrimonio indisponibile;Utilizzato direttamente;Altro;;;;1;False
695552;L219;1132;85;22;107.0;FABBRICATO;Via Arcangelo Corelli;39;45.0960948;7.7088124;Abitazione;Dal 1961 al 1970;Nessuno;Patrimonio indisponibile;Utilizzato direttamente;Altro;;;;1;False
695553;L219;1132;85;23;88.0;FABBRICATO;Via Arcangelo Corelli;39;45.0960948;7.7088124;Abitazione;Dal 1961 al 1970;Nessuno;Patrimonio indisponibile;Utilizzato direttamente;Altro;;;;1;False
695554;L219;1132;85;24;110.0;FABBRICATO;Via Arcangelo Corelli;39;45.0960948;7.7088124;Abitazione;Dal 1961 al 1970;Nessuno;Patrimonio indisponibile;Utilizzato direttamente;Altro;;;;1;False
695555;L219;1132;85;25;89.0;FABBRICATO;Via Arcangelo Corelli;39;45.0960948;7.7088124;Abitazione;Dal 1961 al 1970;Nessuno;Patrimonio indisponibile;Utilizzato direttamente;Altro;;;;1;False
695556;L219;1132;85;26;106.0;FABBRICATO;Via Arcangelo Corelli;39;45.0960948;7.7088124;Abitazione;Dal 1961 al 1970;Nessuno;Patrimonio indisponibile;Utilizzato direttamente;Altro;;;;1;False
695557;L219;1132;85;27;90.0;FABBRICATO;Via Arcangelo Corelli;39;45.0960948;7.7088124;Abitazione;Dal 1961 al 1970;Nessuno;Patrimonio indisponibile;Utilizzato direttamente;Altro;;;;1;False
695558;L219;1132;85;28;108.0;FABBRICATO;Via Arcangelo Corelli;39;45.0960948;7.7088124;Abitazione;Dal 1961 al 1970;Nessuno;Patrimonio indisponibile;Utilizzato direttamente;Altro;;;;1;False
695559;L219;1132;85;29;89.0;FABBRICATO;Via Arcangelo Corelli;41;45.0960948;7.7088124;Abitazione;Dal 1961 al 1970;Nessuno;Patrimonio indisponibile;Utilizzato direttamente;Altro;;;;1;False
695560;L219;1132;85;3;64.0;FABBRICATO;Via Arcangelo Corelli;37;45.0960948;7.7088124;Abitazione;Dal 1961 al 1970;Nessuno;Patrimonio indisponibile;Utilizzato direttamente;Altro;;;;1;False
695561;L219;1132;85;30;65.0;FABBRICATO;Via Arcangelo Corelli;41;45.0960948;7.7088124;Abitazione;Dal 1961 al 1970;Nessuno;Patrimonio indisponibile;Utilizzato direttamente;Altro;;;;1;False
695562;L219;1132;85;31;89.0;FABBRICATO;Via Arcangelo Corelli;41;45.0960948;7.7088124;Abitazione;Dal 1961 al 1970;Nessuno;Patrimonio indisponibile;Utilizzato direttamente;Altro;;;;1;False
695563;L219;1132;85;32;65.0;FABBRICATO;Via Arcangelo Corelli;41;45.0960948;7.7088124;Abitazione;Dal 1961 al 1970;Nessuno;Patrimonio indisponibile;Utilizzato direttamente;Altro;;;;1;False
695564;L219;1132;85;36;66.0;FABBRICATO;Via Arcangelo Corelli;41;45.0960948;7.7088124;Abitazione;Dal 1961 al 1970;Nessuno;Patrimonio indisponibile;Utilizzato direttamente;Altro;;;;1;False
695565;L219;1132;85;38;67.0;FABBRICATO;Via Arcangelo Corelli;41;45.0960948;7.7088124;Abitazione;Dal 1961 al 1970;Nessuno;Patrimonio indisponibile;Utilizzato direttamente;Altro;;;;1;False
695566;L219;1132;85;39;87.0;FABBRICATO;Via Arcangelo Corelli;41;45.0960948;7.7088124;Abitazione;Dal 1961 al 1970;Nessuno;Patrimonio indisponibile;Utilizzato direttamente;Altro;;;;1;False
695567;L219;1132;85;4;87.0;FABBRICATO;Via Arcangelo Corelli;37;45.0960948;7.7088124;Abitazione;Dal 1961 al 1970;Nessuno;Patrimonio indisponibile;Utilizzato direttamente;Altro;;;;1;False
695568;L219;1132;85;40;65.0;FABBRICATO;Via Arcangelo Corelli;41;45.0960948;7.7088124;Abitazione;Dal 1961 al 1970;Nessuno;Patrimonio indisponibile;Utilizzato direttamente;Altro;;;;1;False
695569;L219;1132;85;41;88.0;FABBRICATO;Via Arcangelo Corelli;41;45.0960948;7.7088124;Abitazione;Dal 1961 al 1970;Nessuno;Patrimonio indisponibile;Utilizzato direttamente;Altro;;;;1;False
695570;L219;1132;85;5;65.0;FABBRICATO;Via Arcangelo Corelli;37;45.0960948;7.7088124;Abitazione;Dal 1961 al 1970;Nessuno;Patrimonio indisponibile;Utilizzato direttamente;Altro;;;;1;False
695571;L219;1132;85;7;68.0;FABBRICATO;Via Arcangelo Corelli;37;45.0960948;7.7088124;Abitazione;Dal 1961 al 1970;Nessuno;Patrimonio indisponibile;Utilizzato direttamente;Altro;;;;1;False
695572;L219;1132;85;8;86.0;FABBRICATO;Via Arcangelo Corelli;37;45.0960948;7.7088124;Abitazione;Dal 1961 al 1970;Nessuno;Patrimonio indisponibile;Utilizzato direttamente;Altro;;;;1;False
695573;L219;1132;85;9;66.0;FABBRICATO;Via Arcangelo Corelli;37;45.0960948;7.7088124;Abitazione;Dal 1961 al 1970;Nessuno;Patrimonio indisponibile;Utilizzato direttamente;Altro;;;;1;False
695574;L219;1245;211;24;66.0;FABBRICATO;via stampatori;5;45.0725948;7.6785453;Locale commerciale, negozio;Prima del 1919;Nessuno;Demanio;Utilizzato direttamente;Attività commerciale e di ristorazione;;;;1;False
695575;L219;1245;211;25;52.0;FABBRICATO;via stampatori;5;45.0725948;7.6785453;Locale commerciale, negozio;Prima del 1919;Nessuno;Demanio;Utilizzato direttamente;Attività commerciale e di ristorazione;;;;1;False
695576;L219;1245;211;26;37.0;FABBRICATO;via stampatori;5;45.0725948;7.6785453;Locale commerciale, negozio;Prima del 1919;Nessuno;Demanio;Utilizzato direttamente;Attività commerciale e di ristorazione;;;;1;False
695577;L219;1245;211;27;63.0;FABBRICATO;via stampatori;5;45.0725948;7.6785453;Abitazione;Prima del 1919;Nessuno;Demanio;Utilizzato direttamente;Altro;;;;1;False
695578;L219;1245;211;28;75.0;FABBRICATO;via stampatori;5;45.0725948;7.6785453;Abitazione;Prima del 1919;Nessuno;Demanio;Utilizzato direttamente;Altro;;;;1;False
695579;L219;1245;211;29;96.0;FABBRICATO;via stampatori;5;45.0725948;7.6785453;Abitazione;Prima del 1919;Nessuno;Demanio;Utilizzato direttamente;Altro;;;;1;False
695580;L219;1245;211;30;47.0;FABBRICATO;via stampatori;5;45.0725948;7.6785453;Abitazione;Prima del 1919;Nessuno;Demanio;Utilizzato direttamente;Altro;;;;1;False
695581;L219;1245;211;31;77.0;FABBRICATO;via stampatori;5;45.0725948;7.6785453;Abitazione;Prima del 1919;Nessuno;Demanio;Utilizzato direttamente;Altro;;;;1;False
695582;L219;1245;211;32;100.0;FABBRICATO;via stampatori;5;45.0725948;7.6785453;Abitazione;Prima del 1919;Nessuno;Demanio;Utilizzato direttamente;Altro;;;;1;False
695583;L219;1245;211;33;46.0;FABBRICATO;via stampatori;5;45.0725948;7.6785453;Abitazione;Prima del 1919;Nessuno;Demanio;Utilizzato direttamente;Altro;;;;1;False
695584;L219;1245;211;34;65.0;FABBRICATO;via stampatori;5;45.0725948;7.6785453;Abitazione;Prima del 1919;Nessuno;Demanio;Utilizzato direttamente;Altro;;;;1;False
695585;L219;1245;211;35;77.0;FABBRICATO;via stampatori;5;45.0725948;7.6785453;Abitazione;Prima del 1919;Nessuno;Demanio;Utilizzato direttamente;Altro;;;;1;False
695586;L219;1245;211;36;96.0;FABBRICATO;via stampatori;5;45.0725948;7.6785453;Abitazione;Prima del 1919;Nessuno;Demanio;Utilizzato direttamente;Altro;;;;1;False
695587;L219;1245;211;37;46.0;FABBRICATO;via stampatori;5;45.0725948;7.6785453;Abitazione;Prima del 1919;Nessuno;Demanio;Utilizzato direttamente;Altro;;;;1;False
695588;L219;1245;212;35;471.0;FABBRICATO;Vicolo Santa Maria;2;45.0724207;7.6788637;Biblioteca, pinacoteca, museo, gallerie;Prima del 1919;Nessuno;Patrimonio indisponibile;Utilizzato direttamente;Attività artistica e culturale;;;;1;False
695589;L219;1245;212;36;47.0;FABBRICATO;Vicolo Santa Maria;2;45.0724207;7.6788637;Locale commerciale, negozio;Prima del 1919;Nessuno;Patrimonio indisponibile;Utilizzato direttamente;Attività commerciale e di ristorazione;;;;1;False
695590;L219;1245;212;37;69.4;FABBRICATO;Piazzetta Andrea Viglongo;3;45.0724207;7.6788637;Biblioteca, pinacoteca, museo, gallerie;Prima del 1919;Nessuno;Patrimonio indisponibile;Utilizzato direttamente;Attività artistica e culturale;;;;1;False
695591;L219;1245;212;38;79.0;FABBRICATO;Via Giuseppe Barbaroux;27;45.0724207;7.6788637;Abitazione;Prima del 1919;Nessuno;Patrimonio indisponibile;Utilizzato direttamente;Altro;;;;1;False
695592;L219;1245;212;39;49.0;FABBRICATO;Via Giuseppe Barbaroux;27;45.0724207;7.6788637;Abitazione;Prima del 1919;Nessuno;Patrimonio indisponibile;Utilizzato direttamente;Altro;;;;1;False
695593;L219;1245;212;40;47.0;FABBRICATO;Via Giuseppe Barbaroux;27;45.0724207;7.6788637;Abitazione;Prima del 1919;Nessuno;Patrimonio indisponibile;Utilizzato direttamente;Altro;;;;1;False
695594;L219;1245;212;41;50.0;FABBRICATO;Via Giuseppe Barbaroux;27;45.0724207;7.6788637;Abitazione;Prima del 1919;Nessuno;Patrimonio indisponibile;Utilizzato direttamente;Altro;;;;1;False
695595;L219;1245;212;42;60.0;FABBRICATO;Via Giuseppe Barbaroux;27;45.0724207;7.6788637;Abitazione;Prima del 1919;Nessuno;Patrimonio indisponibile;Utilizzato direttamente;Altro;;;;1;False
695596;L219;1245;212;43;82.0;FABBRICATO;Via Giuseppe Barbaroux;27;45.0724207;7.6788637;Abitazione;Prima del 1919;Nessuno;Patrimonio indisponibile;Utilizzato direttamente;Altro;;;;1;False
695597;L219;1245;212;44;86.0;FABBRICATO;Via Giuseppe Barbaroux;27;45.0724207;7.6788637;Abitazione;Prima del 1919;Nessuno;Patrimonio indisponibile;Utilizzato direttamente;Altro;;;;1;False
695598;L219;1245;212;45;71.0;FABBRICATO;Via Giuseppe Barbaroux;27;45.0724207;7.6788637;Abitazione;Prima del 1919;Nessuno;Patrimonio indisponibile;Utilizzato direttamente;Altro;;;;1;False
695599;L219;1245;212;46;65.0;FABBRICATO;Via Giuseppe Barbaroux;27;45.0724207;7.6788637;Abitazione;Prima del 1919;Nessuno;Patrimonio indisponibile;Utilizzato direttamente;Altro;;;;1;False
695600;L219;1245;212;47;45.0;FABBRICATO;Via Giuseppe Barbaroux;27;45.0724207;7.6788637;Abitazione;Prima del 1919;Nessuno;Patrimonio indisponibile;Utilizzato direttamente;Altro;;;;1;False
695601;L219;1245;212;48;71.0;FABBRICATO;Via Giuseppe Barbaroux;27;45.0724207;7.6788637;Abitazione;Prima del 1919;Nessuno;Patrimonio indisponibile;Utilizzato direttamente;Altro;;;;1;False
695602;L219;1245;212;49;67.0;FABBRICATO;Via Giuseppe Barbaroux;27;45.0724207;7.6788637;Abitazione;Prima del 1919;Nessuno;Patrimonio indisponibile;Utilizzato direttamente;Altro;;;;1;False
695603;L219;1245;212;50;49.0;FABBRICATO;Via Giuseppe Barbaroux;27;45.0724207;7.6788637;Abitazione;Prima del 1919;Nessuno;Patrimonio indisponibile;Utilizzato direttamente;Altro;;;;1;False
695604;L219;1132;88;1;64.0;FABBRICATO;via pergolesi giambattista;91 A;45.0961636;7.7069216;Abitazione;Dal 1961 al 1970;Nessuno;Patrimonio indisponibile;Utilizzato direttamente;Altro;;;;1;False
695605;L219;1132;88;11;66.0;FABBRICATO;via pergolesi giambattista;91 A;45.0961636;7.7069216;Abitazione;Dal 1961 al 1970;Nessuno;Patrimonio indisponibile;Utilizzato direttamente;Altro;;;;1;False
695606;L219;1132;88;12;87.0;FABBRICATO;via pergolesi giambattista;91 A;45.0961636;7.7069216;Abitazione;Dal 1961 al 1970;Nessuno;Patrimonio indisponibile;Utilizzato direttamente;Altro;;;;1;False
695607;L219;1132;88;14;68.0;FABBRICATO;via pergolesi giambattista;91 A;45.0961636;7.7069216;Abitazione;Dal 1961 al 1970;Nessuno;Patrimonio indisponibile;Utilizzato direttamente;Altro;;;;1;False
695608;L219;1132;88;16;63.0;FABBRICATO;via pergolesi giambattista;91 B;45.0961636;7.7069216;Abitazione;Dal 1961 al 1970;Nessuno;Patrimonio indisponibile;Utilizzato direttamente;Altro;;;;1;False
695609;L219;1132;88;17;86.0;FABBRICATO;via pergolesi giambattista;91 B;45.0961636;7.7069216;Abitazione;Dal 1961 al 1970;Nessuno;Patrimonio indisponibile;Utilizzato direttamente;Altro;;;;1;False
695610;L219;1132;88;18;67.0;FABBRICATO;via pergolesi giambattista;91 B;45.0961636;7.7069216;Abitazione;Dal 1961 al 1970;Nessuno;Patrimonio indisponibile;Utilizzato direttamente;Altro;;;;1;False
695611;L219;1132;88;19;92.0;FABBRICATO;via pergolesi giambattista;91 B;45.0961636;7.7069216;Abitazione;Dal 1961 al 1970;Nessuno;Patrimonio indisponibile;Utilizzato direttamente;Altro;;;;1;False
695612;L219;1132;88;2;88.0;FABBRICATO;via pergolesi giambattista;91 A;45.0961636;7.7069216;Abitazione;Dal 1961 al 1970;Nessuno;Patrimonio indisponibile;Utilizzato direttamente;Altro;;;;1;False
695613;L219;1132;88;21;90.0;FABBRICATO;via pergolesi giambattista;91 B;45.0961636;7.7069216;Abitazione;Dal 1961 al 1970;Nessuno;Patrimonio indisponibile;Utilizzato direttamente;Altro;;;;1;False
695614;L219;1132;88;23;89.0;FABBRICATO;via pergolesi giambattista;91 B;45.0961636;7.7069216;Abitazione;Dal 1961 al 1970;Nessuno;Patrimonio indisponibile;Utilizzato direttamente;Altro;;;;1;False
695615;L219;1132;88;25;87.0;FABBRICATO;via pergolesi giambattista;91 B;45.0961636;7.7069216;Abitazione;Dal 1961 al 1970;Nessuno;Patrimonio indisponibile;Utilizzato direttamente;Altro;;;;1;False
695616;L219;1132;88;26;62.0;FABBRICATO;via pergolesi giambattista;91 B;45.0961636;7.7069216;Abitazione;Dal 1961 al 1970;Nessuno;Patrimonio indisponibile;Utilizzato direttamente;Altro;;;;1;False
695617;L219;1132;88;27;87.0;FABBRICATO;via pergolesi giambattista;91 B;45.0961636;7.7069216;Abitazione;Dal 1961 al 1970;Nessuno;Patrimonio indisponibile;Utilizzato direttamente;Altro;;;;1;False
695618;L219;1132;88;28;68.0;FABBRICATO;via pergolesi giambattista;91 B;45.0961636;7.7069216;Abitazione;Dal 1961 al 1970;Nessuno;Patrimonio indisponibile;Utilizzato direttamente;Altro;;;;1;False
695619;L219;1132;88;29;63.0;FABBRICATO;via pergolesi giambattista;91 C;45.0961636;7.7069216;Abitazione;Dal 1961 al 1970;Nessuno;Patrimonio indisponibile;Utilizzato direttamente;Altro;;;;1;False
695620;L219;1132;88;3;65.0;FABBRICATO;via pergolesi giambattista;91 A;45.0961636;7.7069216;Abitazione;Dal 1961 al 1970;Nessuno;Patrimonio indisponibile;Utilizzato direttamente;Altro;;;;1;False
695621;L219;1132;88;30;87.0;FABBRICATO;via pergolesi giambattista;91 C;45.0961636;7.7069216;Abitazione;Dal 1961 al 1970;Nessuno;Patrimonio indisponibile;Utilizzato direttamente;Altro;;;;1;False
695622;L219;1132;88;31;63.0;FABBRICATO;via pergolesi giambattista;91 C;45.0961636;7.7069216;Abitazione;Dal 1961 al 1970;Nessuno;Patrimonio indisponibile;Utilizzato direttamente;Altro;;;;1;False
695623;L219;1132;88;32;87.0;FABBRICATO;via pergolesi giambattista;91 C;45.0961636;7.7069216;Abitazione;Dal 1961 al 1970;Nessuno;Patrimonio indisponibile;Utilizzato direttamente;Altro;;;;1;False
695624;L219;1132;88;33;62.0;FABBRICATO;via pergolesi giambattista;91 C;45.0961636;7.7069216;Abitazione;Dal 1961 al 1970;Nessuno;Patrimonio indisponibile;Utilizzato direttamente;Altro;;;;1;False
695625;L219;1132;88;34;87.0;FABBRICATO;via pergolesi giambattista;91 C;45.0961636;7.7069216;Abitazione;Dal 1961 al 1970;Nessuno;Patrimonio indisponibile;Utilizzato direttamente;Altro;;;;1;False
695626;L219;1132;88;35;64.0;FABBRICATO;via pergolesi giambattista;91 C;45.0961636;7.7069216;Abitazione;Dal 1961 al 1970;Nessuno;Patrimonio indisponibile;Utilizzato direttamente;Altro;;;;1;False
695627;L219;1132;88;36;86.0;FABBRICATO;via pergolesi giambattista;91 C;45.0961636;7.7069216;Abitazione;Dal 1961 al 1970;Nessuno;Patrimonio indisponibile;Utilizzato direttamente;Altro;;;;1;False
695628;L219;1132;88;37;61.0;FABBRICATO;via pergolesi giambattista;91 C;45.0961636;7.7069216;Abitazione;Dal 1961 al 1970;Nessuno;Patrimonio indisponibile;Utilizzato direttamente;Altro;;;;1;False
695629;L219;1132;88;38;87.0;FABBRICATO;via pergolesi giambattista;91 C;45.0961636;7.7069216;Abitazione;Dal 1961 al 1970;Nessuno;Patrimonio indisponibile;Utilizzato direttamente;Altro;;;;1;False
695630;L219;1132;88;39;62.0;FABBRICATO;via pergolesi giambattista;91 C;45.0961636;7.7069216;Abitazione;Dal 1961 al 1970;Nessuno;Patrimonio indisponibile;Utilizzato direttamente;Altro;;;;1;False
695631;L219;1132;88;4;87.0;FABBRICATO;via pergolesi giambattista;91 A;45.0961636;7.7069216;Abitazione;Dal 1961 al 1970;Nessuno;Patrimonio indisponibile;Utilizzato direttamente;Altro;;;;1;False
695632;L219;1132;88;40;88.0;FABBRICATO;via pergolesi giambattista;91 C;45.0961636;7.7069216;Abitazione;Dal 1961 al 1970;Nessuno;Patrimonio indisponibile;Utilizzato direttamente;Altro;;;;1;False
695633;L219;1132;88;41;67.0;FABBRICATO;via pergolesi giambattista;91 C;45.0961636;7.7069216;Abitazione;Dal 1961 al 1970;Nessuno;Patrimonio indisponibile;Utilizzato direttamente;Altro;;;;1;False
695634;L219;1132;88;42;88.0;FABBRICATO;via pergolesi giambattista;91 C;45.0961636;7.7069216;Abitazione;Dal 1961 al 1970;Nessuno;Patrimonio indisponibile;Utilizzato direttamente;Altro;;;;1;False
695635;L219;1132;88;43;87.0;FABBRICATO;via pergolesi giambattista;91 D;45.0961636;7.7069216;Abitazione;Dal 1961 al 1970;Nessuno;Patrimonio indisponibile;Utilizzato direttamente;Altro;;;;1;False
695636;L219;1132;88;44;67.0;FABBRICATO;via pergolesi giambattista;91 D;45.0961636;7.7069216;Abitazione;Dal 1961 al 1970;Nessuno;Patrimonio indisponibile;Utilizzato direttamente;Altro;;;;1;False
695637;L219;1132;88;45;88.0;FABBRICATO;via pergolesi giambattista;91 D;45.0961636;7.7069216;Abitazione;Dal 1961 al 1970;Nessuno;Patrimonio indisponibile;Utilizzato direttamente;Altro;;;;1;False
695638;L219;1132;88;46;69.0;FABBRICATO;via pergolesi giambattista;91 D;45.0961636;7.7069216;Abitazione;Dal 1961 al 1970;Nessuno;Patrimonio indisponibile;Utilizzato direttamente;Altro;;;;1;False
695639;L219;1132;88;47;92.0;FABBRICATO;via pergolesi giambattista;91 D;45.0961636;7.7069216;Abitazione;Dal 1961 al 1970;Nessuno;Patrimonio indisponibile;Utilizzato direttamente;Altro;;;;1;False
695640;L219;1132;88;48;65.0;FABBRICATO;via pergolesi giambattista;91 D;45.0961636;7.7069216;Abitazione;Dal 1961 al 1970;Nessuno;Patrimonio indisponibile;Utilizzato direttamente;Altro;;;;1;False
695641;L219;1132;88;49;86.0;FABBRICATO;via pergolesi giambattista;91 D;45.0961636;7.7069216;Abitazione;Dal 1961 al 1970;Nessuno;Patrimonio indisponibile;Utilizzato direttamente;Altro;;;;1;False
695642;L219;1132;88;5;68.0;FABBRICATO;via pergolesi giambattista;91 A;45.0961636;7.7069216;Abitazione;Dal 1961 al 1970;Nessuno;Patrimonio indisponibile;Utilizzato direttamente;Altro;;;;1;False
695643;L219;1132;88;50;64.0;FABBRICATO;via pergolesi giambattista;91 D;45.0961636;7.7069216;Abitazione;Dal 1961 al 1970;Nessuno;Patrimonio indisponibile;Utilizzato direttamente;Altro;;;;1;False
695644;L219;1132;88;51;89.0;FABBRICATO;via pergolesi giambattista;91 D;45.0961636;7.7069216;Abitazione;Dal 1961 al 1970;Nessuno;Patrimonio indisponibile;Utilizzato direttamente;Altro;;;;1;False
695645;L219;1132;88;52;68.0;FABBRICATO;via pergolesi giambattista;91 D;45.0961636;7.7069216;Abitazione;Dal 1961 al 1970;Nessuno;Patrimonio indisponibile;Utilizzato direttamente;Altro;;;;1;False
695646;L219;1132;88;53;86.0;FABBRICATO;via pergolesi giambattista;91 D;45.0961636;7.7069216;Abitazione;Dal 1961 al 1970;Nessuno;Patrimonio indisponibile;Utilizzato direttamente;Altro;;;;1;False
695647;L219;1132;88;54;68.0;FABBRICATO;via pergolesi giambattista;91 D;45.0961636;7.7069216;Abitazione;Dal 1961 al 1970;Nessuno;Patrimonio indisponibile;Utilizzato direttamente;Altro;;;;1;False
695648;L219;1132;88;55;87.0;FABBRICATO;via pergolesi giambattista;91 D;45.0961636;7.7069216;Abitazione;Dal 1961 al 1970;Nessuno;Patrimonio indisponibile;Utilizzato direttamente;Altro;;;;1;False
695649;L219;1132;88;56;64.0;FABBRICATO;via pergolesi giambattista;91 D;45.0961636;7.7069216;Abitazione;Dal 1961 al 1970;Nessuno;Patrimonio indisponibile;Utilizzato direttamente;Altro;;;;1;False
695650;L219;1132;88;7;64.0;FABBRICATO;via pergolesi giambattista;91 A;45.0961636;7.7069216;Abitazione;Dal 1961 al 1970;Nessuno;Patrimonio indisponibile;Utilizzato direttamente;Altro;;;;1;False
695651;L219;1133;11;13;69.0;FABBRICATO;Via Sandro Botticelli;152;45.0965341;7.7133715;Abitazione;Dal 1946 al 1960;Nessuno;Patrimonio indisponibile;Utilizzato direttamente;Altro;;;;1;False
695652;L219;1133;11;14;64.0;FABBRICATO;Via Sandro Botticelli;152;45.0965341;7.7133715;Abitazione;Dal 1946 al 1960;Nessuno;Patrimonio indisponibile;Utilizzato direttamente;Altro;;;;1;False
695653;L219;1133;11;17;64.0;FABBRICATO;Via Sandro Botticelli;152;45.0965341;7.7133715;Abitazione;Dal 1946 al 1960;Nessuno;Patrimonio indisponibile;Utilizzato direttamente;Altro;;;;1;False
695654;L219;1133;11;20;64.0;FABBRICATO;Via Sandro Botticelli;152;45.0965341;7.7133715;Abitazione;Dal 1946 al 1960;Nessuno;Patrimonio indisponibile;Utilizzato direttamente;Altro;;;;1;False
695655;L219;1133;11;23;64.0;FABBRICATO;Via Sandro Botticelli;154;45.0965341;7.7133715;Abitazione;Dal 1946 al 1960;Nessuno;Patrimonio indisponibile;Utilizzato direttamente;Altro;;;;1;False
695656;L219;1133;11;28;64.0;FABBRICATO;Via Sandro Botticelli;154;45.0965341;7.7133715;Abitazione;Dal 1946 al 1960;Nessuno;Patrimonio indisponibile;Utilizzato direttamente;Altro;;;;1;False
695657;L219;1133;11;31;64.0;FABBRICATO;Via Sandro Botticelli;154;45.0965341;7.7133715;Abitazione;Dal 1946 al 1960;Nessuno;Patrimonio indisponibile;Utilizzato direttamente;Altro;;;;1;False
695658;L219;1133;11;32;19.0;FABBRICATO;Via Sandro Botticelli;150;45.0965341;7.7133715;Cantina, soffitta, rimessa, box, garage, posto auto aperto/scoperto,;Dal 1946 al 1960;Nessuno;Patrimonio indisponibile;Utilizzato direttamente;Altro;;;;1;False
695659;L219;1133;12;1;84.0;FABBRICATO;Via Giovenale Ancina;50;45.0962736;7.7129759;Abitazione;Dal 1946 al 1960;Nessuno;Patrimonio indisponibile;Utilizzato direttamente;Altro;;;;1;False
695660;L219;1133;12;20;100.0;FABBRICATO;Via Giovenale Ancina;52;45.0962736;7.7129759;Abitazione;Dal 1946 al 1960;Nessuno;Patrimonio indisponibile;Utilizzato direttamente;Altro;;;;1;False
695661;L219;1245;8;19;84.0;FABBRICATO;Via Gian Francesco Bellezia;19;45.0749871;7.6810446;Locale commerciale, negozio;Prima del 1919;Dichiarazione di interesse culturale;Patrimonio indisponibile;Utilizzato direttamente;Altro;;;;1;False
695662;L219;1245;8;20;98.0;FABBRICATO;Via Gian Francesco Bellezia;19;45.0749871;7.6810446;Locale commerciale, negozio;Prima del 1919;Dichiarazione di interesse culturale;Patrimonio indisponibile;Utilizzato direttamente;Altro;;;;1;False
695663;L219;1245;8;21;142.0;FABBRICATO;Via Gian Francesco Bellezia;19;45.0749871;7.6810446;Abitazione;Prima del 1919;Dichiarazione di interesse culturale;Patrimonio indisponibile;Utilizzato direttamente;Altro;;;;1;False
695664;L219;1245;8;22;94.0;FABBRICATO;Via Gian Francesco Bellezia;19;45.0749871;7.6810446;Abitazione;Prima del 1919;Dichiarazione di interesse culturale;Patrimonio indisponibile;Utilizzato direttamente;Altro;;;;1;False
695665;L219;1245;8;23;142.0;FABBRICATO;Via Gian Francesco Bellezia;19;45.0749871;7.6810446;Abitazione;Prima del 1919;Dichiarazione di interesse culturale;Patrimonio indisponibile;Utilizzato direttamente;Altro;;;;1;False
695666;L219;1245;8;24;94.0;FABBRICATO;Via Gian Francesco Bellezia;19;45.0749871;7.6810446;Abitazione;Prima del 1919;Dichiarazione di interesse culturale;Patrimonio indisponibile;Utilizzato direttamente;Altro;;;;1;False
695667;L219;1245;8;25;114.0;FABBRICATO;Via Gian Francesco Bellezia;19;45.0749871;7.6810446;Abitazione;Prima del 1919;Dichiarazione di interesse culturale;Patrimonio indisponibile;Utilizzato direttamente;Altro;;;;1;False
695668;L219;1245;8;26;114.0;FABBRICATO;Via Gian Francesco Bellezia;19;45.0749871;7.6810446;Abitazione;Prima del 1919;Dichiarazione di interesse culturale;Patrimonio indisponibile;Utilizzato direttamente;Altro;;;;1;False
695669;L219;1133;14;1;67.0;FABBRICATO;corso taranto;159 1;45.0961005;7.7136586;Abitazione;Dal 1961 al 1970;Nessuno;Patrimonio indisponibile;Utilizzato direttamente;Altro;;;;1;False
695670;L219;1133;14;16;68.0;FABBRICATO;corso taranto;159 3;45.0961005;7.7136586;Abitazione;Dal 1961 al 1970;Nessuno;Patrimonio indisponibile;Utilizzato direttamente;Altro;;;;1;False
695671;L219;1133;14;18;68.0;FABBRICATO;corso taranto;159 3;45.0961005;7.7136586;Abitazione;Dal 1961 al 1970;Nessuno;Patrimonio indisponibile;Utilizzato direttamente;Altro;;;;1;False
695672;L219;1133;14;2;73.0;FABBRICATO;corso taranto;159 1;45.0961005;7.7136586;Abitazione;Dal 1961 al 1970;Nessuno;Patrimonio indisponibile;Utilizzato direttamente;Altro;;;;1;False
695673;L219;1133;14;21;68.0;FABBRICATO;corso taranto;159 5;45.0961005;7.7136586;Abitazione;Dal 1961 al 1970;Nessuno;Patrimonio indisponibile;Utilizzato direttamente;Altro;;;;1;False
695674;L219;1133;14;22;70.0;FABBRICATO;corso taranto;159 5;45.0961005;7.7136586;Abitazione;Dal 1961 al 1970;Nessuno;Patrimonio indisponibile;Utilizzato direttamente;Altro;;;;1;False
695675;L219;1133;14;24;69.0;FABBRICATO;corso taranto;159 5;45.0961005;7.7136586;Abitazione;Dal 1961 al 1970;Nessuno;Patrimonio indisponibile;Utilizzato direttamente;Altro;;;;1;False
695676;L219;1133;14;25;90.0;FABBRICATO;corso taranto;159 6;45.0961005;7.7136586;Abitazione;Dal 1961 al 1970;Nessuno;Patrimonio indisponibile;Utilizzato direttamente;Altro;;;;1;False
695677;L219;1133;14;26;67.0;FABBRICATO;corso taranto;159 5;45.0961005;7.7136586;Abitazione;Dal 1961 al 1970;Nessuno;Patrimonio indisponibile;Utilizzato direttamente;Altro;;;;1;False
695678;L219;1133;14;27;86.0;FABBRICATO;corso taranto;159 6;45.0961005;7.7136586;Abitazione;Dal 1961 al 1970;Nessuno;Patrimonio indisponibile;Utilizzato direttamente;Altro;;;;1;False
695679;L219;1133;14;30;68.0;FABBRICATO;corso taranto;159 6;45.0961005;7.7136586;Abitazione;Dal 1961 al 1970;Nessuno;Patrimonio indisponibile;Utilizzato direttamente;Altro;;;;1;False
695680;L219;1133;14;32;83.0;FABBRICATO;corso taranto;159 8;45.0961005;7.7136586;Abitazione;Dal 1961 al 1970;Nessuno;Patrimonio indisponibile;Utilizzato direttamente;Altro;;;;1;False
695681;L219;1133;14;39;115.0;FABBRICATO;corso taranto;159 7;45.0961005;7.7136586;Abitazione;Dal 1961 al 1970;Nessuno;Patrimonio indisponibile;Utilizzato direttamente;Altro;;;;1;False
695682;L219;1133;14;4;68.0;FABBRICATO;corso taranto;159 1;45.0961005;7.7136586;Abitazione;Dal 1961 al 1970;Nessuno;Patrimonio indisponibile;Utilizzato direttamente;Altro;;;;1;False
695683;L219;1133;14;40;67.0;FABBRICATO;corso taranto;159 7;45.0961005;7.7136586;Abitazione;Dal 1961 al 1970;Nessuno;Patrimonio indisponibile;Utilizzato direttamente;Altro;;;;1;False
695684;L219;1133;14;6;71.0;FABBRICATO;corso taranto;159 2;45.0961005;7.7136586;Abitazione;Dal 1961 al 1970;Nessuno;Patrimonio indisponibile;Utilizzato direttamente;Altro;;;;1;False
695685;L219;1428;95;1;62.0;FABBRICATO;via poma carlo;11;45.0349164;7.6316046;Abitazione;Dal 1946 al 1960;Nessuno;Patrimonio indisponibile;Utilizzato direttamente;Altro;;;;1;False
695686;L219;1428;95;10;59.0;FABBRICATO;via poma carlo;11;45.0349164;7.6316046;Abitazione;Dal 1946 al 1960;Nessuno;Patrimonio indisponibile;Utilizzato direttamente;Altro;;;;1;False
695687;L219;1428;95;100;61.0;FABBRICATO;via poma carlo;11;45.0349164;7.6316046;Abitazione;Dal 1946 al 1960;Nessuno;Patrimonio indisponibile;Utilizzato direttamente;Altro;;;;1;False
695688;L219;1428;95;101;60.0;FABBRICATO;via poma carlo;11;45.0349164;7.6316046;Abitazione;Dal 1946 al 1960;Nessuno;Patrimonio indisponibile;Utilizzato direttamente;Altro;;;;1;False
695689;L219;1428;95;103;63.0;FABBRICATO;via poma carlo;11;45.0349164;7.6316046;Abitazione;Dal 1946 al 1960;Nessuno;Patrimonio indisponibile;Utilizzato direttamente;Altro;;;;1;False
695690;L219;1428;95;105;60.0;FABBRICATO;via poma carlo;11;45.0349164;7.6316046;Abitazione;Dal 1946 al 1960;Nessuno;Patrimonio indisponibile;Utilizzato direttamente;Altro;;;;1;False
695691;L219;1428;95;106;57.0;FABBRICATO;via poma carlo;11 L;45.0349164;7.6316046;Abitazione;Dal 1946 al 1960;Nessuno;Patrimonio indisponibile;Utilizzato direttamente;Altro;;;;1;False
695692;L219;1428;95;11;61.0;FABBRICATO;via poma carlo;11;45.0349164;7.6316046;Abitazione;Dal 1946 al 1960;Nessuno;Patrimonio indisponibile;Utilizzato direttamente;Altro;;;;1;False
695693;L219;1428;95;111;53.0;FABBRICATO;via poma carlo;11;45.0349164;7.6316046;Abitazione;Dal 1946 al 1960;Nessuno;Patrimonio indisponibile;Utilizzato direttamente;Altro;;;;1;False
695694;L219;1428;95;115;53.0;FABBRICATO;via poma carlo;11;45.0349164;7.6316046;Abitazione;Dal 1946 al 1960;Nessuno;Patrimonio indisponibile;Utilizzato direttamente;Altro;;;;1;False
695695;L219;1428;95;116;53.0;FABBRICATO;via poma carlo;11;45.0349164;7.6316046;Abitazione;Dal 1946 al 1960;Nessuno;Patrimonio indisponibile;Utilizzato direttamente;Altro;;;;1;False
695696;L219;1428;95;117;52.0;FABBRICATO;via poma carlo;11;45.0349164;7.6316046;Abitazione;Dal 1946 al 1960;Nessuno;Patrimonio indisponibile;Utilizzato direttamente;Altro;;;;1;False
695697;L219;1428;95;119;52.0;FABBRICATO;via poma carlo;11;45.0349164;7.6316046;Abitazione;Dal 1946 al 1960;Nessuno;Patrimonio indisponibile;Utilizzato direttamente;Altro;;;;1;False
695698;L219;1428;95;12;58.0;FABBRICATO;via poma carlo;11;45.0349164;7.6316046;Abitazione;Dal 1946 al 1960;Nessuno;Patrimonio indisponibile;Utilizzato direttamente;Altro;;;;1;False
695699;L219;1428;95;121;52.0;FABBRICATO;via poma carlo;11;45.0349164;7.6316046;Abitazione;Dal 1946 al 1960;Nessuno;Patrimonio indisponibile;Utilizzato direttamente;Altro;;;;1;False
695700;L219;1428;95;123;52.0;FABBRICATO;via poma carlo;11;45.0349164;7.6316046;Abitazione;Dal 1946 al 1960;Nessuno;Patrimonio indisponibile;Utilizzato direttamente;Altro;;;;1;False
695701;L219;1428;95;127;15.0;FABBRICATO;via poma carlo;11;45.0349164;7.6316046;Cantina, soffitta, rimessa, box, garage, posto auto aperto/scoperto,;Dal 1946 al 1960;Nessuno;Patrimonio indisponibile;Utilizzato direttamente;Altro;;;;1;False
695702;L219;1428;95;129;84.0;FABBRICATO;via poma carlo;11 N;45.0349164;7.6316046;Abitazione;Dal 1946 al 1960;Nessuno;Patrimonio indisponibile;Utilizzato direttamente;Altro;;;;1;False
695703;L219;1428;95;13;60.0;FABBRICATO;via poma carlo;11;45.0349164;7.6316046;Abitazione;Dal 1946 al 1960;Nessuno;Patrimonio indisponibile;Utilizzato direttamente;Altro;;;;1;False
695704;L219;1428;95;131;61.0;FABBRICATO;via poma carlo;11;45.0349164;7.6316046;Abitazione;Dal 1946 al 1960;Nessuno;Patrimonio indisponibile;Utilizzato direttamente;Altro;;;;1;False
695705;L219;1428;95;132;50.0;FABBRICATO;via poma carlo;11;45.0349164;7.6316046;Abitazione;Dal 1946 al 1960;Nessuno;Patrimonio indisponibile;Utilizzato direttamente;Altro;;;;1;False
695706;L219;1428;95;133;52.0;FABBRICATO;via poma carlo;11;45.0349164;7.6316046;Abitazione;Dal 1946 al 1960;Nessuno;Patrimonio indisponibile;Utilizzato direttamente;Altro;;;;1;False
695707;L219;1428;95;134;60.0;FABBRICATO;via poma carlo;11;45.0349164;7.6316046;Abitazione;Dal 1946 al 1960;Nessuno;Patrimonio indisponibile;Utilizzato direttamente;Altro;;;;1;False
695708;L219;1428;95;135;62.0;FABBRICATO;via poma carlo;11;45.0349164;7.6316046;Abitazione;Dal 1946 al 1960;Nessuno;Patrimonio indisponibile;Utilizzato direttamente;Altro;;;;1;False
695709;L219;1428;95;136;52.0;FABBRICATO;via poma carlo;11 C;45.0349164;7.6316046;Abitazione;Dal 1946 al 1960;Nessuno;Patrimonio indisponibile;Utilizzato direttamente;Altro;;;;1;False
695710;L219;1428;95;137;62.0;FABBRICATO;via poma carlo;11 C;45.0349164;7.6316046;Abitazione;Dal 1946 al 1960;Nessuno;Patrimonio indisponibile;Utilizzato direttamente;Altro;;;;1;False
695711;L219;1428;95;138;62.0;FABBRICATO;via poma carlo;11 C;45.0349164;7.6316046;Abitazione;Dal 1946 al 1960;Nessuno;Patrimonio indisponibile;Utilizzato direttamente;Altro;;;;1;False
695712;L219;1428;95;139;63.0;FABBRICATO;via poma carlo;11;45.0349164;7.6316046;Abitazione;Dal 1946 al 1960;Nessuno;Patrimonio indisponibile;Utilizzato direttamente;Altro;;;;1;False
695713;L219;1428;95;14;58.0;FABBRICATO;via poma carlo;11;45.0349164;7.6316046;Abitazione;Dal 1946 al 1960;Nessuno;Patrimonio indisponibile;Utilizzato direttamente;Altro;;;;1;False
695714;L219;1428;95;140;53.0;FABBRICATO;via poma carlo;11 C;45.0349164;7.6316046;Abitazione;Dal 1946 al 1960;Nessuno;Patrimonio indisponibile;Utilizzato direttamente;Altro;;;;1;False
695715;L219;1428;95;141;60.0;FABBRICATO;via poma carlo;11 C;45.0349164;7.6316046;Abitazione;Dal 1946 al 1960;Nessuno;Patrimonio indisponibile;Utilizzato direttamente;Altro;;;;1;False
695716;L219;1428;95;142;62.0;FABBRICATO;via poma carlo;11 C;45.0349164;7.6316046;Abitazione;Dal 1946 al 1960;Nessuno;Patrimonio indisponibile;Utilizzato direttamente;Altro;;;;1;False
695717;L219;1428;95;143;62.0;FABBRICATO;via poma carlo;11 C;45.0349164;7.6316046;Abitazione;Dal 1946 al 1960;Nessuno;Patrimonio indisponibile;Utilizzato direttamente;Altro;;;;1;False
695718;L219;1428;95;144;52.0;FABBRICATO;via poma carlo;11;45.0349164;7.6316046;Abitazione;Dal 1946 al 1960;Nessuno;Patrimonio indisponibile;Utilizzato direttamente;Altro;;;;1;False
695719;L219;1428;95;145;62.0;FABBRICATO;via poma carlo;11 C;45.0349164;7.6316046;Abitazione;Dal 1946 al 1960;Nessuno;Patrimonio indisponibile;Utilizzato direttamente;Altro;;;;1;False
695720;L219;1428;95;146;62.0;FABBRICATO;via poma carlo;11;45.0349164;7.6316046;Abitazione;Dal 1946 al 1960;Nessuno;Patrimonio indisponibile;Utilizzato direttamente;Altro;;;;1;False
695721;L219;1428;95;147;62.0;FABBRICATO;via poma carlo;11;45.0349164;7.6316046;Abitazione;Dal 1946 al 1960;Nessuno;Patrimonio indisponibile;Utilizzato direttamente;Altro;;;;1;False
695722;L219;1428;95;148;51.0;FABBRICATO;via poma carlo;11;45.0349164;7.6316046;Abitazione;Dal 1946 al 1960;Nessuno;Patrimonio indisponibile;Utilizzato direttamente;Altro;;;;1;False
695723;L219;1428;95;149;62.0;FABBRICATO;via poma carlo;11 C;45.0349164;7.6316046;Abitazione;Dal 1946 al 1960;Nessuno;Patrimonio indisponibile;Utilizzato direttamente;Altro;;;;1;False
695724;L219;1428;95;150;61.0;FABBRICATO;via poma carlo;11 C;45.0349164;7.6316046;Abitazione;Dal 1946 al 1960;Nessuno;Patrimonio indisponibile;Utilizzato direttamente;Altro;;;;1;False
695725;L219;1428;95;151;36.0;FABBRICATO;via poma carlo;11 C;45.0349164;7.6316046;Magazzino e locali di deposito;Dal 1946 al 1960;Nessuno;Patrimonio indisponibile;Utilizzato direttamente;Altro;;;;1;False
695726;L219;1428;95;152;11.0;FABBRICATO;via poma carlo;11 C;45.0349164;7.6316046;Cantina, soffitta, rimessa, box, garage, posto auto aperto/scoperto,;Dal 1946 al 1960;Nessuno;Patrimonio indisponibile;Utilizzato direttamente;Altro;;;;1;False
695727;L219;1428;95;153;48.0;FABBRICATO;via poma carlo;11;45.0349164;7.6316046;Abitazione;Dal 1946 al 1960;Nessuno;Patrimonio indisponibile;Utilizzato direttamente;Altro;;;;1;False
695728;L219;1428;95;154;48.0;FABBRICATO;via poma carlo;11;45.0349164;7.6316046;Abitazione;Dal 1946 al 1960;Nessuno;Patrimonio indisponibile;Utilizzato direttamente;Altro;;;;1;False
695729;L219;1428;95;155;56.0;FABBRICATO;via poma carlo;11;45.0349164;7.6316046;Abitazione;Dal 1946 al 1960;Nessuno;Patrimonio indisponibile;Utilizzato direttamente;Altro;;;;1;False
695730;L219;1428;95;156;48.0;FABBRICATO;via poma carlo;11;45.0349164;7.6316046;Abitazione;Dal 1946 al 1960;Nessuno;Patrimonio indisponibile;Utilizzato direttamente;Altro;;;;1;False
695731;L219;1428;95;159;60.0;FABBRICATO;via poma carlo;11;45.0349164;7.6316046;Abitazione;Dal 1946 al 1960;Nessuno;Patrimonio indisponibile;Utilizzato direttamente;Altro;;;;1;False
695732;L219;1428;95;16;58.0;FABBRICATO;via poma carlo;11;45.0349164;7.6316046;Abitazione;Dal 1946 al 1960;Nessuno;Patrimonio indisponibile;Utilizzato direttamente;Altro;;;;1;False
695733;L219;1428;95;160;62.0;FABBRICATO;via poma carlo;11;45.0349164;7.6316046;Abitazione;Dal 1946 al 1960;Nessuno;Patrimonio indisponibile;Utilizzato direttamente;Altro;;;;1;False
695734;L219;1428;95;161;61.0;FABBRICATO;via poma carlo;11;45.0349164;7.6316046;Abitazione;Dal 1946 al 1960;Nessuno;Patrimonio indisponibile;Utilizzato direttamente;Altro;;;;1;False
695735;L219;1428;95;162;52.0;FABBRICATO;via poma carlo;11;45.0349164;7.6316046;Abitazione;Dal 1946 al 1960;Nessuno;Patrimonio indisponibile;Utilizzato direttamente;Altro;;;;1;False
695736;L219;1428;95;163;60.0;FABBRICATO;via poma carlo;11;45.0349164;7.6316046;Abitazione;Dal 1946 al 1960;Nessuno;Patrimonio indisponibile;Utilizzato direttamente;Altro;;;;1;False
695737;L219;1428;95;164;62.0;FABBRICATO;via poma carlo;11;45.0349164;7.6316046;Abitazione;Dal 1946 al 1960;Nessuno;Patrimonio indisponibile;Utilizzato direttamente;Altro;;;;1;False
695738;L219;1428;95;165;52.0;FABBRICATO;via poma carlo;11;45.0349164;7.6316046;Abitazione;Dal 1946 al 1960;Nessuno;Patrimonio indisponibile;Utilizzato direttamente;Altro;;;;1;False
695739;L219;1428;95;166;60.0;FABBRICATO;via poma carlo;11;45.0349164;7.6316046;Abitazione;Dal 1946 al 1960;Nessuno;Patrimonio indisponibile;Utilizzato direttamente;Altro;;;;1;False
695740;L219;1428;95;167;62.0;FABBRICATO;via poma carlo;11;45.0349164;7.6316046;Abitazione;Dal 1946 al 1960;Nessuno;Patrimonio indisponibile;Utilizzato direttamente;Altro;;;;1;False
695741;L219;1428;95;168;66.0;FABBRICATO;Via Carlo Poma;0;45.0349164;7.6316046;Abitazione;Dal 1946 al 1960;Nessuno;Patrimonio indisponibile;Utilizzato direttamente;Altro;;;;1;False
695742;L219;1428;95;169;52.0;FABBRICATO;via poma carlo;11;45.0349164;7.6316046;Abitazione;Dal 1946 al 1960;Nessuno;Patrimonio indisponibile;Utilizzato direttamente;Altro;;;;1;False
695743;L219;1428;95;17;60.0;FABBRICATO;via poma carlo;11;45.0349164;7.6316046;Abitazione;Dal 1946 al 1960;Nessuno;Patrimonio indisponibile;Utilizzato direttamente;Altro;;;;1;False
695744;L219;1428;95;170;62.0;FABBRICATO;via poma carlo;11;45.0349164;7.6316046;Abitazione;Dal 1946 al 1960;Nessuno;Patrimonio indisponibile;Utilizzato direttamente;Altro;;;;1;False
695745;L219;1428;95;171;64.0;FABBRICATO;via poma carlo;11;45.0349164;7.6316046;Abitazione;Dal 1946 al 1960;Nessuno;Patrimonio indisponibile;Utilizzato direttamente;Altro;;;;1;False
695746;L219;1428;95;173;36.0;FABBRICATO;Via Carlo Poma;0;45.0349164;7.6316046;Magazzino e locali di deposito;Dal 1946 al 1960;Nessuno;Patrimonio indisponibile;Utilizzato direttamente;Altro;;;;1;False
695747;L219;1428;95;174;62.0;FABBRICATO;via poma carlo;11;45.0349164;7.6316046;Abitazione;Dal 1946 al 1960;Nessuno;Patrimonio indisponibile;Utilizzato direttamente;Altro;;;;1;False
695748;L219;1428;95;175;51.0;FABBRICATO;via poma carlo;11;45.0349164;7.6316046;Abitazione;Dal 1946 al 1960;Nessuno;Patrimonio indisponibile;Utilizzato direttamente;Altro;;;;1;False
695749;L219;1428;95;177;60.0;FABBRICATO;via poma carlo;11;45.0349164;7.6316046;Abitazione;Dal 1946 al 1960;Nessuno;Patrimonio indisponibile;Utilizzato direttamente;Altro;;;;1;False
695750;L219;1428;95;178;63.0;FABBRICATO;via poma carlo;11;45.0349164;7.6316046;Abitazione;Dal 1946 al 1960;Nessuno;Patrimonio indisponibile;Utilizzato direttamente;Altro;;;;1;False
695751;L219;1428;95;179;53.0;FABBRICATO;via poma carlo;11;45.0349164;7.6316046;Abitazione;Dal 1946 al 1960;Nessuno;Patrimonio indisponibile;Utilizzato direttamente;Altro;;;;1;False
695752;L219;1428;95;18;61.0;FABBRICATO;via poma carlo;11 H;45.0349164;7.6316046;Abitazione;Dal 1946 al 1960;Nessuno;Patrimonio indisponibile;Utilizzato direttamente;Altro;;;;1;False
695753;L219;1428;95;180;62.0;FABBRICATO;via poma carlo;11;45.0349164;7.6316046;Abitazione;Dal 1946 al 1960;Nessuno;Patrimonio indisponibile;Utilizzato direttamente;Altro;;;;1;False
695754;L219;1428;95;181;60.0;FABBRICATO;via poma carlo;11;45.0349164;7.6316046;Abitazione;Dal 1946 al 1960;Nessuno;Patrimonio indisponibile;Utilizzato direttamente;Altro;;;;1;False
695755;L219;1428;95;182;63.0;FABBRICATO;via poma carlo;11;45.0349164;7.6316046;Abitazione;Dal 1946 al 1960;Nessuno;Patrimonio indisponibile;Utilizzato direttamente;Altro;;;;1;False
695756;L219;1428;95;183;53.0;FABBRICATO;via poma carlo;11;45.0349164;7.6316046;Abitazione;Dal 1946 al 1960;Nessuno;Patrimonio indisponibile;Utilizzato direttamente;Altro;;;;1;False
695757;L219;1428;95;184;61.0;FABBRICATO;via poma carlo;11;45.0349164;7.6316046;Abitazione;Dal 1946 al 1960;Nessuno;Patrimonio indisponibile;Utilizzato direttamente;Altro;;;;1;False
695758;L219;1428;95;185;61.0;FABBRICATO;via poma carlo;11;45.0349164;7.6316046;Abitazione;Dal 1946 al 1960;Nessuno;Patrimonio indisponibile;Utilizzato direttamente;Altro;;;;1;False
695759;L219;1428;95;186;61.0;FABBRICATO;via poma carlo;11 D;45.0349164;7.6316046;Abitazione;Dal 1946 al 1960;Nessuno;Patrimonio indisponibile;Utilizzato direttamente;Altro;;;;1;False
695760;L219;1428;95;187;53.0;FABBRICATO;via poma carlo;11;45.0349164;7.6316046;Abitazione;Dal 1946 al 1960;Nessuno;Patrimonio indisponibile;Utilizzato direttamente;Altro;;;;1;False
695761;L219;1428;95;188;61.0;FABBRICATO;via poma carlo;11;45.0349164;7.6316046;Abitazione;Dal 1946 al 1960;Nessuno;Patrimonio indisponibile;Utilizzato direttamente;Altro;;;;1;False
695762;L219;1428;95;189;66.0;FABBRICATO;via poma carlo;11 D;45.0349164;7.6316046;Abitazione;Dal 1946 al 1960;Nessuno;Patrimonio indisponibile;Utilizzato direttamente;Altro;;;;1;False
695763;L219;1428;95;19;60.0;FABBRICATO;via poma carlo;11;45.0349164;7.6316046;Abitazione;Dal 1946 al 1960;Nessuno;Patrimonio indisponibile;Utilizzato direttamente;Altro;;;;1;False
695764;L219;1428;95;190;62.0;FABBRICATO;via poma carlo;11;45.0349164;7.6316046;Abitazione;Dal 1946 al 1960;Nessuno;Patrimonio indisponibile;Utilizzato direttamente;Altro;;;;1;False
695765;L219;1428;95;191;52.0;FABBRICATO;via poma carlo;11;45.0349164;7.6316046;Abitazione;Dal 1946 al 1960;Nessuno;Patrimonio indisponibile;Utilizzato direttamente;Altro;;;;1;False
695766;L219;1428;95;192;61.0;FABBRICATO;via poma carlo;11;45.0349164;7.6316046;Abitazione;Dal 1946 al 1960;Nessuno;Patrimonio indisponibile;Utilizzato direttamente;Altro;;;;1;False
695767;L219;1428;95;193;63.0;FABBRICATO;via poma carlo;11;45.0349164;7.6316046;Abitazione;Dal 1946 al 1960;Nessuno;Patrimonio indisponibile;Utilizzato direttamente;Altro;;;;1;False
695768;L219;1428;95;194;36.0;FABBRICATO;via poma carlo;11 D;45.0349164;7.6316046;Magazzino e locali di deposito;Dal 1946 al 1960;Nessuno;Patrimonio indisponibile;Utilizzato direttamente;Altro;;;;1;False
695769;L219;1428;95;195;59.0;FABBRICATO;via poma carlo;11 F;45.0349164;7.6316046;Abitazione;Dal 1946 al 1960;Nessuno;Patrimonio indisponibile;Utilizzato direttamente;Altro;;;;1;False
695770;L219;1428;95;196;51.0;FABBRICATO;via poma carlo;11 F;45.0349164;7.6316046;Abitazione;Dal 1946 al 1960;Nessuno;Patrimonio indisponibile;Utilizzato direttamente;Altro;;;;1;False
695771;L219;1428;95;197;57.0;FABBRICATO;via poma carlo;11 F;45.0349164;7.6316046;Abitazione;Dal 1946 al 1960;Nessuno;Patrimonio indisponibile;Utilizzato direttamente;Altro;;;;1;False
695772;L219;1428;95;198;63.0;FABBRICATO;via poma carlo;11;45.0349164;7.6316046;Abitazione;Dal 1946 al 1960;Nessuno;Patrimonio indisponibile;Utilizzato direttamente;Altro;;;;1;False
695773;L219;1428;95;199;54.0;FABBRICATO;via poma carlo;11;45.0349164;7.6316046;Abitazione;Dal 1946 al 1960;Nessuno;Patrimonio indisponibile;Utilizzato direttamente;Altro;;;;1;False
695774;L219;1428;95;2;58.0;FABBRICATO;via poma carlo;11;45.0349164;7.6316046;Abitazione;Dal 1946 al 1960;Nessuno;Patrimonio indisponibile;Utilizzato direttamente;Altro;;;;1;False
695775;L219;1428;95;20;59.0;FABBRICATO;via poma carlo;11;45.0349164;7.6316046;Abitazione;Dal 1946 al 1960;Nessuno;Patrimonio indisponibile;Utilizzato direttamente;Altro;;;;1;False
695776;L219;1428;95;200;62.0;FABBRICATO;via poma carlo;11;45.0349164;7.6316046;Abitazione;Dal 1946 al 1960;Nessuno;Patrimonio indisponibile;Utilizzato direttamente;Altro;;;;1;False
695777;L219;1428;95;201;64.0;FABBRICATO;via poma carlo;11;45.0349164;7.6316046;Abitazione;Dal 1946 al 1960;Nessuno;Patrimonio indisponibile;Utilizzato direttamente;Altro;;;;1;False
695778;L219;1428;95;202;52.0;FABBRICATO;via poma carlo;11;45.0349164;7.6316046;Abitazione;Dal 1946 al 1960;Nessuno;Patrimonio indisponibile;Utilizzato direttamente;Altro;;;;1;False
695779;L219;1428;95;203;61.0;FABBRICATO;via poma carlo;11;45.0349164;7.6316046;Abitazione;Dal 1946 al 1960;Nessuno;Patrimonio indisponibile;Utilizzato direttamente;Altro;;;;1;False
695780;L219;1428;95;204;62.0;FABBRICATO;via poma carlo;11;45.0349164;7.6316046;Abitazione;Dal 1946 al 1960;Nessuno;Patrimonio indisponibile;Utilizzato direttamente;Altro;;;;1;False
695781;L219;1428;95;205;61.0;FABBRICATO;via poma carlo;11 F;45.0349164;7.6316046;Abitazione;Dal 1946 al 1960;Nessuno;Patrimonio indisponibile;Utilizzato direttamente;Altro;;;;1;False
695782;L219;1428;95;206;53.0;FABBRICATO;via poma carlo;11;45.0349164;7.6316046;Abitazione;Dal 1946 al 1960;Nessuno;Patrimonio indisponibile;Utilizzato direttamente;Altro;;;;1;False
695783;L219;1428;95;207;62.0;FABBRICATO;via poma carlo;11;45.0349164;7.6316046;Abitazione;Dal 1946 al 1960;Nessuno;Patrimonio indisponibile;Utilizzato direttamente;Altro;;;;1;False
695784;L219;1428;95;208;66.0;FABBRICATO;via poma carlo;11 F;45.0349164;7.6316046;Abitazione;Dal 1946 al 1960;Nessuno;Patrimonio indisponibile;Utilizzato direttamente;Altro;;;;1;False
695785;L219;1428;95;209;53.0;FABBRICATO;via poma carlo;11;45.0349164;7.6316046;Abitazione;Dal 1946 al 1960;Nessuno;Patrimonio indisponibile;Utilizzato direttamente;Altro;;;;1;False
695786;L219;1428;95;21;59.0;FABBRICATO;via poma carlo;11;45.0349164;7.6316046;Abitazione;Dal 1946 al 1960;Nessuno;Patrimonio indisponibile;Utilizzato direttamente;Altro;;;;1;False
695787;L219;1428;95;210;61.0;FABBRICATO;via poma carlo;11;45.0349164;7.6316046;Abitazione;Dal 1946 al 1960;Nessuno;Patrimonio indisponibile;Utilizzato direttamente;Altro;;;;1;False
695788;L219;1428;95;211;64.0;FABBRICATO;via poma carlo;11;45.0349164;7.6316046;Abitazione;Dal 1946 al 1960;Nessuno;Patrimonio indisponibile;Utilizzato direttamente;Altro;;;;1;False
695789;L219;1428;95;212;64.0;FABBRICATO;via poma carlo;11;45.0349164;7.6316046;Abitazione;Dal 1946 al 1960;Nessuno;Patrimonio indisponibile;Utilizzato direttamente;Altro;;;;1;False
695790;L219;1428;95;213;36.0;FABBRICATO;via poma carlo;11 F;45.0349164;7.6316046;Magazzino e locali di deposito;Dal 1946 al 1960;Nessuno;Patrimonio indisponibile;Utilizzato direttamente;Altro;;;;1;False
695791;L219;1428;95;215;61.0;FABBRICATO;via poma carlo;11;45.0349164;7.6316046;Abitazione;Dal 1946 al 1960;Nessuno;Patrimonio indisponibile;Utilizzato direttamente;Altro;;;;1;False
695792;L219;1428;95;216;61.0;FABBRICATO;via poma carlo;11 E;45.0349164;7.6316046;Abitazione;Dal 1946 al 1960;Nessuno;Patrimonio indisponibile;Utilizzato direttamente;Altro;;;;1;False
695793;L219;1428;95;218;61.0;FABBRICATO;via poma carlo;11;45.0349164;7.6316046;Abitazione;Dal 1946 al 1960;Nessuno;Patrimonio indisponibile;Utilizzato direttamente;Altro;;;;1;False
695794;L219;1428;95;219;62.0;FABBRICATO;via poma carlo;11;45.0349164;7.6316046;Abitazione;Dal 1946 al 1960;Nessuno;Patrimonio indisponibile;Utilizzato direttamente;Altro;;;;1;False
695795;L219;1428;95;22;59.0;FABBRICATO;via poma carlo;11;45.0349164;7.6316046;Abitazione;Dal 1946 al 1960;Nessuno;Patrimonio indisponibile;Utilizzato direttamente;Altro;;;;1;False
695796;L219;1428;95;220;64.0;FABBRICATO;via poma carlo;11;45.0349164;7.6316046;Abitazione;Dal 1946 al 1960;Nessuno;Patrimonio indisponibile;Utilizzato direttamente;Altro;;;;1;False
695797;L219;1428;95;221;54.0;FABBRICATO;via poma carlo;11;45.0349164;7.6316046;Abitazione;Dal 1946 al 1960;Nessuno;Patrimonio indisponibile;Utilizzato direttamente;Altro;;;;1;False
695798;L219;1428;95;222;62.0;FABBRICATO;via poma carlo;11;45.0349164;7.6316046;Abitazione;Dal 1946 al 1960;Nessuno;Patrimonio indisponibile;Utilizzato direttamente;Altro;;;;1;False
695799;L219;1428;95;223;62.0;FABBRICATO;via poma carlo;11;45.0349164;7.6316046;Abitazione;Dal 1946 al 1960;Nessuno;Patrimonio indisponibile;Utilizzato direttamente;Altro;;;;1;False
695800;L219;1428;95;224;64.0;FABBRICATO;via poma carlo;11;45.0349164;7.6316046;Abitazione;Dal 1946 al 1960;Nessuno;Patrimonio indisponibile;Utilizzato direttamente;Altro;;;;1;False
695801;L219;1428;95;225;53.0;FABBRICATO;via poma carlo;11;45.0349164;7.6316046;Abitazione;Dal 1946 al 1960;Nessuno;Patrimonio indisponibile;Utilizzato direttamente;Altro;;;;1;False
695802;L219;1428;95;226;61.0;FABBRICATO;via poma carlo;11;45.0349164;7.6316046;Abitazione;Dal 1946 al 1960;Nessuno;Patrimonio indisponibile;Utilizzato direttamente;Altro;;;;1;False
695803;L219;1428;95;227;62.0;FABBRICATO;via poma carlo;11;45.0349164;7.6316046;Abitazione;Dal 1946 al 1960;Nessuno;Patrimonio indisponibile;Utilizzato direttamente;Altro;;;;1;False
695804;L219;1428;95;228;60.0;FABBRICATO;via poma carlo;11 E;45.0349164;7.6316046;Abitazione;Dal 1946 al 1960;Nessuno;Patrimonio indisponibile;Utilizzato direttamente;Altro;;;;1;False
695805;L219;1428;95;229;53.0;FABBRICATO;via poma carlo;11;45.0349164;7.6316046;Abitazione;Dal 1946 al 1960;Nessuno;Patrimonio indisponibile;Utilizzato direttamente;Altro;;;;1;False
695806;L219;1428;95;23;59.0;FABBRICATO;via poma carlo;11;45.0349164;7.6316046;Abitazione;Dal 1946 al 1960;Nessuno;Patrimonio indisponibile;Utilizzato direttamente;Altro;;;;1;False
695807;L219;1428;95;230;61.0;FABBRICATO;via poma carlo;11;45.0349164;7.6316046;Abitazione;Dal 1946 al 1960;Nessuno;Patrimonio indisponibile;Utilizzato direttamente;Altro;;;;1;False
695808;L219;1428;95;231;62.0;FABBRICATO;via poma carlo;11;45.0349164;7.6316046;Abitazione;Dal 1946 al 1960;Nessuno;Patrimonio indisponibile;Utilizzato direttamente;Altro;;;;1;False
695809;L219;1428;95;232;62.0;FABBRICATO;via poma carlo;11;45.0349164;7.6316046;Abitazione;Dal 1946 al 1960;Nessuno;Patrimonio indisponibile;Utilizzato direttamente;Altro;;;;1;False
695810;L219;1428;95;233;53.0;FABBRICATO;via poma carlo;11;45.0349164;7.6316046;Abitazione;Dal 1946 al 1960;Nessuno;Patrimonio indisponibile;Utilizzato direttamente;Altro;;;;1;False
695811;L219;1428;95;234;61.0;FABBRICATO;via poma carlo;11;45.0349164;7.6316046;Abitazione;Dal 1946 al 1960;Nessuno;Patrimonio indisponibile;Utilizzato direttamente;Altro;;;;1;False
695812;L219;1428;95;236;36.0;FABBRICATO;via poma carlo;11 E;45.0349164;7.6316046;Magazzino e locali di deposito;Dal 1946 al 1960;Nessuno;Patrimonio indisponibile;Utilizzato direttamente;Altro;;;;1;False
695813;L219;1428;95;237;60.0;FABBRICATO;via poma carlo;11 B;45.0349164;7.6316046;Abitazione;Dal 1946 al 1960;Nessuno;Patrimonio indisponibile;Utilizzato direttamente;Altro;;;;1;False
695814;L219;1428;95;238;53.0;FABBRICATO;via poma carlo;11 B;45.0349164;7.6316046;Abitazione;Dal 1946 al 1960;Nessuno;Patrimonio indisponibile;Utilizzato direttamente;Altro;;;;1;False
695815;L219;1428;95;239;58.0;FABBRICATO;via poma carlo;11 B;45.0349164;7.6316046;Abitazione;Dal 1946 al 1960;Nessuno;Patrimonio indisponibile;Utilizzato direttamente;Altro;;;;1;False
695816;L219;1428;95;24;58.0;FABBRICATO;via poma carlo;11;45.0349164;7.6316046;Abitazione;Dal 1946 al 1960;Nessuno;Patrimonio indisponibile;Utilizzato direttamente;Altro;;;;1;False
695817;L219;1428;95;240;61.0;FABBRICATO;via poma carlo;11 B;45.0349164;7.6316046;Abitazione;Dal 1946 al 1960;Nessuno;Patrimonio indisponibile;Utilizzato direttamente;Altro;;;;1;False
695818;L219;1428;95;241;62.0;FABBRICATO;via poma carlo;11 B;45.0349164;7.6316046;Abitazione;Dal 1946 al 1960;Nessuno;Patrimonio indisponibile;Utilizzato direttamente;Altro;;;;1;False
695819;L219;1428;95;242;52.0;FABBRICATO;via poma carlo;11 B;45.0349164;7.6316046;Abitazione;Dal 1946 al 1960;Nessuno;Patrimonio indisponibile;Utilizzato direttamente;Altro;;;;1;False
695820;L219;1428;95;243;61.0;FABBRICATO;via poma carlo;11 B;45.0349164;7.6316046;Abitazione;Dal 1946 al 1960;Nessuno;Patrimonio indisponibile;Utilizzato direttamente;Altro;;;;1;False
695821;L219;1428;95;244;62.0;FABBRICATO;via poma carlo;11 B;45.0349164;7.6316046;Abitazione;Dal 1946 al 1960;Nessuno;Patrimonio indisponibile;Utilizzato direttamente;Altro;;;;1;False
695822;L219;1428;95;245;63.0;FABBRICATO;via poma carlo;11 B;45.0349164;7.6316046;Abitazione;Dal 1946 al 1960;Nessuno;Patrimonio indisponibile;Utilizzato direttamente;Altro;;;;1;False
695823;L219;1428;95;246;52.0;FABBRICATO;via poma carlo;11;45.0349164;7.6316046;Abitazione;Dal 1946 al 1960;Nessuno;Patrimonio indisponibile;Utilizzato direttamente;Altro;;;;1;False
695824;L219;1428;95;247;62.0;FABBRICATO;via poma carlo;11;45.0349164;7.6316046;Abitazione;Dal 1946 al 1960;Nessuno;Patrimonio indisponibile;Utilizzato direttamente;Altro;;;;1;False
695825;L219;1428;95;248;62.0;FABBRICATO;via poma carlo;11 B;45.0349164;7.6316046;Abitazione;Dal 1946 al 1960;Nessuno;Patrimonio indisponibile;Utilizzato direttamente;Altro;;;;1;False
695826;L219;1428;95;249;51.0;FABBRICATO;via poma carlo;11;45.0349164;7.6316046;Abitazione;Dal 1946 al 1960;Nessuno;Patrimonio indisponibile;Utilizzato direttamente;Altro;;;;1;False
695827;L219;1428;95;25;60.0;FABBRICATO;via poma carlo;11;45.0349164;7.6316046;Abitazione;Dal 1946 al 1960;Nessuno;Patrimonio indisponibile;Utilizzato direttamente;Altro;;;;1;False
695828;L219;1428;95;250;60.0;FABBRICATO;via poma carlo;11;45.0349164;7.6316046;Abitazione;Dal 1946 al 1960;Nessuno;Patrimonio indisponibile;Utilizzato direttamente;Altro;;;;1;False
695829;L219;1428;95;251;63.0;FABBRICATO;via poma carlo;11;45.0349164;7.6316046;Abitazione;Dal 1946 al 1960;Nessuno;Patrimonio indisponibile;Utilizzato direttamente;Altro;;;;1;False
695830;L219;1428;95;252;62.0;FABBRICATO;via poma carlo;11 B;45.0349164;7.6316046;Abitazione;Dal 1946 al 1960;Nessuno;Patrimonio indisponibile;Utilizzato direttamente;Altro;;;;1;False
695831;L219;1428;95;253;53.0;FABBRICATO;via poma carlo;11;45.0349164;7.6316046;Abitazione;Dal 1946 al 1960;Nessuno;Patrimonio indisponibile;Utilizzato direttamente;Altro;;;;1;False
695832;L219;1428;95;254;60.0;FABBRICATO;via poma carlo;11;45.0349164;7.6316046;Abitazione;Dal 1946 al 1960;Nessuno;Patrimonio indisponibile;Utilizzato direttamente;Altro;;;;1;False
695833;L219;1428;95;255;63.0;FABBRICATO;via poma carlo;11;45.0349164;7.6316046;Abitazione;Dal 1946 al 1960;Nessuno;Patrimonio indisponibile;Utilizzato direttamente;Altro;;;;1;False
695834;L219;1428;95;256;36.0;FABBRICATO;via poma carlo;11 B;45.0349164;7.6316046;Magazzino e locali di deposito;Dal 1946 al 1960;Nessuno;Patrimonio indisponibile;Utilizzato direttamente;Altro;;;;1;False
695835;L219;1428;95;26;59.0;FABBRICATO;via poma carlo;11;45.0349164;7.6316046;Abitazione;Dal 1946 al 1960;Nessuno;Patrimonio indisponibile;Utilizzato direttamente;Altro;;;;1;False
695836;L219;1428;95;27;59.0;FABBRICATO;via poma carlo;11;45.0349164;7.6316046;Abitazione;Dal 1946 al 1960;Nessuno;Patrimonio indisponibile;Utilizzato direttamente;Altro;;;;1;False
695837;L219;1428;95;28;59.0;FABBRICATO;via poma carlo;11;45.0349164;7.6316046;Abitazione;Dal 1946 al 1960;Nessuno;Patrimonio indisponibile;Utilizzato direttamente;Altro;;;;1;False
695838;L219;1428;95;29;59.0;FABBRICATO;via poma carlo;11;45.0349164;7.6316046;Abitazione;Dal 1946 al 1960;Nessuno;Patrimonio indisponibile;Utilizzato direttamente;Altro;;;;1;False
695839;L219;1428;95;3;62.0;FABBRICATO;via poma carlo;11;45.0349164;7.6316046;Abitazione;Dal 1946 al 1960;Nessuno;Patrimonio indisponibile;Utilizzato direttamente;Altro;;;;1;False
695840;L219;1428;95;30;59.0;FABBRICATO;via poma carlo;11;45.0349164;7.6316046;Abitazione;Dal 1946 al 1960;Nessuno;Patrimonio indisponibile;Utilizzato direttamente;Altro;;;;1;False
695841;L219;1428;95;31;60.0;FABBRICATO;via poma carlo;11;45.0349164;7.6316046;Abitazione;Dal 1946 al 1960;Nessuno;Patrimonio indisponibile;Utilizzato direttamente;Altro;;;;1;False
695842;L219;1428;95;32;58.0;FABBRICATO;via poma carlo;11;45.0349164;7.6316046;Abitazione;Dal 1946 al 1960;Nessuno;Patrimonio indisponibile;Utilizzato direttamente;Altro;;;;1;False
695843;L219;1428;95;33;60.0;FABBRICATO;via poma carlo;11;45.0349164;7.6316046;Abitazione;Dal 1946 al 1960;Nessuno;Patrimonio indisponibile;Utilizzato direttamente;Altro;;;;1;False
695844;L219;1428;95;34;59.0;FABBRICATO;via poma carlo;11;45.0349164;7.6316046;Abitazione;Dal 1946 al 1960;Nessuno;Patrimonio indisponibile;Utilizzato direttamente;Altro;;;;1;False
695845;L219;1428;95;35;59.0;FABBRICATO;via poma carlo;11;45.0349164;7.6316046;Abitazione;Dal 1946 al 1960;Nessuno;Patrimonio indisponibile;Utilizzato direttamente;Altro;;;;1;False
695846;L219;1428;95;36;59.0;FABBRICATO;via poma carlo;11;45.0349164;7.6316046;Abitazione;Dal 1946 al 1960;Nessuno;Patrimonio indisponibile;Utilizzato direttamente;Altro;;;;1;False
695847;L219;1428;95;37;59.0;FABBRICATO;via poma carlo;11 L;45.0349164;7.6316046;Abitazione;Dal 1946 al 1960;Nessuno;Patrimonio indisponibile;Utilizzato direttamente;Altro;;;;1;False
695848;L219;1428;95;4;59.0;FABBRICATO;via poma carlo;11;45.0349164;7.6316046;Abitazione;Dal 1946 al 1960;Nessuno;Patrimonio indisponibile;Utilizzato direttamente;Altro;;;;1;False
695849;L219;1428;95;40;59.0;FABBRICATO;via poma carlo;11;45.0349164;7.6316046;Abitazione;Dal 1946 al 1960;Nessuno;Patrimonio indisponibile;Utilizzato direttamente;Altro;;;;1;False
695850;L219;1428;95;42;59.0;FABBRICATO;via poma carlo;11;45.0349164;7.6316046;Abitazione;Dal 1946 al 1960;Nessuno;Patrimonio indisponibile;Utilizzato direttamente;Altro;;;;1;False
695851;L219;1428;95;44;59.0;FABBRICATO;via poma carlo;11;45.0349164;7.6316046;Abitazione;Dal 1946 al 1960;Nessuno;Patrimonio indisponibile;Utilizzato direttamente;Altro;;;;1;False
695852;L219;1428;95;45;60.0;FABBRICATO;via poma carlo;11;45.0349164;7.6316046;Abitazione;Dal 1946 al 1960;Nessuno;Patrimonio indisponibile;Utilizzato direttamente;Altro;;;;1;False
695853;L219;1428;95;46;58.0;FABBRICATO;via poma carlo;11 L;45.0349164;7.6316046;Abitazione;Dal 1946 al 1960;Nessuno;Patrimonio indisponibile;Utilizzato direttamente;Altro;;;;1;False
695854;L219;1428;95;47;60.0;FABBRICATO;via poma carlo;11;45.0349164;7.6316046;Abitazione;Dal 1946 al 1960;Nessuno;Patrimonio indisponibile;Utilizzato direttamente;Altro;;;;1;False
695855;L219;1428;95;48;61.0;FABBRICATO;via poma carlo;11 L;45.0349164;7.6316046;Abitazione;Dal 1946 al 1960;Nessuno;Patrimonio indisponibile;Utilizzato direttamente;Altro;;;;1;False
695856;L219;1428;95;49;63.0;FABBRICATO;via poma carlo;11;45.0349164;7.6316046;Abitazione;Dal 1946 al 1960;Nessuno;Patrimonio indisponibile;Utilizzato direttamente;Altro;;;;1;False
695857;L219;1428;95;5;62.0;FABBRICATO;via poma carlo;11;45.0349164;7.6316046;Abitazione;Dal 1946 al 1960;Nessuno;Patrimonio indisponibile;Utilizzato direttamente;Altro;;;;1;False
695858;L219;1428;95;50;63.0;FABBRICATO;via poma carlo;11;45.0349164;7.6316046;Abitazione;Dal 1946 al 1960;Nessuno;Patrimonio indisponibile;Utilizzato direttamente;Altro;;;;1;False
695859;L219;1428;95;51;61.0;FABBRICATO;via poma carlo;11;45.0349164;7.6316046;Abitazione;Dal 1946 al 1960;Nessuno;Patrimonio indisponibile;Utilizzato direttamente;Altro;;;;1;False
695860;L219;1428;95;55;68.0;FABBRICATO;via poma carlo;11;45.0349164;7.6316046;Abitazione;Dal 1946 al 1960;Nessuno;Patrimonio indisponibile;Utilizzato direttamente;Altro;;;;1;False
695861;L219;1428;95;59;62.0;FABBRICATO;via poma carlo;11;45.0349164;7.6316046;Abitazione;Dal 1946 al 1960;Nessuno;Patrimonio indisponibile;Utilizzato direttamente;Altro;;;;1;False
695862;L219;1428;95;6;57.0;FABBRICATO;via poma carlo;11;45.0349164;7.6316046;Abitazione;Dal 1946 al 1960;Nessuno;Patrimonio indisponibile;Utilizzato direttamente;Altro;;;;1;False
695863;L219;1428;95;60;1.0;FABBRICATO;via poma carlo;11;45.0349164;7.6316046;Abitazione;Dal 1946 al 1960;Nessuno;Patrimonio indisponibile;Utilizzato direttamente;Altro;;;;1;False
695864;L219;1428;95;61;64.0;FABBRICATO;via poma carlo;11;45.0349164;7.6316046;Abitazione;Dal 1946 al 1960;Nessuno;Patrimonio indisponibile;Utilizzato direttamente;Altro;;;;1;False
695865;L219;1428;95;66;62.0;FABBRICATO;via poma carlo;11;45.0349164;7.6316046;Abitazione;Dal 1946 al 1960;Nessuno;Patrimonio indisponibile;Utilizzato direttamente;Altro;;;;1;False
695866;L219;1428;95;67;59.0;FABBRICATO;via poma carlo;11;45.0349164;7.6316046;Abitazione;Dal 1946 al 1960;Nessuno;Patrimonio indisponibile;Utilizzato direttamente;Altro;;;;1;False
695867;L219;1428;95;68;62.0;FABBRICATO;via poma carlo;11;45.0349164;7.6316046;Abitazione;Dal 1946 al 1960;Nessuno;Patrimonio indisponibile;Utilizzato direttamente;Altro;;;;1;False
695868;L219;1428;95;69;59.0;FABBRICATO;via poma carlo;11;45.0349164;7.6316046;Abitazione;Dal 1946 al 1960;Nessuno;Patrimonio indisponibile;Utilizzato direttamente;Altro;;;;1;False
695869;L219;1428;95;7;62.0;FABBRICATO;via poma carlo;11;45.0349164;7.6316046;Abitazione;Dal 1946 al 1960;Nessuno;Patrimonio indisponibile;Utilizzato direttamente;Altro;;;;1;False
695870;L219;1428;95;73;58.0;FABBRICATO;via poma carlo;11;45.0349164;7.6316046;Abitazione;Dal 1946 al 1960;Nessuno;Patrimonio indisponibile;Utilizzato direttamente;Altro;;;;1;False
695871;L219;1428;95;74;61.0;FABBRICATO;via poma carlo;11;45.0349164;7.6316046;Abitazione;Dal 1946 al 1960;Nessuno;Patrimonio indisponibile;Utilizzato direttamente;Altro;;;;1;False
695872;L219;1428;95;75;58.0;FABBRICATO;via poma carlo;11;45.0349164;7.6316046;Abitazione;Dal 1946 al 1960;Nessuno;Patrimonio indisponibile;Utilizzato direttamente;Altro;;;;1;False
695873;L219;1428;95;76;60.0;FABBRICATO;via poma carlo;11;45.0349164;7.6316046;Abitazione;Dal 1946 al 1960;Nessuno;Patrimonio indisponibile;Utilizzato direttamente;Altro;;;;1;False
695874;L219;1428;95;77;59.0;FABBRICATO;via poma carlo;11;45.0349164;7.6316046;Abitazione;Dal 1946 al 1960;Nessuno;Patrimonio indisponibile;Utilizzato direttamente;Altro;;;;1;False
695875;L219;1428;95;78;59.0;FABBRICATO;via poma carlo;11;45.0349164;7.6316046;Abitazione;Dal 1946 al 1960;Nessuno;Patrimonio indisponibile;Utilizzato direttamente;Altro;;;;1;False
695876;L219;1428;95;8;59.0;FABBRICATO;via poma carlo;11;45.0349164;7.6316046;Abitazione;Dal 1946 al 1960;Nessuno;Patrimonio indisponibile;Utilizzato direttamente;Altro;;;;1;False
695877;L219;1428;95;80;60.0;FABBRICATO;via poma carlo;11;45.0349164;7.6316046;Abitazione;Dal 1946 al 1960;Nessuno;Patrimonio indisponibile;Utilizzato direttamente;Altro;;;;1;False
695878;L219;1428;95;82;59.0;FABBRICATO;via poma carlo;11;45.0349164;7.6316046;Abitazione;Dal 1946 al 1960;Nessuno;Patrimonio indisponibile;Utilizzato direttamente;Altro;;;;1;False
695879;L219;1428;95;84;60.0;FABBRICATO;via poma carlo;11;45.0349164;7.6316046;Abitazione;Dal 1946 al 1960;Nessuno;Patrimonio indisponibile;Utilizzato direttamente;Altro;;;;1;False
695880;L219;1428;95;85;59.0;FABBRICATO;via poma carlo;11;45.0349164;7.6316046;Abitazione;Dal 1946 al 1960;Nessuno;Patrimonio indisponibile;Utilizzato direttamente;Altro;;;;1;False
695881;L219;1428;95;87;58.0;FABBRICATO;via poma carlo;11;45.0349164;7.6316046;Abitazione;Dal 1946 al 1960;Nessuno;Patrimonio indisponibile;Utilizzato direttamente;Altro;;;;1;False
695882;L219;1428;95;88;61.0;FABBRICATO;via poma carlo;11;45.0349164;7.6316046;Abitazione;Dal 1946 al 1960;Nessuno;Patrimonio indisponibile;Utilizzato direttamente;Altro;;;;1;False
695883;L219;1428;95;9;62.0;FABBRICATO;via poma carlo;11;45.0349164;7.6316046;Abitazione;Dal 1946 al 1960;Nessuno;Patrimonio indisponibile;Utilizzato direttamente;Altro;;;;1;False
695884;L219;1428;95;90;60.0;FABBRICATO;via poma carlo;11;45.0349164;7.6316046;Abitazione;Dal 1946 al 1960;Nessuno;Patrimonio indisponibile;Utilizzato direttamente;Altro;;;;1;False
695885;L219;1428;95;91;61.0;FABBRICATO;via poma carlo;11;45.0349164;7.6316046;Abitazione;Dal 1946 al 1960;Nessuno;Patrimonio indisponibile;Utilizzato direttamente;Altro;;;;1;False
695886;L219;1428;95;92;61.0;FABBRICATO;via poma carlo;11;45.0349164;7.6316046;Abitazione;Dal 1946 al 1960;Nessuno;Patrimonio indisponibile;Utilizzato direttamente;Altro;;;;1;False
695887;L219;1428;95;94;60.0;FABBRICATO;via poma carlo;11;45.0349164;7.6316046;Abitazione;Dal 1946 al 1960;Nessuno;Patrimonio indisponibile;Utilizzato direttamente;Altro;;;;1;False
695888;L219;1428;95;95;61.0;FABBRICATO;via poma carlo;11;45.0349164;7.6316046;Abitazione;Dal 1946 al 1960;Nessuno;Patrimonio indisponibile;Utilizzato direttamente;Altro;;;;1;False
695889;L219;1428;95;96;60.0;FABBRICATO;via poma carlo;11;45.0349164;7.6316046;Abitazione;Dal 1946 al 1960;Nessuno;Patrimonio indisponibile;Utilizzato direttamente;Altro;;;;1;False
695890;L219;1428;95;97;60.0;FABBRICATO;via poma carlo;11;45.0349164;7.6316046;Abitazione;Dal 1946 al 1960;Nessuno;Patrimonio indisponibile;Utilizzato direttamente;Altro;;;;1;False
695891;L219;1428;95;98;62.0;FABBRICATO;via poma carlo;11;45.0349164;7.6316046;Abitazione;Dal 1946 al 1960;Nessuno;Patrimonio indisponibile;Utilizzato direttamente;Altro;;;;1;False
695892;L219;1133;18;10;71.0;FABBRICATO;Via Sandro Botticelli;166;45.0958711;7.7145205;Abitazione;Dal 1946 al 1960;Nessuno;Patrimonio indisponibile;Utilizzato direttamente;Altro;;;;1;False
695893;L219;1133;18;12;68.0;FABBRICATO;Via Sandro Botticelli;168;45.0958711;7.7145205;Abitazione;Dal 1946 al 1960;Nessuno;Patrimonio indisponibile;Utilizzato direttamente;Altro;;;;1;False
695894;L219;1133;18;13;68.0;FABBRICATO;Via Sandro Botticelli;168;45.0958711;7.7145205;Abitazione;Dal 1946 al 1960;Nessuno;Patrimonio indisponibile;Utilizzato direttamente;Altro;;;;1;False
695895;L219;1133;18;2;72.0;FABBRICATO;Via Sandro Botticelli;166;45.0958711;7.7145205;Abitazione;Dal 1946 al 1960;Nessuno;Patrimonio indisponibile;Utilizzato direttamente;Altro;;;;1;False
695896;L219;1133;18;24;69.0;FABBRICATO;Via Sandro Botticelli;170;45.0958711;7.7145205;Abitazione;Dal 1946 al 1960;Nessuno;Patrimonio indisponibile;Utilizzato direttamente;Altro;;;;1;False
695897;L219;1133;18;5;68.0;FABBRICATO;Via Sandro Botticelli;166;45.0958711;7.7145205;Abitazione;Dal 1946 al 1960;Nessuno;Patrimonio indisponibile;Utilizzato direttamente;Altro;;;;1;False
695898;L219;1133;18;8;71.0;FABBRICATO;Via Sandro Botticelli;166;45.0958711;7.7145205;Abitazione;Dal 1946 al 1960;Nessuno;Patrimonio indisponibile;Utilizzato direttamente;Altro;;;;1;False
695899;L219;1245;93;1;37.0;FABBRICATO;via palazzo di citta';16 B;45.0725961;7.6829981;Locale commerciale, negozio;Prima del 1919;Dichiarazione di interesse culturale;Patrimonio indisponibile;Utilizzato direttamente;Attività commerciale e di ristorazione;;;;1;False
695900;L219;1245;93;11;81.0;FABBRICATO;via porta palatina;6;45.0725961;7.6829981;Abitazione;Prima del 1919;Dichiarazione di interesse culturale;Patrimonio indisponibile;Utilizzato direttamente;Altro;;;;1;False
695901;L219;1245;93;16;64.0;FABBRICATO;via porta palatina;6;45.0725961;7.6829981;Abitazione;Prima del 1919;Dichiarazione di interesse culturale;Patrimonio indisponibile;Utilizzato direttamente;Altro;;;;1;False
695902;L219;1245;93;2;53.0;FABBRICATO;via porta palatina;6 B;45.0725961;7.6829981;Locale commerciale, negozio;Prima del 1919;Dichiarazione di interesse culturale;Patrimonio indisponibile;Utilizzato direttamente;Attività commerciale e di ristorazione;;;;1;False
695903;L219;1245;93;28;12.0;FABBRICATO;via porta palatina;6;45.0725961;7.6829981;Magazzino e locali di deposito;Prima del 1919;Dichiarazione di interesse culturale;Patrimonio indisponibile;Utilizzato direttamente;Altro;;;;1;False
695904;L219;1245;93;29;27.4;FABBRICATO;via porta palatina;6;45.0725961;7.6829981;Biblioteca, pinacoteca, museo, gallerie;Prima del 1919;Dichiarazione di interesse culturale;Patrimonio indisponibile;Utilizzato direttamente;Attività artistica e culturale;;;;1;False
695905;L219;1245;93;3;30.0;FABBRICATO;via porta palatina;6 D;45.0725961;7.6829981;Locale commerciale, negozio;Prima del 1919;Dichiarazione di interesse culturale;Patrimonio indisponibile;Utilizzato direttamente;Attività commerciale e di ristorazione;;;;1;False
695906;L219;1245;93;30;112.0;FABBRICATO;via porta palatina;6;45.0725961;7.6829981;Abitazione;Prima del 1919;Dichiarazione di interesse culturale;Patrimonio indisponibile;Utilizzato direttamente;Altro;;;;1;False
695907;L219;1245;93;32;111.0;FABBRICATO;via porta palatina;6;45.0725961;7.6829981;Abitazione;Prima del 1919;Dichiarazione di interesse culturale;Patrimonio indisponibile;Utilizzato direttamente;Altro;;;;1;False
695908;L219;1245;93;34;111.0;FABBRICATO;via porta palatina;6;45.0725961;7.6829981;Abitazione;Prima del 1919;Dichiarazione di interesse culturale;Patrimonio indisponibile;Utilizzato direttamente;Altro;;;;1;False
695909;L219;1245;93;35;81.0;FABBRICATO;via porta palatina;6;45.0725961;7.6829981;Abitazione;Prima del 1919;Dichiarazione di interesse culturale;Patrimonio indisponibile;Utilizzato direttamente;Altro;;;;1;False
695910;L219;1245;93;36;159.0;FABBRICATO;via porta palatina;6;45.0725961;7.6829981;Abitazione;Prima del 1919;Dichiarazione di interesse culturale;Patrimonio indisponibile;Utilizzato direttamente;Altro;;;;1;False
695911;L219;1245;93;37;27.0;FABBRICATO;via porta palatina;6;45.0725961;7.6829981;Biblioteca, pinacoteca, museo, gallerie;Prima del 1919;Dichiarazione di interesse culturale;Patrimonio indisponibile;Utilizzato direttamente;Attività artistica e culturale;;;;1;False
695912;L219;1245;93;38;31.0;FABBRICATO;via porta palatina;6;45.0725961;7.6829981;Cantina, soffitta, rimessa, box, garage, posto auto aperto/scoperto,;Prima del 1919;Dichiarazione di interesse culturale;Patrimonio indisponibile;Utilizzato direttamente;Altro;;;;1;False
695913;L219;1245;93;8;64.0;FABBRICATO;via porta palatina;6;45.0725961;7.6829981;Abitazione;Prima del 1919;Dichiarazione di interesse culturale;Patrimonio indisponibile;Utilizzato direttamente;Altro;;;;1;False
695914;L219;1133;31;58;90.0;FABBRICATO;Piazza Sofia;11/B;45.0947644;7.7156677;Abitazione;Dal 1961 al 1970;Nessuno;Patrimonio indisponibile;Utilizzato direttamente;Altro;;;;1;False
695915;L219;1133;32;1;2804.5;FABBRICATO;corso taranto;160;45.0956066;7.7103601;Edificio scolastico (es.: scuola di ogni ordine e grado, università, scuola di formazione);Dal 1961 al 1970;Nessuno;Patrimonio indisponibile;Utilizzato direttamente;Altro;;;;1;False
695916;L219;1133;32;2;83.0;FABBRICATO;corso taranto;160;45.0956066;7.7103601;Abitazione;Dal 1961 al 1970;Nessuno;Patrimonio indisponibile;Utilizzato direttamente;Altro;;;;1;False
695917;L219;1133;33;1;1775.75;FABBRICATO;corso taranto;166;45.0956692;7.7111314;Edificio scolastico (es.: scuola di ogni ordine e grado, università, scuola di formazione);Dal 1961 al 1970;Nessuno;Patrimonio indisponibile;Utilizzato direttamente;Attività didattica;;;;1;False
695918;L219;1133;33;2;71.0;FABBRICATO;corso taranto;166;45.0956692;7.7111314;Abitazione;Dal 1961 al 1970;Nessuno;Patrimonio indisponibile;Utilizzato direttamente;Alloggio di servizio, foresterie;;;;1;False
695919;L219;1133;36;38;3731.75;FABBRICATO;via pergolesi giambattista;119;45.095031;7.7097431;Edificio scolastico (es.: scuola di ogni ordine e grado, università, scuola di formazione);Dal 1991 al 2000;Nessuno;Patrimonio disponibile;Utilizzato direttamente;Altro;;;;1;False
695920;L219;1133;37;1;66.0;FABBRICATO;Via Giovenale Ancina;31;45.0948209;7.7106818;Abitazione;Dal 1961 al 1970;Nessuno;Patrimonio indisponibile;Utilizzato direttamente;Alloggio di servizio, foresterie;;;;1;False
695921;L219;1133;37;2;1300.0;FABBRICATO;Via Giovenale Ancina;33;45.0948209;7.7106818;Edificio scolastico (es.: scuola di ogni ordine e grado, università, scuola di formazione);Dal 1961 al 1970;Nessuno;Patrimonio indisponibile;Utilizzato direttamente;Attività didattica;;;;1;False
695922;L219;1133;39;10;93.0;FABBRICATO;Via Giovenale Ancina;32;45.0949058;7.7120286;Abitazione;Dal 1946 al 1960;Nessuno;Patrimonio indisponibile;Utilizzato direttamente;Altro;;;;1;False
695923;L219;1133;39;17;97.0;FABBRICATO;Via Giovenale Ancina;32;45.0949058;7.7120286;Abitazione;Dal 1946 al 1960;Nessuno;Patrimonio indisponibile;Utilizzato direttamente;Altro;;;;1;False
695924;L219;1133;39;18;111.0;FABBRICATO;Via Giovenale Ancina;32;45.0949058;7.7120286;Abitazione;Dal 1946 al 1960;Nessuno;Patrimonio indisponibile;Utilizzato direttamente;Altro;;;;1;False
695925;L219;1133;41;9;118.0;FABBRICATO;Via Giovenale Ancina;32;45.0944783;7.711617;Abitazione;Dal 1946 al 1960;Nessuno;Patrimonio indisponibile;Utilizzato direttamente;Altro;;;;1;False
695926;L219;1133;64;;193.0;FABBRICATO;Via Sandro Botticelli;217;45.0961464;7.7151951;Impianto sportivo;Dal 1971 al 1980;Nessuno;Patrimonio indisponibile;Utilizzato direttamente;Attività sportiva, ricreativa e di intrattenimento;;;;1;False
695927;L219;1246;18;5;10000.0;FABBRICATO;piazza s. giovanni;5;45.0737427;7.6842383;Ufficio strutturato ed assimilabili;Dal 1946 al 1960;Nessuno;Patrimonio indisponibile;Utilizzato direttamente;Attività amministrativa/uffici pubblici;;;;1;False
695928;L219;1246;18;7;83.0;FABBRICATO;piazza s. giovanni;5;45.0737427;7.6842383;Locale commerciale, negozio;Dal 1946 al 1960;Nessuno;Patrimonio indisponibile;;Non Dichiarato;in concessione a titolo oneroso;9346.0;01/12/2012;1;False
695929;L219;1246;68;3;3000.0;FABBRICATO;PIAZZA CASTELLO;SNC;45.0709344;7.6859074;Biblioteca, pinacoteca, museo, gallerie;Prima del 1919;Dichiarazione di interesse culturale;Demanio;Utilizzato direttamente;Attività artistica e culturale;;;;1;False
695930;L219;1246;68;4;111.0;FABBRICATO;PIAZZA CASTELLO;SNC;45.0709344;7.6859074;Locale commerciale, negozio;Prima del 1919;Dichiarazione di interesse culturale;Demanio;Utilizzato direttamente;Attività commerciale e di ristorazione;;;;1;False
695932;L219;1247;85;6;403.43;FABBRICATO;Corso San Maurizio;4;45.0730989;7.6907673;Ufficio strutturato ed assimilabili;Prima del 1919;Dichiarazione di interesse culturale;Demanio;Utilizzato direttamente;Attività amministrativa/uffici pubblici;;;;1;False
695934;L219;1138;70;6;125.0;FABBRICATO;strada del meisino;91;45.0894012;7.7339829;Abitazione;Dal 1981 al 1990;Nessuno;Patrimonio indisponibile;Utilizzato direttamente;Alloggio di servizio, foresterie;;;;1;False
695935;L219;1248;219;1;24.0;FABBRICATO;corso s. maurizio;14;45.0698708;7.6939641;Locale commerciale, negozio;Dal 1946 al 1960;Nessuno;Patrimonio indisponibile;Utilizzato direttamente;Attività commerciale e di ristorazione;;;;1;False
695936;L219;1248;219;10;69.0;FABBRICATO;corso s. maurizio;14;45.0698708;7.6939641;Abitazione;Dal 1946 al 1960;Nessuno;Patrimonio indisponibile;Utilizzato direttamente;Altro;;;;1;False
695937;L219;1248;219;11;76.0;FABBRICATO;corso s. maurizio;14;45.0698708;7.6939641;Abitazione;Dal 1946 al 1960;Nessuno;Patrimonio indisponibile;Utilizzato direttamente;Altro;;;;1;False
695938;L219;1248;219;12;69.0;FABBRICATO;corso s. maurizio;14;45.0698708;7.6939641;Abitazione;Dal 1946 al 1960;Nessuno;Patrimonio indisponibile;Utilizzato direttamente;Altro;;;;1;False
695939;L219;1248;219;13;76.0;FABBRICATO;corso s. maurizio;14;45.0698708;7.6939641;Abitazione;Dal 1946 al 1960;Nessuno;Patrimonio indisponibile;Utilizzato direttamente;Altro;;;;1;False
695940;L219;1248;219;14;70.0;FABBRICATO;corso s. maurizio;14;45.0698708;7.6939641;Abitazione;Dal 1946 al 1960;Nessuno;Patrimonio indisponibile;Utilizzato direttamente;Altro;;;;1;False
695941;L219;1248;219;15;75.0;FABBRICATO;corso s. maurizio;14;45.0698708;7.6939641;Abitazione;Dal 1946 al 1960;Nessuno;Patrimonio indisponibile;Utilizzato direttamente;Altro;;;;1;False
695942;L219;1248;219;16;70.0;FABBRICATO;corso s. maurizio;16;45.0698708;7.6939641;Abitazione;Dal 1946 al 1960;Nessuno;Patrimonio indisponibile;Utilizzato direttamente;Altro;;;;1;False
695943;L219;1248;219;17;78.0;FABBRICATO;corso s. maurizio;16;45.0698708;7.6939641;Abitazione;Dal 1946 al 1960;Nessuno;Patrimonio indisponibile;Utilizzato direttamente;Altro;;;;1;False
695944;L219;1248;219;18;70.0;FABBRICATO;corso s. maurizio;16;45.0698708;7.6939641;Abitazione;Dal 1946 al 1960;Nessuno;Patrimonio indisponibile;Utilizzato direttamente;Altro;;;;1;False
695945;L219;1248;219;19;77.0;FABBRICATO;corso s. maurizio;16;45.0698708;7.6939641;Abitazione;Dal 1946 al 1960;Nessuno;Patrimonio indisponibile;Utilizzato direttamente;Altro;;;;1;False
695946;L219;1248;219;2;24.0;FABBRICATO;corso s. maurizio;14;45.0698708;7.6939641;Locale commerciale, negozio;Dal 1946 al 1960;Nessuno;Patrimonio indisponibile;Utilizzato direttamente;Attività commerciale e di ristorazione;;;;1;False
695947;L219;1248;219;20;68.0;FABBRICATO;corso s. maurizio;16;45.0698708;7.6939641;Abitazione;Dal 1946 al 1960;Nessuno;Patrimonio indisponibile;Utilizzato direttamente;Altro;;;;1;False
695948;L219;1248;219;21;53.0;FABBRICATO;corso s. maurizio;14;45.0698708;7.6939641;Abitazione;Dal 1946 al 1960;Nessuno;Patrimonio indisponibile;Utilizzato direttamente;Altro;;;;1;False
695949;L219;1248;219;22;63.0;FABBRICATO;corso s. maurizio;16;45.0698708;7.6939641;Abitazione;Dal 1946 al 1960;Nessuno;Patrimonio indisponibile;Utilizzato direttamente;Altro;;;;1;False
695950;L219;1248;219;23;68.0;FABBRICATO;corso s. maurizio;16;45.0698708;7.6939641;Abitazione;Dal 1946 al 1960;Nessuno;Patrimonio indisponibile;Utilizzato direttamente;Altro;;;;1;False
695951;L219;1248;219;24;81.0;FABBRICATO;corso s. maurizio;16;45.0698708;7.6939641;Abitazione;Dal 1946 al 1960;Nessuno;Patrimonio indisponibile;Utilizzato direttamente;Altro;;;;1;False
695952;L219;1248;219;25;88.0;FABBRICATO;corso s. maurizio;16;45.0698708;7.6939641;Abitazione;Dal 1946 al 1960;Nessuno;Patrimonio indisponibile;Utilizzato direttamente;Altro;;;;1;False
695953;L219;1248;219;26;81.0;FABBRICATO;corso s. maurizio;16;45.0698708;7.6939641;Abitazione;Dal 1946 al 1960;Nessuno;Patrimonio indisponibile;Utilizzato direttamente;Altro;;;;1;False
695954;L219;1248;219;27;86.0;FABBRICATO;corso s. maurizio;16;45.0698708;7.6939641;Abitazione;Dal 1946 al 1960;Nessuno;Patrimonio indisponibile;Utilizzato direttamente;Altro;;;;1;False
695955;L219;1248;219;28;79.0;FABBRICATO;corso s. maurizio;16;45.0698708;7.6939641;Abitazione;Dal 1946 al 1960;Nessuno;Patrimonio indisponibile;Utilizzato direttamente;Altro;;;;1;False
695956;L219;1248;219;29;87.0;FABBRICATO;corso s. maurizio;16;45.0698708;7.6939641;Abitazione;Dal 1946 al 1960;Nessuno;Patrimonio indisponibile;Utilizzato direttamente;Altro;;;;1;False
695957;L219;1248;219;3;27.0;FABBRICATO;corso s. maurizio;14;45.0698708;7.6939641;Locale commerciale, negozio;Dal 1946 al 1960;Nessuno;Patrimonio indisponibile;Utilizzato direttamente;Attività commerciale e di ristorazione;;;;1;False
695958;L219;1248;219;30;81.0;FABBRICATO;corso s. maurizio;16;45.0698708;7.6939641;Abitazione;Dal 1946 al 1960;Nessuno;Patrimonio indisponibile;Utilizzato direttamente;Altro;;;;1;False
695959;L219;1248;219;31;88.0;FABBRICATO;corso s. maurizio;16;45.0698708;7.6939641;Abitazione;Dal 1946 al 1960;Nessuno;Patrimonio indisponibile;Utilizzato direttamente;Altro;;;;1;False
695960;L219;1248;219;32;81.0;FABBRICATO;corso s. maurizio;16;45.0698708;7.6939641;Abitazione;Dal 1946 al 1960;Nessuno;Patrimonio indisponibile;Utilizzato direttamente;Altro;;;;1;False
695961;L219;1248;219;33;86.0;FABBRICATO;corso s. maurizio;16;45.0698708;7.6939641;Abitazione;Dal 1946 al 1960;Nessuno;Patrimonio indisponibile;Utilizzato direttamente;Altro;;;;1;False
695962;L219;1248;219;34;81.0;FABBRICATO;corso s. maurizio;16;45.0698708;7.6939641;Abitazione;Dal 1946 al 1960;Nessuno;Patrimonio indisponibile;Utilizzato direttamente;Altro;;;;1;False
695963;L219;1248;219;35;85.0;FABBRICATO;corso s. maurizio;16;45.0698708;7.6939641;Abitazione;Dal 1946 al 1960;Nessuno;Patrimonio indisponibile;Utilizzato direttamente;Altro;;;;1;False
695964;L219;1248;219;36;81.0;FABBRICATO;corso s. maurizio;16;45.0698708;7.6939641;Abitazione;Dal 1946 al 1960;Nessuno;Patrimonio indisponibile;Utilizzato direttamente;Altro;;;;1;False
695965;L219;1248;219;37;64.0;FABBRICATO;corso s. maurizio;16;45.0698708;7.6939641;Abitazione;Dal 1946 al 1960;Nessuno;Patrimonio indisponibile;Utilizzato direttamente;Altro;;;;1;False
695966;L219;1248;219;38;58.0;FABBRICATO;corso s. maurizio;16;45.0698708;7.6939641;Abitazione;Dal 1946 al 1960;Nessuno;Patrimonio indisponibile;Utilizzato direttamente;Altro;;;;1;False
695967;L219;1248;219;4;23.0;FABBRICATO;corso s. maurizio;16;45.0698708;7.6939641;Locale commerciale, negozio;Dal 1946 al 1960;Nessuno;Patrimonio indisponibile;Utilizzato direttamente;Attività commerciale e di ristorazione;;;;1;False
695968;L219;1248;219;5;24.0;FABBRICATO;corso s. maurizio;16;45.0698708;7.6939641;Locale commerciale, negozio;Dal 1946 al 1960;Nessuno;Patrimonio indisponibile;Utilizzato direttamente;Attività commerciale e di ristorazione;;;;1;False
695969;L219;1248;219;6;46.0;FABBRICATO;corso s. maurizio;14;45.0698708;7.6939641;Abitazione;Dal 1946 al 1960;Nessuno;Patrimonio indisponibile;Utilizzato direttamente;Altro;;;;1;False
695970;L219;1248;219;7;78.0;FABBRICATO;corso s. maurizio;14;45.0698708;7.6939641;Abitazione;Dal 1946 al 1960;Nessuno;Patrimonio indisponibile;Utilizzato direttamente;Altro;;;;1;False
695971;L219;1248;219;8;70.0;FABBRICATO;corso s. maurizio;14;45.0698708;7.6939641;Abitazione;Dal 1946 al 1960;Nessuno;Patrimonio indisponibile;Utilizzato direttamente;Altro;;;;1;False
695972;L219;1248;219;9;77.0;FABBRICATO;corso s. maurizio;14;45.0698708;7.6939641;Abitazione;Dal 1946 al 1960;Nessuno;Patrimonio indisponibile;Utilizzato direttamente;Altro;;;;1;False
695973;L219;1140;211;1;170.0;FABBRICATO;STRADA DEL MEISINO;SNC;45.0891959;7.7280795;Magazzino e locali di deposito;Dal 1971 al 1980;Nessuno;Patrimonio indisponibile;Utilizzato direttamente;Attività amministrativa/uffici pubblici;;;;1;False
695974;L219;1140;238;2;493.5;FABBRICATO;via beato cafasso giuseppe;73;45.0878799;7.7300305;Edificio scolastico (es.: scuola di ogni ordine e grado, università, scuola di formazione);Dal 1971 al 1980;Nessuno;Patrimonio indisponibile;Utilizzato direttamente;Attività didattica;;;;1;False
695975;L219;1140;238;3;78.0;FABBRICATO;via beato cafasso giuseppe;73;45.0878799;7.7300305;Abitazione;Dal 1971 al 1980;Nessuno;Patrimonio indisponibile;Utilizzato direttamente;Alloggio di servizio, foresterie;;;;1;False
695976;L219;1140;238;4;350.5;FABBRICATO;via beato cafasso giuseppe;73;45.0878799;7.7300305;Edificio scolastico (es.: scuola di ogni ordine e grado, università, scuola di formazione);Dal 1971 al 1980;Nessuno;Patrimonio indisponibile;Utilizzato direttamente;Attività didattica;;;;1;False
695977;L219;1140;238;5;299.25;FABBRICATO;via beato cafasso giuseppe;73;45.0878799;7.7300305;Edificio scolastico (es.: scuola di ogni ordine e grado, università, scuola di formazione);Dal 1971 al 1980;Nessuno;Patrimonio indisponibile;Utilizzato direttamente;Attività didattica;;;;1;False
695979;L219;1143;202;;7.0;FABBRICATO;Strada alla Manifattura Tabacchi;32;45.08877;7.7177049;Cantina, soffitta, rimessa, box, garage, posto auto aperto/scoperto,;Dal 1971 al 1980;Nessuno;Patrimonio indisponibile;Utilizzato direttamente;Attività amministrativa/uffici pubblici;;;;1;False
695980;L219;1143;203;;902.0;FABBRICATO;Strada alla Manifattura Tabacchi;32;45.0880219;7.7184003;Magazzino e locali di deposito;Dal 1971 al 1980;Nessuno;Patrimonio indisponibile;Utilizzato direttamente;Attività amministrativa/uffici pubblici;;;;1;False
695981;L219;1143;32;1;4644.25;FABBRICATO;Piazza Giuseppe Cesare Abba;13;45.0908985;7.7141154;Edificio scolastico (es.: scuola di ogni ordine e grado, università, scuola di formazione);Dal 1991 al 2000;Dichiarazione di interesse culturale;Demanio;Utilizzato direttamente;Attività didattica;;;;1;False
695982;L219;1143;32;2;101.0;FABBRICATO;Piazza Giuseppe Cesare Abba;13;45.0908985;7.7141154;Abitazione;Prima del 1919;Dichiarazione di interesse culturale;Demanio;Utilizzato direttamente;Alloggio di servizio, foresterie;;;;1;False
695983;L219;1143;32;3;30.0;FABBRICATO;Piazza Giuseppe Cesare Abba;13;45.0908985;7.7141154;Abitazione;Prima del 1919;Dichiarazione di interesse culturale;Demanio;Utilizzato direttamente;Alloggio di servizio, foresterie;;;;1;False
695984;L219;1144;1;1;4368.5;FABBRICATO;Via Arcangelo Corelli;4;45.09394214;7.70909549;Edificio scolastico (es.: scuola di ogni ordine e grado, università, scuola di formazione);Dal 1961 al 1970;Nessuno;Patrimonio indisponibile;Utilizzato direttamente;Attività didattica;;;;1;False
695985;L219;1144;1;2;122.0;FABBRICATO;Via Arcangelo Corelli;4;45.09394214;7.70909549;Abitazione;Dal 1961 al 1970;Nessuno;Patrimonio indisponibile;Utilizzato direttamente;Alloggio di servizio, foresterie;;;;1;False
695986;L219;1144;107;28;72.0;FABBRICATO;via bologna;256;45.09264936;7.7146091;Abitazione;Dal 1946 al 1960;Nessuno;Patrimonio indisponibile;Utilizzato direttamente;Altro;;;;1;False
695987;L219;1144;107;29;59.0;FABBRICATO;via bologna;256;45.09264936;7.7146091;Abitazione;Dal 1946 al 1960;Nessuno;Patrimonio indisponibile;Utilizzato direttamente;Altro;;;;1;False
695988;L219;1144;13;33;102.0;FABBRICATO;via pietracqua luigi;35;45.09265523;7.70681697;Abitazione;Dal 1961 al 1970;Nessuno;Patrimonio indisponibile;Utilizzato direttamente;Altro;;;;1;False
695989;L219;1144;13;34;89.0;FABBRICATO;via pietracqua luigi;35;45.09265523;7.70681697;Abitazione;Dal 1961 al 1970;Nessuno;Patrimonio indisponibile;Utilizzato direttamente;Altro;;;;1;False
695990;L219;1144;13;38;89.0;FABBRICATO;via pietracqua luigi;35;45.09265523;7.70681697;Abitazione;Dal 1961 al 1970;Nessuno;Patrimonio indisponibile;Utilizzato direttamente;Altro;;;;1;False
695991;L219;1144;13;39;101.0;FABBRICATO;via pietracqua luigi;35;45.09265523;7.70681697;Abitazione;Dal 1961 al 1970;Nessuno;Patrimonio indisponibile;Utilizzato direttamente;Altro;;;;1;False
695992;L219;1144;13;40;90.0;FABBRICATO;via pietracqua luigi;35;45.09265523;7.70681697;Abitazione;Dal 1961 al 1970;Nessuno;Patrimonio indisponibile;Utilizzato direttamente;Altro;;;;1;False
695993;L219;1144;13;42;90.0;FABBRICATO;via pietracqua luigi;35;45.09265523;7.70681697;Abitazione;Dal 1961 al 1970;Nessuno;Patrimonio indisponibile;Utilizzato direttamente;Altro;;;;1;False
695994;L219;1144;13;44;90.0;FABBRICATO;via pietracqua luigi;35;45.09265523;7.70681697;Abitazione;Dal 1961 al 1970;Nessuno;Patrimonio indisponibile;Utilizzato direttamente;Altro;;;;1;False
695995;L219;1144;13;45;101.0;FABBRICATO;via pietracqua luigi;35;45.09265523;7.70681697;Abitazione;Dal 1961 al 1970;Nessuno;Patrimonio indisponibile;Utilizzato direttamente;Altro;;;;1;False
695996;L219;1144;13;46;90.0;FABBRICATO;via pietracqua luigi;35;45.09265523;7.70681697;Abitazione;Dal 1961 al 1970;Nessuno;Patrimonio indisponibile;Utilizzato direttamente;Altro;;;;1;False
695997;L219;1144;13;47;101.0;FABBRICATO;via pietracqua luigi;35;45.09265523;7.70681697;Abitazione;Dal 1961 al 1970;Nessuno;Patrimonio indisponibile;Utilizzato direttamente;Altro;;;;1;False
695998;L219;1144;13;48;90.0;FABBRICATO;via pietracqua luigi;35;45.09265523;7.70681697;Abitazione;Dal 1961 al 1970;Nessuno;Patrimonio indisponibile;Utilizzato direttamente;Altro;;;;1;False
695999;L219;1144;13;49;59.0;FABBRICATO;Via Alessandro Cruto;24;45.09265523;7.70681697;Abitazione;Dal 1961 al 1970;Nessuno;Patrimonio indisponibile;Utilizzato direttamente;Altro;;;;1;False
696000;L219;1144;13;50;89.0;FABBRICATO;Via Alessandro Cruto;24;45.09265523;7.70681697;Abitazione;Dal 1961 al 1970;Nessuno;Patrimonio indisponibile;Utilizzato direttamente;Altro;;;;1;False
696001;L219;1144;13;51;60.0;FABBRICATO;Via Alessandro Cruto;24;45.09265523;7.70681697;Abitazione;Dal 1961 al 1970;Nessuno;Patrimonio indisponibile;Utilizzato direttamente;Altro;;;;1;False
696002;L219;1144;13;52;86.0;FABBRICATO;Via Alessandro Cruto;24;45.09265523;7.70681697;Abitazione;Dal 1961 al 1970;Nessuno;Patrimonio indisponibile;Utilizzato direttamente;Altro;;;;1;False
696003;L219;1144;13;53;60.0;FABBRICATO;Via Alessandro Cruto;24;45.09265523;7.70681697;Abitazione;Dal 1961 al 1970;Nessuno;Patrimonio indisponibile;Utilizzato direttamente;Altro;;;;1;False
696004;L219;1144;13;54;88.0;FABBRICATO;Via Alessandro Cruto;24;45.09265523;7.70681697;Abitazione;Dal 1961 al 1970;Nessuno;Patrimonio indisponibile;Utilizzato direttamente;Altro;;;;1;False
696005;L219;1144;13;55;58.0;FABBRICATO;Via Alessandro Cruto;24;45.09265523;7.70681697;Abitazione;Dal 1961 al 1970;Nessuno;Patrimonio indisponibile;Utilizzato direttamente;Altro;;;;1;False
696006;L219;1144;13;56;87.0;FABBRICATO;Via Alessandro Cruto;24;45.09265523;7.70681697;Abitazione;Dal 1961 al 1970;Nessuno;Patrimonio indisponibile;Utilizzato direttamente;Altro;;;;1;False
696007;L219;1144;13;57;60.0;FABBRICATO;Via Alessandro Cruto;24;45.09265523;7.70681697;Abitazione;Dal 1961 al 1970;Nessuno;Patrimonio indisponibile;Utilizzato direttamente;Altro;;;;1;False
696008;L219;1144;13;58;87.0;FABBRICATO;Via Alessandro Cruto;24;45.09265523;7.70681697;Abitazione;Dal 1961 al 1970;Nessuno;Patrimonio indisponibile;Utilizzato direttamente;Altro;;;;1;False
696009;L219;1144;13;59;59.0;FABBRICATO;Via Alessandro Cruto;24;45.09265523;7.70681697;Abitazione;Dal 1961 al 1970;Nessuno;Patrimonio indisponibile;Utilizzato direttamente;Altro;;;;1;False
696010;L219;1144;13;60;88.0;FABBRICATO;Via Alessandro Cruto;24;45.09265523;7.70681697;Abitazione;Dal 1961 al 1970;Nessuno;Patrimonio indisponibile;Utilizzato direttamente;Altro;;;;1;False
696011;L219;1144;13;61;58.0;FABBRICATO;Via Alessandro Cruto;24;45.09265523;7.70681697;Abitazione;Dal 1961 al 1970;Nessuno;Patrimonio indisponibile;Utilizzato direttamente;Altro;;;;1;False
696012;L219;1144;13;62;87.0;FABBRICATO;Via Alessandro Cruto;24;45.09265523;7.70681697;Abitazione;Dal 1961 al 1970;Nessuno;Patrimonio indisponibile;Utilizzato direttamente;Altro;;;;1;False
696013;L219;1144;13;63;60.0;FABBRICATO;Via Alessandro Cruto;24;45.09265523;7.70681697;Abitazione;Dal 1961 al 1970;Nessuno;Patrimonio indisponibile;Utilizzato direttamente;Altro;;;;1;False
696014;L219;1144;13;64;88.0;FABBRICATO;Via Alessandro Cruto;24;45.09265523;7.70681697;Abitazione;Dal 1961 al 1970;Nessuno;Patrimonio indisponibile;Utilizzato direttamente;Altro;;;;1;False
696015;L219;1248;228;1;88.0;FABBRICATO;Via Gaudenzio Ferrari;7;45.0692742;7.6937646;Abitazione;Prima del 1919;Nessuno;Patrimonio indisponibile;Utilizzato direttamente;Altro;;;;1;False
696016;L219;1248;228;2;120.0;FABBRICATO;Via Gaudenzio Ferrari;7;45.0692742;7.6937646;Abitazione;Prima del 1919;Nessuno;Patrimonio indisponibile;Utilizzato direttamente;Altro;;;;1;False
696017;L219;1248;228;3;128.0;FABBRICATO;Via Gaudenzio Ferrari;7;45.0692742;7.6937646;Abitazione;Prima del 1919;Nessuno;Patrimonio indisponibile;Utilizzato direttamente;Altro;;;;1;False
696018;L219;1248;228;4;88.0;FABBRICATO;Via Gaudenzio Ferrari;7;45.0692742;7.6937646;Abitazione;Prima del 1919;Nessuno;Patrimonio indisponibile;Utilizzato direttamente;Altro;;;;1;False
696019;L219;1248;228;5;128.0;FABBRICATO;Via Gaudenzio Ferrari;7;45.0692742;7.6937646;Abitazione;Prima del 1919;Nessuno;Patrimonio indisponibile;Utilizzato direttamente;Altro;;;;1;False
696020;L219;1248;228;6;88.0;FABBRICATO;Via Gaudenzio Ferrari;7;45.0692742;7.6937646;Abitazione;Prima del 1919;Nessuno;Patrimonio indisponibile;Utilizzato direttamente;Altro;;;;1;False
696021;L219;1248;228;7;120.0;FABBRICATO;Via Gaudenzio Ferrari;7;45.0692742;7.6937646;Abitazione;Prima del 1919;Nessuno;Patrimonio indisponibile;Utilizzato direttamente;Altro;;;;1;False
696022;L219;1248;228;8;88.0;FABBRICATO;Via Gaudenzio Ferrari;7;45.0692742;7.6937646;Abitazione;Prima del 1919;Nessuno;Patrimonio indisponibile;Utilizzato direttamente;Altro;;;;1;False
696024;L219;1248;254;4;3000.0;FABBRICATO;via montebello;20;45.0689339;7.6931417;Biblioteca, pinacoteca, museo, gallerie;Prima del 1919;Dichiarazione di interesse culturale;Demanio;Utilizzato direttamente;Attività artistica e culturale;;;;1;False
696025;L219;1248;56;100;36.0;FABBRICATO;via montebello;40;45.0720719;7.6955015;Abitazione;Dal 1919 al 1945;Nessuno;Patrimonio indisponibile;;Non Dichiarato;in concessione a titolo oneroso;283.0;01/11/2022;1;False
696026;L219;1248;56;101;1.0;FABBRICATO;via montebello;40;45.0720719;7.6955015;Cantina, soffitta, rimessa, box, garage, posto auto aperto/scoperto,;Dal 1919 al 1945;Nessuno;Patrimonio indisponibile;Utilizzato direttamente;Altro;;;;1;False
696027;L219;1248;56;102;9.0;FABBRICATO;via montebello;40;45.0720719;7.6955015;Cantina, soffitta, rimessa, box, garage, posto auto aperto/scoperto,;Dal 1919 al 1945;Nessuno;Patrimonio indisponibile;Utilizzato direttamente;Altro;;;;1;False
696028;L219;1144;14;105;64.0;FABBRICATO;Via Luigi Pietracqua;23;45.09218083;7.70719684;Abitazione;Dal 1961 al 1970;Nessuno;Patrimonio indisponibile;Utilizzato direttamente;Altro;;;;1;False
696029;L219;1144;14;107;66.0;FABBRICATO;Via Luigi Pietracqua;23;45.09218083;7.70719684;Abitazione;Dal 1961 al 1970;Nessuno;Patrimonio indisponibile;Utilizzato direttamente;Altro;;;;1;False
696030;L219;1144;14;109;67.0;FABBRICATO;Via Luigi Pietracqua;23;45.09218083;7.70719684;Abitazione;Dal 1961 al 1970;Nessuno;Patrimonio indisponibile;Utilizzato direttamente;Altro;;;;1;False
696031;L219;1144;14;112;68.0;FABBRICATO;Via Luigi Pietracqua;29;45.09218083;7.70719684;Abitazione;Dal 1961 al 1970;Nessuno;Patrimonio indisponibile;Utilizzato direttamente;Altro;;;;1;False
696032;L219;1144;14;116;64.0;FABBRICATO;Via Luigi Pietracqua;29;45.09218083;7.70719684;Abitazione;Dal 1961 al 1970;Nessuno;Patrimonio indisponibile;Utilizzato direttamente;Altro;;;;1;False
696033;L219;1144;14;117;80.0;FABBRICATO;Via Luigi Pietracqua;29;45.09218083;7.70719684;Abitazione;Dal 1961 al 1970;Nessuno;Patrimonio indisponibile;Utilizzato direttamente;Altro;;;;1;False
696034;L219;1144;14;118;64.0;FABBRICATO;Via Luigi Pietracqua;29;45.09218083;7.70719684;Abitazione;Dal 1961 al 1970;Nessuno;Patrimonio indisponibile;Utilizzato direttamente;Altro;;;;1;False
696035;L219;1144;14;120;64.0;FABBRICATO;Via Luigi Pietracqua;29;45.09218083;7.70719684;Abitazione;Dal 1961 al 1970;Nessuno;Patrimonio indisponibile;Utilizzato direttamente;Altro;;;;1;False
696036;L219;1144;14;121;69.0;FABBRICATO;Via Luigi Pietracqua;23;45.09218083;7.70719684;Abitazione;Dal 1961 al 1970;Nessuno;Patrimonio indisponibile;Utilizzato direttamente;Altro;;;;1;False
696037;L219;1144;14;64;67.0;FABBRICATO;Via Luigi Pietracqua;31;45.09218083;7.70719684;Abitazione;Dal 1961 al 1970;Nessuno;Patrimonio indisponibile;Utilizzato direttamente;Altro;;;;1;False
696038;L219;1144;14;66;66.0;FABBRICATO;Via Luigi Pietracqua;31;45.09218083;7.70719684;Abitazione;Dal 1961 al 1970;Nessuno;Patrimonio indisponibile;Utilizzato direttamente;Altro;;;;1;False
696039;L219;1144;14;67;85.0;FABBRICATO;Via Luigi Pietracqua;31;45.09218083;7.70719684;Abitazione;Dal 1961 al 1970;Nessuno;Patrimonio indisponibile;Utilizzato direttamente;Altro;;;;1;False
696040;L219;1144;14;68;66.0;FABBRICATO;Via Luigi Pietracqua;31;45.09218083;7.70719684;Abitazione;Dal 1961 al 1970;Nessuno;Patrimonio indisponibile;Utilizzato direttamente;Altro;;;;1;False
696041;L219;1144;14;69;85.0;FABBRICATO;Via Luigi Pietracqua;31;45.09218083;7.70719684;Abitazione;Dal 1961 al 1970;Nessuno;Patrimonio indisponibile;Utilizzato direttamente;Altro;;;;1;False
696042;L219;1144;14;70;69.0;FABBRICATO;Via Luigi Pietracqua;31;45.09218083;7.70719684;Abitazione;Dal 1961 al 1970;Nessuno;Patrimonio indisponibile;Utilizzato direttamente;Altro;;;;1;False
696043;L219;1144;14;71;67.0;FABBRICATO;Via Luigi Pietracqua;25;45.09218083;7.70719684;Abitazione;Dal 1961 al 1970;Nessuno;Patrimonio indisponibile;Utilizzato direttamente;Altro;;;;1;False
696044;L219;1144;14;79;71.0;FABBRICATO;Via Luigi Pietracqua;25;45.09218083;7.70719684;Abitazione;Dal 1961 al 1970;Nessuno;Patrimonio indisponibile;Utilizzato direttamente;Altro;;;;1;False
696045;L219;1144;14;80;80.0;FABBRICATO;Via Luigi Pietracqua;25;45.09218083;7.70719684;Abitazione;Dal 1961 al 1970;Nessuno;Patrimonio indisponibile;Utilizzato direttamente;Altro;;;;1;False
696046;L219;1144;14;81;68.0;FABBRICATO;Via Luigi Pietracqua;27;45.09218083;7.70719684;Abitazione;Dal 1961 al 1970;Nessuno;Patrimonio indisponibile;Utilizzato direttamente;Altro;;;;1;False
696047;L219;1144;14;82;68.0;FABBRICATO;Via Luigi Pietracqua;27;45.09218083;7.70719684;Abitazione;Dal 1961 al 1970;Nessuno;Patrimonio indisponibile;Utilizzato direttamente;Altro;;;;1;False
696048;L219;1144;14;84;70.0;FABBRICATO;Via Luigi Pietracqua;27;45.09218083;7.70719684;Abitazione;Dal 1961 al 1970;Nessuno;Patrimonio indisponibile;Utilizzato direttamente;Altro;;;;1;False
696049;L219;1144;14;86;73.0;FABBRICATO;Via Luigi Pietracqua;27;45.09218083;7.70719684;Abitazione;Dal 1961 al 1970;Nessuno;Patrimonio indisponibile;Utilizzato direttamente;Altro;;;;1;False
696050;L219;1144;14;90;70.0;FABBRICATO;Via Luigi Pietracqua;27;45.09218083;7.70719684;Abitazione;Dal 1961 al 1970;Nessuno;Patrimonio indisponibile;Utilizzato direttamente;Altro;;;;1;False
696051;L219;1144;14;91;65.0;FABBRICATO;via pietracqua luigi;21;45.09218083;7.70719684;Abitazione;Dal 1961 al 1970;Nessuno;Patrimonio indisponibile;Utilizzato direttamente;Altro;;;;1;False
696052;L219;1144;14;92;64.0;FABBRICATO;via pietracqua luigi;21;45.09218083;7.70719684;Abitazione;Dal 1961 al 1970;Nessuno;Patrimonio indisponibile;Utilizzato direttamente;Altro;;;;1;False
696053;L219;1144;14;94;84.0;FABBRICATO;via pietracqua luigi;21;45.09218083;7.70719684;Abitazione;Dal 1961 al 1970;Nessuno;Patrimonio indisponibile;Utilizzato direttamente;Altro;;;;1;False
696054;L219;1144;14;95;65.0;FABBRICATO;via pietracqua luigi;21;45.09218083;7.70719684;Abitazione;Dal 1961 al 1970;Nessuno;Patrimonio indisponibile;Utilizzato direttamente;Altro;;;;1;False
696055;L219;1144;14;97;64.0;FABBRICATO;via pietracqua luigi;21;45.09218083;7.70719684;Abitazione;Dal 1961 al 1970;Nessuno;Patrimonio indisponibile;Utilizzato direttamente;Altro;;;;1;False
696056;L219;1144;14;99;66.0;FABBRICATO;via pietracqua luigi;21;45.09218083;7.70719684;Abitazione;Dal 1961 al 1970;Nessuno;Patrimonio indisponibile;Utilizzato direttamente;Altro;;;;1;False
696057;L219;1249;21;1;6944.25;FABBRICATO;corso regio parco;19;45.077339;7.6945026;Edificio scolastico (es.: scuola di ogni ordine e grado, università, scuola di formazione);Prima del 1919;Dichiarazione di interesse culturale;Demanio;Utilizzato direttamente;Attività didattica;;;;1;False
696058;L219;1249;21;2;56.0;FABBRICATO;via parma;45 A;45.077339;7.6945026;Abitazione;Prima del 1919;Dichiarazione di interesse culturale;Demanio;Utilizzato direttamente;Alloggio di servizio, foresterie;;;;1;False
696059;L219;1249;217;7;88.0;FABBRICATO;Via Catania;18;45.0757916;7.6967516;Abitazione;Prima del 1919;Nessuno;Patrimonio indisponibile;Utilizzato direttamente;Altro;;;;1;False
696061;L219;1249;22;1;442.5;FABBRICATO;via modena;35;45.0777421;7.6952439;Edificio scolastico (es.: scuola di ogni ordine e grado, università, scuola di formazione);Dal 1961 al 1970;Nessuno;Patrimonio indisponibile;Utilizzato direttamente;Attività didattica;;;;1;False
696062;L219;1249;22;2;102.0;FABBRICATO;via modena;35;45.0777421;7.6952439;Abitazione;Dal 1961 al 1970;Nessuno;Patrimonio indisponibile;Utilizzato direttamente;Alloggio di servizio, foresterie;;;;1;False
696063;L219;1430;111;2;704.5;FABBRICATO;Via Domenico Guidobono;2;45.0383816;7.6182928;Edificio scolastico (es.: scuola di ogni ordine e grado, università, scuola di formazione);Dal 1961 al 1970;Nessuno;Patrimonio indisponibile;Utilizzato direttamente;Attività didattica;;;;1;False
696064;L219;1430;111;3;68.0;FABBRICATO;Via Domenico Guidobono;2;45.0383816;7.6182928;Abitazione;Dal 1961 al 1970;Nessuno;Patrimonio indisponibile;Utilizzato direttamente;Alloggio di servizio, foresterie;;;;1;False
696065;L219;1430;78;;2272.0;FABBRICATO;via modigliani amedeo;25;45.0411505;7.617847;Impianto sportivo;Dal 1971 al 1980;Nessuno;Patrimonio indisponibile;Utilizzato direttamente;Attività sportiva, ricreativa e di intrattenimento;;;;1;False
696066;L219;1251;541;54;328.0;FABBRICATO;via mongrando;32;45.0732895;7.7082411;Abitazione;Prima del 1919;Nessuno;Patrimonio indisponibile;Utilizzato direttamente;Altro;;;;1;False
696067;L219;1251;541;55;124.0;FABBRICATO;via mongrando;32;45.0732895;7.7082411;Abitazione;Prima del 1919;Nessuno;Patrimonio indisponibile;Utilizzato direttamente;Altro;;;;1;False
696068;L219;1251;541;56;49.0;FABBRICATO;via mongrando;32;45.0732895;7.7082411;Abitazione;Prima del 1919;Nessuno;Patrimonio indisponibile;Utilizzato direttamente;Altro;;;;1;False
696069;L219;1251;541;57;100.0;FABBRICATO;via mongrando;32;45.0732895;7.7082411;Abitazione;Prima del 1919;Nessuno;Patrimonio indisponibile;Utilizzato direttamente;Altro;;;;1;False
696070;L219;1251;541;58;72.0;FABBRICATO;via mongrando;32;45.0732895;7.7082411;Abitazione;Prima del 1919;Nessuno;Patrimonio indisponibile;Utilizzato direttamente;Altro;;;;1;False
696071;L219;1251;541;59;92.0;FABBRICATO;via mongrando;32;45.0732895;7.7082411;Abitazione;Prima del 1919;Nessuno;Patrimonio indisponibile;Utilizzato direttamente;Altro;;;;1;False
696072;L219;1251;541;60;96.0;FABBRICATO;via mongrando;32;45.0732895;7.7082411;Abitazione;Prima del 1919;Nessuno;Patrimonio indisponibile;Utilizzato direttamente;Altro;;;;1;False
696073;L219;1251;541;61;71.0;FABBRICATO;via mongrando;32;45.0732895;7.7082411;Abitazione;Prima del 1919;Nessuno;Patrimonio indisponibile;Utilizzato direttamente;Altro;;;;1;False
696074;L219;1251;541;62;48.0;FABBRICATO;via mongrando;32;45.0732895;7.7082411;Abitazione;Prima del 1919;Nessuno;Patrimonio indisponibile;Utilizzato direttamente;Altro;;;;1;False
696075;L219;1251;541;63;102.0;FABBRICATO;via mongrando;32;45.0732895;7.7082411;Abitazione;Prima del 1919;Nessuno;Patrimonio indisponibile;Utilizzato direttamente;Altro;;;;1;False
696076;L219;1251;541;64;73.0;FABBRICATO;via mongrando;32;45.0732895;7.7082411;Abitazione;Prima del 1919;Nessuno;Patrimonio indisponibile;Utilizzato direttamente;Altro;;;;1;False
696077;L219;1251;541;65;92.0;FABBRICATO;via mongrando;32;45.0732895;7.7082411;Abitazione;Prima del 1919;Nessuno;Patrimonio indisponibile;Utilizzato direttamente;Altro;;;;1;False
696078;L219;1251;541;66;97.0;FABBRICATO;via mongrando;32;45.0732895;7.7082411;Abitazione;Prima del 1919;Nessuno;Patrimonio indisponibile;Utilizzato direttamente;Altro;;;;1;False
696079;L219;1251;541;67;73.0;FABBRICATO;via mongrando;32;45.0732895;7.7082411;Abitazione;Prima del 1919;Nessuno;Patrimonio indisponibile;Utilizzato direttamente;Altro;;;;1;False
696080;L219;1251;541;68;50.0;FABBRICATO;via mongrando;32;45.0732895;7.7082411;Abitazione;Prima del 1919;Nessuno;Patrimonio indisponibile;Utilizzato direttamente;Altro;;;;1;False
696081;L219;1251;541;70;76.8;FABBRICATO;via mongrando;32;45.0732895;7.7082411;Ospedali, case di cura, cliniche e assimilabili;Prima del 1919;Nessuno;Patrimonio indisponibile;Utilizzato direttamente;Altro;;;;1;False
696082;L219;1251;541;71;15.0;FABBRICATO;via mongrando;32;45.0732895;7.7082411;Cantina, soffitta, rimessa, box, garage, posto auto aperto/scoperto,;Prima del 1919;Nessuno;Patrimonio indisponibile;Utilizzato direttamente;Altro;;;;1;False
696083;L219;1251;541;72;8.0;FABBRICATO;via mongrando;32;45.0732895;7.7082411;Cantina, soffitta, rimessa, box, garage, posto auto aperto/scoperto,;Prima del 1919;Nessuno;Patrimonio indisponibile;Utilizzato direttamente;Altro;;;;1;False
696084;L219;1251;541;73;339.4;FABBRICATO;via mongrando;32;45.0732895;7.7082411;Ospedali, case di cura, cliniche e assimilabili;Prima del 1919;Nessuno;Patrimonio indisponibile;Utilizzato direttamente;Altro;;;;1;False
696085;L219;1251;541;74;11.0;FABBRICATO;via mongrando;32;45.0732895;7.7082411;Cantina, soffitta, rimessa, box, garage, posto auto aperto/scoperto,;Prima del 1919;Nessuno;Patrimonio indisponibile;Utilizzato direttamente;Altro;;;;1;False
696086;L219;1251;541;75;9.0;FABBRICATO;via mongrando;32;45.0732895;7.7082411;Cantina, soffitta, rimessa, box, garage, posto auto aperto/scoperto,;Prima del 1919;Nessuno;Patrimonio indisponibile;Utilizzato direttamente;Altro;;;;1;False
696087;L219;1430;79;1;196.0;FABBRICATO;Via Amedeo Modigliani;21;45.0411882;7.6195586;Impianto sportivo;Dal 1971 al 1980;Nessuno;Patrimonio indisponibile;Utilizzato direttamente;Attività sportiva, ricreativa e di intrattenimento;;;;1;False
696088;L219;1430;79;3;59.0;FABBRICATO;Via Amedeo Modigliani;21;45.0411882;7.6195586;Impianto sportivo;Dal 1971 al 1980;Nessuno;Patrimonio indisponibile;Utilizzato direttamente;Attività sportiva, ricreativa e di intrattenimento;;;;1;False
696089;L219;1430;79;4;42.0;FABBRICATO;Via Amedeo Modigliani;21;45.0411882;7.6195586;Magazzino e locali di deposito;Dal 1971 al 1980;Nessuno;Patrimonio indisponibile;Utilizzato direttamente;Attività sportiva, ricreativa e di intrattenimento;;;;1;False
696090;L219;1430;80;3;595.75;FABBRICATO;via gaidano paolo;103 31;45.0396274;7.6212592;Edificio scolastico (es.: scuola di ogni ordine e grado, università, scuola di formazione);Dal 1971 al 1980;Nessuno;Patrimonio indisponibile;;Non Dichiarato;in concessione a titolo oneroso;4086.0;08/02/2022;1;False
696091;L219;1430;80;4;813.0;FABBRICATO;via gaidano paolo;103 31;45.0396274;7.6212592;Impianto sportivo;Dal 1971 al 1980;Nessuno;Patrimonio indisponibile;Utilizzato direttamente;Attività sportiva, ricreativa e di intrattenimento;;;;1;False
696092;L219;1430;80;5;120.0;FABBRICATO;Via Edoardo Rubino;82;45.0396274;7.6212592;Abitazione;Dal 1971 al 1980;Nessuno;Patrimonio indisponibile;Utilizzato direttamente;Alloggio di servizio, foresterie;;;;1;False
696093;L219;1430;85;2;1179.2;FABBRICATO;Via Cimabue;2;45.03929;7.61909;Struttura residenziale collettiva (es.: collegi e convitti, educandati, ricoveri, orfanotrofi, ospizi, conventi, seminari);Dal 1946 al 1960;Nessuno;Patrimonio indisponibile;Utilizzato direttamente;Altro;;;;1;False
696094;L219;1430;85;3;1179.2;FABBRICATO;Via Cimabue;2;45.03929;7.61909;Struttura residenziale collettiva (es.: collegi e convitti, educandati, ricoveri, orfanotrofi, ospizi, conventi, seminari);Dal 1946 al 1960;Nessuno;Patrimonio indisponibile;;Non Dichiarato;in concessione a titolo oneroso;278.0;01/04/2006;1;False
696095;L219;1430;85;4;590.0;FABBRICATO;Via Cimabue;2;45.03929;7.61909;Struttura residenziale collettiva (es.: collegi e convitti, educandati, ricoveri, orfanotrofi, ospizi, conventi, seminari);Dal 1946 al 1960;Nessuno;Patrimonio indisponibile;;Non Dichiarato;in concessione a titolo oneroso;71.0;01/10/1999;1;False
696097;L219;1144;152;2;88.0;FABBRICATO;VIA S. BENIGNO;SNC;45.09153797;7.71399917;Abitazione;Dal 1946 al 1960;Nessuno;Patrimonio indisponibile;Utilizzato direttamente;Alloggio di servizio, foresterie;;;;1;False
696098;L219;1144;153;;1379.75;FABBRICATO;corso regio parco;157;45.09152953;7.71435655;Edificio scolastico (es.: scuola di ogni ordine e grado, università, scuola di formazione);Prima del 1919;Dichiarazione di interesse culturale;Demanio;Utilizzato direttamente;Attività didattica;;;;1;False
696099;L219;1144;167;34;62.0;FABBRICATO;via salgari emilio;7;45.09181724;7.71635967;Locale commerciale, negozio;Dal 1971 al 1980;Nessuno;Patrimonio indisponibile;Utilizzato direttamente;Altro;;;;1;False
696100;L219;1144;184;;739.0;FABBRICATO;via pergolesi giambattista;116;45.09446555;7.70874666;Impianto sportivo;Dal 1971 al 1980;Nessuno;Patrimonio indisponibile;;Non Dichiarato;in concessione a titolo oneroso;3800.0;01/01/2022;1;False
696101;L219;1432;137;35;77.0;FABBRICATO;Strada del Portone;31;45.0324946;7.6129842;Abitazione;Dal 2001 al 2010;Nessuno;Patrimonio indisponibile;Utilizzato direttamente;Altro;;;;1;False
696102;L219;1432;137;36;77.0;FABBRICATO;Strada del Portone;31;45.0324946;7.6129842;Abitazione;Dal 2001 al 2010;Nessuno;Patrimonio indisponibile;Utilizzato direttamente;Altro;;;;1;False
696103;L219;1432;137;4;84.0;FABBRICATO;strada del portone;29;45.0324946;7.6129842;Abitazione;Dal 2001 al 2010;Nessuno;Patrimonio indisponibile;Utilizzato direttamente;Altro;;;;1;False
696104;L219;1432;137;5;68.0;FABBRICATO;strada del portone;29;45.0324946;7.6129842;Abitazione;Dal 2001 al 2010;Nessuno;Patrimonio indisponibile;Utilizzato direttamente;Altro;;;;1;False
696105;L219;1432;137;56;68.0;FABBRICATO;Strada del Portone;33;45.0324946;7.6129842;Abitazione;Dal 2001 al 2010;Nessuno;Patrimonio indisponibile;Utilizzato direttamente;Altro;;;;1;False
696106;L219;1432;137;57;101.0;FABBRICATO;Strada del Portone;33;45.0324946;7.6129842;Abitazione;Dal 2001 al 2010;Nessuno;Patrimonio indisponibile;Utilizzato direttamente;Altro;;;;1;False
696107;L219;1144;188;;111.0;FABBRICATO;Via Giovanni Cravero;14;45.09321524;7.7091488;Abitazione;Dal 1971 al 1980;Nessuno;Patrimonio indisponibile;Utilizzato direttamente;Altro;;;;1;False
696108;L219;1144;3;118;132.0;FABBRICATO;Via Giovanni Cravero;18;45.09311401;7.70892349;Abitazione;Dal 1971 al 1980;Nessuno;Patrimonio indisponibile;Utilizzato direttamente;Altro;;;;1;False
696109;L219;1144;3;127;92.0;FABBRICATO;Via Giovanni Cravero;18;45.09311401;7.70892349;Abitazione;Dal 1971 al 1980;Nessuno;Patrimonio indisponibile;Utilizzato direttamente;Altro;;;;1;False
696110;L219;1144;3;128;111.0;FABBRICATO;Via Giovanni Cravero;18;45.09311401;7.70892349;Abitazione;Dal 1971 al 1980;Nessuno;Patrimonio indisponibile;Utilizzato direttamente;Altro;;;;1;False
696111;L219;1144;3;151;17.0;FABBRICATO;Via Giovanni Cravero;18;45.09311401;7.70892349;Cantina, soffitta, rimessa, box, garage, posto auto aperto/scoperto,;Dal 1971 al 1980;Nessuno;Patrimonio indisponibile;Utilizzato direttamente;Altro;;;;1;False
696112;L219;1144;3;168;11.0;FABBRICATO;Via Giovanni Cravero;18;45.09311401;7.70892349;Cantina, soffitta, rimessa, box, garage, posto auto aperto/scoperto,;Dal 1971 al 1980;Nessuno;Patrimonio indisponibile;Utilizzato direttamente;Altro;;;;1;False
696113;L219;1144;3;170;11.0;FABBRICATO;Via Giovanni Cravero;18;45.09311401;7.70892349;Cantina, soffitta, rimessa, box, garage, posto auto aperto/scoperto,;Dal 1971 al 1980;Nessuno;Patrimonio indisponibile;Utilizzato direttamente;Altro;;;;1;False
696116;L219;1144;3;181;19.0;FABBRICATO;Via Giovanni Cravero;18;45.09311401;7.70892349;Cantina, soffitta, rimessa, box, garage, posto auto aperto/scoperto,;Dal 1971 al 1980;Nessuno;Patrimonio indisponibile;Utilizzato direttamente;Altro;;;;1;False
696117;L219;1144;3;182;19.0;FABBRICATO;Via Giovanni Cravero;20;45.09311401;7.70892349;Cantina, soffitta, rimessa, box, garage, posto auto aperto/scoperto,;Dal 1971 al 1980;Nessuno;Patrimonio indisponibile;Utilizzato direttamente;Altro;;;;1;False
696126;L219;1144;3;248;13.0;FABBRICATO;via gottardo;233;45.09311401;7.70892349;Cantina, soffitta, rimessa, box, garage, posto auto aperto/scoperto,;Dal 1971 al 1980;Nessuno;Patrimonio indisponibile;Utilizzato direttamente;Altro;;;;1;False
696128;L219;1144;3;252;8.0;FABBRICATO;via gottardo;233;45.09311401;7.70892349;Cantina, soffitta, rimessa, box, garage, posto auto aperto/scoperto,;Dal 1971 al 1980;Nessuno;Patrimonio indisponibile;Utilizzato direttamente;Altro;;;;1;False
696129;L219;1144;3;272;112.0;FABBRICATO;Via Giovanni Cravero;6;45.09311401;7.70892349;Abitazione;Dal 1971 al 1980;Nessuno;Patrimonio indisponibile;;Non Dichiarato;in locazione;3301.0;01/11/2021;1;False
696130;L219;1144;3;284;11.0;FABBRICATO;Via Giovanni Cravero;4;45.09311401;7.70892349;Cantina, soffitta, rimessa, box, garage, posto auto aperto/scoperto,;Dal 1971 al 1980;Nessuno;Patrimonio indisponibile;Utilizzato direttamente;Altro;;;;1;False
696131;L219;1144;3;292;11.0;FABBRICATO;Via Giovanni Cravero;4;45.09311401;7.70892349;Cantina, soffitta, rimessa, box, garage, posto auto aperto/scoperto,;Dal 1971 al 1980;Nessuno;Patrimonio indisponibile;Utilizzato direttamente;Altro;;;;1;False
696132;L219;1144;3;295;11.0;FABBRICATO;Via Giovanni Cravero;4;45.09311401;7.70892349;Cantina, soffitta, rimessa, box, garage, posto auto aperto/scoperto,;Dal 1971 al 1980;Nessuno;Patrimonio indisponibile;Utilizzato direttamente;Altro;;;;1;False
696133;L219;1144;3;297;12.0;FABBRICATO;Via Giovanni Cravero;4;45.09311401;7.70892349;Cantina, soffitta, rimessa, box, garage, posto auto aperto/scoperto,;Dal 1971 al 1980;Nessuno;Patrimonio indisponibile;Utilizzato direttamente;Altro;;;;1;False
696136;L219;1252;121;6;131.0;FABBRICATO;Lungo Dora Pietro Colletta;53;45.0765043;7.7091425;Abitazione;Dal 1981 al 1990;Nessuno;Patrimonio indisponibile;Utilizzato direttamente;Alloggio di servizio, foresterie;;;;1;False
696137;L219;1252;121;7;123.0;FABBRICATO;Lungo Dora Pietro Colletta;39;45.0765043;7.7091425;Impianto sportivo;Dal 1946 al 1960;Verifica dell'interesse culturale in corso;Patrimonio indisponibile;Utilizzato direttamente;Attività sportiva, ricreativa e di intrattenimento;;;;1;False
696139;L219;1432;138;34;77.0;FABBRICATO;strada del portone;25;45.0321773;7.6137438;Abitazione;Dal 2001 al 2010;Nessuno;Patrimonio indisponibile;Utilizzato direttamente;Altro;;;;1;False
696140;L219;1432;138;35;101.0;FABBRICATO;strada del portone;25;45.0321773;7.6137438;Abitazione;Dal 2001 al 2010;Nessuno;Patrimonio indisponibile;Utilizzato direttamente;Altro;;;;1;False
696141;L219;1432;138;7;102.0;FABBRICATO;strada del portone;23;45.0321773;7.6137438;Abitazione;Dal 2001 al 2010;Nessuno;Patrimonio indisponibile;Utilizzato direttamente;Altro;;;;1;False
696142;L219;1432;138;8;68.0;FABBRICATO;strada del portone;23;45.0321773;7.6137438;Abitazione;Dal 2001 al 2010;Nessuno;Patrimonio indisponibile;Utilizzato direttamente;Altro;;;;1;False
696143;L219;1432;158;2;54.0;FABBRICATO;Strada del Portone;35;45.0327451;7.6123635;Abitazione;Dal 2001 al 2010;Nessuno;Patrimonio indisponibile;Utilizzato direttamente;Altro;;;;1;False
696144;L219;1432;158;3;63.0;FABBRICATO;Strada del Portone;35;45.0327451;7.6123635;Abitazione;Dal 2001 al 2010;Nessuno;Patrimonio indisponibile;Utilizzato direttamente;Altro;;;;1;False
696145;L219;1432;158;4;84.0;FABBRICATO;Strada del Portone;35;45.0327451;7.6123635;Abitazione;Dal 2001 al 2010;Nessuno;Patrimonio indisponibile;Utilizzato direttamente;Altro;;;;1;False
696146;L219;1432;158;5;83.0;FABBRICATO;Strada del Portone;35;45.0327451;7.6123635;Abitazione;Dal 2001 al 2010;Nessuno;Patrimonio indisponibile;Utilizzato direttamente;Altro;;;;1;False
696147;L219;1432;158;6;59.0;FABBRICATO;Strada del Portone;35;45.0327451;7.6123635;Abitazione;Dal 2001 al 2010;Nessuno;Patrimonio indisponibile;Utilizzato direttamente;Altro;;;;1;False
696148;L219;1432;158;62;18.0;FABBRICATO;strada del portone;35 2/A;45.0327451;7.6123635;Cantina, soffitta, rimessa, box, garage, posto auto aperto/scoperto,;Dal 2001 al 2010;Nessuno;Patrimonio indisponibile;Utilizzato direttamente;Altro;;;;1;False
696149;L219;1432;158;63;18.0;FABBRICATO;strada del portone;35 2/A;45.0327451;7.6123635;Cantina, soffitta, rimessa, box, garage, posto auto aperto/scoperto,;Dal 2001 al 2010;Nessuno;Patrimonio indisponibile;Utilizzato direttamente;Altro;;;;1;False
696150;L219;1432;158;68;18.0;FABBRICATO;strada del portone;35 2/A;45.0327451;7.6123635;Cantina, soffitta, rimessa, box, garage, posto auto aperto/scoperto,;Dal 2001 al 2010;Nessuno;Patrimonio indisponibile;Utilizzato direttamente;Altro;;;;1;False
696151;L219;1432;158;7;51.0;FABBRICATO;Strada del Portone;35;45.0327451;7.6123635;Abitazione;Dal 2001 al 2010;Nessuno;Patrimonio indisponibile;Utilizzato direttamente;Altro;;;;1;False
696152;L219;1432;158;74;18.0;FABBRICATO;strada del portone;35 2/A;45.0327451;7.6123635;Cantina, soffitta, rimessa, box, garage, posto auto aperto/scoperto,;Dal 2001 al 2010;Nessuno;Patrimonio indisponibile;Utilizzato direttamente;Altro;;;;1;False
696153;L219;1432;158;75;18.0;FABBRICATO;strada del portone;35 2/A;45.0327451;7.6123635;Cantina, soffitta, rimessa, box, garage, posto auto aperto/scoperto,;Dal 2001 al 2010;Nessuno;Patrimonio indisponibile;Utilizzato direttamente;Altro;;;;1;False
696154;L219;1432;158;88;15.0;FABBRICATO;strada del portone;35 2/A;45.0327451;7.6123635;Cantina, soffitta, rimessa, box, garage, posto auto aperto/scoperto,;Dal 2001 al 2010;Nessuno;Patrimonio indisponibile;Utilizzato direttamente;Altro;;;;1;False
696155;L219;1253;29;50;68.0;FABBRICATO;Corso Belgio;105;45.0740686;7.7177593;Abitazione;Dal 1946 al 1960;Nessuno;Patrimonio indisponibile;Utilizzato direttamente;Altro;;;;1;False
696156;L219;1253;29;51;50.0;FABBRICATO;Corso Belgio;105;45.0740686;7.7177593;Abitazione;Dal 1946 al 1960;Nessuno;Patrimonio indisponibile;Utilizzato direttamente;Altro;;;;1;False
696157;L219;1253;29;52;89.0;FABBRICATO;Corso Belgio;105;45.0740686;7.7177593;Abitazione;Dal 1946 al 1960;Nessuno;Patrimonio indisponibile;Utilizzato direttamente;Altro;;;;1;False
696158;L219;1253;29;53;55.0;FABBRICATO;Corso Belgio;105;45.0740686;7.7177593;Abitazione;Dal 1946 al 1960;Nessuno;Patrimonio indisponibile;Utilizzato direttamente;Altro;;;;1;False
696159;L219;1253;29;54;56.0;FABBRICATO;Corso Belgio;105;45.0740686;7.7177593;Abitazione;Dal 1946 al 1960;Nessuno;Patrimonio indisponibile;Utilizzato direttamente;Altro;;;;1;False
696160;L219;1253;29;55;88.0;FABBRICATO;Corso Belgio;105;45.0740686;7.7177593;Abitazione;Dal 1946 al 1960;Nessuno;Patrimonio indisponibile;Utilizzato direttamente;Altro;;;;1;False
696161;L219;1253;29;56;71.0;FABBRICATO;Corso Belgio;105;45.0740686;7.7177593;Abitazione;Dal 1946 al 1960;Nessuno;Patrimonio indisponibile;Utilizzato direttamente;Altro;;;;1;False
696162;L219;1253;29;57;69.0;FABBRICATO;Corso Belgio;105;45.0740686;7.7177593;Abitazione;Dal 1946 al 1960;Nessuno;Patrimonio indisponibile;Utilizzato direttamente;Altro;;;;1;False
696163;L219;1253;29;58;52.0;FABBRICATO;Corso Belgio;105;45.0740686;7.7177593;Abitazione;Dal 1946 al 1960;Nessuno;Patrimonio indisponibile;Utilizzato direttamente;Altro;;;;1;False
696164;L219;1253;29;59;89.0;FABBRICATO;Corso Belgio;105;45.0740686;7.7177593;Abitazione;Dal 1946 al 1960;Nessuno;Patrimonio indisponibile;Utilizzato direttamente;Altro;;;;1;False
696165;L219;1253;29;60;58.0;FABBRICATO;Corso Belgio;105;45.0740686;7.7177593;Abitazione;Dal 1946 al 1960;Nessuno;Patrimonio indisponibile;Utilizzato direttamente;Altro;;;;1;False
696166;L219;1253;29;61;57.0;FABBRICATO;Corso Belgio;105;45.0740686;7.7177593;Abitazione;Dal 1946 al 1960;Nessuno;Patrimonio indisponibile;Utilizzato direttamente;Altro;;;;1;False
696167;L219;1253;29;62;90.0;FABBRICATO;Corso Belgio;105;45.0740686;7.7177593;Abitazione;Dal 1946 al 1960;Nessuno;Patrimonio indisponibile;Utilizzato direttamente;Altro;;;;1;False
696168;L219;1253;29;63;71.0;FABBRICATO;Corso Belgio;105;45.0740686;7.7177593;Abitazione;Dal 1946 al 1960;Nessuno;Patrimonio indisponibile;Utilizzato direttamente;Altro;;;;1;False
696169;L219;1432;161;17;83.0;FABBRICATO;Strada del Portone;35;45.0323372;7.6119899;Abitazione;Dal 2001 al 2010;Nessuno;Patrimonio indisponibile;Utilizzato direttamente;Altro;;;;1;False
696170;L219;1432;161;2;66.0;FABBRICATO;Strada del Portone;35;45.0323372;7.6119899;Abitazione;Dal 2001 al 2010;Nessuno;Patrimonio indisponibile;Utilizzato direttamente;Altro;;;;1;False
696171;L219;1432;161;22;84.0;FABBRICATO;Strada del Portone;35;45.0323372;7.6119899;Abitazione;Dal 2001 al 2010;Nessuno;Patrimonio indisponibile;Utilizzato direttamente;Altro;;;;1;False
696172;L219;1432;161;23;83.0;FABBRICATO;Strada del Portone;35;45.0323372;7.6119899;Abitazione;Dal 2001 al 2010;Nessuno;Patrimonio indisponibile;Utilizzato direttamente;Altro;;;;1;False
696173;L219;1432;161;3;45.0;FABBRICATO;Strada del Portone;35;45.0323372;7.6119899;Abitazione;Dal 2001 al 2010;Nessuno;Patrimonio indisponibile;Utilizzato direttamente;Altro;;;;1;False
696174;L219;1432;161;32;69.0;FABBRICATO;Strada del Portone;35;45.0323372;7.6119899;Abitazione;Dal 2001 al 2010;Nessuno;Patrimonio indisponibile;Utilizzato direttamente;Altro;;;;1;False
696175;L219;1432;161;4;85.0;FABBRICATO;Strada del Portone;35;45.0323372;7.6119899;Abitazione;Dal 2001 al 2010;Nessuno;Patrimonio indisponibile;Utilizzato direttamente;Altro;;;;1;False
696176;L219;1432;161;5;84.0;FABBRICATO;Strada del Portone;35;45.0323372;7.6119899;Abitazione;Dal 2001 al 2010;Nessuno;Patrimonio indisponibile;Utilizzato direttamente;Altro;;;;1;False
696177;L219;1432;161;6;47.0;FABBRICATO;Strada del Portone;35;45.0323372;7.6119899;Abitazione;Dal 2001 al 2010;Nessuno;Patrimonio indisponibile;Utilizzato direttamente;Altro;;;;1;False
696178;L219;1432;161;7;70.0;FABBRICATO;Strada del Portone;35;45.0323372;7.6119899;Abitazione;Dal 2001 al 2010;Nessuno;Patrimonio indisponibile;Utilizzato direttamente;Altro;;;;1;False
696180;L219;1144;83;1;82.0;FABBRICATO;via bologna;267 5;45.0935925;7.71428058;Abitazione;Dal 1961 al 1970;Nessuno;Patrimonio indisponibile;Utilizzato direttamente;Altro;;;;1;False
696181;L219;1144;83;10;80.0;FABBRICATO;via bologna;267 5;45.0935925;7.71428058;Abitazione;Dal 1961 al 1970;Nessuno;Patrimonio indisponibile;Utilizzato direttamente;Altro;;;;1;False
696182;L219;1144;83;11;84.0;FABBRICATO;via bologna;267 5;45.0935925;7.71428058;Abitazione;Dal 1961 al 1970;Nessuno;Patrimonio indisponibile;Utilizzato direttamente;Altro;;;;1;False
696183;L219;1144;83;12;80.0;FABBRICATO;via bologna;267 5;45.0935925;7.71428058;Abitazione;Dal 1961 al 1970;Nessuno;Patrimonio indisponibile;Utilizzato direttamente;Altro;;;;1;False
696184;L219;1144;83;13;82.0;FABBRICATO;via bologna;267 5;45.0935925;7.71428058;Abitazione;Dal 1961 al 1970;Nessuno;Patrimonio indisponibile;Utilizzato direttamente;Altro;;;;1;False
696185;L219;1144;83;14;80.0;FABBRICATO;via bologna;267 5;45.0935925;7.71428058;Abitazione;Dal 1961 al 1970;Nessuno;Patrimonio indisponibile;Utilizzato direttamente;Altro;;;;1;False
696186;L219;1144;83;15;82.0;FABBRICATO;via bologna;267 5;45.0935925;7.71428058;Abitazione;Dal 1961 al 1970;Nessuno;Patrimonio indisponibile;Utilizzato direttamente;Altro;;;;1;False
696187;L219;1144;83;16;80.0;FABBRICATO;via bologna;267 5;45.0935925;7.71428058;Abitazione;Dal 1961 al 1970;Nessuno;Patrimonio indisponibile;Utilizzato direttamente;Altro;;;;1;False
696188;L219;1144;83;17;81.0;FABBRICATO;via bologna;267 5;45.0935925;7.71428058;Abitazione;Dal 1961 al 1970;Nessuno;Patrimonio indisponibile;Utilizzato direttamente;Altro;;;;1;False
696189;L219;1144;83;18;80.0;FABBRICATO;via bologna;267 5;45.0935925;7.71428058;Abitazione;Dal 1961 al 1970;Nessuno;Patrimonio indisponibile;Utilizzato direttamente;Altro;;;;1;False
696190;L219;1144;83;19;82.0;FABBRICATO;via bologna;267 5;45.0935925;7.71428058;Abitazione;Dal 1961 al 1970;Nessuno;Patrimonio indisponibile;Utilizzato direttamente;Altro;;;;1;False
696191;L219;1144;83;2;82.0;FABBRICATO;via bologna;267 5;45.0935925;7.71428058;Abitazione;Dal 1961 al 1970;Nessuno;Patrimonio indisponibile;Utilizzato direttamente;Altro;;;;1;False
696192;L219;1144;83;20;80.0;FABBRICATO;via bologna;267 5;45.0935925;7.71428058;Abitazione;Dal 1961 al 1970;Nessuno;Patrimonio indisponibile;Utilizzato direttamente;Altro;;;;1;False
696193;L219;1144;83;21;81.0;FABBRICATO;via bologna;267 6;45.0935925;7.71428058;Abitazione;Dal 1961 al 1970;Nessuno;Patrimonio indisponibile;Utilizzato direttamente;Altro;;;;1;False
696194;L219;1144;83;22;80.0;FABBRICATO;via bologna;267 6;45.0935925;7.71428058;Abitazione;Dal 1961 al 1970;Nessuno;Patrimonio indisponibile;Utilizzato direttamente;Altro;;;;1;False
696195;L219;1144;83;23;80.0;FABBRICATO;via bologna;267 6;45.0935925;7.71428058;Abitazione;Dal 1961 al 1970;Nessuno;Patrimonio indisponibile;Utilizzato direttamente;Altro;;;;1;False
696196;L219;1144;83;24;81.0;FABBRICATO;via bologna;267 6;45.0935925;7.71428058;Abitazione;Dal 1961 al 1970;Nessuno;Patrimonio indisponibile;Utilizzato direttamente;Altro;;;;1;False
696197;L219;1144;83;25;80.0;FABBRICATO;via bologna;267 6;45.0935925;7.71428058;Abitazione;Dal 1961 al 1970;Nessuno;Patrimonio indisponibile;Utilizzato direttamente;Altro;;;;1;False
696198;L219;1144;83;26;80.0;FABBRICATO;via bologna;267 6;45.0935925;7.71428058;Abitazione;Dal 1961 al 1970;Nessuno;Patrimonio indisponibile;Utilizzato direttamente;Altro;;;;1;False
696199;L219;1144;83;27;81.0;FABBRICATO;via bologna;267 6;45.0935925;7.71428058;Abitazione;Dal 1961 al 1970;Nessuno;Patrimonio indisponibile;Utilizzato direttamente;Altro;;;;1;False
696200;L219;1144;83;28;80.0;FABBRICATO;via bologna;267 6;45.0935925;7.71428058;Abitazione;Dal 1961 al 1970;Nessuno;Patrimonio indisponibile;Utilizzato direttamente;Altro;;;;1;False
696201;L219;1144;83;29;80.0;FABBRICATO;via bologna;267 6;45.0935925;7.71428058;Abitazione;Dal 1961 al 1970;Nessuno;Patrimonio indisponibile;Utilizzato direttamente;Altro;;;;1;False
696202;L219;1144;83;3;82.0;FABBRICATO;via bologna;267 5;45.0935925;7.71428058;Abitazione;Dal 1961 al 1970;Nessuno;Patrimonio indisponibile;Utilizzato direttamente;Altro;;;;1;False
696203;L219;1144;83;30;79.0;FABBRICATO;via bologna;267 6;45.0935925;7.71428058;Abitazione;Dal 1961 al 1970;Nessuno;Patrimonio indisponibile;Utilizzato direttamente;Altro;;;;1;False
696204;L219;1144;83;31;80.0;FABBRICATO;via bologna;267 6;45.0935925;7.71428058;Abitazione;Dal 1961 al 1970;Nessuno;Patrimonio indisponibile;Utilizzato direttamente;Altro;;;;1;False
696205;L219;1144;83;32;79.0;FABBRICATO;via bologna;267 6;45.0935925;7.71428058;Abitazione;Dal 1961 al 1970;Nessuno;Patrimonio indisponibile;Utilizzato direttamente;Altro;;;;1;False
696206;L219;1144;83;33;80.0;FABBRICATO;via bologna;267 6;45.0935925;7.71428058;Abitazione;Dal 1961 al 1970;Nessuno;Patrimonio indisponibile;Utilizzato direttamente;Altro;;;;1;False
696207;L219;1144;83;34;80.0;FABBRICATO;via bologna;267 6;45.0935925;7.71428058;Abitazione;Dal 1961 al 1970;Nessuno;Patrimonio indisponibile;Utilizzato direttamente;Altro;;;;1;False
696208;L219;1144;83;35;82.0;FABBRICATO;via bologna;267 6;45.0935925;7.71428058;Abitazione;Dal 1961 al 1970;Nessuno;Patrimonio indisponibile;Utilizzato direttamente;Altro;;;;1;False
696209;L219;1144;83;36;80.0;FABBRICATO;via bologna;267 6;45.0935925;7.71428058;Abitazione;Dal 1961 al 1970;Nessuno;Patrimonio indisponibile;Utilizzato direttamente;Altro;;;;1;False
696210;L219;1144;83;37;81.0;FABBRICATO;via bologna;267 6;45.0935925;7.71428058;Abitazione;Dal 1961 al 1970;Nessuno;Patrimonio indisponibile;Utilizzato direttamente;Altro;;;;1;False
696211;L219;1144;83;38;80.0;FABBRICATO;via bologna;267 6;45.0935925;7.71428058;Abitazione;Dal 1961 al 1970;Nessuno;Patrimonio indisponibile;Utilizzato direttamente;Altro;;;;1;False
696212;L219;1144;83;39;80.0;FABBRICATO;via bologna;267 6;45.0935925;7.71428058;Abitazione;Dal 1961 al 1970;Nessuno;Patrimonio indisponibile;Utilizzato direttamente;Altro;;;;1;False
696213;L219;1144;83;4;82.0;FABBRICATO;via bologna;267 5;45.0935925;7.71428058;Abitazione;Dal 1961 al 1970;Nessuno;Patrimonio indisponibile;Utilizzato direttamente;Altro;;;;1;False
696214;L219;1144;83;40;80.0;FABBRICATO;via bologna;267 6;45.0935925;7.71428058;Abitazione;Dal 1961 al 1970;Nessuno;Patrimonio indisponibile;Utilizzato direttamente;Altro;;;;1;False
696215;L219;1144;83;41;48.0;FABBRICATO;via bologna;267 7;45.0935925;7.71428058;Abitazione;Dal 1961 al 1970;Nessuno;Patrimonio indisponibile;Utilizzato direttamente;Altro;;;;1;False
696216;L219;1144;83;42;48.0;FABBRICATO;via bologna;267 7;45.0935925;7.71428058;Abitazione;Dal 1961 al 1970;Nessuno;Patrimonio indisponibile;Utilizzato direttamente;Altro;;;;1;False
696217;L219;1144;83;43;57.0;FABBRICATO;via bologna;267 7;45.0935925;7.71428058;Abitazione;Dal 1961 al 1970;Nessuno;Patrimonio indisponibile;Utilizzato direttamente;Altro;;;;1;False
696218;L219;1144;83;44;58.0;FABBRICATO;via bologna;267 7;45.0935925;7.71428058;Abitazione;Dal 1961 al 1970;Nessuno;Patrimonio indisponibile;Utilizzato direttamente;Altro;;;;1;False
696219;L219;1144;83;45;48.0;FABBRICATO;via bologna;267 7;45.0935925;7.71428058;Abitazione;Dal 1961 al 1970;Nessuno;Patrimonio indisponibile;Utilizzato direttamente;Altro;;;;1;False
696220;L219;1144;83;46;57.0;FABBRICATO;via bologna;267 7;45.0935925;7.71428058;Abitazione;Dal 1961 al 1970;Nessuno;Patrimonio indisponibile;Utilizzato direttamente;Altro;;;;1;False
696221;L219;1144;83;47;48.0;FABBRICATO;via bologna;267 7;45.0935925;7.71428058;Abitazione;Dal 1961 al 1970;Nessuno;Patrimonio indisponibile;Utilizzato direttamente;Altro;;;;1;False
696222;L219;1144;83;48;58.0;FABBRICATO;via bologna;267 7;45.0935925;7.71428058;Abitazione;Dal 1961 al 1970;Nessuno;Patrimonio indisponibile;Utilizzato direttamente;Altro;;;;1;False
696223;L219;1144;83;49;56.0;FABBRICATO;via bologna;267 7;45.0935925;7.71428058;Abitazione;Dal 1961 al 1970;Nessuno;Patrimonio indisponibile;Utilizzato direttamente;Altro;;;;1;False
696224;L219;1144;83;5;82.0;FABBRICATO;via bologna;267 5;45.0935925;7.71428058;Abitazione;Dal 1961 al 1970;Nessuno;Patrimonio indisponibile;Utilizzato direttamente;Altro;;;;1;False
696225;L219;1144;83;50;58.0;FABBRICATO;via bologna;267 7;45.0935925;7.71428058;Abitazione;Dal 1961 al 1970;Nessuno;Patrimonio indisponibile;Utilizzato direttamente;Altro;;;;1;False
696226;L219;1144;83;51;48.0;FABBRICATO;via bologna;267 7;45.0935925;7.71428058;Abitazione;Dal 1961 al 1970;Nessuno;Patrimonio indisponibile;Utilizzato direttamente;Altro;;;;1;False
696227;L219;1144;83;52;56.0;FABBRICATO;via bologna;267 7;45.0935925;7.71428058;Abitazione;Dal 1961 al 1970;Nessuno;Patrimonio indisponibile;Utilizzato direttamente;Altro;;;;1;False
696228;L219;1144;83;53;56.0;FABBRICATO;via bologna;267 7;45.0935925;7.71428058;Abitazione;Dal 1961 al 1970;Nessuno;Patrimonio indisponibile;Utilizzato direttamente;Altro;;;;1;False
696229;L219;1144;83;54;58.0;FABBRICATO;via bologna;267 7;45.0935925;7.71428058;Abitazione;Dal 1961 al 1970;Nessuno;Patrimonio indisponibile;Utilizzato direttamente;Altro;;;;1;False
696230;L219;1144;83;55;56.0;FABBRICATO;via bologna;267 7;45.0935925;7.71428058;Abitazione;Dal 1961 al 1970;Nessuno;Patrimonio indisponibile;Utilizzato direttamente;Altro;;;;1;False
696231;L219;1144;83;56;48.0;FABBRICATO;via bologna;267 7;45.0935925;7.71428058;Abitazione;Dal 1961 al 1970;Nessuno;Patrimonio indisponibile;Utilizzato direttamente;Altro;;;;1;False
696232;L219;1144;83;57;56.0;FABBRICATO;via bologna;267 7;45.0935925;7.71428058;Abitazione;Dal 1961 al 1970;Nessuno;Patrimonio indisponibile;Utilizzato direttamente;Altro;;;;1;False
696233;L219;1144;83;58;57.0;FABBRICATO;via bologna;267 7;45.0935925;7.71428058;Abitazione;Dal 1961 al 1970;Nessuno;Patrimonio indisponibile;Utilizzato direttamente;Altro;;;;1;False
696234;L219;1144;83;59;56.0;FABBRICATO;via bologna;267 7;45.0935925;7.71428058;Abitazione;Dal 1961 al 1970;Nessuno;Patrimonio indisponibile;Utilizzato direttamente;Altro;;;;1;False
696235;L219;1144;83;6;82.0;FABBRICATO;via bologna;267 5;45.0935925;7.71428058;Abitazione;Dal 1961 al 1970;Nessuno;Patrimonio indisponibile;Utilizzato direttamente;Altro;;;;1;False
696236;L219;1144;83;60;57.0;FABBRICATO;via bologna;267 7;45.0935925;7.71428058;Abitazione;Dal 1961 al 1970;Nessuno;Patrimonio indisponibile;Utilizzato direttamente;Altro;;;;1;False
696237;L219;1144;83;7;83.0;FABBRICATO;via bologna;267 5;45.0935925;7.71428058;Abitazione;Dal 1961 al 1970;Nessuno;Patrimonio indisponibile;Utilizzato direttamente;Altro;;;;1;False
696238;L219;1144;83;8;79.0;FABBRICATO;via bologna;267 5;45.0935925;7.71428058;Abitazione;Dal 1961 al 1970;Nessuno;Patrimonio indisponibile;Utilizzato direttamente;Altro;;;;1;False
696239;L219;1144;83;9;82.0;FABBRICATO;via bologna;267 5;45.0935925;7.71428058;Abitazione;Dal 1961 al 1970;Nessuno;Patrimonio indisponibile;Utilizzato direttamente;Altro;;;;1;False
696240;L219;1253;69;17;52.0;FABBRICATO;via oropa;55;45.0720057;7.7139989;Abitazione;Prima del 1919;Nessuno;Patrimonio indisponibile;Utilizzato direttamente;Altro;;;;1;False
696241;L219;1254;14;5;77.0;FABBRICATO;corso cadore;20 8;45.075537;7.7217491;Abitazione;Dal 1971 al 1980;Nessuno;Patrimonio indisponibile;Utilizzato direttamente;Alloggio di servizio, foresterie;;;;1;False
696242;L219;1254;14;7;3965.25;FABBRICATO;corso cadore;20 8;45.075537;7.7217491;Edificio scolastico (es.: scuola di ogni ordine e grado, università, scuola di formazione);Dal 1971 al 1980;Nessuno;Patrimonio indisponibile;Utilizzato direttamente;Attività didattica;;;;1;False
696243;L219;1432;162;12;15.0;FABBRICATO;strada del portone;35 14A;45.0321131;7.6117305;Cantina, soffitta, rimessa, box, garage, posto auto aperto/scoperto,;Dal 2001 al 2010;Nessuno;Patrimonio indisponibile;Utilizzato direttamente;Altro;;;;1;False
696244;L219;1432;162;13;15.0;FABBRICATO;strada del portone;35 14A;45.0321131;7.6117305;Cantina, soffitta, rimessa, box, garage, posto auto aperto/scoperto,;Dal 2001 al 2010;Nessuno;Patrimonio indisponibile;Utilizzato direttamente;Altro;;;;1;False
696245;L219;1432;162;14;15.0;FABBRICATO;strada del portone;35 14A;45.0321131;7.6117305;Cantina, soffitta, rimessa, box, garage, posto auto aperto/scoperto,;Dal 2001 al 2010;Nessuno;Patrimonio indisponibile;Utilizzato direttamente;Altro;;;;1;False
696246;L219;1432;162;15;15.0;FABBRICATO;strada del portone;35 14A;45.0321131;7.6117305;Cantina, soffitta, rimessa, box, garage, posto auto aperto/scoperto,;Dal 2001 al 2010;Nessuno;Patrimonio indisponibile;Utilizzato direttamente;Altro;;;;1;False
696247;L219;1432;162;16;15.0;FABBRICATO;strada del portone;35 14A;45.0321131;7.6117305;Cantina, soffitta, rimessa, box, garage, posto auto aperto/scoperto,;Dal 2001 al 2010;Nessuno;Patrimonio indisponibile;Utilizzato direttamente;Altro;;;;1;False
696248;L219;1432;162;22;15.0;FABBRICATO;strada del portone;35 14A;45.0321131;7.6117305;Cantina, soffitta, rimessa, box, garage, posto auto aperto/scoperto,;Dal 2001 al 2010;Nessuno;Patrimonio indisponibile;Utilizzato direttamente;Altro;;;;1;False
696249;L219;1254;275;1;123.0;FABBRICATO;via vezzolano;20;45.0720022;7.7214168;Abitazione;Dal 1961 al 1970;Nessuno;Patrimonio indisponibile;Utilizzato direttamente;Alloggio di servizio, foresterie;;;;1;False
696250;L219;1254;275;2;4461.0;FABBRICATO;via vezzolano;20;45.0720022;7.7214168;Edificio scolastico (es.: scuola di ogni ordine e grado, università, scuola di formazione);Dal 1961 al 1970;Nessuno;Patrimonio indisponibile;Utilizzato direttamente;Attività didattica;;;;1;False
696251;L219;1432;164;30;14.0;FABBRICATO;strada del portone;21 A;45.0326932;7.6131333;Cantina, soffitta, rimessa, box, garage, posto auto aperto/scoperto,;Dal 2001 al 2010;Nessuno;Patrimonio indisponibile;Utilizzato direttamente;Altro;;;;1;False
696252;L219;1432;164;31;14.0;FABBRICATO;strada del portone;21 A;45.0326932;7.6131333;Cantina, soffitta, rimessa, box, garage, posto auto aperto/scoperto,;Dal 2001 al 2010;Nessuno;Patrimonio indisponibile;Utilizzato direttamente;Altro;;;;1;False
696253;L219;1432;164;32;14.0;FABBRICATO;strada del portone;21 A;45.0326932;7.6131333;Cantina, soffitta, rimessa, box, garage, posto auto aperto/scoperto,;Dal 2001 al 2010;Nessuno;Patrimonio indisponibile;Utilizzato direttamente;Altro;;;;1;False
696254;L219;1432;164;45;14.0;FABBRICATO;strada del portone;21 A;45.0326932;7.6131333;Cantina, soffitta, rimessa, box, garage, posto auto aperto/scoperto,;Dal 2001 al 2010;Nessuno;Patrimonio indisponibile;Utilizzato direttamente;Altro;;;;1;False
696255;L219;1432;164;46;14.0;FABBRICATO;strada del portone;21 A;45.0326932;7.6131333;Cantina, soffitta, rimessa, box, garage, posto auto aperto/scoperto,;Dal 2001 al 2010;Nessuno;Patrimonio indisponibile;Utilizzato direttamente;Altro;;;;1;False
696256;L219;1432;164;47;14.0;FABBRICATO;strada del portone;21 A;45.0326932;7.6131333;Cantina, soffitta, rimessa, box, garage, posto auto aperto/scoperto,;Dal 2001 al 2010;Nessuno;Patrimonio indisponibile;Utilizzato direttamente;Altro;;;;1;False
696257;L219;1432;81;1;21.0;FABBRICATO;Corso Orbassano;440;45.0317869;7.6151052;Fabbricato per attività produttiva (industriale, artigianale o agricola);Dal 1961 al 1970;Nessuno;Patrimonio indisponibile;Non utilizzato;Non Dichiarato;;;;1;False
696258;L219;1432;81;2;17.0;FABBRICATO;Corso Orbassano;440;45.0317869;7.6151052;Cantina, soffitta, rimessa, box, garage, posto auto aperto/scoperto,;Dal 1961 al 1970;Nessuno;Patrimonio indisponibile;Non utilizzato;Non Dichiarato;;;;1;False
696259;L219;1257;134;21;81.0;FABBRICATO;via garelli federico;3;45.071515;7.7269415;Abitazione;Prima del 1919;Nessuno;Patrimonio indisponibile;Utilizzato direttamente;Altro;;;;1;False
696260;L219;1257;134;22;63.0;FABBRICATO;via garelli federico;3;45.071515;7.7269415;Abitazione;Prima del 1919;Nessuno;Patrimonio indisponibile;Utilizzato direttamente;Altro;;;;1;False
696261;L219;1257;134;23;47.0;FABBRICATO;via garelli federico;3;45.071515;7.7269415;Abitazione;Prima del 1919;Nessuno;Patrimonio indisponibile;Utilizzato direttamente;Altro;;;;1;False
696262;L219;1257;134;24;48.0;FABBRICATO;via garelli federico;3;45.071515;7.7269415;Abitazione;Prima del 1919;Nessuno;Patrimonio indisponibile;Utilizzato direttamente;Altro;;;;1;False
696263;L219;1257;134;25;72.0;FABBRICATO;via garelli federico;3;45.071515;7.7269415;Abitazione;Prima del 1919;Nessuno;Patrimonio indisponibile;Utilizzato direttamente;Altro;;;;1;False
696264;L219;1257;134;26;73.0;FABBRICATO;via garelli federico;3;45.071515;7.7269415;Abitazione;Prima del 1919;Nessuno;Patrimonio indisponibile;Utilizzato direttamente;Altro;;;;1;False
696265;L219;1257;134;27;66.0;FABBRICATO;via garelli federico;3;45.071515;7.7269415;Abitazione;Prima del 1919;Nessuno;Patrimonio indisponibile;Utilizzato direttamente;Altro;;;;1;False
696266;L219;1257;134;28;48.0;FABBRICATO;via garelli federico;3;45.071515;7.7269415;Abitazione;Prima del 1919;Nessuno;Patrimonio indisponibile;Utilizzato direttamente;Altro;;;;1;False
696267;L219;1257;134;29;49.0;FABBRICATO;via garelli federico;3;45.071515;7.7269415;Abitazione;Prima del 1919;Nessuno;Patrimonio indisponibile;Utilizzato direttamente;Altro;;;;1;False
696268;L219;1257;134;30;73.0;FABBRICATO;via garelli federico;3;45.071515;7.7269415;Abitazione;Prima del 1919;Nessuno;Patrimonio indisponibile;Utilizzato direttamente;Altro;;;;1;False
696269;L219;1257;134;31;72.0;FABBRICATO;via garelli federico;3;45.071515;7.7269415;Abitazione;Prima del 1919;Nessuno;Patrimonio indisponibile;Utilizzato direttamente;Altro;;;;1;False
696270;L219;1257;134;32;65.0;FABBRICATO;via garelli federico;3;45.071515;7.7269415;Abitazione;Prima del 1919;Nessuno;Patrimonio indisponibile;Utilizzato direttamente;Altro;;;;1;False
696271;L219;1257;134;33;47.0;FABBRICATO;via garelli federico;3;45.071515;7.7269415;Abitazione;Prima del 1919;Nessuno;Patrimonio indisponibile;Utilizzato direttamente;Altro;;;;1;False
696272;L219;1257;134;34;49.0;FABBRICATO;via garelli federico;3;45.071515;7.7269415;Abitazione;Prima del 1919;Nessuno;Patrimonio indisponibile;Utilizzato direttamente;Altro;;;;1;False
696273;L219;1257;134;35;74.0;FABBRICATO;via garelli federico;3;45.071515;7.7269415;Abitazione;Prima del 1919;Nessuno;Patrimonio indisponibile;Utilizzato direttamente;Altro;;;;1;False
696276;L219;1433;53;1;70.0;FABBRICATO;via bertani agostino;101;45.0309968;7.6028227;Locale commerciale, negozio;Dal 1971 al 1980;Nessuno;Patrimonio indisponibile;Utilizzato direttamente;Attività commerciale e di ristorazione;;;;1;False
696277;L219;1433;53;3;46.0;FABBRICATO;Via Agostino Bertani;107;45.0309968;7.6028227;Locale commerciale, negozio;Dal 1971 al 1980;Nessuno;Patrimonio indisponibile;Utilizzato direttamente;Attività commerciale e di ristorazione;;;;1;False
696278;L219;1433;53;4;96.0;FABBRICATO;Via Agostino Bertani;109;45.0309968;7.6028227;Locale commerciale, negozio;Dal 1971 al 1980;Nessuno;Patrimonio indisponibile;Utilizzato direttamente;Attività commerciale e di ristorazione;;;;1;False
696279;L219;1433;53;5;46.0;FABBRICATO;Via Agostino Bertani;109;45.0309968;7.6028227;Locale commerciale, negozio;Dal 1971 al 1980;Nessuno;Patrimonio indisponibile;Utilizzato direttamente;Attività commerciale e di ristorazione;;;;1;False
696280;L219;1433;53;6;46.0;FABBRICATO;Via Agostino Bertani;111;45.0309968;7.6028227;Locale commerciale, negozio;Dal 1971 al 1980;Nessuno;Patrimonio indisponibile;;Non Dichiarato;in locazione;9718.0;01/03/2013;1;False
696281;L219;1144;84;1;77.0;FABBRICATO;via bologna;267 8;45.09362811;7.71469846;Abitazione;Dal 1961 al 1970;Nessuno;Patrimonio indisponibile;Utilizzato direttamente;Altro;;;;1;False
696282;L219;1144;84;10;76.0;FABBRICATO;via bologna;267 8;45.09362811;7.71469846;Abitazione;Dal 1961 al 1970;Nessuno;Patrimonio indisponibile;Utilizzato direttamente;Altro;;;;1;False
696283;L219;1144;84;11;78.0;FABBRICATO;via bologna;267 8;45.09362811;7.71469846;Abitazione;Dal 1961 al 1970;Nessuno;Patrimonio indisponibile;Utilizzato direttamente;Altro;;;;1;False
696284;L219;1144;84;12;76.0;FABBRICATO;via bologna;267 8;45.09362811;7.71469846;Abitazione;Dal 1961 al 1970;Nessuno;Patrimonio indisponibile;Utilizzato direttamente;Altro;;;;1;False
696285;L219;1144;84;13;77.0;FABBRICATO;via bologna;267 8;45.09362811;7.71469846;Abitazione;Dal 1961 al 1970;Nessuno;Patrimonio indisponibile;Utilizzato direttamente;Altro;;;;1;False
696286;L219;1144;84;14;76.0;FABBRICATO;via bologna;267 8;45.09362811;7.71469846;Abitazione;Dal 1961 al 1970;Nessuno;Patrimonio indisponibile;Utilizzato direttamente;Altro;;;;1;False
696287;L219;1144;84;15;77.0;FABBRICATO;via bologna;267 8;45.09362811;7.71469846;Abitazione;Dal 1961 al 1970;Nessuno;Patrimonio indisponibile;Utilizzato direttamente;Altro;;;;1;False
696288;L219;1144;84;16;76.0;FABBRICATO;via bologna;267 8;45.09362811;7.71469846;Abitazione;Dal 1961 al 1970;Nessuno;Patrimonio indisponibile;Utilizzato direttamente;Altro;;;;1;False
696289;L219;1144;84;17;76.0;FABBRICATO;via bologna;267 8;45.09362811;7.71469846;Abitazione;Dal 1961 al 1970;Nessuno;Patrimonio indisponibile;Utilizzato direttamente;Altro;;;;1;False
696290;L219;1144;84;18;76.0;FABBRICATO;via bologna;267 8;45.09362811;7.71469846;Abitazione;Dal 1961 al 1970;Nessuno;Patrimonio indisponibile;Utilizzato direttamente;Altro;;;;1;False
696291;L219;1144;84;19;77.0;FABBRICATO;via bologna;267 8;45.09362811;7.71469846;Abitazione;Dal 1961 al 1970;Nessuno;Patrimonio indisponibile;Utilizzato direttamente;Altro;;;;1;False
696292;L219;1144;84;2;77.0;FABBRICATO;via bologna;267 8;45.09362811;7.71469846;Abitazione;Dal 1961 al 1970;Nessuno;Patrimonio indisponibile;Utilizzato direttamente;Altro;;;;1;False
696293;L219;1144;84;20;78.0;FABBRICATO;via bologna;267 8;45.09362811;7.71469846;Abitazione;Dal 1961 al 1970;Nessuno;Patrimonio indisponibile;Utilizzato direttamente;Altro;;;;1;False
696294;L219;1144;84;21;75.0;FABBRICATO;via bologna;267 9;45.09362811;7.71469846;Abitazione;Dal 1961 al 1970;Nessuno;Patrimonio indisponibile;Utilizzato direttamente;Altro;;;;1;False
696295;L219;1144;84;22;72.0;FABBRICATO;via bologna;267 9;45.09362811;7.71469846;Abitazione;Dal 1961 al 1970;Nessuno;Patrimonio indisponibile;Utilizzato direttamente;Altro;;;;1;False
696296;L219;1144;84;23;75.0;FABBRICATO;via bologna;267 9;45.09362811;7.71469846;Abitazione;Dal 1961 al 1970;Nessuno;Patrimonio indisponibile;Utilizzato direttamente;Altro;;;;1;False
696297;L219;1144;84;24;77.0;FABBRICATO;via bologna;267 9;45.09362811;7.71469846;Abitazione;Dal 1961 al 1970;Nessuno;Patrimonio indisponibile;Utilizzato direttamente;Altro;;;;1;False
696298;L219;1144;84;25;77.0;FABBRICATO;via bologna;267 9;45.09362811;7.71469846;Abitazione;Dal 1961 al 1970;Nessuno;Patrimonio indisponibile;Utilizzato direttamente;Altro;;;;1;False
696299;L219;1144;84;26;77.0;FABBRICATO;via bologna;267 9;45.09362811;7.71469846;Abitazione;Dal 1961 al 1970;Nessuno;Patrimonio indisponibile;Utilizzato direttamente;Altro;;;;1;False
696300;L219;1144;84;27;76.0;FABBRICATO;via bologna;267 9;45.09362811;7.71469846;Abitazione;Dal 1961 al 1970;Nessuno;Patrimonio indisponibile;Utilizzato direttamente;Altro;;;;1;False
696301;L219;1144;84;28;72.0;FABBRICATO;via bologna;267 9;45.09362811;7.71469846;Abitazione;Dal 1961 al 1970;Nessuno;Patrimonio indisponibile;Utilizzato direttamente;Altro;;;;1;False
696302;L219;1144;84;29;77.0;FABBRICATO;via bologna;267 9;45.09362811;7.71469846;Abitazione;Dal 1961 al 1970;Nessuno;Patrimonio indisponibile;Utilizzato direttamente;Altro;;;;1;False
696303;L219;1144;84;3;77.0;FABBRICATO;via bologna;267 8;45.09362811;7.71469846;Abitazione;Dal 1961 al 1970;Nessuno;Patrimonio indisponibile;Utilizzato direttamente;Altro;;;;1;False
696304;L219;1144;84;30;72.0;FABBRICATO;via bologna;267 9;45.09362811;7.71469846;Abitazione;Dal 1961 al 1970;Nessuno;Patrimonio indisponibile;Utilizzato direttamente;Altro;;;;1;False
696305;L219;1144;84;31;75.0;FABBRICATO;via bologna;267 9;45.09362811;7.71469846;Abitazione;Dal 1961 al 1970;Nessuno;Patrimonio indisponibile;Utilizzato direttamente;Altro;;;;1;False
696306;L219;1144;84;32;72.0;FABBRICATO;via bologna;267 9;45.09362811;7.71469846;Abitazione;Dal 1961 al 1970;Nessuno;Patrimonio indisponibile;Utilizzato direttamente;Altro;;;;1;False
696307;L219;1144;84;33;76.0;FABBRICATO;via bologna;267 9;45.09362811;7.71469846;Abitazione;Dal 1961 al 1970;Nessuno;Patrimonio indisponibile;Utilizzato direttamente;Altro;;;;1;False
696308;L219;1144;84;34;77.0;FABBRICATO;via bologna;267 9;45.09362811;7.71469846;Abitazione;Dal 1961 al 1970;Nessuno;Patrimonio indisponibile;Utilizzato direttamente;Altro;;;;1;False
696309;L219;1144;84;35;77.0;FABBRICATO;via bologna;267 9;45.09362811;7.71469846;Abitazione;Dal 1961 al 1970;Nessuno;Patrimonio indisponibile;Utilizzato direttamente;Altro;;;;1;False
696310;L219;1144;84;36;77.0;FABBRICATO;via bologna;267 9;45.09362811;7.71469846;Abitazione;Dal 1961 al 1970;Nessuno;Patrimonio indisponibile;Utilizzato direttamente;Altro;;;;1;False
696311;L219;1144;84;37;77.0;FABBRICATO;via bologna;267 9;45.09362811;7.71469846;Abitazione;Dal 1961 al 1970;Nessuno;Patrimonio indisponibile;Utilizzato direttamente;Altro;;;;1;False
696312;L219;1144;84;38;77.0;FABBRICATO;via bologna;267 9;45.09362811;7.71469846;Abitazione;Dal 1961 al 1970;Nessuno;Patrimonio indisponibile;Utilizzato direttamente;Altro;;;;1;False
696313;L219;1144;84;39;76.0;FABBRICATO;via bologna;267 9;45.09362811;7.71469846;Abitazione;Dal 1961 al 1970;Nessuno;Patrimonio indisponibile;Utilizzato direttamente;Altro;;;;1;False
696314;L219;1144;84;4;76.0;FABBRICATO;via bologna;267 8;45.09362811;7.71469846;Abitazione;Dal 1961 al 1970;Nessuno;Patrimonio indisponibile;Utilizzato direttamente;Altro;;;;1;False
696315;L219;1144;84;40;77.0;FABBRICATO;via bologna;267 9;45.09362811;7.71469846;Abitazione;Dal 1961 al 1970;Nessuno;Patrimonio indisponibile;Utilizzato direttamente;Altro;;;;1;False
696316;L219;1144;84;41;56.0;FABBRICATO;via bologna;267 10;45.09362811;7.71469846;Abitazione;Dal 1961 al 1970;Nessuno;Patrimonio indisponibile;Utilizzato direttamente;Altro;;;;1;False
696317;L219;1144;84;42;58.0;FABBRICATO;via bologna;267 10;45.09362811;7.71469846;Abitazione;Dal 1961 al 1970;Nessuno;Patrimonio indisponibile;Utilizzato direttamente;Altro;;;;1;False
696318;L219;1144;84;43;55.0;FABBRICATO;via bologna;267 10;45.09362811;7.71469846;Abitazione;Dal 1961 al 1970;Nessuno;Patrimonio indisponibile;Utilizzato direttamente;Altro;;;;1;False
696319;L219;1144;84;44;59.0;FABBRICATO;via bologna;267 10;45.09362811;7.71469846;Abitazione;Dal 1961 al 1970;Nessuno;Patrimonio indisponibile;Utilizzato direttamente;Altro;;;;1;False
696320;L219;1144;84;45;55.0;FABBRICATO;via bologna;267 10;45.09362811;7.71469846;Abitazione;Dal 1961 al 1970;Nessuno;Patrimonio indisponibile;Utilizzato direttamente;Altro;;;;1;False
696321;L219;1144;84;46;59.0;FABBRICATO;via bologna;267 10;45.09362811;7.71469846;Abitazione;Dal 1961 al 1970;Nessuno;Patrimonio indisponibile;Utilizzato direttamente;Altro;;;;1;False
696322;L219;1144;84;47;55.0;FABBRICATO;via bologna;267 10;45.09362811;7.71469846;Abitazione;Dal 1961 al 1970;Nessuno;Patrimonio indisponibile;Utilizzato direttamente;Altro;;;;1;False
696323;L219;1144;84;48;58.0;FABBRICATO;via bologna;267 10;45.09362811;7.71469846;Abitazione;Dal 1961 al 1970;Nessuno;Patrimonio indisponibile;Utilizzato direttamente;Altro;;;;1;False
696324;L219;1144;84;49;55.0;FABBRICATO;via bologna;267 10;45.09362811;7.71469846;Abitazione;Dal 1961 al 1970;Nessuno;Patrimonio indisponibile;Utilizzato direttamente;Altro;;;;1;False
696325;L219;1144;84;5;77.0;FABBRICATO;via bologna;267 8;45.09362811;7.71469846;Abitazione;Dal 1961 al 1970;Nessuno;Patrimonio indisponibile;Utilizzato direttamente;Altro;;;;1;False
696326;L219;1144;84;50;58.0;FABBRICATO;via bologna;267 10;45.09362811;7.71469846;Abitazione;Dal 1961 al 1970;Nessuno;Patrimonio indisponibile;Utilizzato direttamente;Altro;;;;1;False
696327;L219;1144;84;51;55.0;FABBRICATO;via bologna;267 10;45.09362811;7.71469846;Abitazione;Dal 1961 al 1970;Nessuno;Patrimonio indisponibile;Utilizzato direttamente;Altro;;;;1;False
696328;L219;1144;84;52;59.0;FABBRICATO;via bologna;267 10;45.09362811;7.71469846;Abitazione;Dal 1961 al 1970;Nessuno;Patrimonio indisponibile;Utilizzato direttamente;Altro;;;;1;False
696329;L219;1144;84;53;55.0;FABBRICATO;via bologna;267 10;45.09362811;7.71469846;Abitazione;Dal 1961 al 1970;Nessuno;Patrimonio indisponibile;Utilizzato direttamente;Altro;;;;1;False
696330;L219;1144;84;54;59.0;FABBRICATO;via bologna;267 10;45.09362811;7.71469846;Abitazione;Dal 1961 al 1970;Nessuno;Patrimonio indisponibile;Utilizzato direttamente;Altro;;;;1;False
696331;L219;1144;84;55;56.0;FABBRICATO;via bologna;267 10;45.09362811;7.71469846;Abitazione;Dal 1961 al 1970;Nessuno;Patrimonio indisponibile;Utilizzato direttamente;Altro;;;;1;False
696332;L219;1144;84;56;58.0;FABBRICATO;via bologna;267 10;45.09362811;7.71469846;Abitazione;Dal 1961 al 1970;Nessuno;Patrimonio indisponibile;Utilizzato direttamente;Altro;;;;1;False
696333;L219;1144;84;57;55.0;FABBRICATO;via bologna;267 10;45.09362811;7.71469846;Abitazione;Dal 1961 al 1970;Nessuno;Patrimonio indisponibile;Utilizzato direttamente;Altro;;;;1;False
696334;L219;1144;84;58;48.0;FABBRICATO;via bologna;267 10;45.09362811;7.71469846;Abitazione;Dal 1961 al 1970;Nessuno;Patrimonio indisponibile;Utilizzato direttamente;Altro;;;;1;False
696335;L219;1144;84;59;55.0;FABBRICATO;via bologna;267 10;45.09362811;7.71469846;Abitazione;Dal 1961 al 1970;Nessuno;Patrimonio indisponibile;Utilizzato direttamente;Altro;;;;1;False
696336;L219;1144;84;6;76.0;FABBRICATO;via bologna;267 8;45.09362811;7.71469846;Abitazione;Dal 1961 al 1970;Nessuno;Patrimonio indisponibile;Utilizzato direttamente;Altro;;;;1;False
696337;L219;1144;84;60;59.0;FABBRICATO;via bologna;267 10;45.09362811;7.71469846;Abitazione;Dal 1961 al 1970;Nessuno;Patrimonio indisponibile;Utilizzato direttamente;Altro;;;;1;False
696338;L219;1144;84;7;78.0;FABBRICATO;via bologna;267 8;45.09362811;7.71469846;Abitazione;Dal 1961 al 1970;Nessuno;Patrimonio indisponibile;Utilizzato direttamente;Altro;;;;1;False
696339;L219;1144;84;8;77.0;FABBRICATO;via bologna;267 8;45.09362811;7.71469846;Abitazione;Dal 1961 al 1970;Nessuno;Patrimonio indisponibile;Utilizzato direttamente;Altro;;;;1;False
696340;L219;1144;84;9;72.0;FABBRICATO;via bologna;267 8;45.09362811;7.71469846;Abitazione;Dal 1961 al 1970;Nessuno;Patrimonio indisponibile;Utilizzato direttamente;Altro;;;;1;False
696341;L219;1274;113;;504.6;FABBRICATO;Corso Casale;212;45.0700366;7.7269964;Struttura residenziale collettiva (es.: collegi e convitti, educandati, ricoveri, orfanotrofi, ospizi, conventi, seminari);Prima del 1919;Dichiarazione di interesse culturale;Demanio;Utilizzato direttamente;Servizi assistenza socio-sanitaria (non residenziali);;;;1;False
696342;L219;1274;133;14;79.0;FABBRICATO;Via Guido Cavalcanti;6;45.0679734;7.7203591;Abitazione;Dal 1946 al 1960;Nessuno;Patrimonio indisponibile;Utilizzato direttamente;Altro;;;;1;False
696343;L219;1274;135;2;82.0;FABBRICATO;Via Guido Cavalcanti;6;45.0675845;7.7200493;Abitazione;Dal 1946 al 1960;Nessuno;Patrimonio indisponibile;Utilizzato direttamente;Altro;;;;1;False
696344;L219;1436;4;10;97.0;FABBRICATO;corso orbassano;455;45.0305681;7.6108275;Abitazione;Dal 1919 al 1945;Nessuno;Patrimonio disponibile;;Non Dichiarato;in locazione;2448.0;01/03/2006;1;False
696345;L219;1436;4;11;70.0;FABBRICATO;corso orbassano;455;45.0305681;7.6108275;Abitazione;Dal 1919 al 1945;Nessuno;Patrimonio disponibile;;Non Dichiarato;in locazione;732.0;01/03/2022;1;False
696346;L219;1436;4;12;37.0;FABBRICATO;corso orbassano;455;45.0305681;7.6108275;Abitazione;Dal 1919 al 1945;Nessuno;Patrimonio disponibile;Utilizzato direttamente;Altro;;;;1;False
696347;L219;1436;4;13;36.0;FABBRICATO;corso orbassano;455;45.0305681;7.6108275;Abitazione;Dal 1919 al 1945;Nessuno;Patrimonio disponibile;;Non Dichiarato;in locazione;1542.0;01/04/2022;1;False
696348;L219;1436;4;14;72.0;FABBRICATO;corso orbassano;455;45.0305681;7.6108275;Abitazione;Dal 1919 al 1945;Nessuno;Patrimonio disponibile;;Non Dichiarato;in locazione;807.0;01/03/2022;1;False
696349;L219;1436;4;15;81.0;FABBRICATO;corso orbassano;455;45.0305681;7.6108275;Magazzino e locali di deposito;Dal 1919 al 1945;Nessuno;Patrimonio disponibile;Utilizzato direttamente;Altro;;;;1;False
696350;L219;1436;4;16;12.0;FABBRICATO;corso orbassano;455;45.0305681;7.6108275;Cantina, soffitta, rimessa, box, garage, posto auto aperto/scoperto,;Dal 1919 al 1945;Nessuno;Patrimonio disponibile;Utilizzato direttamente;Altro;;;;1;False
696351;L219;1436;4;17;13.0;FABBRICATO;corso orbassano;455;45.0305681;7.6108275;Cantina, soffitta, rimessa, box, garage, posto auto aperto/scoperto,;Dal 1919 al 1945;Nessuno;Patrimonio disponibile;Utilizzato direttamente;Altro;;;;1;False
696352;L219;1436;4;18;7.0;FABBRICATO;corso orbassano;455;45.0305681;7.6108275;Cantina, soffitta, rimessa, box, garage, posto auto aperto/scoperto,;Dal 1919 al 1945;Nessuno;Patrimonio disponibile;Utilizzato direttamente;Altro;;;;1;False
696353;L219;1436;4;9;113.0;FABBRICATO;corso orbassano;455;45.0305681;7.6108275;Abitazione;Dal 1919 al 1945;Nessuno;Patrimonio disponibile;;Non Dichiarato;in locazione;3337.0;01/08/2021;1;False
696355;L219;1144;86;1;78.0;FABBRICATO;via bologna;267 1;45.09309477;7.71399276;Abitazione;Dal 1961 al 1970;Nessuno;Patrimonio indisponibile;Utilizzato direttamente;Altro;;;;1;False
696356;L219;1144;86;10;75.0;FABBRICATO;via bologna;267 1;45.09309477;7.71399276;Abitazione;Dal 1961 al 1970;Nessuno;Patrimonio indisponibile;Utilizzato direttamente;Altro;;;;1;False
696357;L219;1144;86;11;80.0;FABBRICATO;via bologna;267 1;45.09309477;7.71399276;Abitazione;Dal 1961 al 1970;Nessuno;Patrimonio indisponibile;Utilizzato direttamente;Altro;;;;1;False
696358;L219;1144;86;12;77.0;FABBRICATO;via bologna;267 1;45.09309477;7.71399276;Abitazione;Dal 1961 al 1970;Nessuno;Patrimonio indisponibile;Utilizzato direttamente;Altro;;;;1;False
696359;L219;1144;86;13;79.0;FABBRICATO;via bologna;267 1;45.09309477;7.71399276;Abitazione;Dal 1961 al 1970;Nessuno;Patrimonio indisponibile;Utilizzato direttamente;Altro;;;;1;False
696360;L219;1144;86;14;77.0;FABBRICATO;via bologna;267 1;45.09309477;7.71399276;Abitazione;Dal 1961 al 1970;Nessuno;Patrimonio indisponibile;Utilizzato direttamente;Altro;;;;1;False
696361;L219;1144;86;15;78.0;FABBRICATO;via bologna;267 1;45.09309477;7.71399276;Abitazione;Dal 1961 al 1970;Nessuno;Patrimonio indisponibile;Utilizzato direttamente;Altro;;;;1;False
696362;L219;1144;86;16;76.0;FABBRICATO;via bologna;267 1;45.09309477;7.71399276;Abitazione;Dal 1961 al 1970;Nessuno;Patrimonio indisponibile;Utilizzato direttamente;Altro;;;;1;False
696363;L219;1144;86;17;79.0;FABBRICATO;via bologna;267 1;45.09309477;7.71399276;Abitazione;Dal 1961 al 1970;Nessuno;Patrimonio indisponibile;Utilizzato direttamente;Altro;;;;1;False
696364;L219;1144;86;18;76.0;FABBRICATO;via bologna;267 1;45.09309477;7.71399276;Abitazione;Dal 1961 al 1970;Nessuno;Patrimonio indisponibile;Utilizzato direttamente;Altro;;;;1;False
696365;L219;1144;86;19;79.0;FABBRICATO;via bologna;267 1;45.09309477;7.71399276;Abitazione;Dal 1961 al 1970;Nessuno;Patrimonio indisponibile;Utilizzato direttamente;Altro;;;;1;False
696366;L219;1144;86;2;79.0;FABBRICATO;via bologna;267 1;45.09309477;7.71399276;Abitazione;Dal 1961 al 1970;Nessuno;Patrimonio indisponibile;Utilizzato direttamente;Altro;;;;1;False
696367;L219;1144;86;20;76.0;FABBRICATO;via bologna;267 1;45.09309477;7.71399276;Abitazione;Dal 1961 al 1970;Nessuno;Patrimonio indisponibile;Utilizzato direttamente;Altro;;;;1;False
696368;L219;1144;86;21;75.0;FABBRICATO;via bologna;267 2;45.09309477;7.71399276;Abitazione;Dal 1961 al 1970;Nessuno;Patrimonio indisponibile;Utilizzato direttamente;Altro;;;;1;False
696369;L219;1144;86;22;75.0;FABBRICATO;via bologna;267 2;45.09309477;7.71399276;Abitazione;Dal 1961 al 1970;Nessuno;Patrimonio indisponibile;Utilizzato direttamente;Altro;;;;1;False
696370;L219;1144;86;23;76.0;FABBRICATO;via bologna;267 2;45.09309477;7.71399276;Abitazione;Dal 1961 al 1970;Nessuno;Patrimonio indisponibile;Utilizzato direttamente;Altro;;;;1;False
696371;L219;1144;86;24;75.0;FABBRICATO;via bologna;267 2;45.09309477;7.71399276;Abitazione;Dal 1961 al 1970;Nessuno;Patrimonio indisponibile;Utilizzato direttamente;Altro;;;;1;False
696372;L219;1144;86;25;76.0;FABBRICATO;via bologna;267 2;45.09309477;7.71399276;Abitazione;Dal 1961 al 1970;Nessuno;Patrimonio indisponibile;Utilizzato direttamente;Altro;;;;1;False
696373;L219;1144;86;26;76.0;FABBRICATO;via bologna;267 2;45.09309477;7.71399276;Abitazione;Dal 1961 al 1970;Nessuno;Patrimonio indisponibile;Utilizzato direttamente;Altro;;;;1;False
696374;L219;1144;86;27;76.0;FABBRICATO;via bologna;267 2;45.09309477;7.71399276;Abitazione;Dal 1961 al 1970;Nessuno;Patrimonio indisponibile;Utilizzato direttamente;Altro;;;;1;False
696375;L219;1144;86;28;76.0;FABBRICATO;via bologna;267 2;45.09309477;7.71399276;Abitazione;Dal 1961 al 1970;Nessuno;Patrimonio indisponibile;Utilizzato direttamente;Altro;;;;1;False
696376;L219;1144;86;29;75.0;FABBRICATO;via bologna;267 2;45.09309477;7.71399276;Abitazione;Dal 1961 al 1970;Nessuno;Patrimonio indisponibile;Utilizzato direttamente;Altro;;;;1;False
696377;L219;1144;86;3;81.0;FABBRICATO;via bologna;267 1;45.09309477;7.71399276;Abitazione;Dal 1961 al 1970;Nessuno;Patrimonio indisponibile;Utilizzato direttamente;Altro;;;;1;False
696378;L219;1144;86;30;76.0;FABBRICATO;via bologna;267 2;45.09309477;7.71399276;Abitazione;Dal 1961 al 1970;Nessuno;Patrimonio indisponibile;Utilizzato direttamente;Altro;;;;1;False
696379;L219;1144;86;31;76.0;FABBRICATO;via bologna;267 2;45.09309477;7.71399276;Abitazione;Dal 1961 al 1970;Nessuno;Patrimonio indisponibile;Utilizzato direttamente;Altro;;;;1;False
696380;L219;1144;86;32;77.0;FABBRICATO;via bologna;267 2;45.09309477;7.71399276;Abitazione;Dal 1961 al 1970;Nessuno;Patrimonio indisponibile;Utilizzato direttamente;Altro;;;;1;False
696381;L219;1144;86;33;76.0;FABBRICATO;via bologna;267 2;45.09309477;7.71399276;Abitazione;Dal 1961 al 1970;Nessuno;Patrimonio indisponibile;Utilizzato direttamente;Altro;;;;1;False
696382;L219;1144;86;34;77.0;FABBRICATO;via bologna;267 2;45.09309477;7.71399276;Abitazione;Dal 1961 al 1970;Nessuno;Patrimonio indisponibile;Utilizzato direttamente;Altro;;;;1;False
696383;L219;1144;86;35;77.0;FABBRICATO;via bologna;267 2;45.09309477;7.71399276;Abitazione;Dal 1961 al 1970;Nessuno;Patrimonio indisponibile;Utilizzato direttamente;Altro;;;;1;False
696384;L219;1144;86;36;77.0;FABBRICATO;via bologna;267 2;45.09309477;7.71399276;Abitazione;Dal 1961 al 1970;Nessuno;Patrimonio indisponibile;Utilizzato direttamente;Altro;;;;1;False
696385;L219;1144;86;37;76.0;FABBRICATO;via bologna;267 2;45.09309477;7.71399276;Abitazione;Dal 1961 al 1970;Nessuno;Patrimonio indisponibile;Utilizzato direttamente;Altro;;;;1;False
696386;L219;1144;86;38;76.0;FABBRICATO;via bologna;267 2;45.09309477;7.71399276;Abitazione;Dal 1961 al 1970;Nessuno;Patrimonio indisponibile;Utilizzato direttamente;Altro;;;;1;False
696387;L219;1144;86;39;76.0;FABBRICATO;via bologna;267 2;45.09309477;7.71399276;Abitazione;Dal 1961 al 1970;Nessuno;Patrimonio indisponibile;Utilizzato direttamente;Altro;;;;1;False
696388;L219;1144;86;4;76.0;FABBRICATO;via bologna;267 1;45.09309477;7.71399276;Abitazione;Dal 1961 al 1970;Nessuno;Patrimonio indisponibile;Utilizzato direttamente;Altro;;;;1;False
696389;L219;1144;86;40;76.0;FABBRICATO;via bologna;267 2;45.09309477;7.71399276;Abitazione;Dal 1961 al 1970;Nessuno;Patrimonio indisponibile;Utilizzato direttamente;Altro;;;;1;False
696390;L219;1144;86;41;75.0;FABBRICATO;via bologna;267 3;45.09309477;7.71399276;Abitazione;Dal 1961 al 1970;Nessuno;Patrimonio indisponibile;Utilizzato direttamente;Altro;;;;1;False
696391;L219;1144;86;42;76.0;FABBRICATO;via bologna;267 3;45.09309477;7.71399276;Abitazione;Dal 1961 al 1970;Nessuno;Patrimonio indisponibile;Utilizzato direttamente;Altro;;;;1;False
696392;L219;1144;86;43;75.0;FABBRICATO;via bologna;267 3;45.09309477;7.71399276;Abitazione;Dal 1961 al 1970;Nessuno;Patrimonio indisponibile;Utilizzato direttamente;Altro;;;;1;False
696393;L219;1144;86;44;76.0;FABBRICATO;via bologna;267 3;45.09309477;7.71399276;Abitazione;Dal 1961 al 1970;Nessuno;Patrimonio indisponibile;Utilizzato direttamente;Altro;;;;1;False
696394;L219;1144;86;45;76.0;FABBRICATO;via bologna;267 3;45.09309477;7.71399276;Abitazione;Dal 1961 al 1970;Nessuno;Patrimonio indisponibile;Utilizzato direttamente;Altro;;;;1;False
696395;L219;1144;86;46;76.0;FABBRICATO;via bologna;267 3;45.09309477;7.71399276;Abitazione;Dal 1961 al 1970;Nessuno;Patrimonio indisponibile;Utilizzato direttamente;Altro;;;;1;False
696396;L219;1144;86;47;75.0;FABBRICATO;via bologna;267 3;45.09309477;7.71399276;Abitazione;Dal 1961 al 1970;Nessuno;Patrimonio indisponibile;Utilizzato direttamente;Altro;;;;1;False
696397;L219;1144;86;48;75.0;FABBRICATO;via bologna;267 3;45.09309477;7.71399276;Abitazione;Dal 1961 al 1970;Nessuno;Patrimonio indisponibile;Utilizzato direttamente;Altro;;;;1;False
696398;L219;1144;86;49;75.0;FABBRICATO;via bologna;267 3;45.09309477;7.71399276;Abitazione;Dal 1961 al 1970;Nessuno;Patrimonio indisponibile;Utilizzato direttamente;Altro;;;;1;False
696399;L219;1144;86;5;79.0;FABBRICATO;via bologna;267 1;45.09309477;7.71399276;Abitazione;Dal 1961 al 1970;Nessuno;Patrimonio indisponibile;Utilizzato direttamente;Altro;;;;1;False
696400;L219;1144;86;50;77.0;FABBRICATO;via bologna;267 3;45.09309477;7.71399276;Abitazione;Dal 1961 al 1970;Nessuno;Patrimonio indisponibile;Utilizzato direttamente;Altro;;;;1;False
696401;L219;1144;86;51;72.0;FABBRICATO;via bologna;267 3;45.09309477;7.71399276;Abitazione;Dal 1961 al 1970;Nessuno;Patrimonio indisponibile;Utilizzato direttamente;Altro;;;;1;False
696402;L219;1144;86;52;77.0;FABBRICATO;via bologna;267 3;45.09309477;7.71399276;Abitazione;Dal 1961 al 1970;Nessuno;Patrimonio indisponibile;Utilizzato direttamente;Altro;;;;1;False
696403;L219;1144;86;53;76.0;FABBRICATO;via bologna;267 3;45.09309477;7.71399276;Abitazione;Dal 1961 al 1970;Nessuno;Patrimonio indisponibile;Utilizzato direttamente;Altro;;;;1;False
696404;L219;1144;86;54;77.0;FABBRICATO;via bologna;267 3;45.09309477;7.71399276;Abitazione;Dal 1961 al 1970;Nessuno;Patrimonio indisponibile;Utilizzato direttamente;Altro;;;;1;False
696405;L219;1144;86;55;76.0;FABBRICATO;via bologna;267 3;45.09309477;7.71399276;Abitazione;Dal 1961 al 1970;Nessuno;Patrimonio indisponibile;Utilizzato direttamente;Altro;;;;1;False
696406;L219;1144;86;56;76.0;FABBRICATO;via bologna;267 3;45.09309477;7.71399276;Abitazione;Dal 1961 al 1970;Nessuno;Patrimonio indisponibile;Utilizzato direttamente;Altro;;;;1;False
696407;L219;1144;86;57;75.0;FABBRICATO;via bologna;267 3;45.09309477;7.71399276;Abitazione;Dal 1961 al 1970;Nessuno;Patrimonio indisponibile;Utilizzato direttamente;Altro;;;;1;False
696408;L219;1144;86;58;76.0;FABBRICATO;via bologna;267 3;45.09309477;7.71399276;Abitazione;Dal 1961 al 1970;Nessuno;Patrimonio indisponibile;Utilizzato direttamente;Altro;;;;1;False
696409;L219;1144;86;59;75.0;FABBRICATO;via bologna;267 3;45.09309477;7.71399276;Abitazione;Dal 1961 al 1970;Nessuno;Patrimonio indisponibile;Utilizzato direttamente;Altro;;;;1;False
696410;L219;1144;86;6;75.0;FABBRICATO;via bologna;267 1;45.09309477;7.71399276;Abitazione;Dal 1961 al 1970;Nessuno;Patrimonio indisponibile;Utilizzato direttamente;Altro;;;;1;False
696411;L219;1144;86;60;76.0;FABBRICATO;via bologna;267 3;45.09309477;7.71399276;Abitazione;Dal 1961 al 1970;Nessuno;Patrimonio indisponibile;Utilizzato direttamente;Altro;;;;1;False
696412;L219;1144;86;61;76.0;FABBRICATO;via bologna;267 4;45.09309477;7.71399276;Abitazione;Dal 1961 al 1970;Nessuno;Patrimonio indisponibile;Utilizzato direttamente;Altro;;;;1;False
696413;L219;1144;86;62;81.0;FABBRICATO;via bologna;267 4;45.09309477;7.71399276;Abitazione;Dal 1961 al 1970;Nessuno;Patrimonio indisponibile;Utilizzato direttamente;Altro;;;;1;False
696414;L219;1144;86;63;72.0;FABBRICATO;via bologna;267 4;45.09309477;7.71399276;Abitazione;Dal 1961 al 1970;Nessuno;Patrimonio indisponibile;Utilizzato direttamente;Altro;;;;1;False
696415;L219;1144;86;64;81.0;FABBRICATO;via bologna;267 4;45.09309477;7.71399276;Abitazione;Dal 1961 al 1970;Nessuno;Patrimonio indisponibile;Utilizzato direttamente;Altro;;;;1;False
696416;L219;1144;86;65;76.0;FABBRICATO;via bologna;267 4;45.09309477;7.71399276;Abitazione;Dal 1961 al 1970;Nessuno;Patrimonio indisponibile;Utilizzato direttamente;Altro;;;;1;False
696417;L219;1144;86;66;80.0;FABBRICATO;via bologna;267 4;45.09309477;7.71399276;Abitazione;Dal 1961 al 1970;Nessuno;Patrimonio indisponibile;Utilizzato direttamente;Altro;;;;1;False
696418;L219;1144;86;67;76.0;FABBRICATO;via bologna;267 4;45.09309477;7.71399276;Abitazione;Dal 1961 al 1970;Nessuno;Patrimonio indisponibile;Utilizzato direttamente;Altro;;;;1;False
696419;L219;1144;86;68;81.0;FABBRICATO;via bologna;267 4;45.09309477;7.71399276;Abitazione;Dal 1961 al 1970;Nessuno;Patrimonio indisponibile;Utilizzato direttamente;Altro;;;;1;False
696420;L219;1144;86;69;76.0;FABBRICATO;via bologna;267 4;45.09309477;7.71399276;Abitazione;Dal 1961 al 1970;Nessuno;Patrimonio indisponibile;Utilizzato direttamente;Altro;;;;1;False
696421;L219;1144;86;7;78.0;FABBRICATO;via bologna;267 1;45.09309477;7.71399276;Abitazione;Dal 1961 al 1970;Nessuno;Patrimonio indisponibile;Utilizzato direttamente;Altro;;;;1;False
696422;L219;1144;86;70;80.0;FABBRICATO;via bologna;267 4;45.09309477;7.71399276;Abitazione;Dal 1961 al 1970;Nessuno;Patrimonio indisponibile;Utilizzato direttamente;Altro;;;;1;False
696423;L219;1144;86;71;77.0;FABBRICATO;via bologna;267 4;45.09309477;7.71399276;Abitazione;Dal 1961 al 1970;Nessuno;Patrimonio indisponibile;Utilizzato direttamente;Altro;;;;1;False
696424;L219;1144;86;72;81.0;FABBRICATO;via bologna;267 4;45.09309477;7.71399276;Abitazione;Dal 1961 al 1970;Nessuno;Patrimonio indisponibile;Utilizzato direttamente;Altro;;;;1;False
696425;L219;1144;86;73;77.0;FABBRICATO;via bologna;267 4;45.09309477;7.71399276;Abitazione;Dal 1961 al 1970;Nessuno;Patrimonio indisponibile;Utilizzato direttamente;Altro;;;;1;False
696426;L219;1144;86;74;80.0;FABBRICATO;via bologna;267 4;45.09309477;7.71399276;Abitazione;Dal 1961 al 1970;Nessuno;Patrimonio indisponibile;Utilizzato direttamente;Altro;;;;1;False
696427;L219;1144;86;75;78.0;FABBRICATO;via bologna;267 4;45.09309477;7.71399276;Abitazione;Dal 1961 al 1970;Nessuno;Patrimonio indisponibile;Utilizzato direttamente;Altro;;;;1;False
696428;L219;1144;86;76;80.0;FABBRICATO;via bologna;267 4;45.09309477;7.71399276;Abitazione;Dal 1961 al 1970;Nessuno;Patrimonio indisponibile;Utilizzato direttamente;Altro;;;;1;False
696429;L219;1144;86;77;76.0;FABBRICATO;via bologna;267 4;45.09309477;7.71399276;Abitazione;Dal 1961 al 1970;Nessuno;Patrimonio indisponibile;Utilizzato direttamente;Altro;;;;1;False
696430;L219;1144;86;78;81.0;FABBRICATO;via bologna;267 4;45.09309477;7.71399276;Abitazione;Dal 1961 al 1970;Nessuno;Patrimonio indisponibile;Utilizzato direttamente;Altro;;;;1;False
696431;L219;1144;86;79;77.0;FABBRICATO;via bologna;267 4;45.09309477;7.71399276;Abitazione;Dal 1961 al 1970;Nessuno;Patrimonio indisponibile;Utilizzato direttamente;Altro;;;;1;False
696432;L219;1144;86;8;76.0;FABBRICATO;via bologna;267 1;45.09309477;7.71399276;Abitazione;Dal 1961 al 1970;Nessuno;Patrimonio indisponibile;Utilizzato direttamente;Altro;;;;1;False
696433;L219;1144;86;80;81.0;FABBRICATO;via bologna;267 4;45.09309477;7.71399276;Abitazione;Dal 1961 al 1970;Nessuno;Patrimonio indisponibile;Utilizzato direttamente;Altro;;;;1;False
696434;L219;1144;86;9;79.0;FABBRICATO;via bologna;267 1;45.09309477;7.71399276;Abitazione;Dal 1961 al 1970;Nessuno;Patrimonio indisponibile;Utilizzato direttamente;Altro;;;;1;False
696436;L219;1441;102;2;428.57;FABBRICATO;Viale Augusto Monti;21;45.02478234;7.64877568;Ufficio strutturato ed assimilabili;Dal 1971 al 1980;Nessuno;Patrimonio indisponibile;Utilizzato direttamente;Altro;;;;1;False
696437;L219;1441;102;3;10.0;FABBRICATO;Viale Augusto Monti;21;45.02478234;7.64877568;Cantina, soffitta, rimessa, box, garage, posto auto aperto/scoperto,;Dal 1971 al 1980;Nessuno;Patrimonio indisponibile;Utilizzato direttamente;Altro;;;;1;False
696438;L219;1441;102;4;10.0;FABBRICATO;Viale Augusto Monti;21;45.02478234;7.64877568;Cantina, soffitta, rimessa, box, garage, posto auto aperto/scoperto,;Dal 1971 al 1980;Nessuno;Patrimonio indisponibile;Utilizzato direttamente;Altro;;;;1;False
696439;L219;1277;43;2;80.0;FABBRICATO;corso regina margherita;33;45.07043732;7.70143493;Abitazione;Prima del 1919;Dichiarazione di interesse culturale;Patrimonio indisponibile;Utilizzato direttamente;Attività commerciale e di ristorazione;;;;1;False
696440;L219;1145;1;1;225.0;FABBRICATO;via gallina giacinto;3 20;45.0915272;7.7084461;Abitazione;Dal 1919 al 1945;Nessuno;Patrimonio indisponibile;Utilizzato direttamente;Altro;;;;1;False
696441;L219;1145;1;10;82.0;FABBRICATO;via gallina giacinto;3 19;45.0915272;7.7084461;Abitazione;Dal 1919 al 1945;Nessuno;Patrimonio indisponibile;Utilizzato direttamente;Altro;;;;1;False
696442;L219;1145;1;11;64.0;FABBRICATO;via gallina giacinto;3 19;45.0915272;7.7084461;Abitazione;Dal 1919 al 1945;Nessuno;Patrimonio indisponibile;Utilizzato direttamente;Altro;;;;1;False
696443;L219;1145;1;12;64.0;FABBRICATO;via gallina giacinto;3 19;45.0915272;7.7084461;Abitazione;Dal 1919 al 1945;Nessuno;Patrimonio indisponibile;Utilizzato direttamente;Altro;;;;1;False
696444;L219;1145;1;13;64.0;FABBRICATO;via gallina giacinto;3 19;45.0915272;7.7084461;Abitazione;Dal 1919 al 1945;Nessuno;Patrimonio indisponibile;Utilizzato direttamente;Altro;;;;1;False
696445;L219;1145;1;16;64.0;FABBRICATO;via gallina giacinto;3 18;45.0915272;7.7084461;Abitazione;Dal 1919 al 1945;Nessuno;Patrimonio indisponibile;Utilizzato direttamente;Altro;;;;1;False
696446;L219;1145;1;18;64.0;FABBRICATO;via gallina giacinto;3 18;45.0915272;7.7084461;Abitazione;Dal 1919 al 1945;Nessuno;Patrimonio indisponibile;Utilizzato direttamente;Altro;;;;1;False
696447;L219;1145;1;19;64.0;FABBRICATO;via gallina giacinto;3 18;45.0915272;7.7084461;Abitazione;Dal 1919 al 1945;Nessuno;Patrimonio indisponibile;Utilizzato direttamente;Altro;;;;1;False
696448;L219;1145;1;2;34.0;FABBRICATO;via gallina giacinto;3 20;45.0915272;7.7084461;Abitazione;Dal 1919 al 1945;Nessuno;Patrimonio indisponibile;Utilizzato direttamente;Altro;;;;1;False
696449;L219;1145;1;20;64.0;FABBRICATO;via gallina giacinto;3 18;45.0915272;7.7084461;Abitazione;Dal 1919 al 1945;Nessuno;Patrimonio indisponibile;Utilizzato direttamente;Altro;;;;1;False
696450;L219;1145;1;21;29.0;FABBRICATO;via gallina giacinto;3 17;45.0915272;7.7084461;Abitazione;Dal 1919 al 1945;Nessuno;Patrimonio indisponibile;Utilizzato direttamente;Altro;;;;1;False
696451;L219;1145;1;22;54.0;FABBRICATO;via gallina giacinto;3 17;45.0915272;7.7084461;Abitazione;Dal 1919 al 1945;Nessuno;Patrimonio indisponibile;Utilizzato direttamente;Altro;;;;1;False
696452;L219;1145;1;23;38.0;FABBRICATO;via gallina giacinto;3 17;45.0915272;7.7084461;Abitazione;Dal 1919 al 1945;Nessuno;Patrimonio indisponibile;Utilizzato direttamente;Altro;;;;1;False
696453;L219;1145;1;24;31.0;FABBRICATO;via gallina giacinto;3 17;45.0915272;7.7084461;Abitazione;Dal 1919 al 1945;Nessuno;Patrimonio indisponibile;Utilizzato direttamente;Altro;;;;1;False
696454;L219;1145;1;25;34.0;FABBRICATO;via gallina giacinto;3 17;45.0915272;7.7084461;Abitazione;Dal 1919 al 1945;Nessuno;Patrimonio indisponibile;;Non Dichiarato;in locazione;2237.0;01/12/2005;1;False
696455;L219;1145;1;26;31.0;FABBRICATO;via gallina giacinto;3 17;45.0915272;7.7084461;Abitazione;Dal 1919 al 1945;Nessuno;Patrimonio indisponibile;Utilizzato direttamente;Altro;;;;1;False
696456;L219;1145;1;27;34.0;FABBRICATO;via gallina giacinto;3 17;45.0915272;7.7084461;Abitazione;Dal 1919 al 1945;Nessuno;Patrimonio indisponibile;Utilizzato direttamente;Altro;;;;1;False
696457;L219;1145;1;28;31.0;FABBRICATO;via gallina giacinto;3 17;45.0915272;7.7084461;Abitazione;Dal 1919 al 1945;Nessuno;Patrimonio indisponibile;Utilizzato direttamente;Altro;;;;1;False
696458;L219;1145;1;3;58.0;FABBRICATO;via gallina giacinto;3 20;45.0915272;7.7084461;Abitazione;Dal 1919 al 1945;Nessuno;Patrimonio indisponibile;Utilizzato direttamente;Altro;;;;1;False
696459;L219;1145;1;4;137.0;FABBRICATO;via gallina giacinto;3 20;45.0915272;7.7084461;Abitazione;Dal 1919 al 1945;Nessuno;Patrimonio indisponibile;Utilizzato direttamente;Altro;;;;1;False
696460;L219;1145;1;5;46.0;FABBRICATO;via gallina giacinto;3 20;45.0915272;7.7084461;Abitazione;Dal 1919 al 1945;Nessuno;Patrimonio indisponibile;Utilizzato direttamente;Altro;;;;1;False
696461;L219;1145;1;6;138.0;FABBRICATO;via gallina giacinto;3 20;45.0915272;7.7084461;Abitazione;Dal 1919 al 1945;Nessuno;Patrimonio indisponibile;Utilizzato direttamente;Altro;;;;1;False
696462;L219;1145;1;7;34.0;FABBRICATO;via gallina giacinto;3 20;45.0915272;7.7084461;Abitazione;Dal 1919 al 1945;Nessuno;Patrimonio indisponibile;Utilizzato direttamente;Altro;;;;1;False
696463;L219;1145;1;8;37.0;FABBRICATO;via gallina giacinto;3 20;45.0915272;7.7084461;Abitazione;Dal 1919 al 1945;Nessuno;Patrimonio indisponibile;Utilizzato direttamente;Altro;;;;1;False
696464;L219;1281;D;2;32.0;FABBRICATO;Via Cavour;12;45.0638876;7.690608;Ufficio strutturato ed assimilabili;Prima del 1919;Dichiarazione di interesse culturale;Demanio;Utilizzato direttamente;Attività amministrativa/uffici pubblici;;;;1;False
696465;L219;1281;145;1;26.0;FABBRICATO;via s. massimo;33 G;45.0640769;7.6893523;Locale commerciale, negozio;Prima del 1919;Nessuno;Patrimonio indisponibile;Utilizzato direttamente;Attività commerciale e di ristorazione;;;;1;False
696466;L219;1281;145;100;40.0;FABBRICATO;Via San Massimo;33;45.0640769;7.6893523;Magazzino e locali di deposito;Prima del 1919;Nessuno;Patrimonio indisponibile;Utilizzato direttamente;Altro;;;;1;False
696467;L219;1281;145;16;72.0;FABBRICATO;via s. massimo;31 I;45.0640769;7.6893523;Fabbricato per attività produttiva (industriale, artigianale o agricola);Prima del 1919;Nessuno;Patrimonio indisponibile;Utilizzato direttamente;Altro;;;;1;False
696468;L219;1281;145;17;303.0;FABBRICATO;via giolitti giovanni;40;45.0640769;7.6893523;Abitazione;Prima del 1919;Nessuno;Patrimonio indisponibile;Utilizzato direttamente;Altro;;;;1;False
696469;L219;1281;145;18;74.0;FABBRICATO;via giolitti giovanni;40;45.0640769;7.6893523;Abitazione;Prima del 1919;Nessuno;Patrimonio indisponibile;Utilizzato direttamente;Altro;;;;1;False
696470;L219;1281;145;19;88.0;FABBRICATO;via giolitti giovanni;40;45.0640769;7.6893523;Abitazione;Prima del 1919;Nessuno;Patrimonio indisponibile;Utilizzato direttamente;Altro;;;;1;False
696471;L219;1281;145;20;198.0;FABBRICATO;via giolitti giovanni;40;45.0640769;7.6893523;Abitazione;Prima del 1919;Nessuno;Patrimonio indisponibile;Utilizzato direttamente;Altro;;;;1;False
696472;L219;1281;145;21;82.0;FABBRICATO;via giolitti giovanni;40;45.0640769;7.6893523;Abitazione;Prima del 1919;Nessuno;Patrimonio indisponibile;Utilizzato direttamente;Altro;;;;1;False
696473;L219;1281;145;22;165.0;FABBRICATO;via giolitti giovanni;40;45.0640769;7.6893523;Abitazione;Prima del 1919;Nessuno;Patrimonio indisponibile;Utilizzato direttamente;Altro;;;;1;False
696474;L219;1281;145;23;64.0;FABBRICATO;via giolitti giovanni;40;45.0640769;7.6893523;Abitazione;Prima del 1919;Nessuno;Patrimonio indisponibile;Utilizzato direttamente;Altro;;;;1;False
696475;L219;1281;145;24;54.0;FABBRICATO;via giolitti giovanni;40;45.0640769;7.6893523;Abitazione;Prima del 1919;Nessuno;Patrimonio indisponibile;Utilizzato direttamente;Altro;;;;1;False
696476;L219;1281;145;25;33.0;FABBRICATO;via giolitti giovanni;40;45.0640769;7.6893523;Abitazione;Prima del 1919;Nessuno;Patrimonio indisponibile;Utilizzato direttamente;Altro;;;;1;False
696477;L219;1281;145;26;42.0;FABBRICATO;via giolitti giovanni;40;45.0640769;7.6893523;Abitazione;Prima del 1919;Nessuno;Patrimonio indisponibile;Utilizzato direttamente;Altro;;;;1;False
696478;L219;1281;145;27;96.0;FABBRICATO;via giolitti giovanni;40;45.0640769;7.6893523;Abitazione;Prima del 1919;Nessuno;Patrimonio indisponibile;Utilizzato direttamente;Altro;;;;1;False
696479;L219;1281;145;28;33.0;FABBRICATO;via giolitti giovanni;40;45.0640769;7.6893523;Abitazione;Prima del 1919;Nessuno;Patrimonio indisponibile;Utilizzato direttamente;Altro;;;;1;False
696480;L219;1281;145;29;48.0;FABBRICATO;via giolitti giovanni;40;45.0640769;7.6893523;Abitazione;Prima del 1919;Nessuno;Patrimonio indisponibile;Utilizzato direttamente;Altro;;;;1;False
696481;L219;1281;145;30;22.0;FABBRICATO;via giolitti giovanni;40;45.0640769;7.6893523;Abitazione;Prima del 1919;Nessuno;Patrimonio indisponibile;Utilizzato direttamente;Altro;;;;1;False
696482;L219;1281;145;31;31.0;FABBRICATO;via giolitti giovanni;40;45.0640769;7.6893523;Abitazione;Prima del 1919;Nessuno;Patrimonio indisponibile;Utilizzato direttamente;Altro;;;;1;False
696483;L219;1281;145;32;24.0;FABBRICATO;via giolitti giovanni;40;45.0640769;7.6893523;Abitazione;Prima del 1919;Nessuno;Patrimonio indisponibile;Utilizzato direttamente;Altro;;;;1;False
696484;L219;1281;145;33;24.0;FABBRICATO;via giolitti giovanni;40;45.0640769;7.6893523;Abitazione;Prima del 1919;Nessuno;Patrimonio indisponibile;Utilizzato direttamente;Altro;;;;1;False
696485;L219;1281;145;34;31.0;FABBRICATO;via giolitti giovanni;40;45.0640769;7.6893523;Abitazione;Prima del 1919;Nessuno;Patrimonio indisponibile;Utilizzato direttamente;Altro;;;;1;False
696486;L219;1281;145;35;30.0;FABBRICATO;via giolitti giovanni;40;45.0640769;7.6893523;Abitazione;Prima del 1919;Nessuno;Patrimonio indisponibile;Utilizzato direttamente;Altro;;;;1;False
696487;L219;1281;145;36;36.0;FABBRICATO;via giolitti giovanni;40;45.0640769;7.6893523;Abitazione;Prima del 1919;Nessuno;Patrimonio indisponibile;Utilizzato direttamente;Altro;;;;1;False
696488;L219;1281;145;37;21.0;FABBRICATO;via giolitti giovanni;40;45.0640769;7.6893523;Abitazione;Prima del 1919;Nessuno;Patrimonio indisponibile;Utilizzato direttamente;Altro;;;;1;False
696489;L219;1281;145;38;36.0;FABBRICATO;via giolitti giovanni;40;45.0640769;7.6893523;Abitazione;Prima del 1919;Nessuno;Patrimonio indisponibile;Utilizzato direttamente;Altro;;;;1;False
696490;L219;1281;145;39;195.0;FABBRICATO;Via San Massimo;31;45.0640769;7.6893523;Abitazione;Prima del 1919;Nessuno;Patrimonio indisponibile;Utilizzato direttamente;Altro;;;;1;False
696491;L219;1281;145;40;42.0;FABBRICATO;Via San Massimo;31;45.0640769;7.6893523;Abitazione;Prima del 1919;Nessuno;Patrimonio indisponibile;Utilizzato direttamente;Altro;;;;1;False
696492;L219;1281;145;41;41.0;FABBRICATO;Via San Massimo;31;45.0640769;7.6893523;Abitazione;Prima del 1919;Nessuno;Patrimonio indisponibile;Utilizzato direttamente;Altro;;;;1;False
696493;L219;1281;145;42;88.0;FABBRICATO;Via San Massimo;31;45.0640769;7.6893523;Abitazione;Prima del 1919;Nessuno;Patrimonio indisponibile;Utilizzato direttamente;Altro;;;;1;False
696494;L219;1281;145;43;22.0;FABBRICATO;Via San Massimo;31;45.0640769;7.6893523;Abitazione;Prima del 1919;Nessuno;Patrimonio indisponibile;Utilizzato direttamente;Altro;;;;1;False
696495;L219;1281;145;44;159.0;FABBRICATO;Via San Massimo;31;45.0640769;7.6893523;Abitazione;Prima del 1919;Nessuno;Patrimonio indisponibile;Utilizzato direttamente;Altro;;;;1;False
696496;L219;1281;145;45;82.0;FABBRICATO;Via San Massimo;31;45.0640769;7.6893523;Abitazione;Prima del 1919;Nessuno;Patrimonio indisponibile;Utilizzato direttamente;Altro;;;;1;False
696497;L219;1281;145;46;17.0;FABBRICATO;Via San Massimo;31;45.0640769;7.6893523;Abitazione;Prima del 1919;Nessuno;Patrimonio indisponibile;Utilizzato direttamente;Altro;;;;1;False
696498;L219;1281;145;47;74.0;FABBRICATO;Via San Massimo;31;45.0640769;7.6893523;Abitazione;Prima del 1919;Nessuno;Patrimonio indisponibile;Utilizzato direttamente;Altro;;;;1;False
696499;L219;1281;145;48;82.0;FABBRICATO;Via San Massimo;31;45.0640769;7.6893523;Abitazione;Prima del 1919;Nessuno;Patrimonio indisponibile;Utilizzato direttamente;Altro;;;;1;False
696500;L219;1281;145;49;92.0;FABBRICATO;Via San Massimo;31;45.0640769;7.6893523;Abitazione;Prima del 1919;Nessuno;Patrimonio indisponibile;Utilizzato direttamente;Altro;;;;1;False
696501;L219;1281;145;5;106.0;FABBRICATO;Via San Massimo;31;45.0640769;7.6893523;Fabbricato per attività produttiva (industriale, artigianale o agricola);Prima del 1919;Nessuno;Patrimonio indisponibile;;Non Dichiarato;in concessione a titolo oneroso;2606.0;01/06/2022;1;False
696502;L219;1281;145;50;185.0;FABBRICATO;Via San Massimo;31;45.0640769;7.6893523;Abitazione;Prima del 1919;Nessuno;Patrimonio indisponibile;Utilizzato direttamente;Altro;;;;1;False
696503;L219;1281;145;51;61.0;FABBRICATO;Via San Massimo;31;45.0640769;7.6893523;Abitazione;Prima del 1919;Nessuno;Patrimonio indisponibile;Utilizzato direttamente;Altro;;;;1;False
696504;L219;1281;145;52;56.0;FABBRICATO;Via San Massimo;31;45.0640769;7.6893523;Abitazione;Prima del 1919;Nessuno;Patrimonio indisponibile;Utilizzato direttamente;Altro;;;;1;False
696505;L219;1281;145;53;104.0;FABBRICATO;Via San Massimo;31;45.0640769;7.6893523;Abitazione;Prima del 1919;Nessuno;Patrimonio indisponibile;Utilizzato direttamente;Altro;;;;1;False
696506;L219;1281;145;54;127.0;FABBRICATO;Via San Massimo;31;45.0640769;7.6893523;Abitazione;Prima del 1919;Nessuno;Patrimonio indisponibile;Utilizzato direttamente;Altro;;;;1;False
696507;L219;1281;145;55;46.0;FABBRICATO;Via San Massimo;31;45.0640769;7.6893523;Abitazione;Prima del 1919;Nessuno;Patrimonio indisponibile;Utilizzato direttamente;Altro;;;;1;False
696508;L219;1281;145;56;61.0;FABBRICATO;Via San Massimo;31;45.0640769;7.6893523;Abitazione;Prima del 1919;Nessuno;Patrimonio indisponibile;Utilizzato direttamente;Altro;;;;1;False
696509;L219;1281;145;57;54.0;FABBRICATO;Via San Massimo;31;45.0640769;7.6893523;Abitazione;Prima del 1919;Nessuno;Patrimonio indisponibile;Utilizzato direttamente;Altro;;;;1;False
696510;L219;1281;145;58;50.0;FABBRICATO;Via San Massimo;31;45.0640769;7.6893523;Abitazione;Prima del 1919;Nessuno;Patrimonio indisponibile;Utilizzato direttamente;Altro;;;;1;False
696511;L219;1281;145;59;59.0;FABBRICATO;Via San Massimo;31;45.0640769;7.6893523;Abitazione;Prima del 1919;Nessuno;Patrimonio indisponibile;Utilizzato direttamente;Altro;;;;1;False
696512;L219;1281;145;6;28.0;FABBRICATO;via s. massimo;31 I;45.0640769;7.6893523;Locale commerciale, negozio;Prima del 1919;Nessuno;Patrimonio indisponibile;Utilizzato direttamente;Attività commerciale e di ristorazione;;;;1;False
696513;L219;1281;145;60;50.0;FABBRICATO;Via San Massimo;31;45.0640769;7.6893523;Abitazione;Prima del 1919;Nessuno;Patrimonio indisponibile;Utilizzato direttamente;Altro;;;;1;False
696514;L219;1281;145;61;38.0;FABBRICATO;Via San Massimo;31;45.0640769;7.6893523;Abitazione;Prima del 1919;Nessuno;Patrimonio indisponibile;Utilizzato direttamente;Altro;;;;1;False
696515;L219;1281;145;62;79.0;FABBRICATO;Via San Massimo;31;45.0640769;7.6893523;Abitazione;Prima del 1919;Nessuno;Patrimonio indisponibile;Utilizzato direttamente;Altro;;;;1;False
696516;L219;1281;145;63;29.0;FABBRICATO;Via San Massimo;31;45.0640769;7.6893523;Abitazione;Prima del 1919;Nessuno;Patrimonio indisponibile;Utilizzato direttamente;Altro;;;;1;False
696517;L219;1281;145;64;49.0;FABBRICATO;Via San Massimo;31;45.0640769;7.6893523;Abitazione;Prima del 1919;Nessuno;Patrimonio indisponibile;Utilizzato direttamente;Altro;;;;1;False
696518;L219;1281;145;65;47.0;FABBRICATO;Via San Massimo;31;45.0640769;7.6893523;Abitazione;Prima del 1919;Nessuno;Patrimonio indisponibile;Utilizzato direttamente;Altro;;;;1;False
696519;L219;1281;145;66;33.0;FABBRICATO;Via San Massimo;31;45.0640769;7.6893523;Abitazione;Prima del 1919;Nessuno;Patrimonio indisponibile;Utilizzato direttamente;Altro;;;;1;False
696520;L219;1281;145;67;39.0;FABBRICATO;Via San Massimo;31;45.0640769;7.6893523;Abitazione;Prima del 1919;Nessuno;Patrimonio indisponibile;Utilizzato direttamente;Altro;;;;1;False
696521;L219;1281;145;68;39.0;FABBRICATO;Via San Massimo;31;45.0640769;7.6893523;Abitazione;Prima del 1919;Nessuno;Patrimonio indisponibile;Utilizzato direttamente;Altro;;;;1;False
696522;L219;1281;145;69;30.0;FABBRICATO;Via San Massimo;31;45.0640769;7.6893523;Abitazione;Prima del 1919;Nessuno;Patrimonio indisponibile;Utilizzato direttamente;Altro;;;;1;False
696523;L219;1281;145;7;64.0;FABBRICATO;via s. massimo;31 E;45.0640769;7.6893523;Locale commerciale, negozio;Prima del 1919;Nessuno;Patrimonio indisponibile;Utilizzato direttamente;Attività commerciale e di ristorazione;;;;1;False
696524;L219;1281;145;70;35.0;FABBRICATO;Via San Massimo;31;45.0640769;7.6893523;Abitazione;Prima del 1919;Nessuno;Patrimonio indisponibile;Utilizzato direttamente;Altro;;;;1;False
696525;L219;1281;145;71;42.0;FABBRICATO;Via San Massimo;31;45.0640769;7.6893523;Abitazione;Prima del 1919;Nessuno;Patrimonio indisponibile;Utilizzato direttamente;Altro;;;;1;False
696526;L219;1281;145;72;27.0;FABBRICATO;Via San Massimo;31;45.0640769;7.6893523;Abitazione;Prima del 1919;Nessuno;Patrimonio indisponibile;Utilizzato direttamente;Altro;;;;1;False
696527;L219;1281;145;73;37.0;FABBRICATO;Via San Massimo;31;45.0640769;7.6893523;Abitazione;Prima del 1919;Nessuno;Patrimonio indisponibile;Utilizzato direttamente;Altro;;;;1;False
696528;L219;1281;145;74;40.0;FABBRICATO;Via San Massimo;31;45.0640769;7.6893523;Abitazione;Prima del 1919;Nessuno;Patrimonio indisponibile;Utilizzato direttamente;Altro;;;;1;False
696529;L219;1281;145;75;35.0;FABBRICATO;Via San Massimo;31;45.0640769;7.6893523;Abitazione;Prima del 1919;Nessuno;Patrimonio indisponibile;Utilizzato direttamente;Altro;;;;1;False
696530;L219;1281;145;76;37.0;FABBRICATO;Via San Massimo;31;45.0640769;7.6893523;Abitazione;Prima del 1919;Nessuno;Patrimonio indisponibile;Utilizzato direttamente;Altro;;;;1;False
696531;L219;1281;145;77;26.0;FABBRICATO;Via San Massimo;31;45.0640769;7.6893523;Abitazione;Prima del 1919;Nessuno;Patrimonio indisponibile;Utilizzato direttamente;Altro;;;;1;False
696532;L219;1281;145;78;217.0;FABBRICATO;Via San Massimo;33;45.0640769;7.6893523;Abitazione;Prima del 1919;Nessuno;Patrimonio indisponibile;Utilizzato direttamente;Altro;;;;1;False
696533;L219;1281;145;79;77.0;FABBRICATO;Via San Massimo;33;45.0640769;7.6893523;Abitazione;Prima del 1919;Nessuno;Patrimonio indisponibile;Utilizzato direttamente;Altro;;;;1;False
696534;L219;1281;145;8;87.0;FABBRICATO;via giolitti giovanni;40;45.0640769;7.6893523;Locale commerciale, negozio;Prima del 1919;Nessuno;Patrimonio indisponibile;Utilizzato direttamente;Attività commerciale e di ristorazione;;;;1;False
696535;L219;1281;145;80;35.0;FABBRICATO;Via San Massimo;33;45.0640769;7.6893523;Abitazione;Prima del 1919;Nessuno;Patrimonio indisponibile;Utilizzato direttamente;Altro;;;;1;False
696536;L219;1281;145;81;31.0;FABBRICATO;Via San Massimo;33;45.0640769;7.6893523;Abitazione;Prima del 1919;Nessuno;Patrimonio indisponibile;Utilizzato direttamente;Altro;;;;1;False
696537;L219;1281;145;82;69.0;FABBRICATO;Via San Massimo;33;45.0640769;7.6893523;Abitazione;Prima del 1919;Nessuno;Patrimonio indisponibile;Utilizzato direttamente;Altro;;;;1;False
696538;L219;1281;145;83;95.0;FABBRICATO;Via San Massimo;33;45.0640769;7.6893523;Abitazione;Prima del 1919;Nessuno;Patrimonio indisponibile;Utilizzato direttamente;Altro;;;;1;False
696539;L219;1281;145;84;60.0;FABBRICATO;Via San Massimo;33;45.0640769;7.6893523;Abitazione;Prima del 1919;Nessuno;Patrimonio indisponibile;Utilizzato direttamente;Altro;;;;1;False
696540;L219;1281;145;85;35.0;FABBRICATO;Via San Massimo;33;45.0640769;7.6893523;Abitazione;Prima del 1919;Nessuno;Patrimonio indisponibile;Utilizzato direttamente;Altro;;;;1;False
696541;L219;1281;145;86;31.0;FABBRICATO;Via San Massimo;33;45.0640769;7.6893523;Abitazione;Prima del 1919;Nessuno;Patrimonio indisponibile;Utilizzato direttamente;Altro;;;;1;False
696542;L219;1281;145;87;69.0;FABBRICATO;Via San Massimo;33;45.0640769;7.6893523;Abitazione;Prima del 1919;Nessuno;Patrimonio indisponibile;Utilizzato direttamente;Altro;;;;1;False
696543;L219;1281;145;88;89.0;FABBRICATO;Via San Massimo;33;45.0640769;7.6893523;Abitazione;Prima del 1919;Nessuno;Patrimonio indisponibile;Utilizzato direttamente;Altro;;;;1;False
696544;L219;1281;145;89;67.0;FABBRICATO;Via San Massimo;33;45.0640769;7.6893523;Abitazione;Prima del 1919;Nessuno;Patrimonio indisponibile;Utilizzato direttamente;Altro;;;;1;False
696545;L219;1281;145;9;32.0;FABBRICATO;via giolitti giovanni;40 F;45.0640769;7.6893523;Locale commerciale, negozio;Prima del 1919;Nessuno;Patrimonio indisponibile;Utilizzato direttamente;Attività commerciale e di ristorazione;;;;1;False
696546;L219;1281;145;90;69.0;FABBRICATO;Via San Massimo;33;45.0640769;7.6893523;Abitazione;Prima del 1919;Nessuno;Patrimonio indisponibile;Utilizzato direttamente;Altro;;;;1;False
696547;L219;1281;145;91;24.0;FABBRICATO;Via San Massimo;33;45.0640769;7.6893523;Abitazione;Prima del 1919;Nessuno;Patrimonio indisponibile;Utilizzato direttamente;Altro;;;;1;False
696548;L219;1281;145;92;37.0;FABBRICATO;Via San Massimo;33;45.0640769;7.6893523;Abitazione;Prima del 1919;Nessuno;Patrimonio indisponibile;Utilizzato direttamente;Altro;;;;1;False
696549;L219;1281;145;93;101.0;FABBRICATO;Via San Massimo;33;45.0640769;7.6893523;Abitazione;Prima del 1919;Nessuno;Patrimonio indisponibile;Utilizzato direttamente;Altro;;;;1;False
696550;L219;1281;145;94;43.0;FABBRICATO;Via San Massimo;33;45.0640769;7.6893523;Abitazione;Prima del 1919;Nessuno;Patrimonio indisponibile;Utilizzato direttamente;Altro;;;;1;False
696551;L219;1281;145;95;32.0;FABBRICATO;Via San Massimo;33;45.0640769;7.6893523;Abitazione;Prima del 1919;Nessuno;Patrimonio indisponibile;Utilizzato direttamente;Altro;;;;1;False
696552;L219;1281;145;96;36.0;FABBRICATO;Via San Massimo;33;45.0640769;7.6893523;Abitazione;Prima del 1919;Nessuno;Patrimonio indisponibile;Utilizzato direttamente;Altro;;;;1;False
696553;L219;1281;145;97;40.0;FABBRICATO;via giolitti giovanni;40;45.0640769;7.6893523;Struttura residenziale collettiva (es.: collegi e convitti, educandati, ricoveri, orfanotrofi, ospizi, conventi, seminari);Prima del 1919;Nessuno;Patrimonio indisponibile;Utilizzato direttamente;Altro;;;;1;False
696554;L219;1281;145;98;154.0;FABBRICATO;via s. massimo;33 E;45.0640769;7.6893523;Fabbricato per attività produttiva (industriale, artigianale o agricola);Prima del 1919;Nessuno;Patrimonio indisponibile;Utilizzato direttamente;Altro;;;;1;False
696555;L219;1281;145;99;39.0;FABBRICATO;via s. massimo;33 C;45.0640769;7.6893523;Locale commerciale, negozio;Prima del 1919;Nessuno;Patrimonio indisponibile;Utilizzato direttamente;Attività commerciale e di ristorazione;;;;1;False
696558;L219;1442;100;;1675.0;FABBRICATO;Via Pio VII;61;45.0257932;7.6535499;Ospedali, case di cura, cliniche e assimilabili;Dal 2001 al 2010;Nessuno;Patrimonio indisponibile;Utilizzato direttamente;Servizi assistenza socio-sanitaria (non residenziali);;;;1;False
696562;L219;1442;65;1;471.0;FABBRICATO;via passo buole;96;45.0259173;7.6504058;Impianto sportivo;Dal 1961 al 1970;Nessuno;Patrimonio indisponibile;Utilizzato direttamente;Attività sportiva, ricreativa e di intrattenimento;;;;1;False
696563;L219;1442;65;2;51.0;FABBRICATO;via passo buole;96;45.0259173;7.6504058;Abitazione;Dal 1961 al 1970;Nessuno;Patrimonio indisponibile;Utilizzato direttamente;Alloggio di servizio, foresterie;;;;1;False
696564;L219;1442;71;;91.0;FABBRICATO;via passo buole;96;45.0274527;7.6514165;Impianto sportivo;Dal 1961 al 1970;Nessuno;Patrimonio indisponibile;Utilizzato direttamente;Attività sportiva, ricreativa e di intrattenimento;;;;1;False
696566;L219;1132;91;1;65.0;FABBRICATO;via pergolesi giambattista;105 A;45.0956071;7.7082216;Abitazione;Dal 1961 al 1970;Nessuno;Patrimonio indisponibile;Utilizzato direttamente;Altro;;;;1;False
696567;L219;1132;91;11;66.0;FABBRICATO;via pergolesi giambattista;105 A;45.0956071;7.7082216;Abitazione;Dal 1961 al 1970;Nessuno;Patrimonio indisponibile;Utilizzato direttamente;Altro;;;;1;False
696568;L219;1132;91;15;87.0;FABBRICATO;Via Giambattista Pergolesi;105;45.0956071;7.7082216;Abitazione;Dal 1961 al 1970;Nessuno;Patrimonio indisponibile;Utilizzato direttamente;Altro;;;;1;False
696569;L219;1132;91;16;67.0;FABBRICATO;via pergolesi giambattista;105 B;45.0956071;7.7082216;Abitazione;Dal 1961 al 1970;Nessuno;Patrimonio indisponibile;Utilizzato direttamente;Altro;;;;1;False
696570;L219;1132;91;17;89.0;FABBRICATO;Via Giambattista Pergolesi;105;45.0956071;7.7082216;Abitazione;Dal 1961 al 1970;Nessuno;Patrimonio indisponibile;Utilizzato direttamente;Altro;;;;1;False
696571;L219;1132;91;27;87.0;FABBRICATO;via pergolesi giambattista;105 B;45.0956071;7.7082216;Abitazione;Dal 1961 al 1970;Nessuno;Patrimonio indisponibile;Utilizzato direttamente;Altro;;;;1;False
696572;L219;1132;91;29;63.0;FABBRICATO;Via Giambattista Pergolesi;105;45.0956071;7.7082216;Abitazione;Dal 1961 al 1970;Nessuno;Patrimonio indisponibile;Utilizzato direttamente;Altro;;;;1;False
696573;L219;1132;91;30;90.0;FABBRICATO;via pergolesi giambattista;105 C;45.0956071;7.7082216;Abitazione;Dal 1961 al 1970;Nessuno;Patrimonio indisponibile;Utilizzato direttamente;Altro;;;;1;False
696574;L219;1132;91;36;88.0;FABBRICATO;Via Giambattista Pergolesi;105;45.0956071;7.7082216;Abitazione;Dal 1961 al 1970;Nessuno;Patrimonio indisponibile;Utilizzato direttamente;Altro;;;;1;False
696575;L219;1132;91;4;89.0;FABBRICATO;via pergolesi giambattista;105 A;45.0956071;7.7082216;Abitazione;Dal 1961 al 1970;Nessuno;Patrimonio indisponibile;Utilizzato direttamente;Altro;;;;1;False
696576;L219;1132;91;41;64.0;FABBRICATO;via pergolesi giambattista;105 C;45.0956071;7.7082216;Abitazione;Dal 1961 al 1970;Nessuno;Patrimonio indisponibile;Utilizzato direttamente;Altro;;;;1;False
696577;L219;1132;91;43;88.0;FABBRICATO;Via Giambattista Pergolesi;105;45.0956071;7.7082216;Abitazione;Dal 1961 al 1970;Nessuno;Patrimonio indisponibile;Utilizzato direttamente;Altro;;;;1;False
696578;L219;1132;91;44;65.0;FABBRICATO;via pergolesi giambattista;105 D;45.0956071;7.7082216;Abitazione;Dal 1961 al 1970;Nessuno;Patrimonio indisponibile;Utilizzato direttamente;Altro;;;;1;False
696579;L219;1132;91;47;88.0;FABBRICATO;via pergolesi giambattista;105 D;45.0956071;7.7082216;Abitazione;Dal 1961 al 1970;Nessuno;Patrimonio indisponibile;Utilizzato direttamente;Altro;;;;1;False
696580;L219;1132;91;54;65.0;FABBRICATO;via pergolesi giambattista;105 D;45.0956071;7.7082216;Abitazione;Dal 1961 al 1970;Nessuno;Patrimonio indisponibile;Utilizzato direttamente;Altro;;;;1;False
696581;L219;1132;91;7;64.0;FABBRICATO;Via Giambattista Pergolesi;105;45.0956071;7.7082216;Abitazione;Dal 1961 al 1970;Nessuno;Patrimonio indisponibile;Utilizzato direttamente;Altro;;;;1;False
696584;L219;1132;91;74;85.0;FABBRICATO;via pergolesi giambattista;105 C;45.0956071;7.7082216;Abitazione;Dal 1961 al 1970;Nessuno;Patrimonio indisponibile;Utilizzato direttamente;Altro;;;;1;False
696585;L219;1245;45;15;58.0;FABBRICATO;via tasso torquato;7;45.0740513;7.6829511;Abitazione;Prima del 1919;Nessuno;Patrimonio indisponibile;Utilizzato direttamente;Altro;;;;1;False
696586;L219;1245;45;16;56.0;FABBRICATO;via tasso torquato;7;45.0740513;7.6829511;Abitazione;Prima del 1919;Nessuno;Patrimonio indisponibile;Utilizzato direttamente;Altro;;;;1;False
696587;L219;1245;45;17;54.0;FABBRICATO;via tasso torquato;7;45.0740513;7.6829511;Abitazione;Prima del 1919;Nessuno;Patrimonio indisponibile;Utilizzato direttamente;Altro;;;;1;False
696588;L219;1245;45;18;58.0;FABBRICATO;via tasso torquato;7;45.0740513;7.6829511;Abitazione;Prima del 1919;Nessuno;Patrimonio indisponibile;Utilizzato direttamente;Altro;;;;1;False
696589;L219;1245;45;19;56.0;FABBRICATO;via tasso torquato;7;45.0740513;7.6829511;Abitazione;Prima del 1919;Nessuno;Patrimonio indisponibile;Utilizzato direttamente;Altro;;;;1;False
696590;L219;1245;45;20;54.0;FABBRICATO;via tasso torquato;7;45.0740513;7.6829511;Abitazione;Prima del 1919;Nessuno;Patrimonio indisponibile;Utilizzato direttamente;Altro;;;;1;False
696591;L219;1245;45;21;114.0;FABBRICATO;via tasso torquato;7;45.0740513;7.6829511;Abitazione;Prima del 1919;Nessuno;Patrimonio indisponibile;Utilizzato direttamente;Altro;;;;1;False
696592;L219;1245;45;22;60.0;FABBRICATO;via tasso torquato;7;45.0740513;7.6829511;Abitazione;Prima del 1919;Nessuno;Patrimonio indisponibile;Utilizzato direttamente;Altro;;;;1;False
696593;L219;1245;45;23;96.0;FABBRICATO;via tasso torquato;7;45.0740513;7.6829511;Abitazione;Prima del 1919;Nessuno;Patrimonio indisponibile;Utilizzato direttamente;Altro;;;;1;False
696594;L219;1245;45;24;68.0;FABBRICATO;via tasso torquato;7;45.0740513;7.6829511;Abitazione;Prima del 1919;Nessuno;Patrimonio indisponibile;Utilizzato direttamente;Altro;;;;1;False
696595;L219;1245;51;1;24.0;FABBRICATO;via porta palatina;13;45.0737333;7.6833263;Locale commerciale, negozio;Prima del 1919;Dichiarazione di interesse culturale;Demanio;Utilizzato direttamente;Attività commerciale e di ristorazione;;;;1;False
696596;L219;1245;51;12;80.0;FABBRICATO;via porta palatina;13;45.0737333;7.6833263;Abitazione;Prima del 1919;Dichiarazione di interesse culturale;Demanio;Utilizzato direttamente;Altro;;;;1;False
696597;L219;1245;51;2;28.0;FABBRICATO;via porta palatina;13;45.0737333;7.6833263;Locale commerciale, negozio;Prima del 1919;Dichiarazione di interesse culturale;Demanio;Utilizzato direttamente;Attività commerciale e di ristorazione;;;;1;False
696598;L219;1245;51;4;114.0;FABBRICATO;via porta palatina;13;45.0737333;7.6833263;Magazzino e locali di deposito;Prima del 1919;Dichiarazione di interesse culturale;Demanio;Utilizzato direttamente;Altro;;;;1;False
696599;L219;1245;51;44;75.0;FABBRICATO;via porta palatina;13;45.0737333;7.6833263;Abitazione;Prima del 1919;Dichiarazione di interesse culturale;Demanio;Utilizzato direttamente;Altro;;;;1;False
696600;L219;1245;51;45;78.0;FABBRICATO;via porta palatina;13;45.0737333;7.6833263;Abitazione;Prima del 1919;Dichiarazione di interesse culturale;Demanio;Utilizzato direttamente;Altro;;;;1;False
696601;L219;1245;51;46;78.0;FABBRICATO;via porta palatina;13;45.0737333;7.6833263;Abitazione;Prima del 1919;Dichiarazione di interesse culturale;Demanio;Utilizzato direttamente;Altro;;;;1;False
696602;L219;1245;51;47;79.0;FABBRICATO;via porta palatina;13;45.0737333;7.6833263;Abitazione;Prima del 1919;Dichiarazione di interesse culturale;Demanio;Utilizzato direttamente;Altro;;;;1;False
696603;L219;1245;51;48;75.0;FABBRICATO;via porta palatina;13;45.0737333;7.6833263;Abitazione;Prima del 1919;Dichiarazione di interesse culturale;Demanio;Utilizzato direttamente;Altro;;;;1;False
696604;L219;1245;51;49;65.0;FABBRICATO;via porta palatina;13;45.0737333;7.6833263;Abitazione;Prima del 1919;Dichiarazione di interesse culturale;Demanio;Utilizzato direttamente;Altro;;;;1;False
696605;L219;1245;51;50;58.0;FABBRICATO;via porta palatina;13;45.0737333;7.6833263;Abitazione;Prima del 1919;Dichiarazione di interesse culturale;Demanio;Utilizzato direttamente;Altro;;;;1;False
696606;L219;1245;51;51;31.0;FABBRICATO;via porta palatina;13;45.0737333;7.6833263;Cantina, soffitta, rimessa, box, garage, posto auto aperto/scoperto,;Prima del 1919;Dichiarazione di interesse culturale;Demanio;Utilizzato direttamente;Altro;;;;1;False
696607;L219;1245;51;52;5.0;FABBRICATO;via porta palatina;13;45.0737333;7.6833263;Cantina, soffitta, rimessa, box, garage, posto auto aperto/scoperto,;Prima del 1919;Dichiarazione di interesse culturale;Demanio;Utilizzato direttamente;Altro;;;;1;False
696682;L219;1254;486;2;1295.5;FABBRICATO;Via Grazia Deledda;11;45.0752028;7.7206355;Edificio scolastico (es.: scuola di ogni ordine e grado, università, scuola di formazione);Dal 1971 al 1980;Nessuno;Patrimonio indisponibile;Utilizzato direttamente;Attività didattica;;;;1;False
696683;L219;1254;486;3;83.0;FABBRICATO;Via Grazia Deledda;11;45.0752028;7.7206355;Abitazione;Dal 1971 al 1980;Nessuno;Patrimonio indisponibile;Utilizzato direttamente;Alloggio di servizio, foresterie;;;;1;False
696684;L219;1254;486;6;1550.75;FABBRICATO;Via Grazia Deledda;13;45.0752028;7.7206355;Edificio scolastico (es.: scuola di ogni ordine e grado, università, scuola di formazione);Dal 1971 al 1980;Nessuno;Patrimonio indisponibile;Utilizzato direttamente;Attività didattica;;;;1;False
696685;L219;1432;165;40;14.0;FABBRICATO;strada del portone;21 A;45.0323986;7.6139505;Cantina, soffitta, rimessa, box, garage, posto auto aperto/scoperto,;Dal 2001 al 2010;Nessuno;Patrimonio indisponibile;Utilizzato direttamente;Altro;;;;1;False
696686;L219;1432;165;41;14.0;FABBRICATO;strada del portone;21 A;45.0323986;7.6139505;Cantina, soffitta, rimessa, box, garage, posto auto aperto/scoperto,;Dal 2001 al 2010;Nessuno;Patrimonio indisponibile;Utilizzato direttamente;Altro;;;;1;False
696687;L219;1432;165;42;14.0;FABBRICATO;strada del portone;21 A;45.0323986;7.6139505;Cantina, soffitta, rimessa, box, garage, posto auto aperto/scoperto,;Dal 2001 al 2010;Nessuno;Patrimonio indisponibile;Utilizzato direttamente;Altro;;;;1;False
696688;L219;1432;165;43;14.0;FABBRICATO;strada del portone;21 A;45.0323986;7.6139505;Cantina, soffitta, rimessa, box, garage, posto auto aperto/scoperto,;Dal 2001 al 2010;Nessuno;Patrimonio indisponibile;Utilizzato direttamente;Altro;;;;1;False
696689;L219;1255;27;1;4855.0;FABBRICATO;Via Asigliano Vercellese;10;45.0762977;7.7245967;Edificio scolastico (es.: scuola di ogni ordine e grado, università, scuola di formazione);Dal 1961 al 1970;Nessuno;Patrimonio indisponibile;Utilizzato direttamente;Attività didattica;;;;1;False
696690;L219;1255;27;2;88.0;FABBRICATO;Via Asigliano Vercellese;10;45.0762977;7.7245967;Abitazione;Dal 1961 al 1970;Nessuno;Patrimonio indisponibile;Utilizzato direttamente;Alloggio di servizio, foresterie;;;;1;False
696693;L219;1432;80;;35.0;FABBRICATO;corso orbassano;444;45.0317796;7.6150013;Magazzino e locali di deposito;Dal 1961 al 1970;Nessuno;Patrimonio indisponibile;Non utilizzato;Non Dichiarato;;;;1;False
696695;L219;1275;13;79;64.0;FABBRICATO;Corso Casale;85;45.0678682;7.7108886;Fabbricato per attività produttiva (industriale, artigianale o agricola);Prima del 1919;Nessuno;Patrimonio indisponibile;Utilizzato direttamente;Attività commerciale e di ristorazione;;;;1;False
696696;L219;1275;13;80;66.0;FABBRICATO;Corso Casale;85;45.0678682;7.7108886;Fabbricato per attività produttiva (industriale, artigianale o agricola);Prima del 1919;Nessuno;Patrimonio indisponibile;Utilizzato direttamente;Attività commerciale e di ristorazione;;;;1;False
696697;L219;1275;13;81;63.0;FABBRICATO;Corso Casale;85;45.0678682;7.7108886;Locale commerciale, negozio;Prima del 1919;Nessuno;Patrimonio indisponibile;Utilizzato direttamente;Attività commerciale e di ristorazione;;;;1;False
696698;L219;1275;13;82;66.0;FABBRICATO;Corso Casale;85;45.0678682;7.7108886;Locale commerciale, negozio;Prima del 1919;Nessuno;Patrimonio indisponibile;Utilizzato direttamente;Attività commerciale e di ristorazione;;;;1;False
696699;L219;1275;13;83;81.0;FABBRICATO;Corso Casale;85;45.0678682;7.7108886;Locale commerciale, negozio;Prima del 1919;Nessuno;Patrimonio indisponibile;Utilizzato direttamente;Attività commerciale e di ristorazione;;;;1;False
696700;L219;1275;13;84;138.0;FABBRICATO;Corso Casale;85;45.0678682;7.7108886;Fabbricato per attività produttiva (industriale, artigianale o agricola);Prima del 1919;Nessuno;Patrimonio indisponibile;Utilizzato direttamente;Attività commerciale e di ristorazione;;;;1;False
696701;L219;1275;13;89;136.0;FABBRICATO;Corso Casale;85;45.0678682;7.7108886;Abitazione;Prima del 1919;Nessuno;Patrimonio indisponibile;Utilizzato direttamente;Altro;;;;1;False
696702;L219;1275;13;90;89.0;FABBRICATO;Corso Casale;85;45.0678682;7.7108886;Abitazione;Prima del 1919;Nessuno;Patrimonio indisponibile;Utilizzato direttamente;Altro;;;;1;False
696703;L219;1275;13;91;234.0;FABBRICATO;Corso Casale;85;45.0678682;7.7108886;Abitazione;Prima del 1919;Nessuno;Patrimonio indisponibile;Utilizzato direttamente;Altro;;;;1;False
696704;L219;1275;13;92;163.0;FABBRICATO;Corso Casale;85;45.0678682;7.7108886;Abitazione;Prima del 1919;Nessuno;Patrimonio indisponibile;Utilizzato direttamente;Altro;;;;1;False
696705;L219;1275;13;93;136.0;FABBRICATO;Corso Casale;85;45.0678682;7.7108886;Abitazione;Prima del 1919;Nessuno;Patrimonio indisponibile;Utilizzato direttamente;Altro;;;;1;False
696706;L219;1275;13;95;191.0;FABBRICATO;Corso Casale;85;45.0678682;7.7108886;Abitazione;Prima del 1919;Nessuno;Patrimonio indisponibile;Utilizzato direttamente;Altro;;;;1;False
696707;L219;1275;13;96;163.0;FABBRICATO;Corso Casale;85;45.0678682;7.7108886;Abitazione;Prima del 1919;Nessuno;Patrimonio indisponibile;Utilizzato direttamente;Altro;;;;1;False
696708;L219;1439;176;1;3942.0;FABBRICATO;Via Podgora;28;45.0262726;7.6442934;Edificio scolastico (es.: scuola di ogni ordine e grado, università, scuola di formazione);Dal 1991 al 2000;Nessuno;Patrimonio indisponibile;Utilizzato direttamente;Attività didattica;;;;1;False
696709;L219;1439;176;2;86.0;FABBRICATO;Via Podgora;28;45.0262726;7.6442934;Abitazione;Dal 1971 al 1980;Nessuno;Patrimonio indisponibile;Utilizzato direttamente;Alloggio di servizio, foresterie;;;;1;False
696710;L219;1439;176;3;28.0;FABBRICATO;Via Podgora;28;45.0262726;7.6442934;Magazzino e locali di deposito;Dal 1971 al 1980;Nessuno;Patrimonio indisponibile;Utilizzato direttamente;Attività didattica;;;;1;False
696711;L219;1439;176;4;49.0;FABBRICATO;Via Podgora;28;45.0262726;7.6442934;Magazzino e locali di deposito;Dal 1971 al 1980;Nessuno;Patrimonio indisponibile;Utilizzato direttamente;Attività didattica;;;;1;False
696713;L219;1275;308;1;874.25;FABBRICATO;via montemagno;59;45.0674335;7.7169992;Edificio scolastico (es.: scuola di ogni ordine e grado, università, scuola di formazione);Prima del 1919;Nessuno;Patrimonio indisponibile;Utilizzato direttamente;Attività didattica;;;;1;False
696714;L219;1275;308;3;158.0;FABBRICATO;via montemagno;59;45.0674335;7.7169992;Struttura residenziale collettiva (es.: collegi e convitti, educandati, ricoveri, orfanotrofi, ospizi, conventi, seminari);Prima del 1919;Nessuno;Patrimonio indisponibile;Utilizzato direttamente;Attività didattica;;;;1;False
696715;L219;1275;422;1;6056.5;FABBRICATO;via gassino;13;45.066545;7.7171542;Edificio scolastico (es.: scuola di ogni ordine e grado, università, scuola di formazione);Prima del 1919;Dichiarazione di interesse culturale;Demanio;Utilizzato direttamente;Attività didattica;;;;1;False
696716;L219;1275;422;2;56.0;FABBRICATO;via gassino;13;45.066545;7.7171542;Abitazione;Prima del 1919;Dichiarazione di interesse culturale;Demanio;Utilizzato direttamente;Alloggio di servizio, foresterie;;;;1;False
696717;L219;1275;422;3;56.0;FABBRICATO;via gassino;13;45.066545;7.7171542;Abitazione;Prima del 1919;Dichiarazione di interesse culturale;Demanio;Utilizzato direttamente;Alloggio di servizio, foresterie;;;;1;False
696718;L219;1275;539;4;84.0;FABBRICATO;Via Bardassano;5;45.067156;7.7120078;Abitazione;Dal 1971 al 1980;Nessuno;Patrimonio indisponibile;Utilizzato direttamente;Alloggio di servizio, foresterie;;;;1;False
696719;L219;1275;539;5;218.75;FABBRICATO;Via Bardassano;5;45.067156;7.7120078;Edificio scolastico (es.: scuola di ogni ordine e grado, università, scuola di formazione);Dal 1971 al 1980;Nessuno;Patrimonio indisponibile;Utilizzato direttamente;Attività didattica;;;;1;False
696720;L219;1275;539;6;5710.75;FABBRICATO;Via Bardassano;5;45.067156;7.7120078;Edificio scolastico (es.: scuola di ogni ordine e grado, università, scuola di formazione);Dal 1971 al 1980;Nessuno;Patrimonio indisponibile;Utilizzato direttamente;Attività didattica;;;;1;False
696722;L219;1439;94;2;48.0;FABBRICATO;Via Monte Pasubio;21;45.0267603;7.6429183;Abitazione;Dal 1961 al 1970;Nessuno;Patrimonio disponibile;Non utilizzato;Non Dichiarato;;;;1;False
696723;L219;1439;94;24;72.0;FABBRICATO;Via Monte Pasubio;21;45.0267603;7.6429183;Abitazione;Dal 1961 al 1970;Nessuno;Patrimonio disponibile;Non utilizzato;Non Dichiarato;;;;1;False
696724;L219;1439;94;52;56.0;FABBRICATO;Via Monte Pasubio;21;45.0267603;7.6429183;Abitazione;Dal 1961 al 1970;Nessuno;Patrimonio disponibile;Non utilizzato;Non Dichiarato;;;;1;False
696725;L219;1276;1;36;53.0;FABBRICATO;Via Bettino Ricasoli;26;45.07113375;7.70619429;Abitazione;Dal 1919 al 1945;Nessuno;Patrimonio indisponibile;Utilizzato direttamente;Altro;;;;1;False
696726;L219;1276;309;2;82.0;FABBRICATO;via varallo;33;45.0713321;7.7128461;Abitazione;Dal 1971 al 1980;Nessuno;Patrimonio indisponibile;Utilizzato direttamente;Alloggio di servizio, foresterie;;;;1;False
696727;L219;1276;315;2;4518.5;FABBRICATO;via ricasoli bettino;15;45.0703463;7.7059641;Edificio scolastico (es.: scuola di ogni ordine e grado, università, scuola di formazione);Dal 1971 al 1980;Nessuno;Patrimonio indisponibile;Utilizzato direttamente;Attività didattica;;;;1;False
696728;L219;1276;315;3;102.0;FABBRICATO;via ricasoli bettino;15;45.0703463;7.7059641;Abitazione;Dal 1971 al 1980;Nessuno;Patrimonio indisponibile;Utilizzato direttamente;Alloggio di servizio, foresterie;;;;1;False
696729;L219;1276;339;1;328.25;FABBRICATO;Via Oropa;48;45.0714765;7.7137164;Edificio scolastico (es.: scuola di ogni ordine e grado, università, scuola di formazione);Dopo il 2010;Nessuno;Patrimonio indisponibile;Utilizzato direttamente;Attività didattica;;;;1;False
696730;L219;1276;311;;26.0;FABBRICATO;Via Antonio Fontanesi;4;45.0708745;7.705655;Abitazione;Prima del 1919;Nessuno;Patrimonio indisponibile;Utilizzato direttamente;Altro;;;;1;False
696732;L219;1277;320;2;41.0;FABBRICATO;corso regina margherita;33;45.07052616;7.70131601;Abitazione;Prima del 1919;Dichiarazione di interesse culturale;Patrimonio indisponibile;Utilizzato direttamente;Attività commerciale e di ristorazione;;;;1;False
696733;L219;1277;71;33;28.0;FABBRICATO;via vanchiglia;38;45.069895;7.7014456;Locale commerciale, negozio;Prima del 1919;Nessuno;Patrimonio indisponibile;Utilizzato direttamente;Attività commerciale e di ristorazione;;;;1;False
696734;L219;1277;71;34;45.0;FABBRICATO;via vanchiglia;38;45.069895;7.7014456;Locale commerciale, negozio;Prima del 1919;Nessuno;Patrimonio indisponibile;Utilizzato direttamente;Attività commerciale e di ristorazione;;;;1;False
696735;L219;1277;71;35;92.0;FABBRICATO;via vanchiglia;38;45.069895;7.7014456;Abitazione;Prima del 1919;Nessuno;Patrimonio indisponibile;Utilizzato direttamente;Altro;;;;1;False
696736;L219;1277;71;36;77.0;FABBRICATO;via vanchiglia;38;45.069895;7.7014456;Abitazione;Prima del 1919;Nessuno;Patrimonio indisponibile;Utilizzato direttamente;Altro;;;;1;False
696737;L219;1277;71;37;93.0;FABBRICATO;via vanchiglia;38;45.069895;7.7014456;Abitazione;Prima del 1919;Nessuno;Patrimonio indisponibile;Utilizzato direttamente;Altro;;;;1;False
696738;L219;1277;71;38;75.0;FABBRICATO;via vanchiglia;38;45.069895;7.7014456;Abitazione;Prima del 1919;Nessuno;Patrimonio indisponibile;Utilizzato direttamente;Altro;;;;1;False
696739;L219;1277;71;39;93.0;FABBRICATO;via vanchiglia;38;45.069895;7.7014456;Abitazione;Prima del 1919;Nessuno;Patrimonio indisponibile;Utilizzato direttamente;Altro;;;;1;False
696740;L219;1277;71;40;76.0;FABBRICATO;via vanchiglia;38;45.069895;7.7014456;Abitazione;Prima del 1919;Nessuno;Patrimonio indisponibile;Utilizzato direttamente;Altro;;;;1;False
696741;L219;1277;71;41;96.0;FABBRICATO;via vanchiglia;38;45.069895;7.7014456;Abitazione;Prima del 1919;Nessuno;Patrimonio indisponibile;Utilizzato direttamente;Altro;;;;1;False
696742;L219;1277;71;42;79.0;FABBRICATO;via vanchiglia;38;45.069895;7.7014456;Abitazione;Prima del 1919;Nessuno;Patrimonio indisponibile;Utilizzato direttamente;Altro;;;;1;False
696743;L219;1277;71;43;102.0;FABBRICATO;via vanchiglia;40;45.069895;7.7014456;Ufficio strutturato ed assimilabili;Prima del 1919;Nessuno;Patrimonio indisponibile;Utilizzato direttamente;Altro;;;;1;False
696744;L219;1277;71;44;122.0;FABBRICATO;via vanchiglia;40;45.069895;7.7014456;Locale commerciale, negozio;Prima del 1919;Nessuno;Patrimonio indisponibile;Utilizzato direttamente;Attività commerciale e di ristorazione;;;;1;False
696745;L219;1277;71;45;89.0;FABBRICATO;via vanchiglia;40;45.069895;7.7014456;Abitazione;Prima del 1919;Nessuno;Patrimonio indisponibile;Utilizzato direttamente;Altro;;;;1;False
696746;L219;1277;71;46;80.0;FABBRICATO;via vanchiglia;40;45.069895;7.7014456;Abitazione;Prima del 1919;Nessuno;Patrimonio indisponibile;Utilizzato direttamente;Altro;;;;1;False
696747;L219;1277;71;47;89.0;FABBRICATO;via vanchiglia;40;45.069895;7.7014456;Abitazione;Prima del 1919;Nessuno;Patrimonio indisponibile;Utilizzato direttamente;Altro;;;;1;False
696748;L219;1277;71;48;78.0;FABBRICATO;via vanchiglia;40;45.069895;7.7014456;Abitazione;Prima del 1919;Nessuno;Patrimonio indisponibile;Utilizzato direttamente;Altro;;;;1;False
696749;L219;1277;71;49;90.0;FABBRICATO;via vanchiglia;40;45.069895;7.7014456;Abitazione;Prima del 1919;Nessuno;Patrimonio indisponibile;Utilizzato direttamente;Altro;;;;1;False
696750;L219;1277;71;50;78.0;FABBRICATO;via vanchiglia;40;45.069895;7.7014456;Abitazione;Prima del 1919;Nessuno;Patrimonio indisponibile;Utilizzato direttamente;Altro;;;;1;False
696751;L219;1277;71;51;91.0;FABBRICATO;via vanchiglia;40;45.069895;7.7014456;Abitazione;Prima del 1919;Nessuno;Patrimonio indisponibile;Utilizzato direttamente;Altro;;;;1;False
696752;L219;1277;71;52;79.0;FABBRICATO;via vanchiglia;40;45.069895;7.7014456;Abitazione;Prima del 1919;Nessuno;Patrimonio indisponibile;Utilizzato direttamente;Altro;;;;1;False
696753;L219;1277;71;53;56.0;FABBRICATO;via vanchiglia;38;45.069895;7.7014456;Magazzino e locali di deposito;Prima del 1919;Nessuno;Patrimonio indisponibile;Utilizzato direttamente;Altro;;;;1;False
696755;L219;1441;88;10;92.0;FABBRICATO;via guala pietro francesco;97;45.02488047;7.64474249;Abitazione;Dal 1991 al 2000;Nessuno;Patrimonio indisponibile;Utilizzato direttamente;Altro;;;;1;False
696756;L219;1441;88;100;13.0;FABBRICATO;Via Giuditta Sidoli;38;45.02488047;7.64474249;Cantina, soffitta, rimessa, box, garage, posto auto aperto/scoperto,;Dal 1991 al 2000;Nessuno;Patrimonio indisponibile;Utilizzato direttamente;Altro;;;;1;False
696757;L219;1441;88;101;13.0;FABBRICATO;Via Giuditta Sidoli;38;45.02488047;7.64474249;Cantina, soffitta, rimessa, box, garage, posto auto aperto/scoperto,;Dal 1991 al 2000;Nessuno;Patrimonio indisponibile;Utilizzato direttamente;Altro;;;;1;False
696758;L219;1441;88;102;13.0;FABBRICATO;Via Giuditta Sidoli;38;45.02488047;7.64474249;Cantina, soffitta, rimessa, box, garage, posto auto aperto/scoperto,;Dal 1991 al 2000;Nessuno;Patrimonio indisponibile;Utilizzato direttamente;Altro;;;;1;False
696759;L219;1441;88;103;13.0;FABBRICATO;Via Giuditta Sidoli;38;45.02488047;7.64474249;Cantina, soffitta, rimessa, box, garage, posto auto aperto/scoperto,;Dal 1991 al 2000;Nessuno;Patrimonio indisponibile;Utilizzato direttamente;Altro;;;;1;False
696760;L219;1441;88;104;13.0;FABBRICATO;Via Giuditta Sidoli;38;45.02488047;7.64474249;Cantina, soffitta, rimessa, box, garage, posto auto aperto/scoperto,;Dal 1991 al 2000;Nessuno;Patrimonio indisponibile;Utilizzato direttamente;Altro;;;;1;False
696761;L219;1441;88;105;13.0;FABBRICATO;Via Giuditta Sidoli;38;45.02488047;7.64474249;Cantina, soffitta, rimessa, box, garage, posto auto aperto/scoperto,;Dal 1991 al 2000;Nessuno;Patrimonio indisponibile;Utilizzato direttamente;Altro;;;;1;False
696762;L219;1441;88;106;13.0;FABBRICATO;Via Giuditta Sidoli;38;45.02488047;7.64474249;Cantina, soffitta, rimessa, box, garage, posto auto aperto/scoperto,;Dal 1991 al 2000;Nessuno;Patrimonio indisponibile;Utilizzato direttamente;Altro;;;;1;False
696763;L219;1441;88;107;13.0;FABBRICATO;Via Giuditta Sidoli;38;45.02488047;7.64474249;Cantina, soffitta, rimessa, box, garage, posto auto aperto/scoperto,;Dal 1991 al 2000;Nessuno;Patrimonio indisponibile;Utilizzato direttamente;Altro;;;;1;False
696764;L219;1441;88;108;12.0;FABBRICATO;Via Giuditta Sidoli;38;45.02488047;7.64474249;Cantina, soffitta, rimessa, box, garage, posto auto aperto/scoperto,;Dal 1991 al 2000;Nessuno;Patrimonio indisponibile;Utilizzato direttamente;Altro;;;;1;False
696765;L219;1441;88;109;12.0;FABBRICATO;Via Giuditta Sidoli;38;45.02488047;7.64474249;Cantina, soffitta, rimessa, box, garage, posto auto aperto/scoperto,;Dal 1991 al 2000;Nessuno;Patrimonio indisponibile;Utilizzato direttamente;Altro;;;;1;False
696766;L219;1441;88;11;89.0;FABBRICATO;via guala pietro francesco;97;45.02488047;7.64474249;Abitazione;Dal 1991 al 2000;Nessuno;Patrimonio indisponibile;Utilizzato direttamente;Altro;;;;1;False
696767;L219;1441;88;110;12.0;FABBRICATO;Via Giuditta Sidoli;38;45.02488047;7.64474249;Cantina, soffitta, rimessa, box, garage, posto auto aperto/scoperto,;Dal 1991 al 2000;Nessuno;Patrimonio indisponibile;Utilizzato direttamente;Altro;;;;1;False
696768;L219;1441;88;111;12.0;FABBRICATO;Via Giuditta Sidoli;38;45.02488047;7.64474249;Cantina, soffitta, rimessa, box, garage, posto auto aperto/scoperto,;Dal 1991 al 2000;Nessuno;Patrimonio indisponibile;Utilizzato direttamente;Altro;;;;1;False
696769;L219;1441;88;112;12.0;FABBRICATO;Via Giuditta Sidoli;38;45.02488047;7.64474249;Cantina, soffitta, rimessa, box, garage, posto auto aperto/scoperto,;Dal 1991 al 2000;Nessuno;Patrimonio indisponibile;Utilizzato direttamente;Altro;;;;1;False
696770;L219;1441;88;113;13.0;FABBRICATO;Via Giuditta Sidoli;38;45.02488047;7.64474249;Cantina, soffitta, rimessa, box, garage, posto auto aperto/scoperto,;Dal 1991 al 2000;Nessuno;Patrimonio indisponibile;Utilizzato direttamente;Altro;;;;1;False
696771;L219;1441;88;114;13.0;FABBRICATO;Via Giuditta Sidoli;38;45.02488047;7.64474249;Cantina, soffitta, rimessa, box, garage, posto auto aperto/scoperto,;Dal 1991 al 2000;Nessuno;Patrimonio indisponibile;Utilizzato direttamente;Altro;;;;1;False
696772;L219;1441;88;115;13.0;FABBRICATO;Via Giuditta Sidoli;38;45.02488047;7.64474249;Cantina, soffitta, rimessa, box, garage, posto auto aperto/scoperto,;Dal 1991 al 2000;Nessuno;Patrimonio indisponibile;Utilizzato direttamente;Altro;;;;1;False
696773;L219;1441;88;116;13.0;FABBRICATO;Via Giuditta Sidoli;38;45.02488047;7.64474249;Cantina, soffitta, rimessa, box, garage, posto auto aperto/scoperto,;Dal 1991 al 2000;Nessuno;Patrimonio indisponibile;Utilizzato direttamente;Altro;;;;1;False
696774;L219;1441;88;117;13.0;FABBRICATO;Via Giuditta Sidoli;38;45.02488047;7.64474249;Cantina, soffitta, rimessa, box, garage, posto auto aperto/scoperto,;Dal 1991 al 2000;Nessuno;Patrimonio indisponibile;Utilizzato direttamente;Altro;;;;1;False
696775;L219;1441;88;118;16.0;FABBRICATO;Via Giuditta Sidoli;38;45.02488047;7.64474249;Cantina, soffitta, rimessa, box, garage, posto auto aperto/scoperto,;Dal 1991 al 2000;Nessuno;Patrimonio indisponibile;Utilizzato direttamente;Altro;;;;1;False
696776;L219;1441;88;119;16.0;FABBRICATO;Via Giuditta Sidoli;38;45.02488047;7.64474249;Cantina, soffitta, rimessa, box, garage, posto auto aperto/scoperto,;Dal 1991 al 2000;Nessuno;Patrimonio indisponibile;Utilizzato direttamente;Altro;;;;1;False
696777;L219;1441;88;12;92.0;FABBRICATO;via guala pietro francesco;97;45.02488047;7.64474249;Abitazione;Dal 1991 al 2000;Nessuno;Patrimonio indisponibile;Utilizzato direttamente;Altro;;;;1;False
696778;L219;1441;88;120;16.0;FABBRICATO;Via Giuditta Sidoli;38;45.02488047;7.64474249;Cantina, soffitta, rimessa, box, garage, posto auto aperto/scoperto,;Dal 1991 al 2000;Nessuno;Patrimonio indisponibile;Utilizzato direttamente;Altro;;;;1;False
696779;L219;1441;88;121;16.0;FABBRICATO;Via Giuditta Sidoli;38;45.02488047;7.64474249;Cantina, soffitta, rimessa, box, garage, posto auto aperto/scoperto,;Dal 1991 al 2000;Nessuno;Patrimonio indisponibile;Utilizzato direttamente;Altro;;;;1;False
696780;L219;1441;88;122;11.0;FABBRICATO;Via Giuditta Sidoli;38;45.02488047;7.64474249;Cantina, soffitta, rimessa, box, garage, posto auto aperto/scoperto,;Dal 1991 al 2000;Nessuno;Patrimonio indisponibile;Utilizzato direttamente;Altro;;;;1;False
696781;L219;1441;88;123;11.0;FABBRICATO;Via Giuditta Sidoli;38;45.02488047;7.64474249;Cantina, soffitta, rimessa, box, garage, posto auto aperto/scoperto,;Dal 1991 al 2000;Nessuno;Patrimonio indisponibile;Utilizzato direttamente;Altro;;;;1;False
696782;L219;1441;88;124;11.0;FABBRICATO;Via Giuditta Sidoli;38;45.02488047;7.64474249;Cantina, soffitta, rimessa, box, garage, posto auto aperto/scoperto,;Dal 1991 al 2000;Nessuno;Patrimonio indisponibile;Utilizzato direttamente;Altro;;;;1;False
696783;L219;1441;88;125;11.0;FABBRICATO;Via Giuditta Sidoli;38;45.02488047;7.64474249;Cantina, soffitta, rimessa, box, garage, posto auto aperto/scoperto,;Dal 1991 al 2000;Nessuno;Patrimonio indisponibile;Utilizzato direttamente;Altro;;;;1;False
696784;L219;1441;88;126;13.0;FABBRICATO;Via Giuditta Sidoli;38;45.02488047;7.64474249;Cantina, soffitta, rimessa, box, garage, posto auto aperto/scoperto,;Dal 1991 al 2000;Nessuno;Patrimonio indisponibile;Utilizzato direttamente;Altro;;;;1;False
696785;L219;1441;88;127;13.0;FABBRICATO;Via Giuditta Sidoli;38;45.02488047;7.64474249;Cantina, soffitta, rimessa, box, garage, posto auto aperto/scoperto,;Dal 1991 al 2000;Nessuno;Patrimonio indisponibile;Utilizzato direttamente;Altro;;;;1;False
696786;L219;1441;88;128;13.0;FABBRICATO;Via Giuditta Sidoli;38;45.02488047;7.64474249;Cantina, soffitta, rimessa, box, garage, posto auto aperto/scoperto,;Dal 1991 al 2000;Nessuno;Patrimonio indisponibile;Utilizzato direttamente;Altro;;;;1;False
696787;L219;1441;88;129;13.0;FABBRICATO;Via Giuditta Sidoli;38;45.02488047;7.64474249;Cantina, soffitta, rimessa, box, garage, posto auto aperto/scoperto,;Dal 1991 al 2000;Nessuno;Patrimonio indisponibile;Utilizzato direttamente;Altro;;;;1;False
696788;L219;1441;88;13;90.0;FABBRICATO;via guala pietro francesco;97;45.02488047;7.64474249;Abitazione;Dal 1991 al 2000;Nessuno;Patrimonio indisponibile;Utilizzato direttamente;Altro;;;;1;False
696789;L219;1441;88;130;13.0;FABBRICATO;Via Giuditta Sidoli;38;45.02488047;7.64474249;Cantina, soffitta, rimessa, box, garage, posto auto aperto/scoperto,;Dal 1991 al 2000;Nessuno;Patrimonio indisponibile;Utilizzato direttamente;Altro;;;;1;False
696790;L219;1441;88;131;13.0;FABBRICATO;Via Giuditta Sidoli;38;45.02488047;7.64474249;Cantina, soffitta, rimessa, box, garage, posto auto aperto/scoperto,;Dal 1991 al 2000;Nessuno;Patrimonio indisponibile;Utilizzato direttamente;Altro;;;;1;False
696791;L219;1441;88;132;13.0;FABBRICATO;Via Giuditta Sidoli;38;45.02488047;7.64474249;Cantina, soffitta, rimessa, box, garage, posto auto aperto/scoperto,;Dal 1991 al 2000;Nessuno;Patrimonio indisponibile;Utilizzato direttamente;Altro;;;;1;False
696792;L219;1441;88;133;15.0;FABBRICATO;Via Giuditta Sidoli;38;45.02488047;7.64474249;Cantina, soffitta, rimessa, box, garage, posto auto aperto/scoperto,;Dal 1991 al 2000;Nessuno;Patrimonio indisponibile;Utilizzato direttamente;Altro;;;;1;False
696793;L219;1441;88;134;15.0;FABBRICATO;Via Giuditta Sidoli;38;45.02488047;7.64474249;Cantina, soffitta, rimessa, box, garage, posto auto aperto/scoperto,;Dal 1991 al 2000;Nessuno;Patrimonio indisponibile;Utilizzato direttamente;Altro;;;;1;False
696794;L219;1441;88;135;15.0;FABBRICATO;Via Giuditta Sidoli;38;45.02488047;7.64474249;Cantina, soffitta, rimessa, box, garage, posto auto aperto/scoperto,;Dal 1991 al 2000;Nessuno;Patrimonio indisponibile;Utilizzato direttamente;Altro;;;;1;False
696795;L219;1441;88;136;15.0;FABBRICATO;Via Giuditta Sidoli;38;45.02488047;7.64474249;Cantina, soffitta, rimessa, box, garage, posto auto aperto/scoperto,;Dal 1991 al 2000;Nessuno;Patrimonio indisponibile;Utilizzato direttamente;Altro;;;;1;False
696796;L219;1441;88;137;15.0;FABBRICATO;via guala pietro francesco;93 A;45.02488047;7.64474249;Cantina, soffitta, rimessa, box, garage, posto auto aperto/scoperto,;Dal 1991 al 2000;Nessuno;Patrimonio indisponibile;Utilizzato direttamente;Altro;;;;1;False
696797;L219;1441;88;138;15.0;FABBRICATO;via guala pietro francesco;93 A;45.02488047;7.64474249;Cantina, soffitta, rimessa, box, garage, posto auto aperto/scoperto,;Dal 1991 al 2000;Nessuno;Patrimonio indisponibile;Utilizzato direttamente;Altro;;;;1;False
696798;L219;1441;88;139;15.0;FABBRICATO;via guala pietro francesco;93 A;45.02488047;7.64474249;Cantina, soffitta, rimessa, box, garage, posto auto aperto/scoperto,;Dal 1991 al 2000;Nessuno;Patrimonio indisponibile;Utilizzato direttamente;Altro;;;;1;False
696799;L219;1441;88;14;92.0;FABBRICATO;via guala pietro francesco;97;45.02488047;7.64474249;Abitazione;Dal 1991 al 2000;Nessuno;Patrimonio indisponibile;Utilizzato direttamente;Altro;;;;1;False
696800;L219;1441;88;140;14.0;FABBRICATO;via guala pietro francesco;93 A;45.02488047;7.64474249;Cantina, soffitta, rimessa, box, garage, posto auto aperto/scoperto,;Dal 1991 al 2000;Nessuno;Patrimonio indisponibile;Utilizzato direttamente;Altro;;;;1;False
696801;L219;1441;88;141;12.0;FABBRICATO;via guala pietro francesco;93 A;45.02488047;7.64474249;Cantina, soffitta, rimessa, box, garage, posto auto aperto/scoperto,;Dal 1991 al 2000;Nessuno;Patrimonio indisponibile;Utilizzato direttamente;Altro;;;;1;False
696802;L219;1441;88;142;12.0;FABBRICATO;via guala pietro francesco;93 A;45.02488047;7.64474249;Cantina, soffitta, rimessa, box, garage, posto auto aperto/scoperto,;Dal 1991 al 2000;Nessuno;Patrimonio indisponibile;Utilizzato direttamente;Altro;;;;1;False
696803;L219;1441;88;143;12.0;FABBRICATO;via guala pietro francesco;93 A;45.02488047;7.64474249;Cantina, soffitta, rimessa, box, garage, posto auto aperto/scoperto,;Dal 1991 al 2000;Nessuno;Patrimonio indisponibile;Utilizzato direttamente;Altro;;;;1;False
696804;L219;1441;88;144;12.0;FABBRICATO;via guala pietro francesco;93 A;45.02488047;7.64474249;Cantina, soffitta, rimessa, box, garage, posto auto aperto/scoperto,;Dal 1991 al 2000;Nessuno;Patrimonio indisponibile;Utilizzato direttamente;Altro;;;;1;False
696805;L219;1441;88;145;12.0;FABBRICATO;via guala pietro francesco;93 A;45.02488047;7.64474249;Cantina, soffitta, rimessa, box, garage, posto auto aperto/scoperto,;Dal 1991 al 2000;Nessuno;Patrimonio indisponibile;Utilizzato direttamente;Altro;;;;1;False
696806;L219;1441;88;146;13.0;FABBRICATO;via guala pietro francesco;93 A;45.02488047;7.64474249;Cantina, soffitta, rimessa, box, garage, posto auto aperto/scoperto,;Dal 1991 al 2000;Nessuno;Patrimonio indisponibile;Utilizzato direttamente;Altro;;;;1;False
696807;L219;1441;88;147;13.0;FABBRICATO;via guala pietro francesco;93 A;45.02488047;7.64474249;Cantina, soffitta, rimessa, box, garage, posto auto aperto/scoperto,;Dal 1991 al 2000;Nessuno;Patrimonio indisponibile;Utilizzato direttamente;Altro;;;;1;False
696808;L219;1441;88;148;13.0;FABBRICATO;via guala pietro francesco;93 A;45.02488047;7.64474249;Cantina, soffitta, rimessa, box, garage, posto auto aperto/scoperto,;Dal 1991 al 2000;Nessuno;Patrimonio indisponibile;Utilizzato direttamente;Altro;;;;1;False
696809;L219;1441;88;149;13.0;FABBRICATO;via guala pietro francesco;93 A;45.02488047;7.64474249;Cantina, soffitta, rimessa, box, garage, posto auto aperto/scoperto,;Dal 1991 al 2000;Nessuno;Patrimonio indisponibile;Utilizzato direttamente;Altro;;;;1;False
696810;L219;1441;88;15;89.0;FABBRICATO;via guala pietro francesco;97;45.02488047;7.64474249;Abitazione;Dal 1991 al 2000;Nessuno;Patrimonio indisponibile;Utilizzato direttamente;Altro;;;;1;False
696811;L219;1441;88;150;13.0;FABBRICATO;via guala pietro francesco;93 A;45.02488047;7.64474249;Cantina, soffitta, rimessa, box, garage, posto auto aperto/scoperto,;Dal 1991 al 2000;Nessuno;Patrimonio indisponibile;Utilizzato direttamente;Altro;;;;1;False
696812;L219;1441;88;151;13.0;FABBRICATO;via guala pietro francesco;93 A;45.02488047;7.64474249;Cantina, soffitta, rimessa, box, garage, posto auto aperto/scoperto,;Dal 1991 al 2000;Nessuno;Patrimonio indisponibile;Utilizzato direttamente;Altro;;;;1;False
696813;L219;1441;88;152;13.0;FABBRICATO;via guala pietro francesco;93 A;45.02488047;7.64474249;Cantina, soffitta, rimessa, box, garage, posto auto aperto/scoperto,;Dal 1991 al 2000;Nessuno;Patrimonio indisponibile;Utilizzato direttamente;Altro;;;;1;False
696814;L219;1441;88;153;11.0;FABBRICATO;via guala pietro francesco;93 A;45.02488047;7.64474249;Cantina, soffitta, rimessa, box, garage, posto auto aperto/scoperto,;Dal 1991 al 2000;Nessuno;Patrimonio indisponibile;Utilizzato direttamente;Altro;;;;1;False
696815;L219;1441;88;154;12.0;FABBRICATO;via guala pietro francesco;93 A;45.02488047;7.64474249;Cantina, soffitta, rimessa, box, garage, posto auto aperto/scoperto,;Dal 1991 al 2000;Nessuno;Patrimonio indisponibile;Utilizzato direttamente;Altro;;;;1;False
696816;L219;1441;88;155;12.0;FABBRICATO;via guala pietro francesco;93 A;45.02488047;7.64474249;Cantina, soffitta, rimessa, box, garage, posto auto aperto/scoperto,;Dal 1991 al 2000;Nessuno;Patrimonio indisponibile;Utilizzato direttamente;Altro;;;;1;False
696817;L219;1441;88;156;12.0;FABBRICATO;via guala pietro francesco;93 A;45.02488047;7.64474249;Cantina, soffitta, rimessa, box, garage, posto auto aperto/scoperto,;Dal 1991 al 2000;Nessuno;Patrimonio indisponibile;Utilizzato direttamente;Altro;;;;1;False
696818;L219;1441;88;157;12.0;FABBRICATO;via guala pietro francesco;93 A;45.02488047;7.64474249;Cantina, soffitta, rimessa, box, garage, posto auto aperto/scoperto,;Dal 1991 al 2000;Nessuno;Patrimonio indisponibile;Utilizzato direttamente;Altro;;;;1;False
696819;L219;1441;88;158;12.0;FABBRICATO;via guala pietro francesco;93 A;45.02488047;7.64474249;Cantina, soffitta, rimessa, box, garage, posto auto aperto/scoperto,;Dal 1991 al 2000;Nessuno;Patrimonio indisponibile;Utilizzato direttamente;Altro;;;;1;False
696820;L219;1441;88;159;12.0;FABBRICATO;via guala pietro francesco;93 A;45.02488047;7.64474249;Cantina, soffitta, rimessa, box, garage, posto auto aperto/scoperto,;Dal 1991 al 2000;Nessuno;Patrimonio indisponibile;Utilizzato direttamente;Altro;;;;1;False
696821;L219;1441;88;16;89.0;FABBRICATO;via guala pietro francesco;97 A;45.02488047;7.64474249;Abitazione;Dal 1991 al 2000;Nessuno;Patrimonio indisponibile;Utilizzato direttamente;Altro;;;;1;False
696822;L219;1441;88;160;12.0;FABBRICATO;via guala pietro francesco;93 A;45.02488047;7.64474249;Cantina, soffitta, rimessa, box, garage, posto auto aperto/scoperto,;Dal 1991 al 2000;Nessuno;Patrimonio indisponibile;Utilizzato direttamente;Altro;;;;1;False
696823;L219;1441;88;161;12.0;FABBRICATO;via guala pietro francesco;93 A;45.02488047;7.64474249;Cantina, soffitta, rimessa, box, garage, posto auto aperto/scoperto,;Dal 1991 al 2000;Nessuno;Patrimonio indisponibile;Utilizzato direttamente;Altro;;;;1;False
696824;L219;1441;88;162;12.0;FABBRICATO;via guala pietro francesco;93 A;45.02488047;7.64474249;Cantina, soffitta, rimessa, box, garage, posto auto aperto/scoperto,;Dal 1991 al 2000;Nessuno;Patrimonio indisponibile;Utilizzato direttamente;Altro;;;;1;False
696825;L219;1441;88;163;12.0;FABBRICATO;Via Giuditta Sidoli;32;45.02488047;7.64474249;Cantina, soffitta, rimessa, box, garage, posto auto aperto/scoperto,;Dal 1991 al 2000;Nessuno;Patrimonio indisponibile;Utilizzato direttamente;Altro;;;;1;False
696826;L219;1441;88;164;12.0;FABBRICATO;Via Giuditta Sidoli;32;45.02488047;7.64474249;Cantina, soffitta, rimessa, box, garage, posto auto aperto/scoperto,;Dal 1991 al 2000;Nessuno;Patrimonio indisponibile;Utilizzato direttamente;Altro;;;;1;False
696827;L219;1441;88;165;12.0;FABBRICATO;Via Giuditta Sidoli;32;45.02488047;7.64474249;Cantina, soffitta, rimessa, box, garage, posto auto aperto/scoperto,;Dal 1991 al 2000;Nessuno;Patrimonio indisponibile;Utilizzato direttamente;Altro;;;;1;False
696828;L219;1441;88;166;12.0;FABBRICATO;Via Giuditta Sidoli;32;45.02488047;7.64474249;Cantina, soffitta, rimessa, box, garage, posto auto aperto/scoperto,;Dal 1991 al 2000;Nessuno;Patrimonio indisponibile;Utilizzato direttamente;Altro;;;;1;False
696829;L219;1441;88;167;12.0;FABBRICATO;Via Giuditta Sidoli;32;45.02488047;7.64474249;Cantina, soffitta, rimessa, box, garage, posto auto aperto/scoperto,;Dal 1991 al 2000;Nessuno;Patrimonio indisponibile;Utilizzato direttamente;Altro;;;;1;False
696830;L219;1441;88;168;12.0;FABBRICATO;Via Giuditta Sidoli;32;45.02488047;7.64474249;Cantina, soffitta, rimessa, box, garage, posto auto aperto/scoperto,;Dal 1991 al 2000;Nessuno;Patrimonio indisponibile;Utilizzato direttamente;Altro;;;;1;False
696831;L219;1441;88;169;12.0;FABBRICATO;Via Giuditta Sidoli;32;45.02488047;7.64474249;Cantina, soffitta, rimessa, box, garage, posto auto aperto/scoperto,;Dal 1991 al 2000;Nessuno;Patrimonio indisponibile;Utilizzato direttamente;Altro;;;;1;False
696832;L219;1441;88;17;88.0;FABBRICATO;via guala pietro francesco;97;45.02488047;7.64474249;Abitazione;Dal 1991 al 2000;Nessuno;Patrimonio indisponibile;Utilizzato direttamente;Altro;;;;1;False
696833;L219;1441;88;170;12.0;FABBRICATO;Via Giuditta Sidoli;32;45.02488047;7.64474249;Cantina, soffitta, rimessa, box, garage, posto auto aperto/scoperto,;Dal 1991 al 2000;Nessuno;Patrimonio indisponibile;Utilizzato direttamente;Altro;;;;1;False
696834;L219;1441;88;171;12.0;FABBRICATO;Via Giuditta Sidoli;32;45.02488047;7.64474249;Cantina, soffitta, rimessa, box, garage, posto auto aperto/scoperto,;Dal 1991 al 2000;Nessuno;Patrimonio indisponibile;Utilizzato direttamente;Altro;;;;1;False
696835;L219;1441;88;172;12.0;FABBRICATO;Via Giuditta Sidoli;32;45.02488047;7.64474249;Cantina, soffitta, rimessa, box, garage, posto auto aperto/scoperto,;Dal 1991 al 2000;Nessuno;Patrimonio indisponibile;Utilizzato direttamente;Altro;;;;1;False
696836;L219;1441;88;173;12.0;FABBRICATO;Via Giuditta Sidoli;32;45.02488047;7.64474249;Cantina, soffitta, rimessa, box, garage, posto auto aperto/scoperto,;Dal 1991 al 2000;Nessuno;Patrimonio indisponibile;Utilizzato direttamente;Altro;;;;1;False
696837;L219;1441;88;174;12.0;FABBRICATO;Via Giuditta Sidoli;32;45.02488047;7.64474249;Cantina, soffitta, rimessa, box, garage, posto auto aperto/scoperto,;Dal 1991 al 2000;Nessuno;Patrimonio indisponibile;Utilizzato direttamente;Altro;;;;1;False
696838;L219;1441;88;175;12.0;FABBRICATO;Via Giuditta Sidoli;32;45.02488047;7.64474249;Cantina, soffitta, rimessa, box, garage, posto auto aperto/scoperto,;Dal 1991 al 2000;Nessuno;Patrimonio indisponibile;Utilizzato direttamente;Altro;;;;1;False
696839;L219;1441;88;176;12.0;FABBRICATO;Via Giuditta Sidoli;32;45.02488047;7.64474249;Cantina, soffitta, rimessa, box, garage, posto auto aperto/scoperto,;Dal 1991 al 2000;Nessuno;Patrimonio indisponibile;Utilizzato direttamente;Altro;;;;1;False
696840;L219;1441;88;177;12.0;FABBRICATO;Via Giuditta Sidoli;32;45.02488047;7.64474249;Cantina, soffitta, rimessa, box, garage, posto auto aperto/scoperto,;Dal 1991 al 2000;Nessuno;Patrimonio indisponibile;Utilizzato direttamente;Altro;;;;1;False
696841;L219;1441;88;178;12.0;FABBRICATO;Via Giuditta Sidoli;32;45.02488047;7.64474249;Cantina, soffitta, rimessa, box, garage, posto auto aperto/scoperto,;Dal 1991 al 2000;Nessuno;Patrimonio indisponibile;Utilizzato direttamente;Altro;;;;1;False
696842;L219;1441;88;179;12.0;FABBRICATO;Via Giuditta Sidoli;32;45.02488047;7.64474249;Cantina, soffitta, rimessa, box, garage, posto auto aperto/scoperto,;Dal 1991 al 2000;Nessuno;Patrimonio indisponibile;Utilizzato direttamente;Altro;;;;1;False
696843;L219;1441;88;18;89.0;FABBRICATO;via guala pietro francesco;97;45.02488047;7.64474249;Abitazione;Dal 1991 al 2000;Nessuno;Patrimonio indisponibile;Utilizzato direttamente;Altro;;;;1;False
696844;L219;1441;88;180;12.0;FABBRICATO;Via Giuditta Sidoli;32;45.02488047;7.64474249;Cantina, soffitta, rimessa, box, garage, posto auto aperto/scoperto,;Dal 1991 al 2000;Nessuno;Patrimonio indisponibile;Utilizzato direttamente;Altro;;;;1;False
696845;L219;1441;88;181;12.0;FABBRICATO;Via Giuditta Sidoli;32;45.02488047;7.64474249;Cantina, soffitta, rimessa, box, garage, posto auto aperto/scoperto,;Dal 1991 al 2000;Nessuno;Patrimonio indisponibile;Utilizzato direttamente;Altro;;;;1;False
696846;L219;1441;88;182;12.0;FABBRICATO;Via Giuditta Sidoli;32;45.02488047;7.64474249;Cantina, soffitta, rimessa, box, garage, posto auto aperto/scoperto,;Dal 1991 al 2000;Nessuno;Patrimonio indisponibile;Utilizzato direttamente;Altro;;;;1;False
696847;L219;1441;88;183;12.0;FABBRICATO;Via Giuditta Sidoli;32;45.02488047;7.64474249;Cantina, soffitta, rimessa, box, garage, posto auto aperto/scoperto,;Dal 1991 al 2000;Nessuno;Patrimonio indisponibile;Utilizzato direttamente;Altro;;;;1;False
696848;L219;1441;88;184;12.0;FABBRICATO;Via Giuditta Sidoli;32;45.02488047;7.64474249;Cantina, soffitta, rimessa, box, garage, posto auto aperto/scoperto,;Dal 1991 al 2000;Nessuno;Patrimonio indisponibile;Utilizzato direttamente;Altro;;;;1;False
696849;L219;1441;88;185;16.0;FABBRICATO;Via Giuditta Sidoli;32;45.02488047;7.64474249;Cantina, soffitta, rimessa, box, garage, posto auto aperto/scoperto,;Dal 1991 al 2000;Nessuno;Patrimonio indisponibile;Utilizzato direttamente;Altro;;;;1;False
696850;L219;1441;88;186;16.0;FABBRICATO;Via Giuditta Sidoli;32;45.02488047;7.64474249;Cantina, soffitta, rimessa, box, garage, posto auto aperto/scoperto,;Dal 1991 al 2000;Nessuno;Patrimonio indisponibile;Utilizzato direttamente;Altro;;;;1;False
696851;L219;1441;88;187;16.0;FABBRICATO;Via Giuditta Sidoli;32;45.02488047;7.64474249;Cantina, soffitta, rimessa, box, garage, posto auto aperto/scoperto,;Dal 1991 al 2000;Nessuno;Patrimonio indisponibile;Utilizzato direttamente;Altro;;;;1;False
696852;L219;1441;88;188;16.0;FABBRICATO;Via Giuditta Sidoli;32;45.02488047;7.64474249;Cantina, soffitta, rimessa, box, garage, posto auto aperto/scoperto,;Dal 1991 al 2000;Nessuno;Patrimonio indisponibile;Utilizzato direttamente;Altro;;;;1;False
696853;L219;1441;88;189;13.0;FABBRICATO;Via Giuditta Sidoli;32;45.02488047;7.64474249;Cantina, soffitta, rimessa, box, garage, posto auto aperto/scoperto,;Dal 1991 al 2000;Nessuno;Patrimonio indisponibile;Utilizzato direttamente;Altro;;;;1;False
696854;L219;1441;88;19;86.0;FABBRICATO;via guala pietro francesco;97;45.02488047;7.64474249;Abitazione;Dal 1991 al 2000;Nessuno;Patrimonio indisponibile;Utilizzato direttamente;Altro;;;;1;False
696855;L219;1441;88;190;13.0;FABBRICATO;Via Giuditta Sidoli;32;45.02488047;7.64474249;Cantina, soffitta, rimessa, box, garage, posto auto aperto/scoperto,;Dal 1991 al 2000;Nessuno;Patrimonio indisponibile;Utilizzato direttamente;Altro;;;;1;False
696856;L219;1441;88;191;13.0;FABBRICATO;Via Giuditta Sidoli;32;45.02488047;7.64474249;Cantina, soffitta, rimessa, box, garage, posto auto aperto/scoperto,;Dal 1991 al 2000;Nessuno;Patrimonio indisponibile;Utilizzato direttamente;Altro;;;;1;False
696857;L219;1441;88;192;13.0;FABBRICATO;Via Giuditta Sidoli;32;45.02488047;7.64474249;Cantina, soffitta, rimessa, box, garage, posto auto aperto/scoperto,;Dal 1991 al 2000;Nessuno;Patrimonio indisponibile;Utilizzato direttamente;Altro;;;;1;False
696858;L219;1441;88;193;13.0;FABBRICATO;Via Giuditta Sidoli;32;45.02488047;7.64474249;Cantina, soffitta, rimessa, box, garage, posto auto aperto/scoperto,;Dal 1991 al 2000;Nessuno;Patrimonio indisponibile;Utilizzato direttamente;Altro;;;;1;False
696859;L219;1441;88;194;12.0;FABBRICATO;Via Giuditta Sidoli;32;45.02488047;7.64474249;Cantina, soffitta, rimessa, box, garage, posto auto aperto/scoperto,;Dal 1991 al 2000;Nessuno;Patrimonio indisponibile;Utilizzato direttamente;Altro;;;;1;False
696860;L219;1441;88;195;13.0;FABBRICATO;Via Giuditta Sidoli;32;45.02488047;7.64474249;Cantina, soffitta, rimessa, box, garage, posto auto aperto/scoperto,;Dal 1991 al 2000;Nessuno;Patrimonio indisponibile;Utilizzato direttamente;Altro;;;;1;False
696861;L219;1441;88;20;90.0;FABBRICATO;via guala pietro francesco;97;45.02488047;7.64474249;Abitazione;Dal 1991 al 2000;Nessuno;Patrimonio indisponibile;Utilizzato direttamente;Altro;;;;1;False
696862;L219;1441;88;21;87.0;FABBRICATO;via guala pietro francesco;97;45.02488047;7.64474249;Abitazione;Dal 1991 al 2000;Nessuno;Patrimonio indisponibile;Utilizzato direttamente;Altro;;;;1;False
696863;L219;1441;88;22;89.0;FABBRICATO;via guala pietro francesco;97;45.02488047;7.64474249;Abitazione;Dal 1991 al 2000;Nessuno;Patrimonio indisponibile;Utilizzato direttamente;Altro;;;;1;False
696864;L219;1441;88;23;88.0;FABBRICATO;via guala pietro francesco;97;45.02488047;7.64474249;Abitazione;Dal 1991 al 2000;Nessuno;Patrimonio indisponibile;Utilizzato direttamente;Altro;;;;1;False
696865;L219;1441;88;24;91.0;FABBRICATO;via guala pietro francesco;97;45.02488047;7.64474249;Abitazione;Dal 1991 al 2000;Nessuno;Patrimonio indisponibile;Utilizzato direttamente;Altro;;;;1;False
696866;L219;1441;88;25;87.0;FABBRICATO;via guala pietro francesco;97;45.02488047;7.64474249;Abitazione;Dal 1991 al 2000;Nessuno;Patrimonio indisponibile;Utilizzato direttamente;Altro;;;;1;False
696867;L219;1441;88;26;89.0;FABBRICATO;via guala pietro francesco;97;45.02488047;7.64474249;Abitazione;Dal 1991 al 2000;Nessuno;Patrimonio indisponibile;Utilizzato direttamente;Altro;;;;1;False
696868;L219;1441;88;27;87.0;FABBRICATO;via guala pietro francesco;97;45.02488047;7.64474249;Abitazione;Dal 1991 al 2000;Nessuno;Patrimonio indisponibile;Utilizzato direttamente;Altro;;;;1;False
696869;L219;1441;88;28;89.0;FABBRICATO;via guala pietro francesco;97 B;45.02488047;7.64474249;Abitazione;Dal 1991 al 2000;Nessuno;Patrimonio indisponibile;Utilizzato direttamente;Altro;;;;1;False
696870;L219;1441;88;29;88.0;FABBRICATO;via guala pietro francesco;97;45.02488047;7.64474249;Abitazione;Dal 1991 al 2000;Nessuno;Patrimonio indisponibile;Utilizzato direttamente;Altro;;;;1;False
696871;L219;1441;88;30;87.0;FABBRICATO;via guala pietro francesco;97;45.02488047;7.64474249;Abitazione;Dal 1991 al 2000;Nessuno;Patrimonio indisponibile;Utilizzato direttamente;Altro;;;;1;False
696872;L219;1441;88;31;87.0;FABBRICATO;via guala pietro francesco;97;45.02488047;7.64474249;Abitazione;Dal 1991 al 2000;Nessuno;Patrimonio indisponibile;Utilizzato direttamente;Altro;;;;1;False
696873;L219;1441;88;32;86.0;FABBRICATO;via guala pietro francesco;97;45.02488047;7.64474249;Abitazione;Dal 1991 al 2000;Nessuno;Patrimonio indisponibile;Utilizzato direttamente;Altro;;;;1;False
696874;L219;1441;88;33;87.0;FABBRICATO;via guala pietro francesco;97;45.02488047;7.64474249;Abitazione;Dal 1991 al 2000;Nessuno;Patrimonio indisponibile;Utilizzato direttamente;Altro;;;;1;False
696875;L219;1441;88;34;86.0;FABBRICATO;via guala pietro francesco;97;45.02488047;7.64474249;Abitazione;Dal 1991 al 2000;Nessuno;Patrimonio indisponibile;Utilizzato direttamente;Altro;;;;1;False
696876;L219;1441;88;35;87.0;FABBRICATO;via guala pietro francesco;97;45.02488047;7.64474249;Abitazione;Dal 1991 al 2000;Nessuno;Patrimonio indisponibile;Utilizzato direttamente;Altro;;;;1;False
696877;L219;1441;88;36;87.0;FABBRICATO;Via Pietro Francesco Guala;95;45.02488047;7.64474249;Abitazione;Dal 1991 al 2000;Nessuno;Patrimonio indisponibile;Utilizzato direttamente;Altro;;;;1;False
696878;L219;1441;88;37;87.0;FABBRICATO;Via Pietro Francesco Guala;95;45.02488047;7.64474249;Abitazione;Dal 1991 al 2000;Nessuno;Patrimonio indisponibile;Utilizzato direttamente;Altro;;;;1;False
696879;L219;1441;88;38;86.0;FABBRICATO;Via Pietro Francesco Guala;95;45.02488047;7.64474249;Abitazione;Dal 1991 al 2000;Nessuno;Patrimonio indisponibile;Utilizzato direttamente;Altro;;;;1;False
696880;L219;1441;88;39;86.0;FABBRICATO;Via Pietro Francesco Guala;95;45.02488047;7.64474249;Abitazione;Dal 1991 al 2000;Nessuno;Patrimonio indisponibile;Utilizzato direttamente;Altro;;;;1;False
696881;L219;1441;88;4;91.0;FABBRICATO;via guala pietro francesco;97;45.02488047;7.64474249;Abitazione;Dal 1991 al 2000;Nessuno;Patrimonio indisponibile;Utilizzato direttamente;Altro;;;;1;False
696882;L219;1441;88;40;89.0;FABBRICATO;via guala pietro francesco;95 A;45.02488047;7.64474249;Abitazione;Dal 1991 al 2000;Nessuno;Patrimonio indisponibile;Utilizzato direttamente;Altro;;;;1;False
696883;L219;1441;88;41;94.0;FABBRICATO;Via Pietro Francesco Guala;95;45.02488047;7.64474249;Abitazione;Dal 1991 al 2000;Nessuno;Patrimonio indisponibile;Utilizzato direttamente;Altro;;;;1;False
696884;L219;1441;88;42;90.0;FABBRICATO;Via Pietro Francesco Guala;95;45.02488047;7.64474249;Abitazione;Dal 1991 al 2000;Nessuno;Patrimonio indisponibile;Utilizzato direttamente;Altro;;;;1;False
696885;L219;1441;88;43;93.0;FABBRICATO;Via Pietro Francesco Guala;95;45.02488047;7.64474249;Abitazione;Dal 1991 al 2000;Nessuno;Patrimonio indisponibile;Utilizzato direttamente;Altro;;;;1;False
696886;L219;1441;88;44;91.0;FABBRICATO;Via Pietro Francesco Guala;95;45.02488047;7.64474249;Abitazione;Dal 1991 al 2000;Nessuno;Patrimonio indisponibile;Utilizzato direttamente;Altro;;;;1;False
696887;L219;1441;88;45;93.0;FABBRICATO;Via Pietro Francesco Guala;95;45.02488047;7.64474249;Abitazione;Dal 1991 al 2000;Nessuno;Patrimonio indisponibile;Utilizzato direttamente;Altro;;;;1;False
696888;L219;1441;88;46;92.0;FABBRICATO;Via Pietro Francesco Guala;95;45.02488047;7.64474249;Abitazione;Dal 1991 al 2000;Nessuno;Patrimonio indisponibile;Utilizzato direttamente;Altro;;;;1;False
696889;L219;1441;88;47;93.0;FABBRICATO;Via Pietro Francesco Guala;95;45.02488047;7.64474249;Abitazione;Dal 1991 al 2000;Nessuno;Patrimonio indisponibile;Utilizzato direttamente;Altro;;;;1;False
696890;L219;1441;88;48;92.0;FABBRICATO;Via Pietro Francesco Guala;95;45.02488047;7.64474249;Abitazione;Dal 1991 al 2000;Nessuno;Patrimonio indisponibile;Utilizzato direttamente;Altro;;;;1;False
696891;L219;1441;88;49;93.0;FABBRICATO;Via Pietro Francesco Guala;95;45.02488047;7.64474249;Abitazione;Dal 1991 al 2000;Nessuno;Patrimonio indisponibile;Utilizzato direttamente;Altro;;;;1;False
696892;L219;1441;88;5;89.0;FABBRICATO;via guala pietro francesco;97;45.02488047;7.64474249;Abitazione;Dal 1991 al 2000;Nessuno;Patrimonio indisponibile;Utilizzato direttamente;Altro;;;;1;False
696893;L219;1441;88;50;91.0;FABBRICATO;Via Pietro Francesco Guala;95;45.02488047;7.64474249;Abitazione;Dal 1991 al 2000;Nessuno;Patrimonio indisponibile;Utilizzato direttamente;Altro;;;;1;False
696894;L219;1441;88;51;93.0;FABBRICATO;Via Pietro Francesco Guala;95;45.02488047;7.64474249;Abitazione;Dal 1991 al 2000;Nessuno;Patrimonio indisponibile;Utilizzato direttamente;Altro;;;;1;False
696895;L219;1441;88;52;94.0;FABBRICATO;Via Giuditta Sidoli;36;45.02488047;7.64474249;Abitazione;Dal 1991 al 2000;Nessuno;Patrimonio indisponibile;Utilizzato direttamente;Altro;;;;1;False
696896;L219;1441;88;53;91.0;FABBRICATO;Via Giuditta Sidoli;36;45.02488047;7.64474249;Abitazione;Dal 1991 al 2000;Nessuno;Patrimonio indisponibile;Utilizzato direttamente;Altro;;;;1;False
696897;L219;1441;88;54;93.0;FABBRICATO;Via Giuditta Sidoli;36;45.02488047;7.64474249;Abitazione;Dal 1991 al 2000;Nessuno;Patrimonio indisponibile;Utilizzato direttamente;Altro;;;;1;False
696898;L219;1441;88;55;88.0;FABBRICATO;Via Giuditta Sidoli;36;45.02488047;7.64474249;Abitazione;Dal 1991 al 2000;Nessuno;Patrimonio indisponibile;Utilizzato direttamente;Altro;;;;1;False
696899;L219;1441;88;56;93.0;FABBRICATO;Via Giuditta Sidoli;36;45.02488047;7.64474249;Abitazione;Dal 1991 al 2000;Nessuno;Patrimonio indisponibile;Utilizzato direttamente;Altro;;;;1;False
696900;L219;1441;88;57;90.0;FABBRICATO;Via Giuditta Sidoli;36;45.02488047;7.64474249;Abitazione;Dal 1991 al 2000;Nessuno;Patrimonio indisponibile;Utilizzato direttamente;Altro;;;;1;False
696901;L219;1441;88;58;93.0;FABBRICATO;Via Giuditta Sidoli;36;45.02488047;7.64474249;Abitazione;Dal 1991 al 2000;Nessuno;Patrimonio indisponibile;Utilizzato direttamente;Altro;;;;1;False
696902;L219;1441;88;59;90.0;FABBRICATO;Via Giuditta Sidoli;36;45.02488047;7.64474249;Abitazione;Dal 1991 al 2000;Nessuno;Patrimonio indisponibile;Utilizzato direttamente;Altro;;;;1;False
696903;L219;1441;88;6;92.0;FABBRICATO;via guala pietro francesco;97;45.02488047;7.64474249;Abitazione;Dal 1991 al 2000;Nessuno;Patrimonio indisponibile;Utilizzato direttamente;Altro;;;;1;False
696904;L219;1441;88;60;92.0;FABBRICATO;Via Giuditta Sidoli;36;45.02488047;7.64474249;Abitazione;Dal 1991 al 2000;Nessuno;Patrimonio indisponibile;Utilizzato direttamente;Altro;;;;1;False
696905;L219;1441;88;61;89.0;FABBRICATO;Via Giuditta Sidoli;36;45.02488047;7.64474249;Abitazione;Dal 1991 al 2000;Nessuno;Patrimonio indisponibile;Utilizzato direttamente;Altro;;;;1;False
696906;L219;1441;88;62;93.0;FABBRICATO;Via Giuditta Sidoli;36;45.02488047;7.64474249;Abitazione;Dal 1991 al 2000;Nessuno;Patrimonio indisponibile;Utilizzato direttamente;Altro;;;;1;False
696907;L219;1441;88;63;89.0;FABBRICATO;Via Giuditta Sidoli;36;45.02488047;7.64474249;Abitazione;Dal 1991 al 2000;Nessuno;Patrimonio indisponibile;Utilizzato direttamente;Altro;;;;1;False
696908;L219;1441;88;64;91.0;FABBRICATO;Via Giuditta Sidoli;36;45.02488047;7.64474249;Abitazione;Dal 1991 al 2000;Nessuno;Patrimonio indisponibile;Utilizzato direttamente;Altro;;;;1;False
696909;L219;1441;88;65;89.0;FABBRICATO;Via Giuditta Sidoli;36;45.02488047;7.64474249;Abitazione;Dal 1991 al 2000;Nessuno;Patrimonio indisponibile;Utilizzato direttamente;Altro;;;;1;False
696910;L219;1441;88;66;88.0;FABBRICATO;Via Giuditta Sidoli;36;45.02488047;7.64474249;Abitazione;Dal 1991 al 2000;Nessuno;Patrimonio indisponibile;Utilizzato direttamente;Altro;;;;1;False
696911;L219;1441;88;67;86.0;FABBRICATO;Via Giuditta Sidoli;36;45.02488047;7.64474249;Abitazione;Dal 1991 al 2000;Nessuno;Patrimonio indisponibile;Utilizzato direttamente;Altro;;;;1;False
696912;L219;1441;88;68;88.0;FABBRICATO;Via Giuditta Sidoli;36;45.02488047;7.64474249;Abitazione;Dal 1991 al 2000;Nessuno;Patrimonio indisponibile;Utilizzato direttamente;Altro;;;;1;False
696913;L219;1441;88;69;87.0;FABBRICATO;Via Giuditta Sidoli;36;45.02488047;7.64474249;Abitazione;Dal 1991 al 2000;Nessuno;Patrimonio indisponibile;Utilizzato direttamente;Altro;;;;1;False
696914;L219;1441;88;7;89.0;FABBRICATO;via guala pietro francesco;97;45.02488047;7.64474249;Abitazione;Dal 1991 al 2000;Nessuno;Patrimonio indisponibile;Utilizzato direttamente;Altro;;;;1;False
696915;L219;1441;88;70;87.0;FABBRICATO;Via Giuditta Sidoli;36;45.02488047;7.64474249;Abitazione;Dal 1991 al 2000;Nessuno;Patrimonio indisponibile;Utilizzato direttamente;Altro;;;;1;False
696916;L219;1441;88;71;86.0;FABBRICATO;Via Giuditta Sidoli;36;45.02488047;7.64474249;Abitazione;Dal 1991 al 2000;Nessuno;Patrimonio indisponibile;Utilizzato direttamente;Altro;;;;1;False
696917;L219;1441;88;72;87.0;FABBRICATO;Via Giuditta Sidoli;36;45.02488047;7.64474249;Abitazione;Dal 1991 al 2000;Nessuno;Patrimonio indisponibile;Utilizzato direttamente;Altro;;;;1;False
696918;L219;1441;88;73;86.0;FABBRICATO;Via Giuditta Sidoli;36;45.02488047;7.64474249;Abitazione;Dal 1991 al 2000;Nessuno;Patrimonio indisponibile;Utilizzato direttamente;Altro;;;;1;False
696919;L219;1441;88;74;87.0;FABBRICATO;Via Giuditta Sidoli;36;45.02488047;7.64474249;Abitazione;Dal 1991 al 2000;Nessuno;Patrimonio indisponibile;Utilizzato direttamente;Altro;;;;1;False
696920;L219;1441;88;75;87.0;FABBRICATO;Via Giuditta Sidoli;36;45.02488047;7.64474249;Abitazione;Dal 1991 al 2000;Nessuno;Patrimonio indisponibile;Utilizzato direttamente;Altro;;;;1;False
696921;L219;1441;88;76;89.0;FABBRICATO;Via Giuditta Sidoli;34;45.02488047;7.64474249;Abitazione;Dal 1991 al 2000;Nessuno;Patrimonio indisponibile;Utilizzato direttamente;Altro;;;;1;False
696922;L219;1441;88;77;85.0;FABBRICATO;Via Giuditta Sidoli;34;45.02488047;7.64474249;Abitazione;Dal 1991 al 2000;Nessuno;Patrimonio indisponibile;Utilizzato direttamente;Altro;;;;1;False
696923;L219;1441;88;78;86.0;FABBRICATO;Via Giuditta Sidoli;34;45.02488047;7.64474249;Abitazione;Dal 1991 al 2000;Nessuno;Patrimonio indisponibile;Utilizzato direttamente;Altro;;;;1;False
696924;L219;1441;88;79;88.0;FABBRICATO;Via Giuditta Sidoli;34;45.02488047;7.64474249;Abitazione;Dal 1991 al 2000;Nessuno;Patrimonio indisponibile;Utilizzato direttamente;Altro;;;;1;False
696925;L219;1441;88;8;93.0;FABBRICATO;via guala pietro francesco;97;45.02488047;7.64474249;Abitazione;Dal 1991 al 2000;Nessuno;Patrimonio indisponibile;Utilizzato direttamente;Altro;;;;1;False
696926;L219;1441;88;80;87.0;FABBRICATO;Via Giuditta Sidoli;34;45.02488047;7.64474249;Abitazione;Dal 1991 al 2000;Nessuno;Patrimonio indisponibile;Utilizzato direttamente;Altro;;;;1;False
696927;L219;1441;88;81;88.0;FABBRICATO;Via Giuditta Sidoli;34;45.02488047;7.64474249;Abitazione;Dal 1991 al 2000;Nessuno;Patrimonio indisponibile;Utilizzato direttamente;Altro;;;;1;False
696928;L219;1441;88;82;87.0;FABBRICATO;Via Giuditta Sidoli;34;45.02488047;7.64474249;Abitazione;Dal 1991 al 2000;Nessuno;Patrimonio indisponibile;Utilizzato direttamente;Altro;;;;1;False
696929;L219;1441;88;83;86.0;FABBRICATO;Via Giuditta Sidoli;34;45.02488047;7.64474249;Abitazione;Dal 1991 al 2000;Nessuno;Patrimonio indisponibile;Utilizzato direttamente;Altro;;;;1;False
696930;L219;1441;88;84;87.0;FABBRICATO;Via Giuditta Sidoli;34;45.02488047;7.64474249;Abitazione;Dal 1991 al 2000;Nessuno;Patrimonio indisponibile;Utilizzato direttamente;Altro;;;;1;False
696931;L219;1441;88;85;87.0;FABBRICATO;Via Giuditta Sidoli;34;45.02488047;7.64474249;Abitazione;Dal 1991 al 2000;Nessuno;Patrimonio indisponibile;Utilizzato direttamente;Altro;;;;1;False
696932;L219;1441;88;86;86.0;FABBRICATO;Via Giuditta Sidoli;34;45.02488047;7.64474249;Abitazione;Dal 1991 al 2000;Nessuno;Patrimonio indisponibile;Utilizzato direttamente;Altro;;;;1;False
696933;L219;1441;88;87;87.0;FABBRICATO;Via Giuditta Sidoli;34;45.02488047;7.64474249;Abitazione;Dal 1991 al 2000;Nessuno;Patrimonio indisponibile;Utilizzato direttamente;Altro;;;;1;False
696934;L219;1441;88;88;89.0;FABBRICATO;Via Giuditta Sidoli;34;45.02488047;7.64474249;Abitazione;Dal 1991 al 2000;Nessuno;Patrimonio indisponibile;Utilizzato direttamente;Altro;;;;1;False
696935;L219;1441;88;89;91.0;FABBRICATO;Via Giuditta Sidoli;34;45.02488047;7.64474249;Abitazione;Dal 1991 al 2000;Nessuno;Patrimonio indisponibile;Utilizzato direttamente;Altro;;;;1;False
696936;L219;1441;88;9;89.0;FABBRICATO;via guala pietro francesco;97;45.02488047;7.64474249;Abitazione;Dal 1991 al 2000;Nessuno;Patrimonio indisponibile;Utilizzato direttamente;Altro;;;;1;False
696937;L219;1441;88;90;89.0;FABBRICATO;Via Giuditta Sidoli;34;45.02488047;7.64474249;Abitazione;Dal 1991 al 2000;Nessuno;Patrimonio indisponibile;Utilizzato direttamente;Altro;;;;1;False
696938;L219;1441;88;91;93.0;FABBRICATO;Via Giuditta Sidoli;34;45.02488047;7.64474249;Abitazione;Dal 1991 al 2000;Nessuno;Patrimonio indisponibile;Utilizzato direttamente;Altro;;;;1;False
696939;L219;1441;88;92;89.0;FABBRICATO;Via Giuditta Sidoli;34;45.02488047;7.64474249;Abitazione;Dal 1991 al 2000;Nessuno;Patrimonio indisponibile;Utilizzato direttamente;Altro;;;;1;False
696940;L219;1441;88;93;93.0;FABBRICATO;Via Giuditta Sidoli;34;45.02488047;7.64474249;Abitazione;Dal 1991 al 2000;Nessuno;Patrimonio indisponibile;Utilizzato direttamente;Altro;;;;1;False
696941;L219;1441;88;94;87.0;FABBRICATO;Via Giuditta Sidoli;34;45.02488047;7.64474249;Abitazione;Dal 1991 al 2000;Nessuno;Patrimonio indisponibile;Utilizzato direttamente;Altro;;;;1;False
696942;L219;1441;88;95;92.0;FABBRICATO;Via Giuditta Sidoli;34;45.02488047;7.64474249;Abitazione;Dal 1991 al 2000;Nessuno;Patrimonio indisponibile;Utilizzato direttamente;Altro;;;;1;False
696943;L219;1441;88;96;89.0;FABBRICATO;Via Giuditta Sidoli;34;45.02488047;7.64474249;Abitazione;Dal 1991 al 2000;Nessuno;Patrimonio indisponibile;Utilizzato direttamente;Altro;;;;1;False
696944;L219;1441;88;97;94.0;FABBRICATO;Via Giuditta Sidoli;34;45.02488047;7.64474249;Abitazione;Dal 1991 al 2000;Nessuno;Patrimonio indisponibile;Utilizzato direttamente;Altro;;;;1;False
696945;L219;1441;88;98;91.0;FABBRICATO;Via Giuditta Sidoli;34;45.02488047;7.64474249;Abitazione;Dal 1991 al 2000;Nessuno;Patrimonio indisponibile;Utilizzato direttamente;Altro;;;;1;False
696946;L219;1441;88;99;93.0;FABBRICATO;Via Giuditta Sidoli;34;45.02488047;7.64474249;Abitazione;Dal 1991 al 2000;Nessuno;Patrimonio indisponibile;Utilizzato direttamente;Altro;;;;1;False
696947;L219;1278;13;;935.0;FABBRICATO;via guastalla;24;45.0708483;7.69855;Impianto sportivo;Dal 1919 al 1945;Dichiarazione di interesse culturale;Demanio;Utilizzato direttamente;Attività sportiva, ricreativa e di intrattenimento;;;;1;False
696948;L219;1278;17;1;5682.75;FABBRICATO;Via Michele Buniva;17;45.070521;7.6986599;Edificio scolastico (es.: scuola di ogni ordine e grado, università, scuola di formazione);Dal 1919 al 1945;Dichiarazione di interesse culturale;Demanio;Utilizzato direttamente;Attività didattica;;;;1;False
696949;L219;1278;17;2;64.0;FABBRICATO;Via Michele Buniva;17;45.070521;7.6986599;Abitazione;Dal 1919 al 1945;Dichiarazione di interesse culturale;Demanio;Utilizzato direttamente;Alloggio di servizio, foresterie;;;;1;False
696950;L219;1278;17;3;64.0;FABBRICATO;Via Michele Buniva;17;45.070521;7.6986599;Abitazione;Dal 1919 al 1945;Dichiarazione di interesse culturale;Demanio;Utilizzato direttamente;Alloggio di servizio, foresterie;;;;1;False
696951;L219;1278;17;4;80.0;FABBRICATO;Via Michele Buniva;17;45.070521;7.6986599;Abitazione;Dal 1919 al 1945;Dichiarazione di interesse culturale;Demanio;Utilizzato direttamente;Alloggio di servizio, foresterie;;;;1;False
696952;L219;1278;238;25;88.0;FABBRICATO;corso s. maurizio;71;45.0670573;7.6983522;Abitazione;Prima del 1919;Nessuno;Patrimonio indisponibile;Utilizzato direttamente;Altro;;;;1;False
696953;L219;1278;309;10;72.0;FABBRICATO;MURAZZI DEL PO;10;45.065446;7.6987344;Magazzino e locali di deposito;Prima del 1919;Dichiarazione di interesse culturale;Demanio;Utilizzato direttamente;Attività commerciale e di ristorazione;;;;1;False
696955;L219;1278;309;12;128.0;FABBRICATO;Murazzi del Po Gipo Farassino;22;45.065446;7.6987344;Magazzino e locali di deposito;Prima del 1919;Dichiarazione di interesse culturale;Demanio;Utilizzato direttamente;Attività commerciale e di ristorazione;;;;1;False
696956;L219;1278;309;9;136.0;FABBRICATO;Murazzi del Po Gipo Farassino;34;45.065446;7.6987344;Magazzino e locali di deposito;Prima del 1919;Dichiarazione di interesse culturale;Demanio;Utilizzato direttamente;Attività commerciale e di ristorazione;;;;1;False
696957;L219;1279;163;1;1415.2;FABBRICATO;Via Giulia di Barolo;6;45.0664562;7.6958334;Caserma;Dal 1971 al 1980;Nessuno;Patrimonio disponibile;Utilizzato direttamente;Servizi ordine pubblico, sicurezza nazionale e militare;;;;1;False
696958;L219;1279;163;2;125.0;FABBRICATO;Via Giulia di Barolo;6;45.0664562;7.6958334;Abitazione;Dal 1971 al 1980;Nessuno;Patrimonio disponibile;Utilizzato direttamente;Servizi ordine pubblico, sicurezza nazionale e militare;;;;1;False
696959;L219;1279;163;3;194.0;FABBRICATO;Via Giulia di Barolo;6;45.0664562;7.6958334;Abitazione;Dal 1971 al 1980;Nessuno;Patrimonio disponibile;Utilizzato direttamente;Servizi ordine pubblico, sicurezza nazionale e militare;;;;1;False
696960;L219;1279;17;2;100.0;FABBRICATO;via verdi giuseppe;53;45.0670706;7.6965336;Ufficio strutturato ed assimilabili;Dal 1946 al 1960;Nessuno;Patrimonio indisponibile;;Non Dichiarato;in concessione a titolo oneroso;2535.0;01/10/2022;1;False
696961;L219;1279;170;10;153.0;FABBRICATO;via vanchiglia;3;45.0666005;7.6963094;Abitazione;Prima del 1919;Dichiarazione di interesse culturale;Demanio;;Non Dichiarato;in concessione a titolo oneroso;9505.0;01/04/2017;1;False
696962;L219;1279;170;11;37.0;FABBRICATO;via vanchiglia;3;45.0666005;7.6963094;Abitazione;Prima del 1919;Dichiarazione di interesse culturale;Demanio;Utilizzato direttamente;Altro;;;;1;False
696963;L219;1279;170;12;35.0;FABBRICATO;Via Giuseppe Verdi;32;45.0666005;7.6963094;Abitazione;Prima del 1919;Dichiarazione di interesse culturale;Demanio;Utilizzato direttamente;Altro;;;;1;False
696964;L219;1279;170;13;24.0;FABBRICATO;Via Giuseppe Verdi;32;45.0666005;7.6963094;Abitazione;Prima del 1919;Dichiarazione di interesse culturale;Demanio;Utilizzato direttamente;Altro;;;;1;False
696965;L219;1279;170;14;39.0;FABBRICATO;via vanchiglia;3;45.0666005;7.6963094;Abitazione;Prima del 1919;Dichiarazione di interesse culturale;Demanio;Utilizzato direttamente;Altro;;;;1;False
696966;L219;1279;170;15;56.0;FABBRICATO;via vanchiglia;3;45.0666005;7.6963094;Abitazione;Prima del 1919;Dichiarazione di interesse culturale;Demanio;Utilizzato direttamente;Altro;;;;1;False
696967;L219;1279;170;16;40.0;FABBRICATO;via vanchiglia;3;45.0666005;7.6963094;Abitazione;Prima del 1919;Dichiarazione di interesse culturale;Demanio;Utilizzato direttamente;Altro;;;;1;False
696968;L219;1279;170;17;124.0;FABBRICATO;via giulia di barolo;8;45.0666005;7.6963094;Abitazione;Dal 1971 al 1980;Nessuno;Patrimonio indisponibile;Utilizzato direttamente;Alloggio di servizio, foresterie;;;;1;False
696969;L219;1279;170;18;4116.5;FABBRICATO;via giulia di barolo;8;45.0666005;7.6963094;Edificio scolastico (es.: scuola di ogni ordine e grado, università, scuola di formazione);Dal 1971 al 1980;Nessuno;Patrimonio indisponibile;Utilizzato direttamente;Attività didattica;;;;1;False
696970;L219;1279;170;4;128.57;FABBRICATO;Via Giuseppe Verdi;32;45.0666005;7.6963094;Ufficio strutturato ed assimilabili;Prima del 1919;Dichiarazione di interesse culturale;Demanio;Utilizzato direttamente;Altro;;;;1;False
696971;L219;1279;170;5;410.0;FABBRICATO;Via Giuseppe Verdi;32;45.0666005;7.6963094;Ufficio strutturato ed assimilabili;Prima del 1919;Dichiarazione di interesse culturale;Demanio;Utilizzato direttamente;Altro;;;;1;False
696972;L219;1279;170;6;122.86;FABBRICATO;Via Giuseppe Verdi;32;45.0666005;7.6963094;Ufficio strutturato ed assimilabili;Prima del 1919;Dichiarazione di interesse culturale;Demanio;Utilizzato direttamente;Altro;;;;1;False
696973;L219;1279;170;7;532.86;FABBRICATO;Via Giuseppe Verdi;32;45.0666005;7.6963094;Ufficio strutturato ed assimilabili;Prima del 1919;Dichiarazione di interesse culturale;Demanio;;Non Dichiarato;in concessione a titolo oneroso;2647.0;01/12/2016;1;False
696974;L219;1279;170;8;80.0;FABBRICATO;via vanchiglia;3;45.0666005;7.6963094;Abitazione;Prima del 1919;Dichiarazione di interesse culturale;Demanio;;Non Dichiarato;in concessione a titolo oneroso;2775.0;07/10/2020;1;False
696975;L219;1279;170;9;80.0;FABBRICATO;Via Vanchiglia;3;45.0666005;7.6963094;Abitazione;Prima del 1919;Dichiarazione di interesse culturale;Demanio;;Non Dichiarato;in concessione a titolo oneroso;1779.0;01/06/2022;1;False
696978;L219;1279;207;3;77.0;FABBRICATO;Murazzi del Po Gipo Farassino;14;45.0652143;7.6982979;Magazzino e locali di deposito;Prima del 1919;Dichiarazione di interesse culturale;Demanio;Utilizzato direttamente;Attività commerciale e di ristorazione;;;;1;False
696979;L219;1279;207;4;73.0;FABBRICATO;Murazzi del Po Gipo Farassino;22;45.0652143;7.6982979;Magazzino e locali di deposito;Prima del 1919;Dichiarazione di interesse culturale;Demanio;Utilizzato direttamente;Attività commerciale e di ristorazione;;;;1;False
696980;L219;1279;207;6;79.0;FABBRICATO;Murazzi del Po Gipo Farassino;22;45.0652143;7.6982979;Magazzino e locali di deposito;Prima del 1919;Dichiarazione di interesse culturale;Demanio;Utilizzato direttamente;Attività commerciale e di ristorazione;;;;1;False
696982;L219;1144;97;22;64.0;FABBRICATO;Via Renato Wuillermin;1;45.09306601;7.71530101;Abitazione;Dal 1919 al 1945;Nessuno;Patrimonio indisponibile;Utilizzato direttamente;Altro;;;;1;False
696984;L219;1281;149;10;64.0;FABBRICATO;Via Cavour;12;45.0639128;7.6901187;Abitazione;Prima del 1919;Dichiarazione di interesse culturale;Demanio;Utilizzato direttamente;Alloggio di servizio, foresterie;;;;1;False
696985;L219;1281;149;11;16.0;FABBRICATO;Via Cavour;12;45.0639128;7.6901187;Abitazione;Prima del 1919;Dichiarazione di interesse culturale;Demanio;Utilizzato direttamente;Alloggio di servizio, foresterie;;;;1;False
696986;L219;1281;149;12;16.0;FABBRICATO;Via Cavour;12;45.0639128;7.6901187;Abitazione;Prima del 1919;Dichiarazione di interesse culturale;Demanio;Utilizzato direttamente;Alloggio di servizio, foresterie;;;;1;False
696987;L219;1281;149;13;32.0;FABBRICATO;Via Cavour;12;45.0639128;7.6901187;Abitazione;Prima del 1919;Dichiarazione di interesse culturale;Demanio;Utilizzato direttamente;Alloggio di servizio, foresterie;;;;1;False
696988;L219;1281;149;14;32.0;FABBRICATO;Via Cavour;12;45.0639128;7.6901187;Abitazione;Prima del 1919;Dichiarazione di interesse culturale;Demanio;Utilizzato direttamente;Alloggio di servizio, foresterie;;;;1;False
696989;L219;1281;149;15;16.0;FABBRICATO;Via Cavour;12;45.0639128;7.6901187;Abitazione;Prima del 1919;Dichiarazione di interesse culturale;Demanio;Utilizzato direttamente;Alloggio di servizio, foresterie;;;;1;False
696990;L219;1281;149;16;64.0;FABBRICATO;Via Cavour;12;45.0639128;7.6901187;Abitazione;Prima del 1919;Dichiarazione di interesse culturale;Demanio;Utilizzato direttamente;Alloggio di servizio, foresterie;;;;1;False
696991;L219;1281;149;17;40.0;FABBRICATO;Via Cavour;12;45.0639128;7.6901187;Ufficio strutturato ed assimilabili;Prima del 1919;Dichiarazione di interesse culturale;Demanio;Utilizzato direttamente;Attività amministrativa/uffici pubblici;;;;1;False
696992;L219;1281;149;18;48.0;FABBRICATO;Via Cavour;12;45.0639128;7.6901187;Abitazione;Prima del 1919;Dichiarazione di interesse culturale;Demanio;Utilizzato direttamente;Alloggio di servizio, foresterie;;;;1;False
696993;L219;1281;149;19;144.0;FABBRICATO;Via Cavour;12;45.0639128;7.6901187;Ufficio strutturato ed assimilabili;Prima del 1919;Dichiarazione di interesse culturale;Demanio;Utilizzato direttamente;Attività amministrativa/uffici pubblici;;;;1;False
696994;L219;1281;149;2;562.0;FABBRICATO;Via Cavour;12;45.0639128;7.6901187;Fabbricato per attività produttiva (industriale, artigianale o agricola);Prima del 1919;Dichiarazione di interesse culturale;Demanio;Utilizzato direttamente;Attività didattica;;;;1;False
696995;L219;1281;149;20;190.0;FABBRICATO;Via Cavour;12;45.0639128;7.6901187;Magazzino e locali di deposito;Prima del 1919;Dichiarazione di interesse culturale;Demanio;Utilizzato direttamente;Attività didattica;;;;1;False
696996;L219;1281;149;21;79.0;FABBRICATO;Via Cavour;12;45.0639128;7.6901187;Magazzino e locali di deposito;Prima del 1919;Dichiarazione di interesse culturale;Demanio;Utilizzato direttamente;Attività didattica;;;;1;False
696997;L219;1281;149;3;16.0;FABBRICATO;Via Cavour;12;45.0639128;7.6901187;Ufficio strutturato ed assimilabili;Prima del 1919;Dichiarazione di interesse culturale;Demanio;Utilizzato direttamente;Attività amministrativa/uffici pubblici;;;;1;False
696998;L219;1281;149;4;16.0;FABBRICATO;Via Cavour;12;45.0639128;7.6901187;Cantina, soffitta, rimessa, box, garage, posto auto aperto/scoperto,;Prima del 1919;Dichiarazione di interesse culturale;Demanio;Utilizzato direttamente;Attività didattica;;;;1;False
696999;L219;1281;149;5;384.0;FABBRICATO;Via Cavour;12;45.0639128;7.6901187;Ufficio strutturato ed assimilabili;Prima del 1919;Dichiarazione di interesse culturale;Demanio;Utilizzato direttamente;Attività amministrativa/uffici pubblici;;;;1;False
697000;L219;1281;149;6;4943.0;FABBRICATO;Via Cavour;12;45.0639128;7.6901187;Ufficio strutturato ed assimilabili;Prima del 1919;Dichiarazione di interesse culturale;Demanio;Utilizzato direttamente;Attività amministrativa/uffici pubblici;;;;1;False
697001;L219;1281;149;7;104.0;FABBRICATO;Via Cavour;12;45.0639128;7.6901187;Abitazione;Prima del 1919;Dichiarazione di interesse culturale;Demanio;Utilizzato direttamente;Alloggio di servizio, foresterie;;;;1;False
697002;L219;1281;149;9;96.0;FABBRICATO;Via Cavour;12;45.0639128;7.6901187;Abitazione;Prima del 1919;Dichiarazione di interesse culturale;Demanio;Utilizzato direttamente;Alloggio di servizio, foresterie;;;;1;False
697004;L219;1281;192;;4.0;FABBRICATO;PIAZZETTA MADONNA DEGLI ANGELI;SNC;45.0649019;7.6836092;Locale commerciale, negozio;Dal 1946 al 1960;Nessuno;Patrimonio indisponibile;Utilizzato direttamente;Attività commerciale e di ristorazione;;;;1;False
697006;L219;1282;171;10;13.0;FABBRICATO;via roma;247;45.0666084;7.681704;Cantina, soffitta, rimessa, box, garage, posto auto aperto/scoperto,;Dal 1919 al 1945;Nessuno;Patrimonio indisponibile;Utilizzato direttamente;Attività commerciale e di ristorazione;;;;1;False
697007;L219;1282;171;100;15.0;FABBRICATO;via roma;247;45.0666084;7.681704;Cantina, soffitta, rimessa, box, garage, posto auto aperto/scoperto,;Dal 1919 al 1945;Nessuno;Patrimonio indisponibile;Utilizzato direttamente;Attività commerciale e di ristorazione;;;;1;False
697008;L219;1282;171;101;14.0;FABBRICATO;via roma;247;45.0666084;7.681704;Cantina, soffitta, rimessa, box, garage, posto auto aperto/scoperto,;Dal 1919 al 1945;Nessuno;Patrimonio indisponibile;Utilizzato direttamente;Attività commerciale e di ristorazione;;;;1;False
697009;L219;1282;171;102;13.0;FABBRICATO;via roma;247;45.0666084;7.681704;Cantina, soffitta, rimessa, box, garage, posto auto aperto/scoperto,;Dal 1919 al 1945;Nessuno;Patrimonio indisponibile;Utilizzato direttamente;Attività commerciale e di ristorazione;;;;1;False
697010;L219;1282;171;103;12.0;FABBRICATO;via roma;247;45.0666084;7.681704;Cantina, soffitta, rimessa, box, garage, posto auto aperto/scoperto,;Dal 1919 al 1945;Nessuno;Patrimonio indisponibile;Utilizzato direttamente;Attività commerciale e di ristorazione;;;;1;False
697011;L219;1282;171;104;16.0;FABBRICATO;via roma;247;45.0666084;7.681704;Cantina, soffitta, rimessa, box, garage, posto auto aperto/scoperto,;Dal 1919 al 1945;Nessuno;Patrimonio indisponibile;Utilizzato direttamente;Attività commerciale e di ristorazione;;;;1;False
697012;L219;1282;171;105;18.0;FABBRICATO;via roma;247;45.0666084;7.681704;Cantina, soffitta, rimessa, box, garage, posto auto aperto/scoperto,;Dal 1919 al 1945;Nessuno;Patrimonio indisponibile;Utilizzato direttamente;Attività commerciale e di ristorazione;;;;1;False
697013;L219;1282;171;106;18.0;FABBRICATO;via roma;247;45.0666084;7.681704;Cantina, soffitta, rimessa, box, garage, posto auto aperto/scoperto,;Dal 1919 al 1945;Nessuno;Patrimonio indisponibile;Utilizzato direttamente;Attività commerciale e di ristorazione;;;;1;False
697014;L219;1282;171;107;16.0;FABBRICATO;via roma;247;45.0666084;7.681704;Cantina, soffitta, rimessa, box, garage, posto auto aperto/scoperto,;Dal 1919 al 1945;Nessuno;Patrimonio indisponibile;Utilizzato direttamente;Attività commerciale e di ristorazione;;;;1;False
697015;L219;1282;171;108;16.0;FABBRICATO;via roma;247;45.0666084;7.681704;Cantina, soffitta, rimessa, box, garage, posto auto aperto/scoperto,;Dal 1919 al 1945;Nessuno;Patrimonio indisponibile;Utilizzato direttamente;Attività commerciale e di ristorazione;;;;1;False
697016;L219;1282;171;109;16.0;FABBRICATO;via roma;247;45.0666084;7.681704;Cantina, soffitta, rimessa, box, garage, posto auto aperto/scoperto,;Dal 1919 al 1945;Nessuno;Patrimonio indisponibile;Utilizzato direttamente;Attività commerciale e di ristorazione;;;;1;False
697017;L219;1282;171;11;13.0;FABBRICATO;via roma;247;45.0666084;7.681704;Cantina, soffitta, rimessa, box, garage, posto auto aperto/scoperto,;Dal 1919 al 1945;Nessuno;Patrimonio indisponibile;Utilizzato direttamente;Attività commerciale e di ristorazione;;;;1;False
697018;L219;1282;171;110;17.0;FABBRICATO;via roma;247;45.0666084;7.681704;Cantina, soffitta, rimessa, box, garage, posto auto aperto/scoperto,;Dal 1919 al 1945;Nessuno;Patrimonio indisponibile;Utilizzato direttamente;Attività commerciale e di ristorazione;;;;1;False
697019;L219;1282;171;111;13.0;FABBRICATO;via roma;247;45.0666084;7.681704;Cantina, soffitta, rimessa, box, garage, posto auto aperto/scoperto,;Dal 1919 al 1945;Nessuno;Patrimonio indisponibile;Utilizzato direttamente;Attività commerciale e di ristorazione;;;;1;False
697020;L219;1282;171;112;7.0;FABBRICATO;via roma;247;45.0666084;7.681704;Cantina, soffitta, rimessa, box, garage, posto auto aperto/scoperto,;Dal 1919 al 1945;Nessuno;Patrimonio indisponibile;Utilizzato direttamente;Attività commerciale e di ristorazione;;;;1;False
697021;L219;1282;171;114;14.0;FABBRICATO;via roma;247;45.0666084;7.681704;Cantina, soffitta, rimessa, box, garage, posto auto aperto/scoperto,;Dal 1919 al 1945;Nessuno;Patrimonio indisponibile;Utilizzato direttamente;Attività commerciale e di ristorazione;;;;1;False
697022;L219;1282;171;115;13.0;FABBRICATO;via roma;247;45.0666084;7.681704;Cantina, soffitta, rimessa, box, garage, posto auto aperto/scoperto,;Dal 1919 al 1945;Nessuno;Patrimonio indisponibile;Utilizzato direttamente;Attività commerciale e di ristorazione;;;;1;False
697023;L219;1282;171;116;15.0;FABBRICATO;via roma;247;45.0666084;7.681704;Cantina, soffitta, rimessa, box, garage, posto auto aperto/scoperto,;Dal 1919 al 1945;Nessuno;Patrimonio indisponibile;Utilizzato direttamente;Attività commerciale e di ristorazione;;;;1;False
697024;L219;1282;171;117;18.0;FABBRICATO;via roma;247;45.0666084;7.681704;Cantina, soffitta, rimessa, box, garage, posto auto aperto/scoperto,;Dal 1919 al 1945;Nessuno;Patrimonio indisponibile;Utilizzato direttamente;Attività commerciale e di ristorazione;;;;1;False
697025;L219;1282;171;118;17.0;FABBRICATO;via roma;247;45.0666084;7.681704;Cantina, soffitta, rimessa, box, garage, posto auto aperto/scoperto,;Dal 1919 al 1945;Nessuno;Patrimonio indisponibile;Utilizzato direttamente;Attività commerciale e di ristorazione;;;;1;False
697026;L219;1282;171;119;18.0;FABBRICATO;via roma;247;45.0666084;7.681704;Cantina, soffitta, rimessa, box, garage, posto auto aperto/scoperto,;Dal 1919 al 1945;Nessuno;Patrimonio indisponibile;Utilizzato direttamente;Attività commerciale e di ristorazione;;;;1;False
697027;L219;1282;171;12;13.0;FABBRICATO;via roma;247;45.0666084;7.681704;Cantina, soffitta, rimessa, box, garage, posto auto aperto/scoperto,;Dal 1919 al 1945;Nessuno;Patrimonio indisponibile;Utilizzato direttamente;Attività commerciale e di ristorazione;;;;1;False
697028;L219;1282;171;120;17.0;FABBRICATO;via roma;247;45.0666084;7.681704;Cantina, soffitta, rimessa, box, garage, posto auto aperto/scoperto,;Dal 1919 al 1945;Nessuno;Patrimonio indisponibile;Utilizzato direttamente;Attività commerciale e di ristorazione;;;;1;False
697029;L219;1282;171;121;18.0;FABBRICATO;via roma;247;45.0666084;7.681704;Cantina, soffitta, rimessa, box, garage, posto auto aperto/scoperto,;Dal 1919 al 1945;Nessuno;Patrimonio indisponibile;Utilizzato direttamente;Attività commerciale e di ristorazione;;;;1;False
697030;L219;1282;171;122;17.0;FABBRICATO;via roma;247;45.0666084;7.681704;Cantina, soffitta, rimessa, box, garage, posto auto aperto/scoperto,;Dal 1919 al 1945;Nessuno;Patrimonio indisponibile;Utilizzato direttamente;Attività commerciale e di ristorazione;;;;1;False
697031;L219;1282;171;123;18.0;FABBRICATO;via roma;247;45.0666084;7.681704;Cantina, soffitta, rimessa, box, garage, posto auto aperto/scoperto,;Dal 1919 al 1945;Nessuno;Patrimonio indisponibile;Utilizzato direttamente;Attività commerciale e di ristorazione;;;;1;False
697032;L219;1282;171;124;13.0;FABBRICATO;via roma;247;45.0666084;7.681704;Cantina, soffitta, rimessa, box, garage, posto auto aperto/scoperto,;Dal 1919 al 1945;Nessuno;Patrimonio indisponibile;Utilizzato direttamente;Attività commerciale e di ristorazione;;;;1;False
697033;L219;1282;171;125;14.0;FABBRICATO;via roma;247;45.0666084;7.681704;Cantina, soffitta, rimessa, box, garage, posto auto aperto/scoperto,;Dal 1919 al 1945;Nessuno;Patrimonio indisponibile;Utilizzato direttamente;Attività commerciale e di ristorazione;;;;1;False
697034;L219;1282;171;126;16.0;FABBRICATO;via roma;247;45.0666084;7.681704;Cantina, soffitta, rimessa, box, garage, posto auto aperto/scoperto,;Dal 1919 al 1945;Nessuno;Patrimonio indisponibile;Utilizzato direttamente;Attività commerciale e di ristorazione;;;;1;False
697035;L219;1282;171;127;18.0;FABBRICATO;via roma;247;45.0666084;7.681704;Cantina, soffitta, rimessa, box, garage, posto auto aperto/scoperto,;Dal 1919 al 1945;Nessuno;Patrimonio indisponibile;Utilizzato direttamente;Attività commerciale e di ristorazione;;;;1;False
697036;L219;1282;171;128;16.0;FABBRICATO;via roma;247;45.0666084;7.681704;Cantina, soffitta, rimessa, box, garage, posto auto aperto/scoperto,;Dal 1919 al 1945;Nessuno;Patrimonio indisponibile;Utilizzato direttamente;Attività commerciale e di ristorazione;;;;1;False
697037;L219;1282;171;129;18.0;FABBRICATO;via roma;247;45.0666084;7.681704;Cantina, soffitta, rimessa, box, garage, posto auto aperto/scoperto,;Dal 1919 al 1945;Nessuno;Patrimonio indisponibile;Utilizzato direttamente;Attività commerciale e di ristorazione;;;;1;False
697038;L219;1282;171;13;13.0;FABBRICATO;via roma;247;45.0666084;7.681704;Cantina, soffitta, rimessa, box, garage, posto auto aperto/scoperto,;Dal 1919 al 1945;Nessuno;Patrimonio indisponibile;Utilizzato direttamente;Attività commerciale e di ristorazione;;;;1;False
697039;L219;1282;171;130;16.0;FABBRICATO;via roma;247;45.0666084;7.681704;Cantina, soffitta, rimessa, box, garage, posto auto aperto/scoperto,;Dal 1919 al 1945;Nessuno;Patrimonio indisponibile;Utilizzato direttamente;Attività commerciale e di ristorazione;;;;1;False
697040;L219;1282;171;131;18.0;FABBRICATO;via roma;247;45.0666084;7.681704;Cantina, soffitta, rimessa, box, garage, posto auto aperto/scoperto,;Dal 1919 al 1945;Nessuno;Patrimonio indisponibile;Utilizzato direttamente;Attività commerciale e di ristorazione;;;;1;False
697041;L219;1282;171;132;16.0;FABBRICATO;via roma;247;45.0666084;7.681704;Cantina, soffitta, rimessa, box, garage, posto auto aperto/scoperto,;Dal 1919 al 1945;Nessuno;Patrimonio indisponibile;Utilizzato direttamente;Attività commerciale e di ristorazione;;;;1;False
697042;L219;1282;171;133;20.0;FABBRICATO;via roma;247;45.0666084;7.681704;Cantina, soffitta, rimessa, box, garage, posto auto aperto/scoperto,;Dal 1919 al 1945;Nessuno;Patrimonio indisponibile;Utilizzato direttamente;Attività commerciale e di ristorazione;;;;1;False
697043;L219;1282;171;134;17.0;FABBRICATO;via roma;247;45.0666084;7.681704;Cantina, soffitta, rimessa, box, garage, posto auto aperto/scoperto,;Dal 1919 al 1945;Nessuno;Patrimonio indisponibile;Utilizzato direttamente;Attività commerciale e di ristorazione;;;;1;False
697044;L219;1282;171;135;17.0;FABBRICATO;via roma;247;45.0666084;7.681704;Cantina, soffitta, rimessa, box, garage, posto auto aperto/scoperto,;Dal 1919 al 1945;Nessuno;Patrimonio indisponibile;Utilizzato direttamente;Attività commerciale e di ristorazione;;;;1;False
697045;L219;1282;171;136;15.0;FABBRICATO;via roma;247;45.0666084;7.681704;Cantina, soffitta, rimessa, box, garage, posto auto aperto/scoperto,;Dal 1919 al 1945;Nessuno;Patrimonio indisponibile;Utilizzato direttamente;Attività commerciale e di ristorazione;;;;1;False
697046;L219;1282;171;137;16.0;FABBRICATO;via roma;247;45.0666084;7.681704;Cantina, soffitta, rimessa, box, garage, posto auto aperto/scoperto,;Dal 1919 al 1945;Nessuno;Patrimonio indisponibile;Utilizzato direttamente;Attività commerciale e di ristorazione;;;;1;False
697047;L219;1282;171;138;18.0;FABBRICATO;via roma;247;45.0666084;7.681704;Cantina, soffitta, rimessa, box, garage, posto auto aperto/scoperto,;Dal 1919 al 1945;Nessuno;Patrimonio indisponibile;Utilizzato direttamente;Attività commerciale e di ristorazione;;;;1;False
697048;L219;1282;171;139;18.0;FABBRICATO;via roma;247;45.0666084;7.681704;Cantina, soffitta, rimessa, box, garage, posto auto aperto/scoperto,;Dal 1919 al 1945;Nessuno;Patrimonio indisponibile;Utilizzato direttamente;Attività commerciale e di ristorazione;;;;1;False
697049;L219;1282;171;14;13.0;FABBRICATO;via roma;247;45.0666084;7.681704;Cantina, soffitta, rimessa, box, garage, posto auto aperto/scoperto,;Dal 1919 al 1945;Nessuno;Patrimonio indisponibile;Utilizzato direttamente;Attività commerciale e di ristorazione;;;;1;False
697050;L219;1282;171;140;20.0;FABBRICATO;via roma;247;45.0666084;7.681704;Cantina, soffitta, rimessa, box, garage, posto auto aperto/scoperto,;Dal 1919 al 1945;Nessuno;Patrimonio indisponibile;Utilizzato direttamente;Attività commerciale e di ristorazione;;;;1;False
697051;L219;1282;171;141;18.0;FABBRICATO;via roma;247;45.0666084;7.681704;Cantina, soffitta, rimessa, box, garage, posto auto aperto/scoperto,;Dal 1919 al 1945;Nessuno;Patrimonio indisponibile;Utilizzato direttamente;Attività commerciale e di ristorazione;;;;1;False
697052;L219;1282;171;142;19.0;FABBRICATO;via roma;247;45.0666084;7.681704;Cantina, soffitta, rimessa, box, garage, posto auto aperto/scoperto,;Dal 1919 al 1945;Nessuno;Patrimonio indisponibile;Utilizzato direttamente;Attività commerciale e di ristorazione;;;;1;False
697053;L219;1282;171;143;18.0;FABBRICATO;via roma;247;45.0666084;7.681704;Cantina, soffitta, rimessa, box, garage, posto auto aperto/scoperto,;Dal 1919 al 1945;Nessuno;Patrimonio indisponibile;Utilizzato direttamente;Attività commerciale e di ristorazione;;;;1;False
697054;L219;1282;171;144;19.0;FABBRICATO;via roma;247;45.0666084;7.681704;Cantina, soffitta, rimessa, box, garage, posto auto aperto/scoperto,;Dal 1919 al 1945;Nessuno;Patrimonio indisponibile;Utilizzato direttamente;Attività commerciale e di ristorazione;;;;1;False
697055;L219;1282;171;145;18.0;FABBRICATO;via roma;247;45.0666084;7.681704;Cantina, soffitta, rimessa, box, garage, posto auto aperto/scoperto,;Dal 1919 al 1945;Nessuno;Patrimonio indisponibile;Utilizzato direttamente;Attività commerciale e di ristorazione;;;;1;False
697056;L219;1282;171;146;19.0;FABBRICATO;via roma;247;45.0666084;7.681704;Cantina, soffitta, rimessa, box, garage, posto auto aperto/scoperto,;Dal 1919 al 1945;Nessuno;Patrimonio indisponibile;Utilizzato direttamente;Attività commerciale e di ristorazione;;;;1;False
697057;L219;1282;171;147;18.0;FABBRICATO;via roma;247;45.0666084;7.681704;Cantina, soffitta, rimessa, box, garage, posto auto aperto/scoperto,;Dal 1919 al 1945;Nessuno;Patrimonio indisponibile;Utilizzato direttamente;Attività commerciale e di ristorazione;;;;1;False
697058;L219;1282;171;148;19.0;FABBRICATO;via roma;247;45.0666084;7.681704;Cantina, soffitta, rimessa, box, garage, posto auto aperto/scoperto,;Dal 1919 al 1945;Nessuno;Patrimonio indisponibile;Utilizzato direttamente;Attività commerciale e di ristorazione;;;;1;False
697059;L219;1282;171;149;18.0;FABBRICATO;via roma;247;45.0666084;7.681704;Cantina, soffitta, rimessa, box, garage, posto auto aperto/scoperto,;Dal 1919 al 1945;Nessuno;Patrimonio indisponibile;Utilizzato direttamente;Attività commerciale e di ristorazione;;;;1;False
697060;L219;1282;171;15;13.0;FABBRICATO;via roma;247;45.0666084;7.681704;Cantina, soffitta, rimessa, box, garage, posto auto aperto/scoperto,;Dal 1919 al 1945;Nessuno;Patrimonio indisponibile;Utilizzato direttamente;Attività commerciale e di ristorazione;;;;1;False
697061;L219;1282;171;150;19.0;FABBRICATO;via roma;247;45.0666084;7.681704;Cantina, soffitta, rimessa, box, garage, posto auto aperto/scoperto,;Dal 1919 al 1945;Nessuno;Patrimonio indisponibile;Utilizzato direttamente;Attività commerciale e di ristorazione;;;;1;False
697062;L219;1282;171;151;18.0;FABBRICATO;via roma;247;45.0666084;7.681704;Cantina, soffitta, rimessa, box, garage, posto auto aperto/scoperto,;Dal 1919 al 1945;Nessuno;Patrimonio indisponibile;Utilizzato direttamente;Attività commerciale e di ristorazione;;;;1;False
697063;L219;1282;171;152;19.0;FABBRICATO;via roma;247;45.0666084;7.681704;Cantina, soffitta, rimessa, box, garage, posto auto aperto/scoperto,;Dal 1919 al 1945;Nessuno;Patrimonio indisponibile;Utilizzato direttamente;Attività commerciale e di ristorazione;;;;1;False
697064;L219;1282;171;153;18.0;FABBRICATO;via roma;247;45.0666084;7.681704;Cantina, soffitta, rimessa, box, garage, posto auto aperto/scoperto,;Dal 1919 al 1945;Nessuno;Patrimonio indisponibile;Utilizzato direttamente;Attività commerciale e di ristorazione;;;;1;False
697065;L219;1282;171;154;17.0;FABBRICATO;via roma;247;45.0666084;7.681704;Cantina, soffitta, rimessa, box, garage, posto auto aperto/scoperto,;Dal 1919 al 1945;Nessuno;Patrimonio indisponibile;Utilizzato direttamente;Attività commerciale e di ristorazione;;;;1;False
697066;L219;1282;171;155;13.0;FABBRICATO;via roma;247;45.0666084;7.681704;Cantina, soffitta, rimessa, box, garage, posto auto aperto/scoperto,;Dal 1919 al 1945;Nessuno;Patrimonio indisponibile;Utilizzato direttamente;Attività commerciale e di ristorazione;;;;1;False
697067;L219;1282;171;156;15.0;FABBRICATO;via roma;247;45.0666084;7.681704;Cantina, soffitta, rimessa, box, garage, posto auto aperto/scoperto,;Dal 1919 al 1945;Nessuno;Patrimonio indisponibile;Utilizzato direttamente;Attività commerciale e di ristorazione;;;;1;False
697068;L219;1282;171;157;14.0;FABBRICATO;via roma;247;45.0666084;7.681704;Cantina, soffitta, rimessa, box, garage, posto auto aperto/scoperto,;Dal 1919 al 1945;Nessuno;Patrimonio indisponibile;Utilizzato direttamente;Attività commerciale e di ristorazione;;;;1;False
697069;L219;1282;171;158;14.0;FABBRICATO;via roma;247;45.0666084;7.681704;Cantina, soffitta, rimessa, box, garage, posto auto aperto/scoperto,;Dal 1919 al 1945;Nessuno;Patrimonio indisponibile;Utilizzato direttamente;Attività commerciale e di ristorazione;;;;1;False
697070;L219;1282;171;159;16.0;FABBRICATO;via roma;247;45.0666084;7.681704;Cantina, soffitta, rimessa, box, garage, posto auto aperto/scoperto,;Dal 1919 al 1945;Nessuno;Patrimonio indisponibile;Utilizzato direttamente;Attività commerciale e di ristorazione;;;;1;False
697071;L219;1282;171;16;13.0;FABBRICATO;via roma;247;45.0666084;7.681704;Cantina, soffitta, rimessa, box, garage, posto auto aperto/scoperto,;Dal 1919 al 1945;Nessuno;Patrimonio indisponibile;Utilizzato direttamente;Attività commerciale e di ristorazione;;;;1;False
697072;L219;1282;171;160;15.0;FABBRICATO;via roma;247;45.0666084;7.681704;Cantina, soffitta, rimessa, box, garage, posto auto aperto/scoperto,;Dal 1919 al 1945;Nessuno;Patrimonio indisponibile;Utilizzato direttamente;Attività commerciale e di ristorazione;;;;1;False
697073;L219;1282;171;161;17.0;FABBRICATO;via roma;247;45.0666084;7.681704;Cantina, soffitta, rimessa, box, garage, posto auto aperto/scoperto,;Dal 1919 al 1945;Nessuno;Patrimonio indisponibile;Utilizzato direttamente;Attività commerciale e di ristorazione;;;;1;False
697074;L219;1282;171;162;18.0;FABBRICATO;via roma;247;45.0666084;7.681704;Cantina, soffitta, rimessa, box, garage, posto auto aperto/scoperto,;Dal 1919 al 1945;Nessuno;Patrimonio indisponibile;Utilizzato direttamente;Attività commerciale e di ristorazione;;;;1;False
697075;L219;1282;171;163;17.0;FABBRICATO;via roma;247;45.0666084;7.681704;Cantina, soffitta, rimessa, box, garage, posto auto aperto/scoperto,;Dal 1919 al 1945;Nessuno;Patrimonio indisponibile;Utilizzato direttamente;Attività commerciale e di ristorazione;;;;1;False
697076;L219;1282;171;164;18.0;FABBRICATO;via roma;247;45.0666084;7.681704;Cantina, soffitta, rimessa, box, garage, posto auto aperto/scoperto,;Dal 1919 al 1945;Nessuno;Patrimonio indisponibile;Utilizzato direttamente;Attività commerciale e di ristorazione;;;;1;False
697077;L219;1282;171;165;16.0;FABBRICATO;via roma;247;45.0666084;7.681704;Cantina, soffitta, rimessa, box, garage, posto auto aperto/scoperto,;Dal 1919 al 1945;Nessuno;Patrimonio indisponibile;Utilizzato direttamente;Attività commerciale e di ristorazione;;;;1;False
697078;L219;1282;171;166;15.0;FABBRICATO;via roma;247;45.0666084;7.681704;Cantina, soffitta, rimessa, box, garage, posto auto aperto/scoperto,;Dal 1919 al 1945;Nessuno;Patrimonio indisponibile;Utilizzato direttamente;Attività commerciale e di ristorazione;;;;1;False
697079;L219;1282;171;167;21.0;FABBRICATO;via roma;247;45.0666084;7.681704;Cantina, soffitta, rimessa, box, garage, posto auto aperto/scoperto,;Dal 1919 al 1945;Nessuno;Patrimonio indisponibile;Utilizzato direttamente;Attività commerciale e di ristorazione;;;;1;False
697080;L219;1282;171;168;17.0;FABBRICATO;via roma;247;45.0666084;7.681704;Cantina, soffitta, rimessa, box, garage, posto auto aperto/scoperto,;Dal 1919 al 1945;Nessuno;Patrimonio indisponibile;Utilizzato direttamente;Attività commerciale e di ristorazione;;;;1;False
697081;L219;1282;171;169;18.0;FABBRICATO;via roma;247;45.0666084;7.681704;Cantina, soffitta, rimessa, box, garage, posto auto aperto/scoperto,;Dal 1919 al 1945;Nessuno;Patrimonio indisponibile;Utilizzato direttamente;Attività commerciale e di ristorazione;;;;1;False
697082;L219;1282;171;17;13.0;FABBRICATO;via roma;247;45.0666084;7.681704;Cantina, soffitta, rimessa, box, garage, posto auto aperto/scoperto,;Dal 1919 al 1945;Nessuno;Patrimonio indisponibile;Utilizzato direttamente;Attività commerciale e di ristorazione;;;;1;False
697083;L219;1282;171;170;17.0;FABBRICATO;via roma;247;45.0666084;7.681704;Cantina, soffitta, rimessa, box, garage, posto auto aperto/scoperto,;Dal 1919 al 1945;Nessuno;Patrimonio indisponibile;Utilizzato direttamente;Attività commerciale e di ristorazione;;;;1;False
697084;L219;1282;171;171;18.0;FABBRICATO;via roma;247;45.0666084;7.681704;Cantina, soffitta, rimessa, box, garage, posto auto aperto/scoperto,;Dal 1919 al 1945;Nessuno;Patrimonio indisponibile;Utilizzato direttamente;Attività commerciale e di ristorazione;;;;1;False
697085;L219;1282;171;172;18.0;FABBRICATO;via roma;247;45.0666084;7.681704;Cantina, soffitta, rimessa, box, garage, posto auto aperto/scoperto,;Dal 1919 al 1945;Nessuno;Patrimonio indisponibile;Utilizzato direttamente;Attività commerciale e di ristorazione;;;;1;False
697086;L219;1282;171;173;18.0;FABBRICATO;via roma;247;45.0666084;7.681704;Cantina, soffitta, rimessa, box, garage, posto auto aperto/scoperto,;Dal 1919 al 1945;Nessuno;Patrimonio indisponibile;Utilizzato direttamente;Attività commerciale e di ristorazione;;;;1;False
697087;L219;1282;171;174;18.0;FABBRICATO;via roma;247;45.0666084;7.681704;Cantina, soffitta, rimessa, box, garage, posto auto aperto/scoperto,;Dal 1919 al 1945;Nessuno;Patrimonio indisponibile;Utilizzato direttamente;Attività commerciale e di ristorazione;;;;1;False
697088;L219;1282;171;175;18.0;FABBRICATO;via roma;247;45.0666084;7.681704;Cantina, soffitta, rimessa, box, garage, posto auto aperto/scoperto,;Dal 1919 al 1945;Nessuno;Patrimonio indisponibile;Utilizzato direttamente;Attività commerciale e di ristorazione;;;;1;False
697089;L219;1282;171;176;15.0;FABBRICATO;via roma;247;45.0666084;7.681704;Cantina, soffitta, rimessa, box, garage, posto auto aperto/scoperto,;Dal 1919 al 1945;Nessuno;Patrimonio indisponibile;Utilizzato direttamente;Attività commerciale e di ristorazione;;;;1;False
697090;L219;1282;171;177;15.0;FABBRICATO;via roma;247;45.0666084;7.681704;Cantina, soffitta, rimessa, box, garage, posto auto aperto/scoperto,;Dal 1919 al 1945;Nessuno;Patrimonio indisponibile;Utilizzato direttamente;Attività commerciale e di ristorazione;;;;1;False
697091;L219;1282;171;178;14.0;FABBRICATO;via roma;247;45.0666084;7.681704;Cantina, soffitta, rimessa, box, garage, posto auto aperto/scoperto,;Dal 1919 al 1945;Nessuno;Patrimonio indisponibile;Utilizzato direttamente;Attività commerciale e di ristorazione;;;;1;False
697092;L219;1282;171;179;16.0;FABBRICATO;via roma;247;45.0666084;7.681704;Cantina, soffitta, rimessa, box, garage, posto auto aperto/scoperto,;Dal 1919 al 1945;Nessuno;Patrimonio indisponibile;Utilizzato direttamente;Attività commerciale e di ristorazione;;;;1;False
697093;L219;1282;171;18;13.0;FABBRICATO;via roma;247;45.0666084;7.681704;Cantina, soffitta, rimessa, box, garage, posto auto aperto/scoperto,;Dal 1919 al 1945;Nessuno;Patrimonio indisponibile;Utilizzato direttamente;Attività commerciale e di ristorazione;;;;1;False
697094;L219;1282;171;180;16.0;FABBRICATO;via roma;247;45.0666084;7.681704;Cantina, soffitta, rimessa, box, garage, posto auto aperto/scoperto,;Dal 1919 al 1945;Nessuno;Patrimonio indisponibile;Utilizzato direttamente;Attività commerciale e di ristorazione;;;;1;False
697095;L219;1282;171;181;14.0;FABBRICATO;via roma;247;45.0666084;7.681704;Cantina, soffitta, rimessa, box, garage, posto auto aperto/scoperto,;Dal 1919 al 1945;Nessuno;Patrimonio indisponibile;Utilizzato direttamente;Attività commerciale e di ristorazione;;;;1;False
697096;L219;1282;171;182;15.0;FABBRICATO;via roma;247;45.0666084;7.681704;Cantina, soffitta, rimessa, box, garage, posto auto aperto/scoperto,;Dal 1919 al 1945;Nessuno;Patrimonio indisponibile;Utilizzato direttamente;Attività commerciale e di ristorazione;;;;1;False
697097;L219;1282;171;183;19.0;FABBRICATO;via roma;247;45.0666084;7.681704;Cantina, soffitta, rimessa, box, garage, posto auto aperto/scoperto,;Dal 1919 al 1945;Nessuno;Patrimonio indisponibile;Utilizzato direttamente;Attività commerciale e di ristorazione;;;;1;False
697098;L219;1282;171;184;17.0;FABBRICATO;via roma;247;45.0666084;7.681704;Cantina, soffitta, rimessa, box, garage, posto auto aperto/scoperto,;Dal 1919 al 1945;Nessuno;Patrimonio indisponibile;Utilizzato direttamente;Attività commerciale e di ristorazione;;;;1;False
697099;L219;1282;171;185;19.0;FABBRICATO;via roma;247;45.0666084;7.681704;Cantina, soffitta, rimessa, box, garage, posto auto aperto/scoperto,;Dal 1919 al 1945;Nessuno;Patrimonio indisponibile;Utilizzato direttamente;Attività commerciale e di ristorazione;;;;1;False
697100;L219;1282;171;186;17.0;FABBRICATO;via roma;247;45.0666084;7.681704;Cantina, soffitta, rimessa, box, garage, posto auto aperto/scoperto,;Dal 1919 al 1945;Nessuno;Patrimonio indisponibile;Utilizzato direttamente;Attività commerciale e di ristorazione;;;;1;False
697101;L219;1282;171;187;19.0;FABBRICATO;via roma;247;45.0666084;7.681704;Cantina, soffitta, rimessa, box, garage, posto auto aperto/scoperto,;Dal 1919 al 1945;Nessuno;Patrimonio indisponibile;Utilizzato direttamente;Attività commerciale e di ristorazione;;;;1;False
697102;L219;1282;171;188;17.0;FABBRICATO;via roma;247;45.0666084;7.681704;Cantina, soffitta, rimessa, box, garage, posto auto aperto/scoperto,;Dal 1919 al 1945;Nessuno;Patrimonio indisponibile;Utilizzato direttamente;Attività commerciale e di ristorazione;;;;1;False
697103;L219;1282;171;189;19.0;FABBRICATO;via roma;247;45.0666084;7.681704;Cantina, soffitta, rimessa, box, garage, posto auto aperto/scoperto,;Dal 1919 al 1945;Nessuno;Patrimonio indisponibile;Utilizzato direttamente;Attività commerciale e di ristorazione;;;;1;False
697104;L219;1282;171;19;13.0;FABBRICATO;via roma;247;45.0666084;7.681704;Cantina, soffitta, rimessa, box, garage, posto auto aperto/scoperto,;Dal 1919 al 1945;Nessuno;Patrimonio indisponibile;Utilizzato direttamente;Attività commerciale e di ristorazione;;;;1;False
697105;L219;1282;171;190;23.0;FABBRICATO;via roma;247;45.0666084;7.681704;Cantina, soffitta, rimessa, box, garage, posto auto aperto/scoperto,;Dal 1919 al 1945;Nessuno;Patrimonio indisponibile;Utilizzato direttamente;Attività commerciale e di ristorazione;;;;1;False
697106;L219;1282;171;191;11.0;FABBRICATO;via roma;247;45.0666084;7.681704;Cantina, soffitta, rimessa, box, garage, posto auto aperto/scoperto,;Dal 1919 al 1945;Nessuno;Patrimonio indisponibile;Utilizzato direttamente;Attività commerciale e di ristorazione;;;;1;False
697107;L219;1282;171;192;8.0;FABBRICATO;via roma;247;45.0666084;7.681704;Cantina, soffitta, rimessa, box, garage, posto auto aperto/scoperto,;Dal 1919 al 1945;Nessuno;Patrimonio indisponibile;Utilizzato direttamente;Attività commerciale e di ristorazione;;;;1;False
697108;L219;1282;171;193;13.0;FABBRICATO;via roma;247;45.0666084;7.681704;Cantina, soffitta, rimessa, box, garage, posto auto aperto/scoperto,;Dal 1919 al 1945;Nessuno;Patrimonio indisponibile;Utilizzato direttamente;Attività commerciale e di ristorazione;;;;1;False
697109;L219;1282;171;194;13.0;FABBRICATO;via roma;247;45.0666084;7.681704;Cantina, soffitta, rimessa, box, garage, posto auto aperto/scoperto,;Dal 1919 al 1945;Nessuno;Patrimonio indisponibile;Utilizzato direttamente;Attività commerciale e di ristorazione;;;;1;False
697110;L219;1282;171;195;13.0;FABBRICATO;via roma;247;45.0666084;7.681704;Cantina, soffitta, rimessa, box, garage, posto auto aperto/scoperto,;Dal 1919 al 1945;Nessuno;Patrimonio indisponibile;Utilizzato direttamente;Attività commerciale e di ristorazione;;;;1;False
697111;L219;1282;171;196;13.0;FABBRICATO;via roma;247;45.0666084;7.681704;Cantina, soffitta, rimessa, box, garage, posto auto aperto/scoperto,;Dal 1919 al 1945;Nessuno;Patrimonio indisponibile;Utilizzato direttamente;Attività commerciale e di ristorazione;;;;1;False
697112;L219;1282;171;197;13.0;FABBRICATO;via roma;247;45.0666084;7.681704;Cantina, soffitta, rimessa, box, garage, posto auto aperto/scoperto,;Dal 1919 al 1945;Nessuno;Patrimonio indisponibile;Utilizzato direttamente;Attività commerciale e di ristorazione;;;;1;False
697113;L219;1282;171;198;15.0;FABBRICATO;via roma;247;45.0666084;7.681704;Cantina, soffitta, rimessa, box, garage, posto auto aperto/scoperto,;Dal 1919 al 1945;Nessuno;Patrimonio indisponibile;Utilizzato direttamente;Attività commerciale e di ristorazione;;;;1;False
697114;L219;1282;171;199;14.0;FABBRICATO;via roma;247;45.0666084;7.681704;Cantina, soffitta, rimessa, box, garage, posto auto aperto/scoperto,;Dal 1919 al 1945;Nessuno;Patrimonio indisponibile;Utilizzato direttamente;Attività commerciale e di ristorazione;;;;1;False
697115;L219;1282;171;20;13.0;FABBRICATO;via roma;247;45.0666084;7.681704;Cantina, soffitta, rimessa, box, garage, posto auto aperto/scoperto,;Dal 1919 al 1945;Nessuno;Patrimonio indisponibile;Utilizzato direttamente;Attività commerciale e di ristorazione;;;;1;False
697116;L219;1282;171;200;14.0;FABBRICATO;via roma;247;45.0666084;7.681704;Cantina, soffitta, rimessa, box, garage, posto auto aperto/scoperto,;Dal 1919 al 1945;Nessuno;Patrimonio indisponibile;Utilizzato direttamente;Attività commerciale e di ristorazione;;;;1;False
697117;L219;1282;171;201;14.0;FABBRICATO;via roma;247;45.0666084;7.681704;Cantina, soffitta, rimessa, box, garage, posto auto aperto/scoperto,;Dal 1919 al 1945;Nessuno;Patrimonio indisponibile;Utilizzato direttamente;Attività commerciale e di ristorazione;;;;1;False
697118;L219;1282;171;202;14.0;FABBRICATO;via roma;247;45.0666084;7.681704;Cantina, soffitta, rimessa, box, garage, posto auto aperto/scoperto,;Dal 1919 al 1945;Nessuno;Patrimonio indisponibile;Utilizzato direttamente;Attività commerciale e di ristorazione;;;;1;False
697119;L219;1282;171;203;14.0;FABBRICATO;via roma;247;45.0666084;7.681704;Cantina, soffitta, rimessa, box, garage, posto auto aperto/scoperto,;Dal 1919 al 1945;Nessuno;Patrimonio indisponibile;Utilizzato direttamente;Attività commerciale e di ristorazione;;;;1;False
697120;L219;1282;171;204;14.0;FABBRICATO;via roma;247;45.0666084;7.681704;Cantina, soffitta, rimessa, box, garage, posto auto aperto/scoperto,;Dal 1919 al 1945;Nessuno;Patrimonio indisponibile;Utilizzato direttamente;Attività commerciale e di ristorazione;;;;1;False
697121;L219;1282;171;205;11.0;FABBRICATO;via roma;247;45.0666084;7.681704;Cantina, soffitta, rimessa, box, garage, posto auto aperto/scoperto,;Dal 1919 al 1945;Nessuno;Patrimonio indisponibile;Utilizzato direttamente;Attività commerciale e di ristorazione;;;;1;False
697122;L219;1282;171;206;12.0;FABBRICATO;via roma;247;45.0666084;7.681704;Cantina, soffitta, rimessa, box, garage, posto auto aperto/scoperto,;Dal 1919 al 1945;Nessuno;Patrimonio indisponibile;Utilizzato direttamente;Attività commerciale e di ristorazione;;;;1;False
697123;L219;1282;171;207;13.0;FABBRICATO;via roma;247;45.0666084;7.681704;Cantina, soffitta, rimessa, box, garage, posto auto aperto/scoperto,;Dal 1919 al 1945;Nessuno;Patrimonio indisponibile;Utilizzato direttamente;Attività commerciale e di ristorazione;;;;1;False
697124;L219;1282;171;21;13.0;FABBRICATO;via roma;247;45.0666084;7.681704;Cantina, soffitta, rimessa, box, garage, posto auto aperto/scoperto,;Dal 1919 al 1945;Nessuno;Patrimonio indisponibile;Utilizzato direttamente;Attività commerciale e di ristorazione;;;;1;False
697125;L219;1282;171;210;13.0;FABBRICATO;via roma;247;45.0666084;7.681704;Cantina, soffitta, rimessa, box, garage, posto auto aperto/scoperto,;Dal 1919 al 1945;Nessuno;Patrimonio indisponibile;Utilizzato direttamente;Attività commerciale e di ristorazione;;;;1;False
697126;L219;1282;171;211;13.0;FABBRICATO;via roma;247;45.0666084;7.681704;Cantina, soffitta, rimessa, box, garage, posto auto aperto/scoperto,;Dal 1919 al 1945;Nessuno;Patrimonio indisponibile;Utilizzato direttamente;Attività commerciale e di ristorazione;;;;1;False
697127;L219;1282;171;213;28.0;FABBRICATO;via roma;247;45.0666084;7.681704;Cantina, soffitta, rimessa, box, garage, posto auto aperto/scoperto,;Dal 1919 al 1945;Nessuno;Patrimonio indisponibile;Utilizzato direttamente;Attività commerciale e di ristorazione;;;;1;False
697128;L219;1282;171;214;13.0;FABBRICATO;via roma;247;45.0666084;7.681704;Cantina, soffitta, rimessa, box, garage, posto auto aperto/scoperto,;Dal 1919 al 1945;Nessuno;Patrimonio indisponibile;Utilizzato direttamente;Attività commerciale e di ristorazione;;;;1;False
697129;L219;1282;171;215;12.0;FABBRICATO;via roma;247;45.0666084;7.681704;Cantina, soffitta, rimessa, box, garage, posto auto aperto/scoperto,;Dal 1919 al 1945;Nessuno;Patrimonio indisponibile;Utilizzato direttamente;Attività commerciale e di ristorazione;;;;1;False
697130;L219;1282;171;22;13.0;FABBRICATO;via roma;247;45.0666084;7.681704;Cantina, soffitta, rimessa, box, garage, posto auto aperto/scoperto,;Dal 1919 al 1945;Nessuno;Patrimonio indisponibile;Utilizzato direttamente;Attività commerciale e di ristorazione;;;;1;False
697131;L219;1282;171;221;15.0;FABBRICATO;via roma;247;45.0666084;7.681704;Cantina, soffitta, rimessa, box, garage, posto auto aperto/scoperto,;Dal 1919 al 1945;Nessuno;Patrimonio indisponibile;Utilizzato direttamente;Attività commerciale e di ristorazione;;;;1;False
697132;L219;1282;171;222;15.0;FABBRICATO;via roma;247;45.0666084;7.681704;Cantina, soffitta, rimessa, box, garage, posto auto aperto/scoperto,;Dal 1919 al 1945;Nessuno;Patrimonio indisponibile;Utilizzato direttamente;Attività commerciale e di ristorazione;;;;1;False
697133;L219;1282;171;223;15.0;FABBRICATO;via roma;247;45.0666084;7.681704;Cantina, soffitta, rimessa, box, garage, posto auto aperto/scoperto,;Dal 1919 al 1945;Nessuno;Patrimonio indisponibile;Utilizzato direttamente;Attività commerciale e di ristorazione;;;;1;False
697134;L219;1282;171;224;15.0;FABBRICATO;via roma;247;45.0666084;7.681704;Cantina, soffitta, rimessa, box, garage, posto auto aperto/scoperto,;Dal 1919 al 1945;Nessuno;Patrimonio indisponibile;Utilizzato direttamente;Attività commerciale e di ristorazione;;;;1;False
697135;L219;1282;171;225;15.0;FABBRICATO;via roma;247;45.0666084;7.681704;Cantina, soffitta, rimessa, box, garage, posto auto aperto/scoperto,;Dal 1919 al 1945;Nessuno;Patrimonio indisponibile;Utilizzato direttamente;Attività commerciale e di ristorazione;;;;1;False
697136;L219;1282;171;226;15.0;FABBRICATO;via roma;247;45.0666084;7.681704;Cantina, soffitta, rimessa, box, garage, posto auto aperto/scoperto,;Dal 1919 al 1945;Nessuno;Patrimonio indisponibile;Utilizzato direttamente;Attività commerciale e di ristorazione;;;;1;False
697137;L219;1282;171;227;13.0;FABBRICATO;via roma;247;45.0666084;7.681704;Cantina, soffitta, rimessa, box, garage, posto auto aperto/scoperto,;Dal 1919 al 1945;Nessuno;Patrimonio indisponibile;Utilizzato direttamente;Attività commerciale e di ristorazione;;;;1;False
697138;L219;1282;171;228;12.0;FABBRICATO;via roma;247;45.0666084;7.681704;Cantina, soffitta, rimessa, box, garage, posto auto aperto/scoperto,;Dal 1919 al 1945;Nessuno;Patrimonio indisponibile;Utilizzato direttamente;Attività commerciale e di ristorazione;;;;1;False
697139;L219;1282;171;229;13.0;FABBRICATO;via roma;247;45.0666084;7.681704;Cantina, soffitta, rimessa, box, garage, posto auto aperto/scoperto,;Dal 1919 al 1945;Nessuno;Patrimonio indisponibile;Utilizzato direttamente;Attività commerciale e di ristorazione;;;;1;False
697140;L219;1282;171;23;13.0;FABBRICATO;via roma;247;45.0666084;7.681704;Cantina, soffitta, rimessa, box, garage, posto auto aperto/scoperto,;Dal 1919 al 1945;Nessuno;Patrimonio indisponibile;Utilizzato direttamente;Attività commerciale e di ristorazione;;;;1;False
697141;L219;1282;171;230;13.0;FABBRICATO;via roma;247;45.0666084;7.681704;Cantina, soffitta, rimessa, box, garage, posto auto aperto/scoperto,;Dal 1919 al 1945;Nessuno;Patrimonio indisponibile;Utilizzato direttamente;Attività commerciale e di ristorazione;;;;1;False
697142;L219;1282;171;231;12.0;FABBRICATO;via roma;247;45.0666084;7.681704;Cantina, soffitta, rimessa, box, garage, posto auto aperto/scoperto,;Dal 1919 al 1945;Nessuno;Patrimonio indisponibile;Utilizzato direttamente;Attività commerciale e di ristorazione;;;;1;False
697143;L219;1282;171;232;16.0;FABBRICATO;via roma;247;45.0666084;7.681704;Cantina, soffitta, rimessa, box, garage, posto auto aperto/scoperto,;Dal 1919 al 1945;Nessuno;Patrimonio indisponibile;Utilizzato direttamente;Attività commerciale e di ristorazione;;;;1;False
697144;L219;1282;171;233;14.0;FABBRICATO;via roma;247;45.0666084;7.681704;Cantina, soffitta, rimessa, box, garage, posto auto aperto/scoperto,;Dal 1919 al 1945;Nessuno;Patrimonio indisponibile;Utilizzato direttamente;Attività commerciale e di ristorazione;;;;1;False
697145;L219;1282;171;234;14.0;FABBRICATO;via roma;247;45.0666084;7.681704;Cantina, soffitta, rimessa, box, garage, posto auto aperto/scoperto,;Dal 1919 al 1945;Nessuno;Patrimonio indisponibile;Utilizzato direttamente;Attività commerciale e di ristorazione;;;;1;False
697146;L219;1282;171;235;19.0;FABBRICATO;via roma;247;45.0666084;7.681704;Cantina, soffitta, rimessa, box, garage, posto auto aperto/scoperto,;Dal 1919 al 1945;Nessuno;Patrimonio indisponibile;Utilizzato direttamente;Attività commerciale e di ristorazione;;;;1;False
697147;L219;1282;171;236;18.0;FABBRICATO;via roma;247;45.0666084;7.681704;Cantina, soffitta, rimessa, box, garage, posto auto aperto/scoperto,;Dal 1919 al 1945;Nessuno;Patrimonio indisponibile;Utilizzato direttamente;Attività commerciale e di ristorazione;;;;1;False
697148;L219;1282;171;237;16.0;FABBRICATO;via roma;247;45.0666084;7.681704;Cantina, soffitta, rimessa, box, garage, posto auto aperto/scoperto,;Dal 1919 al 1945;Nessuno;Patrimonio indisponibile;Utilizzato direttamente;Attività commerciale e di ristorazione;;;;1;False
697149;L219;1282;171;238;15.0;FABBRICATO;via roma;247;45.0666084;7.681704;Cantina, soffitta, rimessa, box, garage, posto auto aperto/scoperto,;Dal 1919 al 1945;Nessuno;Patrimonio indisponibile;Utilizzato direttamente;Attività commerciale e di ristorazione;;;;1;False
697150;L219;1282;171;239;20.0;FABBRICATO;via roma;247;45.0666084;7.681704;Cantina, soffitta, rimessa, box, garage, posto auto aperto/scoperto,;Dal 1919 al 1945;Nessuno;Patrimonio indisponibile;Utilizzato direttamente;Attività commerciale e di ristorazione;;;;1;False
697151;L219;1282;171;24;13.0;FABBRICATO;via roma;247;45.0666084;7.681704;Cantina, soffitta, rimessa, box, garage, posto auto aperto/scoperto,;Dal 1919 al 1945;Nessuno;Patrimonio indisponibile;Utilizzato direttamente;Attività commerciale e di ristorazione;;;;1;False
697152;L219;1282;171;240;17.0;FABBRICATO;via roma;247;45.0666084;7.681704;Cantina, soffitta, rimessa, box, garage, posto auto aperto/scoperto,;Dal 1919 al 1945;Nessuno;Patrimonio indisponibile;Utilizzato direttamente;Attività commerciale e di ristorazione;;;;1;False
697153;L219;1282;171;241;18.0;FABBRICATO;via roma;247;45.0666084;7.681704;Cantina, soffitta, rimessa, box, garage, posto auto aperto/scoperto,;Dal 1919 al 1945;Nessuno;Patrimonio indisponibile;Utilizzato direttamente;Attività commerciale e di ristorazione;;;;1;False
697154;L219;1282;171;242;18.0;FABBRICATO;via roma;247;45.0666084;7.681704;Cantina, soffitta, rimessa, box, garage, posto auto aperto/scoperto,;Dal 1919 al 1945;Nessuno;Patrimonio indisponibile;Utilizzato direttamente;Attività commerciale e di ristorazione;;;;1;False
697155;L219;1282;171;243;14.0;FABBRICATO;via roma;247;45.0666084;7.681704;Cantina, soffitta, rimessa, box, garage, posto auto aperto/scoperto,;Dal 1919 al 1945;Nessuno;Patrimonio indisponibile;Utilizzato direttamente;Attività commerciale e di ristorazione;;;;1;False
697156;L219;1282;171;244;20.0;FABBRICATO;via roma;247;45.0666084;7.681704;Cantina, soffitta, rimessa, box, garage, posto auto aperto/scoperto,;Dal 1919 al 1945;Nessuno;Patrimonio indisponibile;Utilizzato direttamente;Attività commerciale e di ristorazione;;;;1;False
697157;L219;1282;171;245;17.0;FABBRICATO;via roma;247;45.0666084;7.681704;Cantina, soffitta, rimessa, box, garage, posto auto aperto/scoperto,;Dal 1919 al 1945;Nessuno;Patrimonio indisponibile;Utilizzato direttamente;Attività commerciale e di ristorazione;;;;1;False
697158;L219;1282;171;246;17.0;FABBRICATO;via roma;247;45.0666084;7.681704;Cantina, soffitta, rimessa, box, garage, posto auto aperto/scoperto,;Dal 1919 al 1945;Nessuno;Patrimonio indisponibile;Utilizzato direttamente;Attività commerciale e di ristorazione;;;;1;False
697159;L219;1282;171;247;17.0;FABBRICATO;via roma;247;45.0666084;7.681704;Cantina, soffitta, rimessa, box, garage, posto auto aperto/scoperto,;Dal 1919 al 1945;Nessuno;Patrimonio indisponibile;Utilizzato direttamente;Attività commerciale e di ristorazione;;;;1;False
697160;L219;1282;171;248;14.0;FABBRICATO;via roma;247;45.0666084;7.681704;Cantina, soffitta, rimessa, box, garage, posto auto aperto/scoperto,;Dal 1919 al 1945;Nessuno;Patrimonio indisponibile;Utilizzato direttamente;Attività commerciale e di ristorazione;;;;1;False
697161;L219;1282;171;249;14.0;FABBRICATO;via roma;247;45.0666084;7.681704;Cantina, soffitta, rimessa, box, garage, posto auto aperto/scoperto,;Dal 1919 al 1945;Nessuno;Patrimonio indisponibile;Utilizzato direttamente;Attività commerciale e di ristorazione;;;;1;False
697162;L219;1282;171;25;13.0;FABBRICATO;via roma;247;45.0666084;7.681704;Cantina, soffitta, rimessa, box, garage, posto auto aperto/scoperto,;Dal 1919 al 1945;Nessuno;Patrimonio indisponibile;Utilizzato direttamente;Attività commerciale e di ristorazione;;;;1;False
697163;L219;1282;171;250;13.0;FABBRICATO;via roma;247;45.0666084;7.681704;Cantina, soffitta, rimessa, box, garage, posto auto aperto/scoperto,;Dal 1919 al 1945;Nessuno;Patrimonio indisponibile;Utilizzato direttamente;Attività commerciale e di ristorazione;;;;1;False
697164;L219;1282;171;251;15.0;FABBRICATO;via roma;247;45.0666084;7.681704;Cantina, soffitta, rimessa, box, garage, posto auto aperto/scoperto,;Dal 1919 al 1945;Nessuno;Patrimonio indisponibile;Utilizzato direttamente;Attività commerciale e di ristorazione;;;;1;False
697165;L219;1282;171;252;14.0;FABBRICATO;via roma;247;45.0666084;7.681704;Cantina, soffitta, rimessa, box, garage, posto auto aperto/scoperto,;Dal 1919 al 1945;Nessuno;Patrimonio indisponibile;Utilizzato direttamente;Attività commerciale e di ristorazione;;;;1;False
697166;L219;1282;171;253;13.0;FABBRICATO;via roma;247;45.0666084;7.681704;Cantina, soffitta, rimessa, box, garage, posto auto aperto/scoperto,;Dal 1919 al 1945;Nessuno;Patrimonio indisponibile;Utilizzato direttamente;Attività commerciale e di ristorazione;;;;1;False
697167;L219;1282;171;254;14.0;FABBRICATO;via roma;247;45.0666084;7.681704;Cantina, soffitta, rimessa, box, garage, posto auto aperto/scoperto,;Dal 1919 al 1945;Nessuno;Patrimonio indisponibile;Utilizzato direttamente;Attività commerciale e di ristorazione;;;;1;False
697168;L219;1282;171;255;13.0;FABBRICATO;via roma;247;45.0666084;7.681704;Cantina, soffitta, rimessa, box, garage, posto auto aperto/scoperto,;Dal 1919 al 1945;Nessuno;Patrimonio indisponibile;Utilizzato direttamente;Attività commerciale e di ristorazione;;;;1;False
697169;L219;1282;171;256;14.0;FABBRICATO;via roma;247;45.0666084;7.681704;Cantina, soffitta, rimessa, box, garage, posto auto aperto/scoperto,;Dal 1919 al 1945;Nessuno;Patrimonio indisponibile;Utilizzato direttamente;Attività commerciale e di ristorazione;;;;1;False
697170;L219;1282;171;257;15.0;FABBRICATO;via roma;247;45.0666084;7.681704;Cantina, soffitta, rimessa, box, garage, posto auto aperto/scoperto,;Dal 1919 al 1945;Nessuno;Patrimonio indisponibile;Utilizzato direttamente;Attività commerciale e di ristorazione;;;;1;False
697171;L219;1282;171;258;16.0;FABBRICATO;via roma;247;45.0666084;7.681704;Cantina, soffitta, rimessa, box, garage, posto auto aperto/scoperto,;Dal 1919 al 1945;Nessuno;Patrimonio indisponibile;Utilizzato direttamente;Attività commerciale e di ristorazione;;;;1;False
697172;L219;1282;171;259;17.0;FABBRICATO;via roma;247;45.0666084;7.681704;Cantina, soffitta, rimessa, box, garage, posto auto aperto/scoperto,;Dal 1919 al 1945;Nessuno;Patrimonio indisponibile;Utilizzato direttamente;Attività commerciale e di ristorazione;;;;1;False
697173;L219;1282;171;26;11.0;FABBRICATO;via roma;247;45.0666084;7.681704;Cantina, soffitta, rimessa, box, garage, posto auto aperto/scoperto,;Dal 1919 al 1945;Nessuno;Patrimonio indisponibile;Utilizzato direttamente;Attività commerciale e di ristorazione;;;;1;False
697174;L219;1282;171;260;17.0;FABBRICATO;via roma;247;45.0666084;7.681704;Cantina, soffitta, rimessa, box, garage, posto auto aperto/scoperto,;Dal 1919 al 1945;Nessuno;Patrimonio indisponibile;Utilizzato direttamente;Attività commerciale e di ristorazione;;;;1;False
697175;L219;1282;171;261;16.0;FABBRICATO;via roma;247;45.0666084;7.681704;Cantina, soffitta, rimessa, box, garage, posto auto aperto/scoperto,;Dal 1919 al 1945;Nessuno;Patrimonio indisponibile;Utilizzato direttamente;Attività commerciale e di ristorazione;;;;1;False
697176;L219;1282;171;262;17.0;FABBRICATO;via roma;247;45.0666084;7.681704;Cantina, soffitta, rimessa, box, garage, posto auto aperto/scoperto,;Dal 1919 al 1945;Nessuno;Patrimonio indisponibile;Utilizzato direttamente;Attività commerciale e di ristorazione;;;;1;False
697177;L219;1282;171;263;36.0;FABBRICATO;via roma;247;45.0666084;7.681704;Parcheggio collettivo;Dal 1919 al 1945;Nessuno;Patrimonio indisponibile;Utilizzato direttamente;Attività commerciale e di ristorazione;;;;1;False
697178;L219;1282;171;264;19.0;FABBRICATO;via roma;247;45.0666084;7.681704;Cantina, soffitta, rimessa, box, garage, posto auto aperto/scoperto,;Dal 1919 al 1945;Nessuno;Patrimonio indisponibile;Utilizzato direttamente;Attività commerciale e di ristorazione;;;;1;False
697179;L219;1282;171;265;16.0;FABBRICATO;via roma;247;45.0666084;7.681704;Cantina, soffitta, rimessa, box, garage, posto auto aperto/scoperto,;Dal 1919 al 1945;Nessuno;Patrimonio indisponibile;Utilizzato direttamente;Attività commerciale e di ristorazione;;;;1;False
697180;L219;1282;171;266;15.0;FABBRICATO;via roma;247;45.0666084;7.681704;Cantina, soffitta, rimessa, box, garage, posto auto aperto/scoperto,;Dal 1919 al 1945;Nessuno;Patrimonio indisponibile;Utilizzato direttamente;Attività commerciale e di ristorazione;;;;1;False
697181;L219;1282;171;267;15.0;FABBRICATO;via roma;247;45.0666084;7.681704;Cantina, soffitta, rimessa, box, garage, posto auto aperto/scoperto,;Dal 1919 al 1945;Nessuno;Patrimonio indisponibile;Utilizzato direttamente;Attività commerciale e di ristorazione;;;;1;False
697182;L219;1282;171;268;18.0;FABBRICATO;via roma;247;45.0666084;7.681704;Cantina, soffitta, rimessa, box, garage, posto auto aperto/scoperto,;Dal 1919 al 1945;Nessuno;Patrimonio indisponibile;Utilizzato direttamente;Attività commerciale e di ristorazione;;;;1;False
697183;L219;1282;171;269;16.0;FABBRICATO;via roma;247;45.0666084;7.681704;Cantina, soffitta, rimessa, box, garage, posto auto aperto/scoperto,;Dal 1919 al 1945;Nessuno;Patrimonio indisponibile;Utilizzato direttamente;Attività commerciale e di ristorazione;;;;1;False
697184;L219;1282;171;27;11.0;FABBRICATO;via roma;247;45.0666084;7.681704;Cantina, soffitta, rimessa, box, garage, posto auto aperto/scoperto,;Dal 1919 al 1945;Nessuno;Patrimonio indisponibile;Utilizzato direttamente;Attività commerciale e di ristorazione;;;;1;False
697185;L219;1282;171;270;18.0;FABBRICATO;via roma;247;45.0666084;7.681704;Cantina, soffitta, rimessa, box, garage, posto auto aperto/scoperto,;Dal 1919 al 1945;Nessuno;Patrimonio indisponibile;Utilizzato direttamente;Attività commerciale e di ristorazione;;;;1;False
697186;L219;1282;171;271;16.0;FABBRICATO;via roma;247;45.0666084;7.681704;Cantina, soffitta, rimessa, box, garage, posto auto aperto/scoperto,;Dal 1919 al 1945;Nessuno;Patrimonio indisponibile;Utilizzato direttamente;Attività commerciale e di ristorazione;;;;1;False
697187;L219;1282;171;272;18.0;FABBRICATO;via roma;247;45.0666084;7.681704;Cantina, soffitta, rimessa, box, garage, posto auto aperto/scoperto,;Dal 1919 al 1945;Nessuno;Patrimonio indisponibile;Utilizzato direttamente;Attività commerciale e di ristorazione;;;;1;False
697188;L219;1282;171;273;16.0;FABBRICATO;via roma;247;45.0666084;7.681704;Cantina, soffitta, rimessa, box, garage, posto auto aperto/scoperto,;Dal 1919 al 1945;Nessuno;Patrimonio indisponibile;Utilizzato direttamente;Attività commerciale e di ristorazione;;;;1;False
697189;L219;1282;171;274;18.0;FABBRICATO;via roma;247;45.0666084;7.681704;Cantina, soffitta, rimessa, box, garage, posto auto aperto/scoperto,;Dal 1919 al 1945;Nessuno;Patrimonio indisponibile;Utilizzato direttamente;Attività commerciale e di ristorazione;;;;1;False
697190;L219;1282;171;275;14.0;FABBRICATO;via roma;247;45.0666084;7.681704;Cantina, soffitta, rimessa, box, garage, posto auto aperto/scoperto,;Dal 1919 al 1945;Nessuno;Patrimonio indisponibile;Utilizzato direttamente;Attività commerciale e di ristorazione;;;;1;False
697191;L219;1282;171;276;17.0;FABBRICATO;via roma;247;45.0666084;7.681704;Cantina, soffitta, rimessa, box, garage, posto auto aperto/scoperto,;Dal 1919 al 1945;Nessuno;Patrimonio indisponibile;Utilizzato direttamente;Attività commerciale e di ristorazione;;;;1;False
697192;L219;1282;171;277;18.0;FABBRICATO;via roma;247;45.0666084;7.681704;Cantina, soffitta, rimessa, box, garage, posto auto aperto/scoperto,;Dal 1919 al 1945;Nessuno;Patrimonio indisponibile;Utilizzato direttamente;Attività commerciale e di ristorazione;;;;1;False
697193;L219;1282;171;278;18.0;FABBRICATO;via roma;247;45.0666084;7.681704;Cantina, soffitta, rimessa, box, garage, posto auto aperto/scoperto,;Dal 1919 al 1945;Nessuno;Patrimonio indisponibile;Utilizzato direttamente;Attività commerciale e di ristorazione;;;;1;False
697194;L219;1282;171;279;16.0;FABBRICATO;via roma;247;45.0666084;7.681704;Cantina, soffitta, rimessa, box, garage, posto auto aperto/scoperto,;Dal 1919 al 1945;Nessuno;Patrimonio indisponibile;Utilizzato direttamente;Attività commerciale e di ristorazione;;;;1;False
697195;L219;1282;171;28;11.0;FABBRICATO;via roma;247;45.0666084;7.681704;Cantina, soffitta, rimessa, box, garage, posto auto aperto/scoperto,;Dal 1919 al 1945;Nessuno;Patrimonio indisponibile;Utilizzato direttamente;Attività commerciale e di ristorazione;;;;1;False
697196;L219;1282;171;280;18.0;FABBRICATO;via roma;247;45.0666084;7.681704;Cantina, soffitta, rimessa, box, garage, posto auto aperto/scoperto,;Dal 1919 al 1945;Nessuno;Patrimonio indisponibile;Utilizzato direttamente;Attività commerciale e di ristorazione;;;;1;False
697197;L219;1282;171;281;16.0;FABBRICATO;via roma;247;45.0666084;7.681704;Cantina, soffitta, rimessa, box, garage, posto auto aperto/scoperto,;Dal 1919 al 1945;Nessuno;Patrimonio indisponibile;Utilizzato direttamente;Attività commerciale e di ristorazione;;;;1;False
697198;L219;1282;171;282;18.0;FABBRICATO;via roma;247;45.0666084;7.681704;Cantina, soffitta, rimessa, box, garage, posto auto aperto/scoperto,;Dal 1919 al 1945;Nessuno;Patrimonio indisponibile;Utilizzato direttamente;Attività commerciale e di ristorazione;;;;1;False
697199;L219;1282;171;283;16.0;FABBRICATO;via roma;247;45.0666084;7.681704;Cantina, soffitta, rimessa, box, garage, posto auto aperto/scoperto,;Dal 1919 al 1945;Nessuno;Patrimonio indisponibile;Utilizzato direttamente;Attività commerciale e di ristorazione;;;;1;False
697200;L219;1282;171;284;17.0;FABBRICATO;via roma;247;45.0666084;7.681704;Cantina, soffitta, rimessa, box, garage, posto auto aperto/scoperto,;Dal 1919 al 1945;Nessuno;Patrimonio indisponibile;Utilizzato direttamente;Attività commerciale e di ristorazione;;;;1;False
697201;L219;1282;171;285;15.0;FABBRICATO;via roma;247;45.0666084;7.681704;Cantina, soffitta, rimessa, box, garage, posto auto aperto/scoperto,;Dal 1919 al 1945;Nessuno;Patrimonio indisponibile;Utilizzato direttamente;Attività commerciale e di ristorazione;;;;1;False
697202;L219;1282;171;286;17.0;FABBRICATO;via roma;247;45.0666084;7.681704;Cantina, soffitta, rimessa, box, garage, posto auto aperto/scoperto,;Dal 1919 al 1945;Nessuno;Patrimonio indisponibile;Utilizzato direttamente;Attività commerciale e di ristorazione;;;;1;False
697203;L219;1282;171;287;15.0;FABBRICATO;via roma;247;45.0666084;7.681704;Cantina, soffitta, rimessa, box, garage, posto auto aperto/scoperto,;Dal 1919 al 1945;Nessuno;Patrimonio indisponibile;Utilizzato direttamente;Attività commerciale e di ristorazione;;;;1;False
697204;L219;1282;171;288;17.0;FABBRICATO;via roma;247;45.0666084;7.681704;Cantina, soffitta, rimessa, box, garage, posto auto aperto/scoperto,;Dal 1919 al 1945;Nessuno;Patrimonio indisponibile;Utilizzato direttamente;Attività commerciale e di ristorazione;;;;1;False
697205;L219;1282;171;289;16.0;FABBRICATO;via roma;247;45.0666084;7.681704;Cantina, soffitta, rimessa, box, garage, posto auto aperto/scoperto,;Dal 1919 al 1945;Nessuno;Patrimonio indisponibile;Utilizzato direttamente;Attività commerciale e di ristorazione;;;;1;False
697206;L219;1282;171;29;11.0;FABBRICATO;via roma;247;45.0666084;7.681704;Cantina, soffitta, rimessa, box, garage, posto auto aperto/scoperto,;Dal 1919 al 1945;Nessuno;Patrimonio indisponibile;Utilizzato direttamente;Attività commerciale e di ristorazione;;;;1;False
697207;L219;1282;171;290;19.0;FABBRICATO;via roma;247;45.0666084;7.681704;Cantina, soffitta, rimessa, box, garage, posto auto aperto/scoperto,;Dal 1919 al 1945;Nessuno;Patrimonio indisponibile;Utilizzato direttamente;Attività commerciale e di ristorazione;;;;1;False
697208;L219;1282;171;291;17.0;FABBRICATO;via roma;247;45.0666084;7.681704;Cantina, soffitta, rimessa, box, garage, posto auto aperto/scoperto,;Dal 1919 al 1945;Nessuno;Patrimonio indisponibile;Utilizzato direttamente;Attività commerciale e di ristorazione;;;;1;False
697209;L219;1282;171;292;19.0;FABBRICATO;via roma;247;45.0666084;7.681704;Cantina, soffitta, rimessa, box, garage, posto auto aperto/scoperto,;Dal 1919 al 1945;Nessuno;Patrimonio indisponibile;Utilizzato direttamente;Attività commerciale e di ristorazione;;;;1;False
697210;L219;1282;171;293;17.0;FABBRICATO;via roma;247;45.0666084;7.681704;Cantina, soffitta, rimessa, box, garage, posto auto aperto/scoperto,;Dal 1919 al 1945;Nessuno;Patrimonio indisponibile;Utilizzato direttamente;Attività commerciale e di ristorazione;;;;1;False
697211;L219;1282;171;294;19.0;FABBRICATO;via roma;247;45.0666084;7.681704;Cantina, soffitta, rimessa, box, garage, posto auto aperto/scoperto,;Dal 1919 al 1945;Nessuno;Patrimonio indisponibile;Utilizzato direttamente;Attività commerciale e di ristorazione;;;;1;False
697212;L219;1282;171;295;17.0;FABBRICATO;via roma;247;45.0666084;7.681704;Cantina, soffitta, rimessa, box, garage, posto auto aperto/scoperto,;Dal 1919 al 1945;Nessuno;Patrimonio indisponibile;Utilizzato direttamente;Attività commerciale e di ristorazione;;;;1;False
697213;L219;1282;171;296;19.0;FABBRICATO;via roma;247;45.0666084;7.681704;Cantina, soffitta, rimessa, box, garage, posto auto aperto/scoperto,;Dal 1919 al 1945;Nessuno;Patrimonio indisponibile;Utilizzato direttamente;Attività commerciale e di ristorazione;;;;1;False
697214;L219;1282;171;297;17.0;FABBRICATO;via roma;247;45.0666084;7.681704;Cantina, soffitta, rimessa, box, garage, posto auto aperto/scoperto,;Dal 1919 al 1945;Nessuno;Patrimonio indisponibile;Utilizzato direttamente;Attività commerciale e di ristorazione;;;;1;False
697215;L219;1282;171;298;19.0;FABBRICATO;via roma;247;45.0666084;7.681704;Cantina, soffitta, rimessa, box, garage, posto auto aperto/scoperto,;Dal 1919 al 1945;Nessuno;Patrimonio indisponibile;Utilizzato direttamente;Attività commerciale e di ristorazione;;;;1;False
697216;L219;1282;171;299;17.0;FABBRICATO;via roma;247;45.0666084;7.681704;Cantina, soffitta, rimessa, box, garage, posto auto aperto/scoperto,;Dal 1919 al 1945;Nessuno;Patrimonio indisponibile;Utilizzato direttamente;Attività commerciale e di ristorazione;;;;1;False
697217;L219;1282;171;30;11.0;FABBRICATO;via roma;247;45.0666084;7.681704;Cantina, soffitta, rimessa, box, garage, posto auto aperto/scoperto,;Dal 1919 al 1945;Nessuno;Patrimonio indisponibile;Utilizzato direttamente;Attività commerciale e di ristorazione;;;;1;False
697218;L219;1282;171;300;19.0;FABBRICATO;via roma;247;45.0666084;7.681704;Cantina, soffitta, rimessa, box, garage, posto auto aperto/scoperto,;Dal 1919 al 1945;Nessuno;Patrimonio indisponibile;Utilizzato direttamente;Attività commerciale e di ristorazione;;;;1;False
697219;L219;1282;171;301;17.0;FABBRICATO;via roma;247;45.0666084;7.681704;Cantina, soffitta, rimessa, box, garage, posto auto aperto/scoperto,;Dal 1919 al 1945;Nessuno;Patrimonio indisponibile;Utilizzato direttamente;Attività commerciale e di ristorazione;;;;1;False
697220;L219;1282;171;302;19.0;FABBRICATO;via roma;247;45.0666084;7.681704;Cantina, soffitta, rimessa, box, garage, posto auto aperto/scoperto,;Dal 1919 al 1945;Nessuno;Patrimonio indisponibile;Utilizzato direttamente;Attività commerciale e di ristorazione;;;;1;False
697221;L219;1282;171;303;18.0;FABBRICATO;via roma;247;45.0666084;7.681704;Cantina, soffitta, rimessa, box, garage, posto auto aperto/scoperto,;Dal 1919 al 1945;Nessuno;Patrimonio indisponibile;Utilizzato direttamente;Attività commerciale e di ristorazione;;;;1;False
697222;L219;1282;171;304;19.0;FABBRICATO;via roma;247;45.0666084;7.681704;Cantina, soffitta, rimessa, box, garage, posto auto aperto/scoperto,;Dal 1919 al 1945;Nessuno;Patrimonio indisponibile;Utilizzato direttamente;Attività commerciale e di ristorazione;;;;1;False
697223;L219;1282;171;305;17.0;FABBRICATO;via roma;247;45.0666084;7.681704;Cantina, soffitta, rimessa, box, garage, posto auto aperto/scoperto,;Dal 1919 al 1945;Nessuno;Patrimonio indisponibile;Utilizzato direttamente;Attività commerciale e di ristorazione;;;;1;False
697224;L219;1282;171;306;19.0;FABBRICATO;via roma;247;45.0666084;7.681704;Cantina, soffitta, rimessa, box, garage, posto auto aperto/scoperto,;Dal 1919 al 1945;Nessuno;Patrimonio indisponibile;Utilizzato direttamente;Attività commerciale e di ristorazione;;;;1;False
697225;L219;1282;171;307;12.0;FABBRICATO;via roma;247;45.0666084;7.681704;Cantina, soffitta, rimessa, box, garage, posto auto aperto/scoperto,;Dal 1919 al 1945;Nessuno;Patrimonio indisponibile;Utilizzato direttamente;Attività commerciale e di ristorazione;;;;1;False
697226;L219;1282;171;308;12.0;FABBRICATO;via roma;247;45.0666084;7.681704;Cantina, soffitta, rimessa, box, garage, posto auto aperto/scoperto,;Dal 1919 al 1945;Nessuno;Patrimonio indisponibile;Utilizzato direttamente;Attività commerciale e di ristorazione;;;;1;False
697227;L219;1282;171;309;12.0;FABBRICATO;via roma;247;45.0666084;7.681704;Cantina, soffitta, rimessa, box, garage, posto auto aperto/scoperto,;Dal 1919 al 1945;Nessuno;Patrimonio indisponibile;Utilizzato direttamente;Attività commerciale e di ristorazione;;;;1;False
697228;L219;1282;171;31;11.0;FABBRICATO;via roma;247;45.0666084;7.681704;Cantina, soffitta, rimessa, box, garage, posto auto aperto/scoperto,;Dal 1919 al 1945;Nessuno;Patrimonio indisponibile;Utilizzato direttamente;Attività commerciale e di ristorazione;;;;1;False
697229;L219;1282;171;310;12.0;FABBRICATO;via roma;247;45.0666084;7.681704;Cantina, soffitta, rimessa, box, garage, posto auto aperto/scoperto,;Dal 1919 al 1945;Nessuno;Patrimonio indisponibile;Utilizzato direttamente;Attività commerciale e di ristorazione;;;;1;False
697230;L219;1282;171;311;14.0;FABBRICATO;via roma;247;45.0666084;7.681704;Cantina, soffitta, rimessa, box, garage, posto auto aperto/scoperto,;Dal 1919 al 1945;Nessuno;Patrimonio indisponibile;Utilizzato direttamente;Attività commerciale e di ristorazione;;;;1;False
697231;L219;1282;171;312;15.0;FABBRICATO;via roma;247;45.0666084;7.681704;Cantina, soffitta, rimessa, box, garage, posto auto aperto/scoperto,;Dal 1919 al 1945;Nessuno;Patrimonio indisponibile;Utilizzato direttamente;Attività commerciale e di ristorazione;;;;1;False
697232;L219;1282;171;313;15.0;FABBRICATO;via roma;247;45.0666084;7.681704;Cantina, soffitta, rimessa, box, garage, posto auto aperto/scoperto,;Dal 1919 al 1945;Nessuno;Patrimonio indisponibile;Utilizzato direttamente;Attività commerciale e di ristorazione;;;;1;False
697233;L219;1282;171;314;15.0;FABBRICATO;via roma;247;45.0666084;7.681704;Cantina, soffitta, rimessa, box, garage, posto auto aperto/scoperto,;Dal 1919 al 1945;Nessuno;Patrimonio indisponibile;Utilizzato direttamente;Attività commerciale e di ristorazione;;;;1;False
697234;L219;1282;171;315;15.0;FABBRICATO;via roma;247;45.0666084;7.681704;Cantina, soffitta, rimessa, box, garage, posto auto aperto/scoperto,;Dal 1919 al 1945;Nessuno;Patrimonio indisponibile;Utilizzato direttamente;Attività commerciale e di ristorazione;;;;1;False
697235;L219;1282;171;316;16.0;FABBRICATO;via roma;247;45.0666084;7.681704;Cantina, soffitta, rimessa, box, garage, posto auto aperto/scoperto,;Dal 1919 al 1945;Nessuno;Patrimonio indisponibile;Utilizzato direttamente;Attività commerciale e di ristorazione;;;;1;False
697236;L219;1282;171;317;17.0;FABBRICATO;via roma;247;45.0666084;7.681704;Cantina, soffitta, rimessa, box, garage, posto auto aperto/scoperto,;Dal 1919 al 1945;Nessuno;Patrimonio indisponibile;Utilizzato direttamente;Attività commerciale e di ristorazione;;;;1;False
697237;L219;1282;171;318;18.0;FABBRICATO;via roma;247;45.0666084;7.681704;Cantina, soffitta, rimessa, box, garage, posto auto aperto/scoperto,;Dal 1919 al 1945;Nessuno;Patrimonio indisponibile;Utilizzato direttamente;Attività commerciale e di ristorazione;;;;1;False
697238;L219;1282;171;319;17.0;FABBRICATO;via roma;247;45.0666084;7.681704;Cantina, soffitta, rimessa, box, garage, posto auto aperto/scoperto,;Dal 1919 al 1945;Nessuno;Patrimonio indisponibile;Utilizzato direttamente;Attività commerciale e di ristorazione;;;;1;False
697239;L219;1282;171;32;11.0;FABBRICATO;via roma;247;45.0666084;7.681704;Cantina, soffitta, rimessa, box, garage, posto auto aperto/scoperto,;Dal 1919 al 1945;Nessuno;Patrimonio indisponibile;Utilizzato direttamente;Attività commerciale e di ristorazione;;;;1;False
697240;L219;1282;171;320;18.0;FABBRICATO;via roma;247;45.0666084;7.681704;Cantina, soffitta, rimessa, box, garage, posto auto aperto/scoperto,;Dal 1919 al 1945;Nessuno;Patrimonio indisponibile;Utilizzato direttamente;Attività commerciale e di ristorazione;;;;1;False
697241;L219;1282;171;321;17.0;FABBRICATO;via roma;247;45.0666084;7.681704;Cantina, soffitta, rimessa, box, garage, posto auto aperto/scoperto,;Dal 1919 al 1945;Nessuno;Patrimonio indisponibile;Utilizzato direttamente;Attività commerciale e di ristorazione;;;;1;False
697242;L219;1282;171;322;18.0;FABBRICATO;via roma;247;45.0666084;7.681704;Cantina, soffitta, rimessa, box, garage, posto auto aperto/scoperto,;Dal 1919 al 1945;Nessuno;Patrimonio indisponibile;Utilizzato direttamente;Attività commerciale e di ristorazione;;;;1;False
697243;L219;1282;171;323;17.0;FABBRICATO;via roma;247;45.0666084;7.681704;Cantina, soffitta, rimessa, box, garage, posto auto aperto/scoperto,;Dal 1919 al 1945;Nessuno;Patrimonio indisponibile;Utilizzato direttamente;Attività commerciale e di ristorazione;;;;1;False
697244;L219;1282;171;324;18.0;FABBRICATO;via roma;247;45.0666084;7.681704;Cantina, soffitta, rimessa, box, garage, posto auto aperto/scoperto,;Dal 1919 al 1945;Nessuno;Patrimonio indisponibile;Utilizzato direttamente;Attività commerciale e di ristorazione;;;;1;False
697245;L219;1282;171;325;17.0;FABBRICATO;via roma;247;45.0666084;7.681704;Cantina, soffitta, rimessa, box, garage, posto auto aperto/scoperto,;Dal 1919 al 1945;Nessuno;Patrimonio indisponibile;Utilizzato direttamente;Attività commerciale e di ristorazione;;;;1;False
697246;L219;1282;171;326;18.0;FABBRICATO;via roma;247;45.0666084;7.681704;Cantina, soffitta, rimessa, box, garage, posto auto aperto/scoperto,;Dal 1919 al 1945;Nessuno;Patrimonio indisponibile;Utilizzato direttamente;Attività commerciale e di ristorazione;;;;1;False
697247;L219;1282;171;327;17.0;FABBRICATO;via roma;247;45.0666084;7.681704;Cantina, soffitta, rimessa, box, garage, posto auto aperto/scoperto,;Dal 1919 al 1945;Nessuno;Patrimonio indisponibile;Utilizzato direttamente;Attività commerciale e di ristorazione;;;;1;False
697248;L219;1282;171;328;18.0;FABBRICATO;via roma;247;45.0666084;7.681704;Cantina, soffitta, rimessa, box, garage, posto auto aperto/scoperto,;Dal 1919 al 1945;Nessuno;Patrimonio indisponibile;Utilizzato direttamente;Attività commerciale e di ristorazione;;;;1;False
697249;L219;1282;171;329;18.0;FABBRICATO;via roma;247;45.0666084;7.681704;Cantina, soffitta, rimessa, box, garage, posto auto aperto/scoperto,;Dal 1919 al 1945;Nessuno;Patrimonio indisponibile;Utilizzato direttamente;Attività commerciale e di ristorazione;;;;1;False
697250;L219;1282;171;33;11.0;FABBRICATO;via roma;247;45.0666084;7.681704;Cantina, soffitta, rimessa, box, garage, posto auto aperto/scoperto,;Dal 1919 al 1945;Nessuno;Patrimonio indisponibile;Utilizzato direttamente;Attività commerciale e di ristorazione;;;;1;False
697251;L219;1282;171;330;18.0;FABBRICATO;via roma;247;45.0666084;7.681704;Cantina, soffitta, rimessa, box, garage, posto auto aperto/scoperto,;Dal 1919 al 1945;Nessuno;Patrimonio indisponibile;Utilizzato direttamente;Attività commerciale e di ristorazione;;;;1;False
697252;L219;1282;171;331;18.0;FABBRICATO;via roma;247;45.0666084;7.681704;Cantina, soffitta, rimessa, box, garage, posto auto aperto/scoperto,;Dal 1919 al 1945;Nessuno;Patrimonio indisponibile;Utilizzato direttamente;Attività commerciale e di ristorazione;;;;1;False
697253;L219;1282;171;332;18.0;FABBRICATO;via roma;247;45.0666084;7.681704;Cantina, soffitta, rimessa, box, garage, posto auto aperto/scoperto,;Dal 1919 al 1945;Nessuno;Patrimonio indisponibile;Utilizzato direttamente;Attività commerciale e di ristorazione;;;;1;False
697254;L219;1282;171;333;15.0;FABBRICATO;via roma;247;45.0666084;7.681704;Cantina, soffitta, rimessa, box, garage, posto auto aperto/scoperto,;Dal 1919 al 1945;Nessuno;Patrimonio indisponibile;Utilizzato direttamente;Attività commerciale e di ristorazione;;;;1;False
697255;L219;1282;171;334;15.0;FABBRICATO;via roma;247;45.0666084;7.681704;Cantina, soffitta, rimessa, box, garage, posto auto aperto/scoperto,;Dal 1919 al 1945;Nessuno;Patrimonio indisponibile;Utilizzato direttamente;Attività commerciale e di ristorazione;;;;1;False
697256;L219;1282;171;335;14.0;FABBRICATO;via roma;247;45.0666084;7.681704;Cantina, soffitta, rimessa, box, garage, posto auto aperto/scoperto,;Dal 1919 al 1945;Nessuno;Patrimonio indisponibile;Utilizzato direttamente;Attività commerciale e di ristorazione;;;;1;False
697257;L219;1282;171;336;15.0;FABBRICATO;via roma;247;45.0666084;7.681704;Cantina, soffitta, rimessa, box, garage, posto auto aperto/scoperto,;Dal 1919 al 1945;Nessuno;Patrimonio indisponibile;Utilizzato direttamente;Attività commerciale e di ristorazione;;;;1;False
697258;L219;1282;171;337;15.0;FABBRICATO;via roma;247;45.0666084;7.681704;Cantina, soffitta, rimessa, box, garage, posto auto aperto/scoperto,;Dal 1919 al 1945;Nessuno;Patrimonio indisponibile;Utilizzato direttamente;Attività commerciale e di ristorazione;;;;1;False
697259;L219;1282;171;338;15.0;FABBRICATO;via roma;247;45.0666084;7.681704;Cantina, soffitta, rimessa, box, garage, posto auto aperto/scoperto,;Dal 1919 al 1945;Nessuno;Patrimonio indisponibile;Utilizzato direttamente;Attività commerciale e di ristorazione;;;;1;False
697260;L219;1282;171;339;15.0;FABBRICATO;via roma;247;45.0666084;7.681704;Cantina, soffitta, rimessa, box, garage, posto auto aperto/scoperto,;Dal 1919 al 1945;Nessuno;Patrimonio indisponibile;Utilizzato direttamente;Attività commerciale e di ristorazione;;;;1;False
697261;L219;1282;171;34;11.0;FABBRICATO;via roma;247;45.0666084;7.681704;Cantina, soffitta, rimessa, box, garage, posto auto aperto/scoperto,;Dal 1919 al 1945;Nessuno;Patrimonio indisponibile;Utilizzato direttamente;Attività commerciale e di ristorazione;;;;1;False
697262;L219;1282;171;340;19.0;FABBRICATO;via roma;247;45.0666084;7.681704;Cantina, soffitta, rimessa, box, garage, posto auto aperto/scoperto,;Dal 1919 al 1945;Nessuno;Patrimonio indisponibile;Utilizzato direttamente;Attività commerciale e di ristorazione;;;;1;False
697263;L219;1282;171;341;17.0;FABBRICATO;via roma;247;45.0666084;7.681704;Cantina, soffitta, rimessa, box, garage, posto auto aperto/scoperto,;Dal 1919 al 1945;Nessuno;Patrimonio indisponibile;Utilizzato direttamente;Attività commerciale e di ristorazione;;;;1;False
697264;L219;1282;171;342;19.0;FABBRICATO;via roma;247;45.0666084;7.681704;Cantina, soffitta, rimessa, box, garage, posto auto aperto/scoperto,;Dal 1919 al 1945;Nessuno;Patrimonio indisponibile;Utilizzato direttamente;Attività commerciale e di ristorazione;;;;1;False
697265;L219;1282;171;343;17.0;FABBRICATO;via roma;247;45.0666084;7.681704;Cantina, soffitta, rimessa, box, garage, posto auto aperto/scoperto,;Dal 1919 al 1945;Nessuno;Patrimonio indisponibile;Utilizzato direttamente;Attività commerciale e di ristorazione;;;;1;False
697266;L219;1282;171;344;19.0;FABBRICATO;via roma;247;45.0666084;7.681704;Cantina, soffitta, rimessa, box, garage, posto auto aperto/scoperto,;Dal 1919 al 1945;Nessuno;Patrimonio indisponibile;Utilizzato direttamente;Attività commerciale e di ristorazione;;;;1;False
697267;L219;1282;171;345;17.0;FABBRICATO;via roma;247;45.0666084;7.681704;Cantina, soffitta, rimessa, box, garage, posto auto aperto/scoperto,;Dal 1919 al 1945;Nessuno;Patrimonio indisponibile;Utilizzato direttamente;Attività commerciale e di ristorazione;;;;1;False
697268;L219;1282;171;346;19.0;FABBRICATO;via roma;247;45.0666084;7.681704;Cantina, soffitta, rimessa, box, garage, posto auto aperto/scoperto,;Dal 1919 al 1945;Nessuno;Patrimonio indisponibile;Utilizzato direttamente;Attività commerciale e di ristorazione;;;;1;False
697269;L219;1282;171;347;17.0;FABBRICATO;via roma;247;45.0666084;7.681704;Cantina, soffitta, rimessa, box, garage, posto auto aperto/scoperto,;Dal 1919 al 1945;Nessuno;Patrimonio indisponibile;Utilizzato direttamente;Attività commerciale e di ristorazione;;;;1;False
697270;L219;1282;171;348;16.0;FABBRICATO;via roma;247;45.0666084;7.681704;Cantina, soffitta, rimessa, box, garage, posto auto aperto/scoperto,;Dal 1919 al 1945;Nessuno;Patrimonio indisponibile;Utilizzato direttamente;Attività commerciale e di ristorazione;;;;1;False
697271;L219;1282;171;349;16.0;FABBRICATO;via roma;247;45.0666084;7.681704;Cantina, soffitta, rimessa, box, garage, posto auto aperto/scoperto,;Dal 1919 al 1945;Nessuno;Patrimonio indisponibile;Utilizzato direttamente;Attività commerciale e di ristorazione;;;;1;False
697272;L219;1282;171;35;11.0;FABBRICATO;via roma;247;45.0666084;7.681704;Cantina, soffitta, rimessa, box, garage, posto auto aperto/scoperto,;Dal 1919 al 1945;Nessuno;Patrimonio indisponibile;Utilizzato direttamente;Attività commerciale e di ristorazione;;;;1;False
697273;L219;1282;171;350;28.0;FABBRICATO;via roma;247;45.0666084;7.681704;Cantina, soffitta, rimessa, box, garage, posto auto aperto/scoperto,;Dal 1919 al 1945;Nessuno;Patrimonio indisponibile;Utilizzato direttamente;Attività commerciale e di ristorazione;;;;1;False
697274;L219;1282;171;36;11.0;FABBRICATO;via roma;247;45.0666084;7.681704;Cantina, soffitta, rimessa, box, garage, posto auto aperto/scoperto,;Dal 1919 al 1945;Nessuno;Patrimonio indisponibile;Utilizzato direttamente;Attività commerciale e di ristorazione;;;;1;False
697275;L219;1282;171;37;12.0;FABBRICATO;via roma;247;45.0666084;7.681704;Cantina, soffitta, rimessa, box, garage, posto auto aperto/scoperto,;Dal 1919 al 1945;Nessuno;Patrimonio indisponibile;Utilizzato direttamente;Attività commerciale e di ristorazione;;;;1;False
697276;L219;1282;171;38;12.0;FABBRICATO;via roma;247;45.0666084;7.681704;Cantina, soffitta, rimessa, box, garage, posto auto aperto/scoperto,;Dal 1919 al 1945;Nessuno;Patrimonio indisponibile;Utilizzato direttamente;Attività commerciale e di ristorazione;;;;1;False
697277;L219;1282;171;39;12.0;FABBRICATO;via roma;247;45.0666084;7.681704;Cantina, soffitta, rimessa, box, garage, posto auto aperto/scoperto,;Dal 1919 al 1945;Nessuno;Patrimonio indisponibile;Utilizzato direttamente;Attività commerciale e di ristorazione;;;;1;False
697278;L219;1282;171;4;13.0;FABBRICATO;via roma;247;45.0666084;7.681704;Cantina, soffitta, rimessa, box, garage, posto auto aperto/scoperto,;Dal 1919 al 1945;Nessuno;Patrimonio indisponibile;;Non Dichiarato;in concessione a titolo oneroso;22921.0;01/03/1993;1;False
697279;L219;1282;171;40;12.0;FABBRICATO;via roma;247;45.0666084;7.681704;Cantina, soffitta, rimessa, box, garage, posto auto aperto/scoperto,;Dal 1919 al 1945;Nessuno;Patrimonio indisponibile;Utilizzato direttamente;Attività commerciale e di ristorazione;;;;1;False
697280;L219;1282;171;41;10.0;FABBRICATO;via roma;247;45.0666084;7.681704;Cantina, soffitta, rimessa, box, garage, posto auto aperto/scoperto,;Dal 1919 al 1945;Nessuno;Patrimonio indisponibile;Utilizzato direttamente;Attività commerciale e di ristorazione;;;;1;False
697281;L219;1282;171;42;10.0;FABBRICATO;via roma;247;45.0666084;7.681704;Cantina, soffitta, rimessa, box, garage, posto auto aperto/scoperto,;Dal 1919 al 1945;Nessuno;Patrimonio indisponibile;Utilizzato direttamente;Attività commerciale e di ristorazione;;;;1;False
697282;L219;1282;171;43;10.0;FABBRICATO;via roma;247;45.0666084;7.681704;Cantina, soffitta, rimessa, box, garage, posto auto aperto/scoperto,;Dal 1919 al 1945;Nessuno;Patrimonio indisponibile;Utilizzato direttamente;Attività commerciale e di ristorazione;;;;1;False
697283;L219;1282;171;44;10.0;FABBRICATO;via roma;247;45.0666084;7.681704;Cantina, soffitta, rimessa, box, garage, posto auto aperto/scoperto,;Dal 1919 al 1945;Nessuno;Patrimonio indisponibile;Utilizzato direttamente;Attività commerciale e di ristorazione;;;;1;False
697284;L219;1282;171;45;12.0;FABBRICATO;via roma;247;45.0666084;7.681704;Cantina, soffitta, rimessa, box, garage, posto auto aperto/scoperto,;Dal 1919 al 1945;Nessuno;Patrimonio indisponibile;Utilizzato direttamente;Attività commerciale e di ristorazione;;;;1;False
697285;L219;1282;171;46;12.0;FABBRICATO;via roma;247;45.0666084;7.681704;Cantina, soffitta, rimessa, box, garage, posto auto aperto/scoperto,;Dal 1919 al 1945;Nessuno;Patrimonio indisponibile;Utilizzato direttamente;Attività commerciale e di ristorazione;;;;1;False
697286;L219;1282;171;47;10.0;FABBRICATO;via roma;247;45.0666084;7.681704;Cantina, soffitta, rimessa, box, garage, posto auto aperto/scoperto,;Dal 1919 al 1945;Nessuno;Patrimonio indisponibile;Utilizzato direttamente;Attività commerciale e di ristorazione;;;;1;False
697287;L219;1282;171;48;10.0;FABBRICATO;via roma;247;45.0666084;7.681704;Cantina, soffitta, rimessa, box, garage, posto auto aperto/scoperto,;Dal 1919 al 1945;Nessuno;Patrimonio indisponibile;Utilizzato direttamente;Attività commerciale e di ristorazione;;;;1;False
697288;L219;1282;171;49;10.0;FABBRICATO;via roma;247;45.0666084;7.681704;Cantina, soffitta, rimessa, box, garage, posto auto aperto/scoperto,;Dal 1919 al 1945;Nessuno;Patrimonio indisponibile;Utilizzato direttamente;Attività commerciale e di ristorazione;;;;1;False
697289;L219;1282;171;5;13.0;FABBRICATO;via roma;247;45.0666084;7.681704;Cantina, soffitta, rimessa, box, garage, posto auto aperto/scoperto,;Dal 1919 al 1945;Nessuno;Patrimonio indisponibile;Utilizzato direttamente;Attività commerciale e di ristorazione;;;;1;False
697290;L219;1282;171;50;12.0;FABBRICATO;via roma;247;45.0666084;7.681704;Cantina, soffitta, rimessa, box, garage, posto auto aperto/scoperto,;Dal 1919 al 1945;Nessuno;Patrimonio indisponibile;Utilizzato direttamente;Attività commerciale e di ristorazione;;;;1;False
697291;L219;1282;171;51;12.0;FABBRICATO;via roma;247;45.0666084;7.681704;Cantina, soffitta, rimessa, box, garage, posto auto aperto/scoperto,;Dal 1919 al 1945;Nessuno;Patrimonio indisponibile;Utilizzato direttamente;Attività commerciale e di ristorazione;;;;1;False
697292;L219;1282;171;52;11.0;FABBRICATO;via roma;247;45.0666084;7.681704;Cantina, soffitta, rimessa, box, garage, posto auto aperto/scoperto,;Dal 1919 al 1945;Nessuno;Patrimonio indisponibile;Utilizzato direttamente;Attività commerciale e di ristorazione;;;;1;False
697293;L219;1282;171;53;10.0;FABBRICATO;via roma;247;45.0666084;7.681704;Cantina, soffitta, rimessa, box, garage, posto auto aperto/scoperto,;Dal 1919 al 1945;Nessuno;Patrimonio indisponibile;Utilizzato direttamente;Attività commerciale e di ristorazione;;;;1;False
697294;L219;1282;171;54;11.0;FABBRICATO;via roma;247;45.0666084;7.681704;Cantina, soffitta, rimessa, box, garage, posto auto aperto/scoperto,;Dal 1919 al 1945;Nessuno;Patrimonio indisponibile;Utilizzato direttamente;Attività commerciale e di ristorazione;;;;1;False
697295;L219;1282;171;55;11.0;FABBRICATO;via roma;247;45.0666084;7.681704;Cantina, soffitta, rimessa, box, garage, posto auto aperto/scoperto,;Dal 1919 al 1945;Nessuno;Patrimonio indisponibile;Utilizzato direttamente;Attività commerciale e di ristorazione;;;;1;False
697296;L219;1282;171;56;11.0;FABBRICATO;via roma;247;45.0666084;7.681704;Cantina, soffitta, rimessa, box, garage, posto auto aperto/scoperto,;Dal 1919 al 1945;Nessuno;Patrimonio indisponibile;Utilizzato direttamente;Attività commerciale e di ristorazione;;;;1;False
697297;L219;1282;171;57;11.0;FABBRICATO;via roma;247;45.0666084;7.681704;Cantina, soffitta, rimessa, box, garage, posto auto aperto/scoperto,;Dal 1919 al 1945;Nessuno;Patrimonio indisponibile;Utilizzato direttamente;Attività commerciale e di ristorazione;;;;1;False
697298;L219;1282;171;58;11.0;FABBRICATO;via roma;247;45.0666084;7.681704;Cantina, soffitta, rimessa, box, garage, posto auto aperto/scoperto,;Dal 1919 al 1945;Nessuno;Patrimonio indisponibile;Utilizzato direttamente;Attività commerciale e di ristorazione;;;;1;False
697299;L219;1282;171;59;13.0;FABBRICATO;via roma;247;45.0666084;7.681704;Cantina, soffitta, rimessa, box, garage, posto auto aperto/scoperto,;Dal 1919 al 1945;Nessuno;Patrimonio indisponibile;Utilizzato direttamente;Attività commerciale e di ristorazione;;;;1;False
697300;L219;1282;171;6;13.0;FABBRICATO;via roma;247;45.0666084;7.681704;Cantina, soffitta, rimessa, box, garage, posto auto aperto/scoperto,;Dal 1919 al 1945;Nessuno;Patrimonio indisponibile;Utilizzato direttamente;Attività commerciale e di ristorazione;;;;1;False
697301;L219;1282;171;60;14.0;FABBRICATO;via roma;247;45.0666084;7.681704;Cantina, soffitta, rimessa, box, garage, posto auto aperto/scoperto,;Dal 1919 al 1945;Nessuno;Patrimonio indisponibile;Utilizzato direttamente;Attività commerciale e di ristorazione;;;;1;False
697302;L219;1282;171;61;14.0;FABBRICATO;via roma;247;45.0666084;7.681704;Cantina, soffitta, rimessa, box, garage, posto auto aperto/scoperto,;Dal 1919 al 1945;Nessuno;Patrimonio indisponibile;Utilizzato direttamente;Attività commerciale e di ristorazione;;;;1;False
697303;L219;1282;171;62;13.0;FABBRICATO;via roma;247;45.0666084;7.681704;Cantina, soffitta, rimessa, box, garage, posto auto aperto/scoperto,;Dal 1919 al 1945;Nessuno;Patrimonio indisponibile;Utilizzato direttamente;Attività commerciale e di ristorazione;;;;1;False
697304;L219;1282;171;63;15.0;FABBRICATO;via roma;247;45.0666084;7.681704;Cantina, soffitta, rimessa, box, garage, posto auto aperto/scoperto,;Dal 1919 al 1945;Nessuno;Patrimonio indisponibile;Utilizzato direttamente;Attività commerciale e di ristorazione;;;;1;False
697305;L219;1282;171;64;16.0;FABBRICATO;via roma;247;45.0666084;7.681704;Cantina, soffitta, rimessa, box, garage, posto auto aperto/scoperto,;Dal 1919 al 1945;Nessuno;Patrimonio indisponibile;Utilizzato direttamente;Attività commerciale e di ristorazione;;;;1;False
697306;L219;1282;171;65;15.0;FABBRICATO;via roma;247;45.0666084;7.681704;Cantina, soffitta, rimessa, box, garage, posto auto aperto/scoperto,;Dal 1919 al 1945;Nessuno;Patrimonio indisponibile;Utilizzato direttamente;Attività commerciale e di ristorazione;;;;1;False
697307;L219;1282;171;66;15.0;FABBRICATO;via roma;247;45.0666084;7.681704;Cantina, soffitta, rimessa, box, garage, posto auto aperto/scoperto,;Dal 1919 al 1945;Nessuno;Patrimonio indisponibile;Utilizzato direttamente;Attività commerciale e di ristorazione;;;;1;False
697308;L219;1282;171;67;19.0;FABBRICATO;via roma;247;45.0666084;7.681704;Cantina, soffitta, rimessa, box, garage, posto auto aperto/scoperto,;Dal 1919 al 1945;Nessuno;Patrimonio indisponibile;Utilizzato direttamente;Attività commerciale e di ristorazione;;;;1;False
697309;L219;1282;171;68;18.0;FABBRICATO;via roma;247;45.0666084;7.681704;Cantina, soffitta, rimessa, box, garage, posto auto aperto/scoperto,;Dal 1919 al 1945;Nessuno;Patrimonio indisponibile;Utilizzato direttamente;Attività commerciale e di ristorazione;;;;1;False
697310;L219;1282;171;69;13.0;FABBRICATO;via roma;247;45.0666084;7.681704;Cantina, soffitta, rimessa, box, garage, posto auto aperto/scoperto,;Dal 1919 al 1945;Nessuno;Patrimonio indisponibile;Utilizzato direttamente;Attività commerciale e di ristorazione;;;;1;False
697311;L219;1282;171;7;13.0;FABBRICATO;via roma;247;45.0666084;7.681704;Cantina, soffitta, rimessa, box, garage, posto auto aperto/scoperto,;Dal 1919 al 1945;Nessuno;Patrimonio indisponibile;Utilizzato direttamente;Attività commerciale e di ristorazione;;;;1;False
697312;L219;1282;171;70;12.0;FABBRICATO;via roma;247;45.0666084;7.681704;Cantina, soffitta, rimessa, box, garage, posto auto aperto/scoperto,;Dal 1919 al 1945;Nessuno;Patrimonio indisponibile;Utilizzato direttamente;Attività commerciale e di ristorazione;;;;1;False
697313;L219;1282;171;71;14.0;FABBRICATO;via roma;247;45.0666084;7.681704;Cantina, soffitta, rimessa, box, garage, posto auto aperto/scoperto,;Dal 1919 al 1945;Nessuno;Patrimonio indisponibile;Utilizzato direttamente;Attività commerciale e di ristorazione;;;;1;False
697314;L219;1282;171;72;13.0;FABBRICATO;via roma;247;45.0666084;7.681704;Cantina, soffitta, rimessa, box, garage, posto auto aperto/scoperto,;Dal 1919 al 1945;Nessuno;Patrimonio indisponibile;Utilizzato direttamente;Attività commerciale e di ristorazione;;;;1;False
697315;L219;1282;171;73;20.0;FABBRICATO;via roma;247;45.0666084;7.681704;Cantina, soffitta, rimessa, box, garage, posto auto aperto/scoperto,;Dal 1919 al 1945;Nessuno;Patrimonio indisponibile;Utilizzato direttamente;Attività commerciale e di ristorazione;;;;1;False
697316;L219;1282;171;74;17.0;FABBRICATO;via roma;247;45.0666084;7.681704;Cantina, soffitta, rimessa, box, garage, posto auto aperto/scoperto,;Dal 1919 al 1945;Nessuno;Patrimonio indisponibile;Utilizzato direttamente;Attività commerciale e di ristorazione;;;;1;False
697317;L219;1282;171;75;17.0;FABBRICATO;via roma;247;45.0666084;7.681704;Cantina, soffitta, rimessa, box, garage, posto auto aperto/scoperto,;Dal 1919 al 1945;Nessuno;Patrimonio indisponibile;Utilizzato direttamente;Attività commerciale e di ristorazione;;;;1;False
697318;L219;1282;171;76;16.0;FABBRICATO;via roma;247;45.0666084;7.681704;Cantina, soffitta, rimessa, box, garage, posto auto aperto/scoperto,;Dal 1919 al 1945;Nessuno;Patrimonio indisponibile;Utilizzato direttamente;Attività commerciale e di ristorazione;;;;1;False
697319;L219;1282;171;77;22.0;FABBRICATO;via roma;247;45.0666084;7.681704;Cantina, soffitta, rimessa, box, garage, posto auto aperto/scoperto,;Dal 1919 al 1945;Nessuno;Patrimonio indisponibile;Utilizzato direttamente;Attività commerciale e di ristorazione;;;;1;False
697320;L219;1282;171;78;18.0;FABBRICATO;via roma;247;45.0666084;7.681704;Cantina, soffitta, rimessa, box, garage, posto auto aperto/scoperto,;Dal 1919 al 1945;Nessuno;Patrimonio indisponibile;Utilizzato direttamente;Attività commerciale e di ristorazione;;;;1;False
697321;L219;1282;171;79;19.0;FABBRICATO;via roma;247;45.0666084;7.681704;Cantina, soffitta, rimessa, box, garage, posto auto aperto/scoperto,;Dal 1919 al 1945;Nessuno;Patrimonio indisponibile;Utilizzato direttamente;Attività commerciale e di ristorazione;;;;1;False
697322;L219;1282;171;8;13.0;FABBRICATO;via roma;247;45.0666084;7.681704;Cantina, soffitta, rimessa, box, garage, posto auto aperto/scoperto,;Dal 1919 al 1945;Nessuno;Patrimonio indisponibile;Utilizzato direttamente;Attività commerciale e di ristorazione;;;;1;False
697323;L219;1282;171;80;18.0;FABBRICATO;via roma;247;45.0666084;7.681704;Cantina, soffitta, rimessa, box, garage, posto auto aperto/scoperto,;Dal 1919 al 1945;Nessuno;Patrimonio indisponibile;Utilizzato direttamente;Attività commerciale e di ristorazione;;;;1;False
697324;L219;1282;171;81;15.0;FABBRICATO;via roma;247;45.0666084;7.681704;Cantina, soffitta, rimessa, box, garage, posto auto aperto/scoperto,;Dal 1919 al 1945;Nessuno;Patrimonio indisponibile;Utilizzato direttamente;Attività commerciale e di ristorazione;;;;1;False
697325;L219;1282;171;82;17.0;FABBRICATO;via roma;247;45.0666084;7.681704;Cantina, soffitta, rimessa, box, garage, posto auto aperto/scoperto,;Dal 1919 al 1945;Nessuno;Patrimonio indisponibile;Utilizzato direttamente;Attività commerciale e di ristorazione;;;;1;False
697326;L219;1282;171;83;13.0;FABBRICATO;via roma;247;45.0666084;7.681704;Cantina, soffitta, rimessa, box, garage, posto auto aperto/scoperto,;Dal 1919 al 1945;Nessuno;Patrimonio indisponibile;Utilizzato direttamente;Attività commerciale e di ristorazione;;;;1;False
697327;L219;1282;171;84;13.0;FABBRICATO;via roma;247;45.0666084;7.681704;Cantina, soffitta, rimessa, box, garage, posto auto aperto/scoperto,;Dal 1919 al 1945;Nessuno;Patrimonio indisponibile;Utilizzato direttamente;Attività commerciale e di ristorazione;;;;1;False
697328;L219;1282;171;85;13.0;FABBRICATO;via roma;247;45.0666084;7.681704;Cantina, soffitta, rimessa, box, garage, posto auto aperto/scoperto,;Dal 1919 al 1945;Nessuno;Patrimonio indisponibile;Utilizzato direttamente;Attività commerciale e di ristorazione;;;;1;False
697329;L219;1282;171;86;13.0;FABBRICATO;via roma;247;45.0666084;7.681704;Cantina, soffitta, rimessa, box, garage, posto auto aperto/scoperto,;Dal 1919 al 1945;Nessuno;Patrimonio indisponibile;Utilizzato direttamente;Attività commerciale e di ristorazione;;;;1;False
697330;L219;1282;171;87;13.0;FABBRICATO;via roma;247;45.0666084;7.681704;Cantina, soffitta, rimessa, box, garage, posto auto aperto/scoperto,;Dal 1919 al 1945;Nessuno;Patrimonio indisponibile;Utilizzato direttamente;Attività commerciale e di ristorazione;;;;1;False
697331;L219;1282;171;88;12.0;FABBRICATO;via roma;247;45.0666084;7.681704;Cantina, soffitta, rimessa, box, garage, posto auto aperto/scoperto,;Dal 1919 al 1945;Nessuno;Patrimonio indisponibile;Utilizzato direttamente;Attività commerciale e di ristorazione;;;;1;False
697332;L219;1282;171;89;17.0;FABBRICATO;via roma;247;45.0666084;7.681704;Cantina, soffitta, rimessa, box, garage, posto auto aperto/scoperto,;Dal 1919 al 1945;Nessuno;Patrimonio indisponibile;Utilizzato direttamente;Attività commerciale e di ristorazione;;;;1;False
697333;L219;1282;171;9;13.0;FABBRICATO;via roma;247;45.0666084;7.681704;Cantina, soffitta, rimessa, box, garage, posto auto aperto/scoperto,;Dal 1919 al 1945;Nessuno;Patrimonio indisponibile;Utilizzato direttamente;Attività commerciale e di ristorazione;;;;1;False
697334;L219;1282;171;90;12.0;FABBRICATO;via roma;247;45.0666084;7.681704;Cantina, soffitta, rimessa, box, garage, posto auto aperto/scoperto,;Dal 1919 al 1945;Nessuno;Patrimonio indisponibile;Utilizzato direttamente;Attività commerciale e di ristorazione;;;;1;False
697335;L219;1282;171;91;17.0;FABBRICATO;via roma;247;45.0666084;7.681704;Cantina, soffitta, rimessa, box, garage, posto auto aperto/scoperto,;Dal 1919 al 1945;Nessuno;Patrimonio indisponibile;Utilizzato direttamente;Attività commerciale e di ristorazione;;;;1;False
697336;L219;1282;171;92;14.0;FABBRICATO;via roma;247;45.0666084;7.681704;Cantina, soffitta, rimessa, box, garage, posto auto aperto/scoperto,;Dal 1919 al 1945;Nessuno;Patrimonio indisponibile;Utilizzato direttamente;Attività commerciale e di ristorazione;;;;1;False
697337;L219;1282;171;93;16.0;FABBRICATO;via roma;247;45.0666084;7.681704;Cantina, soffitta, rimessa, box, garage, posto auto aperto/scoperto,;Dal 1919 al 1945;Nessuno;Patrimonio indisponibile;Utilizzato direttamente;Attività commerciale e di ristorazione;;;;1;False
697338;L219;1282;171;94;14.0;FABBRICATO;via roma;247;45.0666084;7.681704;Cantina, soffitta, rimessa, box, garage, posto auto aperto/scoperto,;Dal 1919 al 1945;Nessuno;Patrimonio indisponibile;Utilizzato direttamente;Attività commerciale e di ristorazione;;;;1;False
697339;L219;1282;171;95;16.0;FABBRICATO;via roma;247;45.0666084;7.681704;Cantina, soffitta, rimessa, box, garage, posto auto aperto/scoperto,;Dal 1919 al 1945;Nessuno;Patrimonio indisponibile;Utilizzato direttamente;Attività commerciale e di ristorazione;;;;1;False
697340;L219;1282;171;96;14.0;FABBRICATO;via roma;247;45.0666084;7.681704;Cantina, soffitta, rimessa, box, garage, posto auto aperto/scoperto,;Dal 1919 al 1945;Nessuno;Patrimonio indisponibile;Utilizzato direttamente;Attività commerciale e di ristorazione;;;;1;False
697341;L219;1282;171;97;17.0;FABBRICATO;via roma;247;45.0666084;7.681704;Cantina, soffitta, rimessa, box, garage, posto auto aperto/scoperto,;Dal 1919 al 1945;Nessuno;Patrimonio indisponibile;Utilizzato direttamente;Attività commerciale e di ristorazione;;;;1;False
697342;L219;1282;171;98;14.0;FABBRICATO;via roma;247;45.0666084;7.681704;Cantina, soffitta, rimessa, box, garage, posto auto aperto/scoperto,;Dal 1919 al 1945;Nessuno;Patrimonio indisponibile;Utilizzato direttamente;Attività commerciale e di ristorazione;;;;1;False
697343;L219;1282;171;99;16.0;FABBRICATO;via roma;247;45.0666084;7.681704;Cantina, soffitta, rimessa, box, garage, posto auto aperto/scoperto,;Dal 1919 al 1945;Nessuno;Patrimonio indisponibile;Utilizzato direttamente;Attività commerciale e di ristorazione;;;;1;False
697383;L219;1282;7;8;87.0;FABBRICATO;Via Roma;101;45.0687297;7.6835742;Magazzino e locali di deposito;Dal 1919 al 1945;Nessuno;Patrimonio indisponibile;Non utilizzato;Non Dichiarato;;;;1;False
697384;L219;1282;7;81;27.0;FABBRICATO;via roma;101 1;45.0687297;7.6835742;Cantina, soffitta, rimessa, box, garage, posto auto aperto/scoperto,;Dal 1919 al 1945;Nessuno;Patrimonio indisponibile;Non utilizzato;Non Dichiarato;;;;1;False
697385;L219;1282;171;379;111.0;FABBRICATO;Via Bruno Buozzi;22;45.0666084;7.681704;Magazzino e locali di deposito;Dal 1919 al 1945;Nessuno;Patrimonio indisponibile;Utilizzato direttamente;Altro;;;;1;False
697386;L219;1283;17;1;59.0;FABBRICATO;Corso Giacomo Matteotti;6;45.0658338;7.6771151;Abitazione;Prima del 1919;Nessuno;Patrimonio indisponibile;Utilizzato direttamente;Alloggio di servizio, foresterie;;;;1;False
697387;L219;1283;17;2;4389.25;FABBRICATO;Corso Giacomo Matteotti;6;45.0658338;7.6771151;Edificio scolastico (es.: scuola di ogni ordine e grado, università, scuola di formazione);Prima del 1919;Nessuno;Patrimonio indisponibile;Utilizzato direttamente;Attività didattica;;;;1;False
697388;L219;1283;178;1;26.0;FABBRICATO;via assietta;13 A;45.06252;7.6740903;Locale commerciale, negozio;Dal 1919 al 1945;Nessuno;Patrimonio disponibile;Utilizzato direttamente;Attività commerciale e di ristorazione;;;;1;False
697389;L219;1283;178;18;136.0;FABBRICATO;via massena andrea;11;45.06252;7.6740903;Abitazione;Dal 1919 al 1945;Nessuno;Patrimonio disponibile;Utilizzato direttamente;Altro;;;;1;False
697390;L219;1283;178;26;61.0;FABBRICATO;via massena andrea;11;45.06252;7.6740903;Locale commerciale, negozio;Dal 1919 al 1945;Nessuno;Patrimonio disponibile;Utilizzato direttamente;Attività commerciale e di ristorazione;;;;1;False
697391;L219;1283;178;3;21.0;FABBRICATO;Via Assietta;13;45.06252;7.6740903;Locale commerciale, negozio;Dal 1919 al 1945;Nessuno;Patrimonio disponibile;Utilizzato direttamente;Altro;;;;1;False
697392;L219;1283;178;55;27.0;FABBRICATO;via assietta;13 E;45.06252;7.6740903;Locale commerciale, negozio;Dal 1919 al 1945;Nessuno;Patrimonio disponibile;Utilizzato direttamente;Attività commerciale e di ristorazione;;;;1;False
697393;L219;1283;178;47;13.0;FABBRICATO;via massena andrea;11;45.06252;7.6740903;Cantina, soffitta, rimessa, box, garage, posto auto aperto/scoperto,;Dal 1919 al 1945;Nessuno;Patrimonio disponibile;Utilizzato direttamente;Attività commerciale e di ristorazione;;;;1;False
697394;L219;1283;178;56;27.0;FABBRICATO;Via Massena;11 A;45.06252;7.6740903;Locale commerciale, negozio;Dal 1919 al 1945;Nessuno;Patrimonio disponibile;Utilizzato direttamente;Attività commerciale e di ristorazione;;;;1;False
697395;L219;1283;178;54;154.0;FABBRICATO;via massena andrea;11;45.06252;7.6740903;Abitazione;Dal 1919 al 1945;Nessuno;Patrimonio disponibile;;Non Dichiarato;in locazione;5596.0;01/07/2011;1;False
697396;L219;1283;218;37;78.0;FABBRICATO;Via Giovanni Camerana;15;45.0611768;7.6758996;Ufficio strutturato ed assimilabili;Prima del 1919;Nessuno;Patrimonio indisponibile;Utilizzato direttamente;Altro;;;;1;False
697397;L219;1283;26;1;2773.5;FABBRICATO;corso matteotti giacomo;9;45.0654997;7.676708;Edificio scolastico (es.: scuola di ogni ordine e grado, università, scuola di formazione);Prima del 1919;Dichiarazione di interesse culturale;Demanio;Utilizzato direttamente;Attività didattica;;;;1;False
697398;L219;1283;26;3;64.0;FABBRICATO;corso matteotti giacomo;9;45.0654997;7.676708;Abitazione;Prima del 1919;Dichiarazione di interesse culturale;Demanio;Utilizzato direttamente;Alloggio di servizio, foresterie;;;;1;False
697399;L219;1284;137;2;3000.0;FABBRICATO;via magenta;31;45.0648789;7.6695571;Biblioteca, pinacoteca, museo, gallerie;Dal 1946 al 1960;Dichiarazione di interesse culturale;Demanio;Utilizzato direttamente;Attività artistica e culturale;;;;1;False
697400;L219;1284;137;3;97.0;FABBRICATO;via magenta;31;45.0648789;7.6695571;Abitazione;Dal 1946 al 1960;Dichiarazione di interesse culturale;Demanio;Utilizzato direttamente;Alloggio di servizio, foresterie;;;;1;False
697401;L219;1288;455;1;7591.71;FABBRICATO;Corso Francesco Ferrucci;122;45.0599797;7.6556188;Ufficio strutturato ed assimilabili;Dal 1981 al 1990;Nessuno;Patrimonio indisponibile;Utilizzato direttamente;Attività amministrativa/uffici pubblici;;;;1;False
697402;L219;1288;455;2;109.0;FABBRICATO;Corso Francesco Ferrucci;122;45.0599797;7.6556188;Abitazione;Dal 1981 al 1990;Nessuno;Patrimonio indisponibile;Utilizzato direttamente;Attività amministrativa/uffici pubblici;;;;1;False
697406;L219;1289;56;10;262.0;FABBRICATO;Via Cumiana;15;45.0658762;7.6443978;Parcheggio collettivo;Dal 1919 al 1945;Dichiarazione di interesse culturale;Demanio;Utilizzato direttamente;Attività amministrativa/uffici pubblici;;;;1;False
697407;L219;1289;56;11;230.0;FABBRICATO;corso racconigi;100 A;45.0658762;7.6443978;Parcheggio collettivo;Dal 1919 al 1945;Dichiarazione di interesse culturale;Demanio;;Non Dichiarato;in concessione a titolo oneroso;63331.0;01/01/2022;1;False
697408;L219;1289;56;2;3882.86;FABBRICATO;Corso Peschiera;193;45.0658762;7.6443978;Ufficio strutturato ed assimilabili;Dal 1919 al 1945;Dichiarazione di interesse culturale;Demanio;Utilizzato direttamente;Attività amministrativa/uffici pubblici;;;;1;False
697409;L219;1289;56;3;1227.14;FABBRICATO;corso racconigi;100 A;45.0658762;7.6443978;Ufficio strutturato ed assimilabili;Dal 1919 al 1945;Dichiarazione di interesse culturale;Demanio;;Non Dichiarato;in concessione a titolo oneroso;63331.0;01/01/2022;1;False
697412;L219;1289;56;7;4977.14;FABBRICATO;Via Cumiana;15;45.0658762;7.6443978;Ufficio strutturato ed assimilabili;Dal 1919 al 1945;Dichiarazione di interesse culturale;Demanio;Utilizzato direttamente;Attività amministrativa/uffici pubblici;;;;1;False
697413;L219;1289;56;9;308.0;FABBRICATO;Via Cumiana;15;45.0658762;7.6443978;Parcheggio collettivo;Dal 1919 al 1945;Dichiarazione di interesse culturale;Demanio;Utilizzato direttamente;Attività amministrativa/uffici pubblici;;;;1;False
697415;L219;1290;63;26;94.0;FABBRICATO;via isonzo;123 4;45.0599258;7.639071;Abitazione;Dal 2001 al 2010;Nessuno;Patrimonio indisponibile;Utilizzato direttamente;Altro;;;;1;False
697416;L219;1290;63;46;14.0;FABBRICATO;via issiglio;100 A;45.0599258;7.639071;Cantina, soffitta, rimessa, box, garage, posto auto aperto/scoperto,;Dal 2001 al 2010;Nessuno;Patrimonio indisponibile;Utilizzato direttamente;Altro;;;;1;False
697417;L219;1291;47;1;102.0;FABBRICATO;Viale Luigi Hugues;10;45.0608616;7.6332554;Abitazione;Dal 1946 al 1960;Nessuno;Patrimonio indisponibile;Utilizzato direttamente;Alloggio di servizio, foresterie;;;;1;False
697418;L219;1291;47;2;92.0;FABBRICATO;Viale Luigi Hugues;10;45.0608616;7.6332554;Magazzino e locali di deposito;Dal 1946 al 1960;Nessuno;Patrimonio indisponibile;Utilizzato direttamente;Attività sportiva, ricreativa e di intrattenimento;;;;1;False
697423;L219;1292;19;1;988.0;FABBRICATO;Corso Luigi Maria d'Albertis;22;45.0612113;7.6302753;Edificio scolastico (es.: scuola di ogni ordine e grado, università, scuola di formazione);Dal 1961 al 1970;Nessuno;Patrimonio indisponibile;Utilizzato direttamente;Attività didattica;;;;1;False
697424;L219;1292;19;2;1570.0;FABBRICATO;Corso Luigi Maria d'Albertis;22;45.0612113;7.6302753;Edificio scolastico (es.: scuola di ogni ordine e grado, università, scuola di formazione);Dal 1961 al 1970;Nessuno;Patrimonio indisponibile;Utilizzato direttamente;Attività didattica;;;;1;False
697425;L219;1292;19;4;83.0;FABBRICATO;Corso Luigi Maria d'Albertis;22;45.0612113;7.6302753;Abitazione;Dal 1961 al 1970;Nessuno;Patrimonio indisponibile;Utilizzato direttamente;Alloggio di servizio, foresterie;;;;1;False
697426;L219;1292;19;5;1372.5;FABBRICATO;via monte cristallo;9;45.0612113;7.6302753;Edificio scolastico (es.: scuola di ogni ordine e grado, università, scuola di formazione);Dal 1971 al 1980;Nessuno;Patrimonio indisponibile;Utilizzato direttamente;Attività didattica;;;;1;False
697427;L219;1292;19;6;81.0;FABBRICATO;via monte cristallo;9;45.0612113;7.6302753;Abitazione;Dal 1971 al 1980;Nessuno;Patrimonio indisponibile;Utilizzato direttamente;Alloggio di servizio, foresterie;;;;1;False
697428;L219;1293;432;2;4575.0;FABBRICATO;via lancia vincenzo;140;45.0634164;7.6285427;Edificio scolastico (es.: scuola di ogni ordine e grado, università, scuola di formazione);Dal 1981 al 1990;Nessuno;Patrimonio indisponibile;Utilizzato direttamente;Attività didattica;;;;1;False
697429;L219;1293;432;3;77.0;FABBRICATO;via lancia vincenzo;140;45.0634164;7.6285427;Abitazione;Dal 1981 al 1990;Nessuno;Patrimonio indisponibile;Utilizzato direttamente;Alloggio di servizio, foresterie;;;;1;False
697430;L219;1443;237;2;769.25;FABBRICATO;via invernizio carolina;21;45.0230764;7.6552716;Edificio scolastico (es.: scuola di ogni ordine e grado, università, scuola di formazione);Dal 1971 al 1980;Nessuno;Patrimonio indisponibile;Utilizzato direttamente;Attività didattica;;;;1;False
697431;L219;1443;237;3;63.0;FABBRICATO;via invernizio carolina;21;45.0230764;7.6552716;Abitazione;Dal 1971 al 1980;Nessuno;Patrimonio indisponibile;Utilizzato direttamente;Alloggio di servizio, foresterie;;;;1;False
697432;L219;1294;113;1;39.0;FABBRICATO;via ozieri;11;45.0638379;7.6194546;Abitazione;Dal 1991 al 2000;Nessuno;Patrimonio indisponibile;Utilizzato direttamente;Alloggio di servizio, foresterie;;;;1;False
697433;L219;1294;113;2;41.0;FABBRICATO;via ozieri;11;45.0638379;7.6194546;Abitazione;Dal 1991 al 2000;Nessuno;Patrimonio indisponibile;Utilizzato direttamente;Alloggio di servizio, foresterie;;;;1;False
697434;L219;1442;72;1;1344.5;FABBRICATO;via monte corno;21;45.0253806;7.6546412;Edificio scolastico (es.: scuola di ogni ordine e grado, università, scuola di formazione);Dal 1971 al 1980;Nessuno;Patrimonio indisponibile;Utilizzato direttamente;Attività didattica;;;;1;False
697435;L219;1442;72;2;101.0;FABBRICATO;via monte corno;21;45.0253806;7.6546412;Abitazione;Dal 1971 al 1980;Nessuno;Patrimonio indisponibile;Utilizzato direttamente;Alloggio di servizio, foresterie;;;;1;False
697436;L219;1442;74;10;77.0;FABBRICATO;via pio vii;19 A;45.0281138;7.6548255;Abitazione;Dal 2001 al 2010;Nessuno;Patrimonio indisponibile;Utilizzato direttamente;Altro;;;;1;False
697437;L219;1442;74;100;90.0;FABBRICATO;Via Pio VII;17;45.0281138;7.6548255;Abitazione;Dal 2001 al 2010;Nessuno;Patrimonio indisponibile;Utilizzato direttamente;Altro;;;;1;False
697438;L219;1442;74;102;73.0;FABBRICATO;Via Pio VII;17;45.0281138;7.6548255;Abitazione;Dal 2001 al 2010;Nessuno;Patrimonio indisponibile;Utilizzato direttamente;Altro;;;;1;False
697439;L219;1442;74;103;85.0;FABBRICATO;Via Pio VII;17;45.0281138;7.6548255;Abitazione;Dal 2001 al 2010;Nessuno;Patrimonio indisponibile;Utilizzato direttamente;Altro;;;;1;False
697440;L219;1442;74;104;88.0;FABBRICATO;Via Pio VII;17;45.0281138;7.6548255;Abitazione;Dal 2001 al 2010;Nessuno;Patrimonio indisponibile;Utilizzato direttamente;Altro;;;;1;False
697441;L219;1442;74;105;73.0;FABBRICATO;Via Pio VII;17;45.0281138;7.6548255;Abitazione;Dal 2001 al 2010;Nessuno;Patrimonio indisponibile;Utilizzato direttamente;Altro;;;;1;False
697442;L219;1442;74;106;81.0;FABBRICATO;Via Pio VII;17;45.0281138;7.6548255;Abitazione;Dal 2001 al 2010;Nessuno;Patrimonio indisponibile;Utilizzato direttamente;Altro;;;;1;False
697443;L219;1442;74;107;93.0;FABBRICATO;Via Pio VII;17;45.0281138;7.6548255;Abitazione;Dal 2001 al 2010;Nessuno;Patrimonio indisponibile;Utilizzato direttamente;Altro;;;;1;False
697444;L219;1442;74;108;89.0;FABBRICATO;Via Pio VII;17;45.0281138;7.6548255;Abitazione;Dal 2001 al 2010;Nessuno;Patrimonio indisponibile;Utilizzato direttamente;Altro;;;;1;False
697445;L219;1442;74;109;74.0;FABBRICATO;Via Pio VII;17;45.0281138;7.6548255;Abitazione;Dal 2001 al 2010;Nessuno;Patrimonio indisponibile;Utilizzato direttamente;Altro;;;;1;False
697446;L219;1442;74;11;77.0;FABBRICATO;via pio vii;19 A;45.0281138;7.6548255;Abitazione;Dal 2001 al 2010;Nessuno;Patrimonio indisponibile;Utilizzato direttamente;Altro;;;;1;False
697447;L219;1442;74;110;85.0;FABBRICATO;Via Pio VII;17;45.0281138;7.6548255;Abitazione;Dal 2001 al 2010;Nessuno;Patrimonio indisponibile;Utilizzato direttamente;Altro;;;;1;False
697448;L219;1442;74;113;106.0;FABBRICATO;Via Pio VII;17;45.0281138;7.6548255;Abitazione;Dal 2001 al 2010;Nessuno;Patrimonio indisponibile;Utilizzato direttamente;Altro;;;;1;False
697449;L219;1442;74;114;86.0;FABBRICATO;Via Pio VII;17;45.0281138;7.6548255;Abitazione;Dal 2001 al 2010;Nessuno;Patrimonio indisponibile;Utilizzato direttamente;Altro;;;;1;False
697450;L219;1442;74;115;108.0;FABBRICATO;Via Pio VII;17;45.0281138;7.6548255;Abitazione;Dal 2001 al 2010;Nessuno;Patrimonio indisponibile;Utilizzato direttamente;Altro;;;;1;False
697451;L219;1442;74;117;77.0;FABBRICATO;Via Pio VII;17;45.0281138;7.6548255;Abitazione;Dal 2001 al 2010;Nessuno;Patrimonio indisponibile;Utilizzato direttamente;Altro;;;;1;False
697452;L219;1442;74;118;108.0;FABBRICATO;Via Pio VII;17;45.0281138;7.6548255;Abitazione;Dal 2001 al 2010;Nessuno;Patrimonio indisponibile;Utilizzato direttamente;Altro;;;;1;False
697453;L219;1442;74;119;79.0;FABBRICATO;Via Pio VII;17;45.0281138;7.6548255;Abitazione;Dal 2001 al 2010;Nessuno;Patrimonio indisponibile;Utilizzato direttamente;Altro;;;;1;False
697454;L219;1442;74;12;73.0;FABBRICATO;via pio vii;19 A;45.0281138;7.6548255;Abitazione;Dal 2001 al 2010;Nessuno;Patrimonio indisponibile;Utilizzato direttamente;Altro;;;;1;False
697455;L219;1442;74;120;77.0;FABBRICATO;Via Pio VII;17;45.0281138;7.6548255;Abitazione;Dal 2001 al 2010;Nessuno;Patrimonio indisponibile;Utilizzato direttamente;Altro;;;;1;False
697456;L219;1442;74;121;107.0;FABBRICATO;Via Pio VII;17;45.0281138;7.6548255;Abitazione;Dal 2001 al 2010;Nessuno;Patrimonio indisponibile;Utilizzato direttamente;Altro;;;;1;False
697457;L219;1442;74;122;136.0;FABBRICATO;Via Pio VII;17;45.0281138;7.6548255;Abitazione;Dal 2001 al 2010;Nessuno;Patrimonio indisponibile;Utilizzato direttamente;Altro;;;;1;False
697458;L219;1442;74;124;107.0;FABBRICATO;Via Pio VII;17;45.0281138;7.6548255;Abitazione;Dal 2001 al 2010;Nessuno;Patrimonio indisponibile;Utilizzato direttamente;Altro;;;;1;False
697459;L219;1442;74;129;90.0;FABBRICATO;Via Pio VII;17;45.0281138;7.6548255;Abitazione;Dal 2001 al 2010;Nessuno;Patrimonio indisponibile;Utilizzato direttamente;Altro;;;;1;False
697460;L219;1442;74;13;73.0;FABBRICATO;via pio vii;19 A;45.0281138;7.6548255;Abitazione;Dal 2001 al 2010;Nessuno;Patrimonio indisponibile;Utilizzato direttamente;Altro;;;;1;False
697461;L219;1442;74;130;80.0;FABBRICATO;Via Pio VII;17;45.0281138;7.6548255;Abitazione;Dal 2001 al 2010;Nessuno;Patrimonio indisponibile;Utilizzato direttamente;Altro;;;;1;False
697462;L219;1442;74;131;89.0;FABBRICATO;Via Pio VII;17;45.0281138;7.6548255;Abitazione;Dal 2001 al 2010;Nessuno;Patrimonio indisponibile;Utilizzato direttamente;Altro;;;;1;False
697463;L219;1442;74;132;79.0;FABBRICATO;Via Pio VII;17;45.0281138;7.6548255;Abitazione;Dal 2001 al 2010;Nessuno;Patrimonio indisponibile;Utilizzato direttamente;Altro;;;;1;False
697464;L219;1442;74;133;74.0;FABBRICATO;Via Pio VII;17;45.0281138;7.6548255;Abitazione;Dal 2001 al 2010;Nessuno;Patrimonio indisponibile;Utilizzato direttamente;Altro;;;;1;False
697465;L219;1442;74;134;94.0;FABBRICATO;Via Pio VII;17;45.0281138;7.6548255;Abitazione;Dal 2001 al 2010;Nessuno;Patrimonio indisponibile;Utilizzato direttamente;Altro;;;;1;False
697466;L219;1442;74;135;76.0;FABBRICATO;Via Pio VII;17;45.0281138;7.6548255;Abitazione;Dal 2001 al 2010;Nessuno;Patrimonio indisponibile;Utilizzato direttamente;Altro;;;;1;False
697467;L219;1442;74;136;81.0;FABBRICATO;Via Pio VII;17;45.0281138;7.6548255;Abitazione;Dal 2001 al 2010;Nessuno;Patrimonio indisponibile;Utilizzato direttamente;Altro;;;;1;False
697468;L219;1442;74;137;120.0;FABBRICATO;Via Pio VII;17;45.0281138;7.6548255;Abitazione;Dal 2001 al 2010;Nessuno;Patrimonio indisponibile;Utilizzato direttamente;Altro;;;;1;False
697469;L219;1442;74;14;77.0;FABBRICATO;via pio vii;19 A;45.0281138;7.6548255;Abitazione;Dal 2001 al 2010;Nessuno;Patrimonio indisponibile;Utilizzato direttamente;Altro;;;;1;False
697470;L219;1442;74;143;76.0;FABBRICATO;Via Pio VII;17;45.0281138;7.6548255;Abitazione;Dal 2001 al 2010;Nessuno;Patrimonio indisponibile;Utilizzato direttamente;Altro;;;;1;False
697471;L219;1442;74;145;122.0;FABBRICATO;Via Pio VII;17;45.0281138;7.6548255;Abitazione;Dal 2001 al 2010;Nessuno;Patrimonio indisponibile;Utilizzato direttamente;Altro;;;;1;False
697472;L219;1442;74;146;93.0;FABBRICATO;Via Pio VII;17;45.0281138;7.6548255;Abitazione;Dal 2001 al 2010;Nessuno;Patrimonio indisponibile;Utilizzato direttamente;Altro;;;;1;False
697473;L219;1442;74;147;77.0;FABBRICATO;Via Pio VII;17;45.0281138;7.6548255;Abitazione;Dal 2001 al 2010;Nessuno;Patrimonio indisponibile;Utilizzato direttamente;Altro;;;;1;False
697474;L219;1442;74;148;84.0;FABBRICATO;Via Pio VII;17;45.0281138;7.6548255;Abitazione;Dal 2001 al 2010;Nessuno;Patrimonio indisponibile;Utilizzato direttamente;Altro;;;;1;False
697475;L219;1442;74;15;76.0;FABBRICATO;via pio vii;19 A;45.0281138;7.6548255;Abitazione;Dal 2001 al 2010;Nessuno;Patrimonio indisponibile;Utilizzato direttamente;Altro;;;;1;False
697476;L219;1442;74;156;65.0;FABBRICATO;via bossoli carlo;99 H;45.0281138;7.6548255;Locale commerciale, negozio;Dal 2001 al 2010;Nessuno;Patrimonio indisponibile;;Non Dichiarato;in concessione a titolo oneroso;2680.0;01/05/2015;1;False
697477;L219;1442;74;157;77.0;FABBRICATO;via bossoli carlo;99 H;45.0281138;7.6548255;Abitazione;Dal 2001 al 2010;Nessuno;Patrimonio indisponibile;Utilizzato direttamente;Altro;;;;1;False
697478;L219;1442;74;158;56.0;FABBRICATO;via bossoli carlo;99 H;45.0281138;7.6548255;Locale commerciale, negozio;Dal 2001 al 2010;Nessuno;Patrimonio indisponibile;Utilizzato direttamente;Attività commerciale e di ristorazione;;;;1;False
697479;L219;1442;74;159;88.0;FABBRICATO;via bossoli carlo;99 H;45.0281138;7.6548255;Abitazione;Dal 2001 al 2010;Nessuno;Patrimonio indisponibile;Utilizzato direttamente;Altro;;;;1;False
697480;L219;1442;74;16;73.0;FABBRICATO;via pio vii;19 A;45.0281138;7.6548255;Abitazione;Dal 2001 al 2010;Nessuno;Patrimonio indisponibile;Utilizzato direttamente;Altro;;;;1;False
697481;L219;1442;74;160;74.0;FABBRICATO;via bossoli carlo;99 H;45.0281138;7.6548255;Abitazione;Dal 2001 al 2010;Nessuno;Patrimonio indisponibile;Utilizzato direttamente;Altro;;;;1;False
697482;L219;1442;74;161;113.0;FABBRICATO;via bossoli carlo;99 H;45.0281138;7.6548255;Abitazione;Dal 2001 al 2010;Nessuno;Patrimonio indisponibile;Utilizzato direttamente;Altro;;;;1;False
697483;L219;1442;74;162;89.0;FABBRICATO;via bossoli carlo;99 H;45.0281138;7.6548255;Abitazione;Dal 2001 al 2010;Nessuno;Patrimonio indisponibile;Utilizzato direttamente;Altro;;;;1;False
697484;L219;1442;74;163;74.0;FABBRICATO;via bossoli carlo;99 H;45.0281138;7.6548255;Abitazione;Dal 2001 al 2010;Nessuno;Patrimonio indisponibile;Utilizzato direttamente;Altro;;;;1;False
697485;L219;1442;74;164;116.0;FABBRICATO;via bossoli carlo;99 H;45.0281138;7.6548255;Abitazione;Dal 2001 al 2010;Nessuno;Patrimonio indisponibile;Utilizzato direttamente;Altro;;;;1;False
697486;L219;1442;74;165;165.0;FABBRICATO;via bossoli carlo;99 H;45.0281138;7.6548255;Abitazione;Dal 2001 al 2010;Nessuno;Patrimonio indisponibile;Utilizzato direttamente;Altro;;;;1;False
697487;L219;1442;74;166;115.0;FABBRICATO;via bossoli carlo;99 H;45.0281138;7.6548255;Abitazione;Dal 2001 al 2010;Nessuno;Patrimonio indisponibile;Utilizzato direttamente;Altro;;;;1;False
697488;L219;1442;74;17;73.0;FABBRICATO;via pio vii;19 A;45.0281138;7.6548255;Abitazione;Dal 2001 al 2010;Nessuno;Patrimonio indisponibile;Utilizzato direttamente;Altro;;;;1;False
697489;L219;1442;74;171;75.0;FABBRICATO;via bossoli carlo;97 I;45.0281138;7.6548255;Abitazione;Dal 2001 al 2010;Nessuno;Patrimonio indisponibile;Utilizzato direttamente;Altro;;;;1;False
697490;L219;1442;74;173;87.0;FABBRICATO;via bossoli carlo;97 I;45.0281138;7.6548255;Abitazione;Dal 2001 al 2010;Nessuno;Patrimonio indisponibile;Utilizzato direttamente;Altro;;;;1;False
697491;L219;1442;74;174;73.0;FABBRICATO;via bossoli carlo;97 I;45.0281138;7.6548255;Abitazione;Dal 2001 al 2010;Nessuno;Patrimonio indisponibile;Utilizzato direttamente;Altro;;;;1;False
697492;L219;1442;74;175;87.0;FABBRICATO;via bossoli carlo;97 I;45.0281138;7.6548255;Abitazione;Dal 2001 al 2010;Nessuno;Patrimonio indisponibile;Utilizzato direttamente;Altro;;;;1;False
697493;L219;1442;74;176;70.0;FABBRICATO;via bossoli carlo;97 I;45.0281138;7.6548255;Abitazione;Dal 2001 al 2010;Nessuno;Patrimonio indisponibile;Utilizzato direttamente;Altro;;;;1;False
697494;L219;1442;74;177;89.0;FABBRICATO;via bossoli carlo;97 I;45.0281138;7.6548255;Abitazione;Dal 2001 al 2010;Nessuno;Patrimonio indisponibile;Utilizzato direttamente;Altro;;;;1;False
697495;L219;1442;74;178;74.0;FABBRICATO;via bossoli carlo;97 I;45.0281138;7.6548255;Abitazione;Dal 2001 al 2010;Nessuno;Patrimonio indisponibile;Utilizzato direttamente;Altro;;;;1;False
697496;L219;1442;74;179;88.0;FABBRICATO;via bossoli carlo;97 I;45.0281138;7.6548255;Abitazione;Dal 2001 al 2010;Nessuno;Patrimonio indisponibile;Utilizzato direttamente;Altro;;;;1;False
697497;L219;1442;74;18;76.0;FABBRICATO;via pio vii;19 A;45.0281138;7.6548255;Abitazione;Dal 2001 al 2010;Nessuno;Patrimonio indisponibile;Utilizzato direttamente;Altro;;;;1;False
697498;L219;1442;74;180;72.0;FABBRICATO;via bossoli carlo;97 I;45.0281138;7.6548255;Abitazione;Dal 2001 al 2010;Nessuno;Patrimonio indisponibile;Utilizzato direttamente;Altro;;;;1;False
697499;L219;1442;74;181;88.0;FABBRICATO;via bossoli carlo;97 I;45.0281138;7.6548255;Abitazione;Dal 2001 al 2010;Nessuno;Patrimonio indisponibile;Utilizzato direttamente;Altro;;;;1;False
697500;L219;1442;74;182;73.0;FABBRICATO;via bossoli carlo;97 I;45.0281138;7.6548255;Abitazione;Dal 2001 al 2010;Nessuno;Patrimonio indisponibile;Utilizzato direttamente;Altro;;;;1;False
697501;L219;1442;74;183;88.0;FABBRICATO;via bossoli carlo;97 I;45.0281138;7.6548255;Abitazione;Dal 2001 al 2010;Nessuno;Patrimonio indisponibile;Utilizzato direttamente;Altro;;;;1;False
697502;L219;1442;74;184;73.0;FABBRICATO;via bossoli carlo;97 I;45.0281138;7.6548255;Abitazione;Dal 2001 al 2010;Nessuno;Patrimonio indisponibile;Utilizzato direttamente;Altro;;;;1;False
697503;L219;1442;74;185;88.0;FABBRICATO;via bossoli carlo;97 I;45.0281138;7.6548255;Abitazione;Dal 2001 al 2010;Nessuno;Patrimonio indisponibile;Utilizzato direttamente;Altro;;;;1;False
697504;L219;1442;74;186;87.0;FABBRICATO;via bossoli carlo;97 I;45.0281138;7.6548255;Abitazione;Dal 2001 al 2010;Nessuno;Patrimonio indisponibile;Utilizzato direttamente;Altro;;;;1;False
697505;L219;1442;74;187;69.0;FABBRICATO;via bossoli carlo;97 I;45.0281138;7.6548255;Abitazione;Dal 2001 al 2010;Nessuno;Patrimonio indisponibile;Utilizzato direttamente;Altro;;;;1;False
697506;L219;1442;74;188;134.0;FABBRICATO;via bossoli carlo;97 I;45.0281138;7.6548255;Abitazione;Dal 2001 al 2010;Nessuno;Patrimonio indisponibile;Utilizzato direttamente;Altro;;;;1;False
697507;L219;1442;74;189;132.0;FABBRICATO;via bossoli carlo;97 I;45.0281138;7.6548255;Abitazione;Dal 2001 al 2010;Nessuno;Patrimonio indisponibile;Utilizzato direttamente;Altro;;;;1;False
697508;L219;1442;74;19;76.0;FABBRICATO;via pio vii;19 A;45.0281138;7.6548255;Abitazione;Dal 2001 al 2010;Nessuno;Patrimonio indisponibile;Utilizzato direttamente;Altro;;;;1;False
697509;L219;1442;74;193;64.0;FABBRICATO;via bossoli carlo;93 L;45.0281138;7.6548255;Locale commerciale, negozio;Dal 2001 al 2010;Nessuno;Patrimonio indisponibile;Utilizzato direttamente;Altro;;;;1;False
697510;L219;1442;74;194;107.0;FABBRICATO;via bossoli carlo;93 L;45.0281138;7.6548255;Abitazione;Dal 2001 al 2010;Nessuno;Patrimonio indisponibile;Utilizzato direttamente;Altro;;;;1;False
697511;L219;1442;74;195;107.0;FABBRICATO;via bossoli carlo;93 L;45.0281138;7.6548255;Abitazione;Dal 2001 al 2010;Nessuno;Patrimonio indisponibile;Utilizzato direttamente;Altro;;;;1;False
697512;L219;1442;74;196;108.0;FABBRICATO;via bossoli carlo;93 L;45.0281138;7.6548255;Abitazione;Dal 2001 al 2010;Nessuno;Patrimonio indisponibile;Utilizzato direttamente;Altro;;;;1;False
697513;L219;1442;74;197;112.0;FABBRICATO;via bossoli carlo;93 L;45.0281138;7.6548255;Abitazione;Dal 2001 al 2010;Nessuno;Patrimonio indisponibile;Utilizzato direttamente;Altro;;;;1;False
697514;L219;1442;74;198;109.0;FABBRICATO;via bossoli carlo;93 L;45.0281138;7.6548255;Abitazione;Dal 2001 al 2010;Nessuno;Patrimonio indisponibile;Utilizzato direttamente;Altro;;;;1;False
697515;L219;1442;74;199;112.0;FABBRICATO;via bossoli carlo;93 L;45.0281138;7.6548255;Abitazione;Dal 2001 al 2010;Nessuno;Patrimonio indisponibile;Utilizzato direttamente;Altro;;;;1;False
697516;L219;1442;74;20;72.0;FABBRICATO;via pio vii;19 A;45.0281138;7.6548255;Abitazione;Dal 2001 al 2010;Nessuno;Patrimonio indisponibile;Utilizzato direttamente;Altro;;;;1;False
697517;L219;1442;74;200;109.0;FABBRICATO;via bossoli carlo;93 L;45.0281138;7.6548255;Abitazione;Dal 2001 al 2010;Nessuno;Patrimonio indisponibile;Utilizzato direttamente;Altro;;;;1;False
697518;L219;1442;74;201;112.0;FABBRICATO;via bossoli carlo;93 L;45.0281138;7.6548255;Abitazione;Dal 2001 al 2010;Nessuno;Patrimonio indisponibile;Utilizzato direttamente;Altro;;;;1;False
697519;L219;1442;74;202;111.0;FABBRICATO;via bossoli carlo;93 L;45.0281138;7.6548255;Abitazione;Dal 2001 al 2010;Nessuno;Patrimonio indisponibile;Utilizzato direttamente;Altro;;;;1;False
697520;L219;1442;74;203;112.0;FABBRICATO;via bossoli carlo;93 L;45.0281138;7.6548255;Abitazione;Dal 2001 al 2010;Nessuno;Patrimonio indisponibile;Utilizzato direttamente;Altro;;;;1;False
697521;L219;1442;74;204;108.0;FABBRICATO;via bossoli carlo;93 L;45.0281138;7.6548255;Abitazione;Dal 2001 al 2010;Nessuno;Patrimonio indisponibile;Utilizzato direttamente;Altro;;;;1;False
697522;L219;1442;74;205;111.0;FABBRICATO;via bossoli carlo;93 L;45.0281138;7.6548255;Abitazione;Dal 2001 al 2010;Nessuno;Patrimonio indisponibile;Utilizzato direttamente;Altro;;;;1;False
697523;L219;1442;74;207;50.0;FABBRICATO;via bossoli carlo;89 M;45.0281138;7.6548255;Magazzino e locali di deposito;Dal 2001 al 2010;Nessuno;Patrimonio indisponibile;Utilizzato direttamente;Altro;;;;1;False
697524;L219;1442;74;208;58.0;FABBRICATO;via bossoli carlo;89 M;45.0281138;7.6548255;Locale commerciale, negozio;Dal 2001 al 2010;Nessuno;Patrimonio indisponibile;Utilizzato direttamente;Altro;;;;1;False
697525;L219;1442;74;209;76.0;FABBRICATO;via bossoli carlo;89 M;45.0281138;7.6548255;Abitazione;Dal 2001 al 2010;Nessuno;Patrimonio indisponibile;Utilizzato direttamente;Altro;;;;1;False
697526;L219;1442;74;21;72.0;FABBRICATO;via pio vii;19 A;45.0281138;7.6548255;Abitazione;Dal 2001 al 2010;Nessuno;Patrimonio indisponibile;Utilizzato direttamente;Altro;;;;1;False
697527;L219;1442;74;210;73.0;FABBRICATO;via bossoli carlo;89 M;45.0281138;7.6548255;Abitazione;Dal 2001 al 2010;Nessuno;Patrimonio indisponibile;Utilizzato direttamente;Altro;;;;1;False
697528;L219;1442;74;213;76.0;FABBRICATO;via bossoli carlo;89 M;45.0281138;7.6548255;Abitazione;Dal 2001 al 2010;Nessuno;Patrimonio indisponibile;Utilizzato direttamente;Altro;;;;1;False
697529;L219;1442;74;214;76.0;FABBRICATO;via bossoli carlo;89 M;45.0281138;7.6548255;Abitazione;Dal 2001 al 2010;Nessuno;Patrimonio indisponibile;Utilizzato direttamente;Altro;;;;1;False
697530;L219;1442;74;215;76.0;FABBRICATO;via bossoli carlo;89 M;45.0281138;7.6548255;Abitazione;Dal 2001 al 2010;Nessuno;Patrimonio indisponibile;Utilizzato direttamente;Altro;;;;1;False
697531;L219;1442;74;216;76.0;FABBRICATO;via bossoli carlo;89 M;45.0281138;7.6548255;Abitazione;Dal 2001 al 2010;Nessuno;Patrimonio indisponibile;Utilizzato direttamente;Altro;;;;1;False
697532;L219;1442;74;217;76.0;FABBRICATO;via bossoli carlo;89 M;45.0281138;7.6548255;Abitazione;Dal 2001 al 2010;Nessuno;Patrimonio indisponibile;Utilizzato direttamente;Altro;;;;1;False
697533;L219;1442;74;218;77.0;FABBRICATO;via bossoli carlo;89 M;45.0281138;7.6548255;Abitazione;Dal 2001 al 2010;Nessuno;Patrimonio indisponibile;Utilizzato direttamente;Altro;;;;1;False
697534;L219;1442;74;219;135.0;FABBRICATO;via bossoli carlo;89 M;45.0281138;7.6548255;Abitazione;Dal 2001 al 2010;Nessuno;Patrimonio indisponibile;Utilizzato direttamente;Altro;;;;1;False
697535;L219;1442;74;22;136.0;FABBRICATO;via pio vii;19 A;45.0281138;7.6548255;Abitazione;Dal 2001 al 2010;Nessuno;Patrimonio indisponibile;Utilizzato direttamente;Altro;;;;1;False
697536;L219;1442;74;220;77.0;FABBRICATO;via bossoli carlo;89 M;45.0281138;7.6548255;Abitazione;Dal 2001 al 2010;Nessuno;Patrimonio indisponibile;Utilizzato direttamente;Altro;;;;1;False
697537;L219;1442;74;222;61.0;FABBRICATO;via pio vii;25 N;45.0281138;7.6548255;Locale commerciale, negozio;Dal 2001 al 2010;Nessuno;Patrimonio indisponibile;Utilizzato direttamente;Altro;;;;1;False
697538;L219;1442;74;223;64.0;FABBRICATO;via pio vii;25 N;45.0281138;7.6548255;Locale commerciale, negozio;Dal 2001 al 2010;Nessuno;Patrimonio indisponibile;Utilizzato direttamente;Altro;;;;1;False
697539;L219;1442;74;224;60.0;FABBRICATO;via pio vii;25 N;45.0281138;7.6548255;Locale commerciale, negozio;Dal 2001 al 2010;Nessuno;Patrimonio indisponibile;Utilizzato direttamente;Altro;;;;1;False
697540;L219;1442;74;225;109.0;FABBRICATO;via pio vii;25 N;45.0281138;7.6548255;Abitazione;Dal 2001 al 2010;Nessuno;Patrimonio indisponibile;Utilizzato direttamente;Altro;;;;1;False
697541;L219;1442;74;226;104.0;FABBRICATO;via pio vii;25 N;45.0281138;7.6548255;Abitazione;Dal 2001 al 2010;Nessuno;Patrimonio indisponibile;Utilizzato direttamente;Altro;;;;1;False
697542;L219;1442;74;227;112.0;FABBRICATO;via pio vii;25 N;45.0281138;7.6548255;Abitazione;Dal 2001 al 2010;Nessuno;Patrimonio indisponibile;Utilizzato direttamente;Altro;;;;1;False
697543;L219;1442;74;228;107.0;FABBRICATO;via pio vii;25 N;45.0281138;7.6548255;Abitazione;Dal 2001 al 2010;Nessuno;Patrimonio indisponibile;Utilizzato direttamente;Altro;;;;1;False
697544;L219;1442;74;229;112.0;FABBRICATO;via pio vii;25 N;45.0281138;7.6548255;Abitazione;Dal 2001 al 2010;Nessuno;Patrimonio indisponibile;Utilizzato direttamente;Altro;;;;1;False
697545;L219;1442;74;23;134.0;FABBRICATO;via pio vii;19 A;45.0281138;7.6548255;Abitazione;Dal 2001 al 2010;Nessuno;Patrimonio indisponibile;Utilizzato direttamente;Altro;;;;1;False
697546;L219;1442;74;230;107.0;FABBRICATO;via pio vii;25 N;45.0281138;7.6548255;Abitazione;Dal 2001 al 2010;Nessuno;Patrimonio indisponibile;Utilizzato direttamente;Altro;;;;1;False
697547;L219;1442;74;231;112.0;FABBRICATO;via pio vii;25 N;45.0281138;7.6548255;Abitazione;Dal 2001 al 2010;Nessuno;Patrimonio indisponibile;Utilizzato direttamente;Altro;;;;1;False
697548;L219;1442;74;232;107.0;FABBRICATO;via pio vii;25 N;45.0281138;7.6548255;Abitazione;Dal 2001 al 2010;Nessuno;Patrimonio indisponibile;Utilizzato direttamente;Altro;;;;1;False
697549;L219;1442;74;233;112.0;FABBRICATO;via pio vii;25 N;45.0281138;7.6548255;Abitazione;Dal 2001 al 2010;Nessuno;Patrimonio indisponibile;Utilizzato direttamente;Altro;;;;1;False
697550;L219;1442;74;234;107.0;FABBRICATO;via pio vii;25 N;45.0281138;7.6548255;Abitazione;Dal 2001 al 2010;Nessuno;Patrimonio indisponibile;Utilizzato direttamente;Altro;;;;1;False
697551;L219;1442;74;235;112.0;FABBRICATO;via pio vii;25 N;45.0281138;7.6548255;Abitazione;Dal 2001 al 2010;Nessuno;Patrimonio indisponibile;Utilizzato direttamente;Altro;;;;1;False
697552;L219;1442;74;236;107.0;FABBRICATO;via pio vii;25 N;45.0281138;7.6548255;Abitazione;Dal 2001 al 2010;Nessuno;Patrimonio indisponibile;Utilizzato direttamente;Altro;;;;1;False
697553;L219;1442;74;239;37.0;FABBRICATO;via pio vii;23 O;45.0281138;7.6548255;Locale commerciale, negozio;Dal 2001 al 2010;Nessuno;Patrimonio indisponibile;Utilizzato direttamente;Attività commerciale e di ristorazione;;;;1;False
697554;L219;1442;74;240;92.0;FABBRICATO;via pio vii;23 O;45.0281138;7.6548255;Abitazione;Dal 2001 al 2010;Nessuno;Patrimonio indisponibile;Utilizzato direttamente;Altro;;;;1;False
697555;L219;1442;74;241;75.0;FABBRICATO;via pio vii;23 O;45.0281138;7.6548255;Abitazione;Dal 2001 al 2010;Nessuno;Patrimonio indisponibile;Utilizzato direttamente;Altro;;;;1;False
697556;L219;1442;74;242;90.0;FABBRICATO;via pio vii;23 O;45.0281138;7.6548255;Abitazione;Dal 2001 al 2010;Nessuno;Patrimonio indisponibile;Utilizzato direttamente;Altro;;;;1;False
697557;L219;1442;74;243;72.0;FABBRICATO;via pio vii;23 O;45.0281138;7.6548255;Abitazione;Dal 2001 al 2010;Nessuno;Patrimonio indisponibile;Utilizzato direttamente;Altro;;;;1;False
697558;L219;1442;74;244;76.0;FABBRICATO;via pio vii;23 O;45.0281138;7.6548255;Abitazione;Dal 2001 al 2010;Nessuno;Patrimonio indisponibile;Utilizzato direttamente;Altro;;;;1;False
697559;L219;1442;74;245;90.0;FABBRICATO;via pio vii;23 O;45.0281138;7.6548255;Abitazione;Dal 2001 al 2010;Nessuno;Patrimonio indisponibile;Utilizzato direttamente;Altro;;;;1;False
697560;L219;1442;74;246;73.0;FABBRICATO;via pio vii;23 O;45.0281138;7.6548255;Abitazione;Dal 2001 al 2010;Nessuno;Patrimonio indisponibile;Utilizzato direttamente;Altro;;;;1;False
697561;L219;1442;74;247;75.0;FABBRICATO;via pio vii;23 O;45.0281138;7.6548255;Abitazione;Dal 2001 al 2010;Nessuno;Patrimonio indisponibile;Utilizzato direttamente;Altro;;;;1;False
697562;L219;1442;74;248;89.0;FABBRICATO;via pio vii;23 O;45.0281138;7.6548255;Abitazione;Dal 2001 al 2010;Nessuno;Patrimonio indisponibile;Utilizzato direttamente;Altro;;;;1;False
697563;L219;1442;74;249;72.0;FABBRICATO;via pio vii;23 O;45.0281138;7.6548255;Abitazione;Dal 2001 al 2010;Nessuno;Patrimonio indisponibile;Utilizzato direttamente;Altro;;;;1;False
697564;L219;1442;74;250;77.0;FABBRICATO;via pio vii;23 O;45.0281138;7.6548255;Abitazione;Dal 2001 al 2010;Nessuno;Patrimonio indisponibile;Utilizzato direttamente;Altro;;;;1;False
697565;L219;1442;74;251;89.0;FABBRICATO;via pio vii;23 O;45.0281138;7.6548255;Abitazione;Dal 2001 al 2010;Nessuno;Patrimonio indisponibile;Utilizzato direttamente;Altro;;;;1;False
697566;L219;1442;74;252;72.0;FABBRICATO;via pio vii;23 O;45.0281138;7.6548255;Abitazione;Dal 2001 al 2010;Nessuno;Patrimonio indisponibile;Utilizzato direttamente;Altro;;;;1;False
697567;L219;1442;74;253;77.0;FABBRICATO;via pio vii;23 O;45.0281138;7.6548255;Abitazione;Dal 2001 al 2010;Nessuno;Patrimonio indisponibile;Utilizzato direttamente;Altro;;;;1;False
697568;L219;1442;74;254;90.0;FABBRICATO;via pio vii;23 O;45.0281138;7.6548255;Abitazione;Dal 2001 al 2010;Nessuno;Patrimonio indisponibile;Utilizzato direttamente;Altro;;;;1;False
697569;L219;1442;74;255;72.0;FABBRICATO;via pio vii;23 O;45.0281138;7.6548255;Abitazione;Dal 2001 al 2010;Nessuno;Patrimonio indisponibile;Utilizzato direttamente;Altro;;;;1;False
697570;L219;1442;74;259;17.0;FABBRICATO;via pio vii;19 A;45.0281138;7.6548255;Cantina, soffitta, rimessa, box, garage, posto auto aperto/scoperto,;Dal 2001 al 2010;Nessuno;Patrimonio indisponibile;Utilizzato direttamente;Altro;;;;1;False
697571;L219;1442;74;260;17.0;FABBRICATO;via pio vii;19 A;45.0281138;7.6548255;Cantina, soffitta, rimessa, box, garage, posto auto aperto/scoperto,;Dal 2001 al 2010;Nessuno;Patrimonio indisponibile;Utilizzato direttamente;Altro;;;;1;False
697572;L219;1442;74;261;13.0;FABBRICATO;via pio vii;19 A;45.0281138;7.6548255;Cantina, soffitta, rimessa, box, garage, posto auto aperto/scoperto,;Dal 2001 al 2010;Nessuno;Patrimonio indisponibile;Utilizzato direttamente;Altro;;;;1;False
697573;L219;1442;74;262;12.0;FABBRICATO;via pio vii;19 A;45.0281138;7.6548255;Cantina, soffitta, rimessa, box, garage, posto auto aperto/scoperto,;Dal 2001 al 2010;Nessuno;Patrimonio indisponibile;Utilizzato direttamente;Altro;;;;1;False
697574;L219;1442;74;263;13.0;FABBRICATO;via pio vii;19 A;45.0281138;7.6548255;Cantina, soffitta, rimessa, box, garage, posto auto aperto/scoperto,;Dal 2001 al 2010;Nessuno;Patrimonio indisponibile;Utilizzato direttamente;Altro;;;;1;False
697575;L219;1442;74;264;13.0;FABBRICATO;via pio vii;19 A;45.0281138;7.6548255;Cantina, soffitta, rimessa, box, garage, posto auto aperto/scoperto,;Dal 2001 al 2010;Nessuno;Patrimonio indisponibile;Utilizzato direttamente;Altro;;;;1;False
697576;L219;1442;74;265;14.0;FABBRICATO;via pio vii;19 A;45.0281138;7.6548255;Cantina, soffitta, rimessa, box, garage, posto auto aperto/scoperto,;Dal 2001 al 2010;Nessuno;Patrimonio indisponibile;Utilizzato direttamente;Altro;;;;1;False
697577;L219;1442;74;266;18.0;FABBRICATO;via pio vii;19 A;45.0281138;7.6548255;Cantina, soffitta, rimessa, box, garage, posto auto aperto/scoperto,;Dal 2001 al 2010;Nessuno;Patrimonio indisponibile;Utilizzato direttamente;Altro;;;;1;False
697578;L219;1442;74;267;17.0;FABBRICATO;via pio vii;19 A;45.0281138;7.6548255;Cantina, soffitta, rimessa, box, garage, posto auto aperto/scoperto,;Dal 2001 al 2010;Nessuno;Patrimonio indisponibile;Utilizzato direttamente;Altro;;;;1;False
697579;L219;1442;74;268;13.0;FABBRICATO;via pio vii;19 A;45.0281138;7.6548255;Cantina, soffitta, rimessa, box, garage, posto auto aperto/scoperto,;Dal 2001 al 2010;Nessuno;Patrimonio indisponibile;Utilizzato direttamente;Altro;;;;1;False
697580;L219;1442;74;269;12.0;FABBRICATO;via pio vii;19 A;45.0281138;7.6548255;Cantina, soffitta, rimessa, box, garage, posto auto aperto/scoperto,;Dal 2001 al 2010;Nessuno;Patrimonio indisponibile;Utilizzato direttamente;Altro;;;;1;False
697581;L219;1442;74;270;12.0;FABBRICATO;via pio vii;19 A;45.0281138;7.6548255;Cantina, soffitta, rimessa, box, garage, posto auto aperto/scoperto,;Dal 2001 al 2010;Nessuno;Patrimonio indisponibile;Utilizzato direttamente;Altro;;;;1;False
697582;L219;1442;74;271;12.0;FABBRICATO;via pio vii;19 A;45.0281138;7.6548255;Cantina, soffitta, rimessa, box, garage, posto auto aperto/scoperto,;Dal 2001 al 2010;Nessuno;Patrimonio indisponibile;Utilizzato direttamente;Altro;;;;1;False
697583;L219;1442;74;272;18.0;FABBRICATO;via pio vii;19 A;45.0281138;7.6548255;Cantina, soffitta, rimessa, box, garage, posto auto aperto/scoperto,;Dal 2001 al 2010;Nessuno;Patrimonio indisponibile;Utilizzato direttamente;Altro;;;;1;False
697584;L219;1442;74;273;12.0;FABBRICATO;via pio vii;19 A;45.0281138;7.6548255;Cantina, soffitta, rimessa, box, garage, posto auto aperto/scoperto,;Dal 2001 al 2010;Nessuno;Patrimonio indisponibile;Utilizzato direttamente;Altro;;;;1;False
697585;L219;1442;74;274;13.0;FABBRICATO;via pio vii;19 A;45.0281138;7.6548255;Cantina, soffitta, rimessa, box, garage, posto auto aperto/scoperto,;Dal 2001 al 2010;Nessuno;Patrimonio indisponibile;Utilizzato direttamente;Altro;;;;1;False
697586;L219;1442;74;275;12.0;FABBRICATO;via pio vii;19 A;45.0281138;7.6548255;Cantina, soffitta, rimessa, box, garage, posto auto aperto/scoperto,;Dal 2001 al 2010;Nessuno;Patrimonio indisponibile;Utilizzato direttamente;Altro;;;;1;False
697587;L219;1442;74;276;12.0;FABBRICATO;via pio vii;19 A;45.0281138;7.6548255;Cantina, soffitta, rimessa, box, garage, posto auto aperto/scoperto,;Dal 2001 al 2010;Nessuno;Patrimonio indisponibile;Utilizzato direttamente;Altro;;;;1;False
697588;L219;1442;74;277;12.0;FABBRICATO;via pio vii;19 A;45.0281138;7.6548255;Cantina, soffitta, rimessa, box, garage, posto auto aperto/scoperto,;Dal 2001 al 2010;Nessuno;Patrimonio indisponibile;Utilizzato direttamente;Altro;;;;1;False
697589;L219;1442;74;278;12.0;FABBRICATO;via pio vii;19 A;45.0281138;7.6548255;Cantina, soffitta, rimessa, box, garage, posto auto aperto/scoperto,;Dal 2001 al 2010;Nessuno;Patrimonio indisponibile;Utilizzato direttamente;Altro;;;;1;False
697590;L219;1442;74;279;21.0;FABBRICATO;via pio vii;19 A;45.0281138;7.6548255;Cantina, soffitta, rimessa, box, garage, posto auto aperto/scoperto,;Dal 2001 al 2010;Nessuno;Patrimonio indisponibile;Utilizzato direttamente;Altro;;;;1;False
697591;L219;1442;74;28;77.0;FABBRICATO;via pio vii;21 B;45.0281138;7.6548255;Abitazione;Dal 2001 al 2010;Nessuno;Patrimonio indisponibile;Utilizzato direttamente;Altro;;;;1;False
697592;L219;1442;74;280;17.0;FABBRICATO;via pio vii;19 A;45.0281138;7.6548255;Cantina, soffitta, rimessa, box, garage, posto auto aperto/scoperto,;Dal 2001 al 2010;Nessuno;Patrimonio indisponibile;Utilizzato direttamente;Altro;;;;1;False
697593;L219;1442;74;281;13.0;FABBRICATO;via pio vii;19 A;45.0281138;7.6548255;Cantina, soffitta, rimessa, box, garage, posto auto aperto/scoperto,;Dal 2001 al 2010;Nessuno;Patrimonio indisponibile;Utilizzato direttamente;Altro;;;;1;False
697594;L219;1442;74;282;12.0;FABBRICATO;via pio vii;19 A;45.0281138;7.6548255;Cantina, soffitta, rimessa, box, garage, posto auto aperto/scoperto,;Dal 2001 al 2010;Nessuno;Patrimonio indisponibile;Utilizzato direttamente;Altro;;;;1;False
697595;L219;1442;74;283;12.0;FABBRICATO;via pio vii;19 A;45.0281138;7.6548255;Cantina, soffitta, rimessa, box, garage, posto auto aperto/scoperto,;Dal 2001 al 2010;Nessuno;Patrimonio indisponibile;Utilizzato direttamente;Altro;;;;1;False
697596;L219;1442;74;284;12.0;FABBRICATO;via pio vii;19 A;45.0281138;7.6548255;Cantina, soffitta, rimessa, box, garage, posto auto aperto/scoperto,;Dal 2001 al 2010;Nessuno;Patrimonio indisponibile;Utilizzato direttamente;Altro;;;;1;False
697597;L219;1442;74;285;16.0;FABBRICATO;via pio vii;19 A;45.0281138;7.6548255;Cantina, soffitta, rimessa, box, garage, posto auto aperto/scoperto,;Dal 2001 al 2010;Nessuno;Patrimonio indisponibile;Utilizzato direttamente;Altro;;;;1;False
697598;L219;1442;74;286;12.0;FABBRICATO;via pio vii;19 A;45.0281138;7.6548255;Cantina, soffitta, rimessa, box, garage, posto auto aperto/scoperto,;Dal 2001 al 2010;Nessuno;Patrimonio indisponibile;Utilizzato direttamente;Altro;;;;1;False
697599;L219;1442;74;287;12.0;FABBRICATO;via pio vii;19 A;45.0281138;7.6548255;Cantina, soffitta, rimessa, box, garage, posto auto aperto/scoperto,;Dal 2001 al 2010;Nessuno;Patrimonio indisponibile;Utilizzato direttamente;Altro;;;;1;False
697600;L219;1442;74;288;13.0;FABBRICATO;via pio vii;19 A;45.0281138;7.6548255;Cantina, soffitta, rimessa, box, garage, posto auto aperto/scoperto,;Dal 2001 al 2010;Nessuno;Patrimonio indisponibile;Utilizzato direttamente;Altro;;;;1;False
697601;L219;1442;74;289;20.0;FABBRICATO;via pio vii;19 A;45.0281138;7.6548255;Cantina, soffitta, rimessa, box, garage, posto auto aperto/scoperto,;Dal 2001 al 2010;Nessuno;Patrimonio indisponibile;Utilizzato direttamente;Altro;;;;1;False
697602;L219;1442;74;29;69.0;FABBRICATO;via pio vii;21 B;45.0281138;7.6548255;Locale commerciale, negozio;Dal 2001 al 2010;Nessuno;Patrimonio indisponibile;Utilizzato direttamente;Altro;;;;1;False
697603;L219;1442;74;290;13.0;FABBRICATO;via pio vii;19 A;45.0281138;7.6548255;Cantina, soffitta, rimessa, box, garage, posto auto aperto/scoperto,;Dal 2001 al 2010;Nessuno;Patrimonio indisponibile;Utilizzato direttamente;Altro;;;;1;False
697604;L219;1442;74;291;12.0;FABBRICATO;via pio vii;19 A;45.0281138;7.6548255;Cantina, soffitta, rimessa, box, garage, posto auto aperto/scoperto,;Dal 2001 al 2010;Nessuno;Patrimonio indisponibile;Utilizzato direttamente;Altro;;;;1;False
697605;L219;1442;74;292;13.0;FABBRICATO;via pio vii;19 A;45.0281138;7.6548255;Cantina, soffitta, rimessa, box, garage, posto auto aperto/scoperto,;Dal 2001 al 2010;Nessuno;Patrimonio indisponibile;Utilizzato direttamente;Altro;;;;1;False
697606;L219;1442;74;293;12.0;FABBRICATO;via pio vii;19 A;45.0281138;7.6548255;Cantina, soffitta, rimessa, box, garage, posto auto aperto/scoperto,;Dal 2001 al 2010;Nessuno;Patrimonio indisponibile;Utilizzato direttamente;Altro;;;;1;False
697607;L219;1442;74;294;14.0;FABBRICATO;via pio vii;19 A;45.0281138;7.6548255;Cantina, soffitta, rimessa, box, garage, posto auto aperto/scoperto,;Dal 2001 al 2010;Nessuno;Patrimonio indisponibile;Utilizzato direttamente;Altro;;;;1;False
697608;L219;1442;74;295;20.0;FABBRICATO;via pio vii;19 A;45.0281138;7.6548255;Cantina, soffitta, rimessa, box, garage, posto auto aperto/scoperto,;Dal 2001 al 2010;Nessuno;Patrimonio indisponibile;Utilizzato direttamente;Altro;;;;1;False
697609;L219;1442;74;296;18.0;FABBRICATO;via pio vii;19 A;45.0281138;7.6548255;Cantina, soffitta, rimessa, box, garage, posto auto aperto/scoperto,;Dal 2001 al 2010;Nessuno;Patrimonio indisponibile;Utilizzato direttamente;Altro;;;;1;False
697610;L219;1442;74;297;10.0;FABBRICATO;via pio vii;19 A;45.0281138;7.6548255;Cantina, soffitta, rimessa, box, garage, posto auto aperto/scoperto,;Dal 2001 al 2010;Nessuno;Patrimonio indisponibile;Utilizzato direttamente;Altro;;;;1;False
697611;L219;1442;74;298;13.0;FABBRICATO;via pio vii;19 A;45.0281138;7.6548255;Cantina, soffitta, rimessa, box, garage, posto auto aperto/scoperto,;Dal 2001 al 2010;Nessuno;Patrimonio indisponibile;Utilizzato direttamente;Altro;;;;1;False
697612;L219;1442;74;299;12.0;FABBRICATO;via pio vii;19 A;45.0281138;7.6548255;Cantina, soffitta, rimessa, box, garage, posto auto aperto/scoperto,;Dal 2001 al 2010;Nessuno;Patrimonio indisponibile;Utilizzato direttamente;Altro;;;;1;False
697613;L219;1442;74;3;62.0;FABBRICATO;via pio vii;19 A;45.0281138;7.6548255;Locale commerciale, negozio;Dal 2001 al 2010;Nessuno;Patrimonio indisponibile;Utilizzato direttamente;Altro;;;;1;False
697614;L219;1442;74;30;73.0;FABBRICATO;via pio vii;21 B;45.0281138;7.6548255;Abitazione;Dal 2001 al 2010;Nessuno;Patrimonio indisponibile;Utilizzato direttamente;Altro;;;;1;False
697615;L219;1442;74;300;12.0;FABBRICATO;via pio vii;19 A;45.0281138;7.6548255;Cantina, soffitta, rimessa, box, garage, posto auto aperto/scoperto,;Dal 2001 al 2010;Nessuno;Patrimonio indisponibile;Utilizzato direttamente;Altro;;;;1;False
697616;L219;1442;74;301;13.0;FABBRICATO;via pio vii;19 A;45.0281138;7.6548255;Cantina, soffitta, rimessa, box, garage, posto auto aperto/scoperto,;Dal 2001 al 2010;Nessuno;Patrimonio indisponibile;Utilizzato direttamente;Altro;;;;1;False
697617;L219;1442;74;302;13.0;FABBRICATO;via pio vii;19 A;45.0281138;7.6548255;Cantina, soffitta, rimessa, box, garage, posto auto aperto/scoperto,;Dal 2001 al 2010;Nessuno;Patrimonio indisponibile;Utilizzato direttamente;Altro;;;;1;False
697618;L219;1442;74;303;13.0;FABBRICATO;via pio vii;19 A;45.0281138;7.6548255;Cantina, soffitta, rimessa, box, garage, posto auto aperto/scoperto,;Dal 2001 al 2010;Nessuno;Patrimonio indisponibile;Utilizzato direttamente;Altro;;;;1;False
697619;L219;1442;74;304;13.0;FABBRICATO;via pio vii;19 A;45.0281138;7.6548255;Cantina, soffitta, rimessa, box, garage, posto auto aperto/scoperto,;Dal 2001 al 2010;Nessuno;Patrimonio indisponibile;Utilizzato direttamente;Altro;;;;1;False
697620;L219;1442;74;305;13.0;FABBRICATO;via pio vii;19 A;45.0281138;7.6548255;Cantina, soffitta, rimessa, box, garage, posto auto aperto/scoperto,;Dal 2001 al 2010;Nessuno;Patrimonio indisponibile;Utilizzato direttamente;Altro;;;;1;False
697621;L219;1442;74;306;13.0;FABBRICATO;via pio vii;19 A;45.0281138;7.6548255;Cantina, soffitta, rimessa, box, garage, posto auto aperto/scoperto,;Dal 2001 al 2010;Nessuno;Patrimonio indisponibile;Utilizzato direttamente;Altro;;;;1;False
697622;L219;1442;74;307;13.0;FABBRICATO;via pio vii;19 A;45.0281138;7.6548255;Cantina, soffitta, rimessa, box, garage, posto auto aperto/scoperto,;Dal 2001 al 2010;Nessuno;Patrimonio indisponibile;Utilizzato direttamente;Altro;;;;1;False
697623;L219;1442;74;308;13.0;FABBRICATO;via pio vii;19 A;45.0281138;7.6548255;Cantina, soffitta, rimessa, box, garage, posto auto aperto/scoperto,;Dal 2001 al 2010;Nessuno;Patrimonio indisponibile;Utilizzato direttamente;Altro;;;;1;False
697624;L219;1442;74;309;13.0;FABBRICATO;via pio vii;19 A;45.0281138;7.6548255;Cantina, soffitta, rimessa, box, garage, posto auto aperto/scoperto,;Dal 2001 al 2010;Nessuno;Patrimonio indisponibile;Utilizzato direttamente;Altro;;;;1;False
697625;L219;1442;74;31;76.0;FABBRICATO;via pio vii;21 B;45.0281138;7.6548255;Abitazione;Dal 2001 al 2010;Nessuno;Patrimonio indisponibile;Utilizzato direttamente;Altro;;;;1;False
697626;L219;1442;74;310;13.0;FABBRICATO;via pio vii;19 A;45.0281138;7.6548255;Cantina, soffitta, rimessa, box, garage, posto auto aperto/scoperto,;Dal 2001 al 2010;Nessuno;Patrimonio indisponibile;Utilizzato direttamente;Altro;;;;1;False
697627;L219;1442;74;311;12.0;FABBRICATO;via pio vii;19 A;45.0281138;7.6548255;Cantina, soffitta, rimessa, box, garage, posto auto aperto/scoperto,;Dal 2001 al 2010;Nessuno;Patrimonio indisponibile;Utilizzato direttamente;Altro;;;;1;False
697628;L219;1442;74;312;13.0;FABBRICATO;via pio vii;19 A;45.0281138;7.6548255;Cantina, soffitta, rimessa, box, garage, posto auto aperto/scoperto,;Dal 2001 al 2010;Nessuno;Patrimonio indisponibile;Utilizzato direttamente;Altro;;;;1;False
697629;L219;1442;74;313;18.0;FABBRICATO;via pio vii;19 A;45.0281138;7.6548255;Cantina, soffitta, rimessa, box, garage, posto auto aperto/scoperto,;Dal 2001 al 2010;Nessuno;Patrimonio indisponibile;Utilizzato direttamente;Altro;;;;1;False
697630;L219;1442;74;314;12.0;FABBRICATO;via pio vii;19 A;45.0281138;7.6548255;Cantina, soffitta, rimessa, box, garage, posto auto aperto/scoperto,;Dal 2001 al 2010;Nessuno;Patrimonio indisponibile;Utilizzato direttamente;Altro;;;;1;False
697631;L219;1442;74;315;12.0;FABBRICATO;via pio vii;19 A;45.0281138;7.6548255;Cantina, soffitta, rimessa, box, garage, posto auto aperto/scoperto,;Dal 2001 al 2010;Nessuno;Patrimonio indisponibile;Utilizzato direttamente;Altro;;;;1;False
697632;L219;1442;74;316;13.0;FABBRICATO;via pio vii;19 A;45.0281138;7.6548255;Cantina, soffitta, rimessa, box, garage, posto auto aperto/scoperto,;Dal 2001 al 2010;Nessuno;Patrimonio indisponibile;Utilizzato direttamente;Altro;;;;1;False
697633;L219;1442;74;317;13.0;FABBRICATO;via pio vii;19 A;45.0281138;7.6548255;Cantina, soffitta, rimessa, box, garage, posto auto aperto/scoperto,;Dal 2001 al 2010;Nessuno;Patrimonio indisponibile;Utilizzato direttamente;Altro;;;;1;False
697634;L219;1442;74;318;13.0;FABBRICATO;via pio vii;19 A;45.0281138;7.6548255;Cantina, soffitta, rimessa, box, garage, posto auto aperto/scoperto,;Dal 2001 al 2010;Nessuno;Patrimonio indisponibile;Utilizzato direttamente;Altro;;;;1;False
697635;L219;1442;74;319;13.0;FABBRICATO;via pio vii;19 A;45.0281138;7.6548255;Cantina, soffitta, rimessa, box, garage, posto auto aperto/scoperto,;Dal 2001 al 2010;Nessuno;Patrimonio indisponibile;Utilizzato direttamente;Altro;;;;1;False
697636;L219;1442;74;32;75.0;FABBRICATO;via pio vii;21 B;45.0281138;7.6548255;Abitazione;Dal 2001 al 2010;Nessuno;Patrimonio indisponibile;Utilizzato direttamente;Altro;;;;1;False
697637;L219;1442;74;320;12.0;FABBRICATO;via pio vii;19 A;45.0281138;7.6548255;Cantina, soffitta, rimessa, box, garage, posto auto aperto/scoperto,;Dal 2001 al 2010;Nessuno;Patrimonio indisponibile;Utilizzato direttamente;Altro;;;;1;False
697638;L219;1442;74;321;12.0;FABBRICATO;via pio vii;19 A;45.0281138;7.6548255;Cantina, soffitta, rimessa, box, garage, posto auto aperto/scoperto,;Dal 2001 al 2010;Nessuno;Patrimonio indisponibile;Utilizzato direttamente;Altro;;;;1;False
697639;L219;1442;74;322;13.0;FABBRICATO;via pio vii;19 A;45.0281138;7.6548255;Cantina, soffitta, rimessa, box, garage, posto auto aperto/scoperto,;Dal 2001 al 2010;Nessuno;Patrimonio indisponibile;Utilizzato direttamente;Altro;;;;1;False
697640;L219;1442;74;323;12.0;FABBRICATO;via pio vii;19 A;45.0281138;7.6548255;Cantina, soffitta, rimessa, box, garage, posto auto aperto/scoperto,;Dal 2001 al 2010;Nessuno;Patrimonio indisponibile;Utilizzato direttamente;Altro;;;;1;False
697641;L219;1442;74;324;12.0;FABBRICATO;via pio vii;19 A;45.0281138;7.6548255;Cantina, soffitta, rimessa, box, garage, posto auto aperto/scoperto,;Dal 2001 al 2010;Nessuno;Patrimonio indisponibile;Utilizzato direttamente;Altro;;;;1;False
697642;L219;1442;74;325;13.0;FABBRICATO;via pio vii;19 A;45.0281138;7.6548255;Cantina, soffitta, rimessa, box, garage, posto auto aperto/scoperto,;Dal 2001 al 2010;Nessuno;Patrimonio indisponibile;Utilizzato direttamente;Altro;;;;1;False
697643;L219;1442;74;326;13.0;FABBRICATO;via pio vii;19 A;45.0281138;7.6548255;Cantina, soffitta, rimessa, box, garage, posto auto aperto/scoperto,;Dal 2001 al 2010;Nessuno;Patrimonio indisponibile;Utilizzato direttamente;Altro;;;;1;False
697644;L219;1442;74;327;13.0;FABBRICATO;via pio vii;19 A;45.0281138;7.6548255;Cantina, soffitta, rimessa, box, garage, posto auto aperto/scoperto,;Dal 2001 al 2010;Nessuno;Patrimonio indisponibile;Utilizzato direttamente;Altro;;;;1;False
697645;L219;1442;74;328;13.0;FABBRICATO;via pio vii;19 A;45.0281138;7.6548255;Cantina, soffitta, rimessa, box, garage, posto auto aperto/scoperto,;Dal 2001 al 2010;Nessuno;Patrimonio indisponibile;Utilizzato direttamente;Altro;;;;1;False
697646;L219;1442;74;329;12.0;FABBRICATO;via pio vii;19 A;45.0281138;7.6548255;Cantina, soffitta, rimessa, box, garage, posto auto aperto/scoperto,;Dal 2001 al 2010;Nessuno;Patrimonio indisponibile;Utilizzato direttamente;Altro;;;;1;False
697647;L219;1442;74;33;72.0;FABBRICATO;via pio vii;21 B;45.0281138;7.6548255;Abitazione;Dal 2001 al 2010;Nessuno;Patrimonio indisponibile;Utilizzato direttamente;Altro;;;;1;False
697648;L219;1442;74;330;12.0;FABBRICATO;via pio vii;19 A;45.0281138;7.6548255;Cantina, soffitta, rimessa, box, garage, posto auto aperto/scoperto,;Dal 2001 al 2010;Nessuno;Patrimonio indisponibile;Utilizzato direttamente;Altro;;;;1;False
697649;L219;1442;74;331;12.0;FABBRICATO;via pio vii;19 A;45.0281138;7.6548255;Cantina, soffitta, rimessa, box, garage, posto auto aperto/scoperto,;Dal 2001 al 2010;Nessuno;Patrimonio indisponibile;Utilizzato direttamente;Altro;;;;1;False
697650;L219;1442;74;332;13.0;FABBRICATO;via pio vii;19 A;45.0281138;7.6548255;Cantina, soffitta, rimessa, box, garage, posto auto aperto/scoperto,;Dal 2001 al 2010;Nessuno;Patrimonio indisponibile;Utilizzato direttamente;Altro;;;;1;False
697651;L219;1442;74;333;12.0;FABBRICATO;via pio vii;19 A;45.0281138;7.6548255;Cantina, soffitta, rimessa, box, garage, posto auto aperto/scoperto,;Dal 2001 al 2010;Nessuno;Patrimonio indisponibile;Utilizzato direttamente;Altro;;;;1;False
697652;L219;1442;74;334;12.0;FABBRICATO;via pio vii;19 A;45.0281138;7.6548255;Cantina, soffitta, rimessa, box, garage, posto auto aperto/scoperto,;Dal 2001 al 2010;Nessuno;Patrimonio indisponibile;Utilizzato direttamente;Altro;;;;1;False
697653;L219;1442;74;335;12.0;FABBRICATO;via pio vii;19 A;45.0281138;7.6548255;Cantina, soffitta, rimessa, box, garage, posto auto aperto/scoperto,;Dal 2001 al 2010;Nessuno;Patrimonio indisponibile;Utilizzato direttamente;Altro;;;;1;False
697654;L219;1442;74;336;13.0;FABBRICATO;via pio vii;19 A;45.0281138;7.6548255;Cantina, soffitta, rimessa, box, garage, posto auto aperto/scoperto,;Dal 2001 al 2010;Nessuno;Patrimonio indisponibile;Utilizzato direttamente;Altro;;;;1;False
697655;L219;1442;74;337;12.0;FABBRICATO;via pio vii;19 A;45.0281138;7.6548255;Cantina, soffitta, rimessa, box, garage, posto auto aperto/scoperto,;Dal 2001 al 2010;Nessuno;Patrimonio indisponibile;Utilizzato direttamente;Altro;;;;1;False
697656;L219;1442;74;338;13.0;FABBRICATO;via pio vii;19 A;45.0281138;7.6548255;Cantina, soffitta, rimessa, box, garage, posto auto aperto/scoperto,;Dal 2001 al 2010;Nessuno;Patrimonio indisponibile;Utilizzato direttamente;Altro;;;;1;False
697657;L219;1442;74;339;12.0;FABBRICATO;via pio vii;19 A;45.0281138;7.6548255;Cantina, soffitta, rimessa, box, garage, posto auto aperto/scoperto,;Dal 2001 al 2010;Nessuno;Patrimonio indisponibile;Utilizzato direttamente;Altro;;;;1;False
697658;L219;1442;74;34;74.0;FABBRICATO;via pio vii;21 B;45.0281138;7.6548255;Abitazione;Dal 2001 al 2010;Nessuno;Patrimonio indisponibile;Utilizzato direttamente;Altro;;;;1;False
697659;L219;1442;74;340;13.0;FABBRICATO;via pio vii;19 A;45.0281138;7.6548255;Cantina, soffitta, rimessa, box, garage, posto auto aperto/scoperto,;Dal 2001 al 2010;Nessuno;Patrimonio indisponibile;Utilizzato direttamente;Altro;;;;1;False
697660;L219;1442;74;341;12.0;FABBRICATO;via pio vii;19 A;45.0281138;7.6548255;Cantina, soffitta, rimessa, box, garage, posto auto aperto/scoperto,;Dal 2001 al 2010;Nessuno;Patrimonio indisponibile;Utilizzato direttamente;Altro;;;;1;False
697661;L219;1442;74;342;12.0;FABBRICATO;via pio vii;19 A;45.0281138;7.6548255;Cantina, soffitta, rimessa, box, garage, posto auto aperto/scoperto,;Dal 2001 al 2010;Nessuno;Patrimonio indisponibile;Utilizzato direttamente;Altro;;;;1;False
697662;L219;1442;74;343;12.0;FABBRICATO;via pio vii;19 A;45.0281138;7.6548255;Cantina, soffitta, rimessa, box, garage, posto auto aperto/scoperto,;Dal 2001 al 2010;Nessuno;Patrimonio indisponibile;Utilizzato direttamente;Altro;;;;1;False
697663;L219;1442;74;344;12.0;FABBRICATO;via pio vii;19 A;45.0281138;7.6548255;Cantina, soffitta, rimessa, box, garage, posto auto aperto/scoperto,;Dal 2001 al 2010;Nessuno;Patrimonio indisponibile;Utilizzato direttamente;Altro;;;;1;False
697664;L219;1442;74;345;12.0;FABBRICATO;via pio vii;19 A;45.0281138;7.6548255;Cantina, soffitta, rimessa, box, garage, posto auto aperto/scoperto,;Dal 2001 al 2010;Nessuno;Patrimonio indisponibile;Utilizzato direttamente;Altro;;;;1;False
697665;L219;1442;74;346;13.0;FABBRICATO;via pio vii;19 A;45.0281138;7.6548255;Cantina, soffitta, rimessa, box, garage, posto auto aperto/scoperto,;Dal 2001 al 2010;Nessuno;Patrimonio indisponibile;Utilizzato direttamente;Altro;;;;1;False
697666;L219;1442;74;347;13.0;FABBRICATO;via pio vii;19 A;45.0281138;7.6548255;Cantina, soffitta, rimessa, box, garage, posto auto aperto/scoperto,;Dal 2001 al 2010;Nessuno;Patrimonio indisponibile;Utilizzato direttamente;Altro;;;;1;False
697667;L219;1442;74;348;13.0;FABBRICATO;via pio vii;19 A;45.0281138;7.6548255;Cantina, soffitta, rimessa, box, garage, posto auto aperto/scoperto,;Dal 2001 al 2010;Nessuno;Patrimonio indisponibile;Utilizzato direttamente;Altro;;;;1;False
697668;L219;1442;74;349;13.0;FABBRICATO;via pio vii;19 A;45.0281138;7.6548255;Cantina, soffitta, rimessa, box, garage, posto auto aperto/scoperto,;Dal 2001 al 2010;Nessuno;Patrimonio indisponibile;Utilizzato direttamente;Altro;;;;1;False
697669;L219;1442;74;35;76.0;FABBRICATO;via pio vii;21 B;45.0281138;7.6548255;Abitazione;Dal 2001 al 2010;Nessuno;Patrimonio indisponibile;Utilizzato direttamente;Altro;;;;1;False
697670;L219;1442;74;350;13.0;FABBRICATO;via pio vii;19 A;45.0281138;7.6548255;Cantina, soffitta, rimessa, box, garage, posto auto aperto/scoperto,;Dal 2001 al 2010;Nessuno;Patrimonio indisponibile;Utilizzato direttamente;Altro;;;;1;False
697671;L219;1442;74;351;13.0;FABBRICATO;via pio vii;19 A;45.0281138;7.6548255;Cantina, soffitta, rimessa, box, garage, posto auto aperto/scoperto,;Dal 2001 al 2010;Nessuno;Patrimonio indisponibile;Utilizzato direttamente;Altro;;;;1;False
697672;L219;1442;74;352;13.0;FABBRICATO;via pio vii;19 A;45.0281138;7.6548255;Cantina, soffitta, rimessa, box, garage, posto auto aperto/scoperto,;Dal 2001 al 2010;Nessuno;Patrimonio indisponibile;Utilizzato direttamente;Altro;;;;1;False
697673;L219;1442;74;353;12.0;FABBRICATO;via pio vii;19 A;45.0281138;7.6548255;Cantina, soffitta, rimessa, box, garage, posto auto aperto/scoperto,;Dal 2001 al 2010;Nessuno;Patrimonio indisponibile;Utilizzato direttamente;Altro;;;;1;False
697674;L219;1442;74;354;12.0;FABBRICATO;via pio vii;19 A;45.0281138;7.6548255;Cantina, soffitta, rimessa, box, garage, posto auto aperto/scoperto,;Dal 2001 al 2010;Nessuno;Patrimonio indisponibile;Utilizzato direttamente;Altro;;;;1;False
697675;L219;1442;74;355;12.0;FABBRICATO;via pio vii;19 A;45.0281138;7.6548255;Cantina, soffitta, rimessa, box, garage, posto auto aperto/scoperto,;Dal 2001 al 2010;Nessuno;Patrimonio indisponibile;Utilizzato direttamente;Altro;;;;1;False
697676;L219;1442;74;356;12.0;FABBRICATO;via pio vii;19 A;45.0281138;7.6548255;Cantina, soffitta, rimessa, box, garage, posto auto aperto/scoperto,;Dal 2001 al 2010;Nessuno;Patrimonio indisponibile;Utilizzato direttamente;Altro;;;;1;False
697677;L219;1442;74;357;13.0;FABBRICATO;via pio vii;19 A;45.0281138;7.6548255;Cantina, soffitta, rimessa, box, garage, posto auto aperto/scoperto,;Dal 2001 al 2010;Nessuno;Patrimonio indisponibile;Utilizzato direttamente;Altro;;;;1;False
697678;L219;1442;74;358;13.0;FABBRICATO;via pio vii;19 A;45.0281138;7.6548255;Cantina, soffitta, rimessa, box, garage, posto auto aperto/scoperto,;Dal 2001 al 2010;Nessuno;Patrimonio indisponibile;Utilizzato direttamente;Altro;;;;1;False
697679;L219;1442;74;359;12.0;FABBRICATO;via pio vii;19 A;45.0281138;7.6548255;Cantina, soffitta, rimessa, box, garage, posto auto aperto/scoperto,;Dal 2001 al 2010;Nessuno;Patrimonio indisponibile;Utilizzato direttamente;Altro;;;;1;False
697680;L219;1442;74;36;75.0;FABBRICATO;via pio vii;21 B;45.0281138;7.6548255;Abitazione;Dal 2001 al 2010;Nessuno;Patrimonio indisponibile;Utilizzato direttamente;Altro;;;;1;False
697681;L219;1442;74;360;12.0;FABBRICATO;via pio vii;19 A;45.0281138;7.6548255;Cantina, soffitta, rimessa, box, garage, posto auto aperto/scoperto,;Dal 2001 al 2010;Nessuno;Patrimonio indisponibile;Utilizzato direttamente;Altro;;;;1;False
697682;L219;1442;74;361;12.0;FABBRICATO;via pio vii;19 A;45.0281138;7.6548255;Cantina, soffitta, rimessa, box, garage, posto auto aperto/scoperto,;Dal 2001 al 2010;Nessuno;Patrimonio indisponibile;Utilizzato direttamente;Altro;;;;1;False
697683;L219;1442;74;362;13.0;FABBRICATO;via pio vii;19 A;45.0281138;7.6548255;Cantina, soffitta, rimessa, box, garage, posto auto aperto/scoperto,;Dal 2001 al 2010;Nessuno;Patrimonio indisponibile;Utilizzato direttamente;Altro;;;;1;False
697684;L219;1442;74;363;12.0;FABBRICATO;via pio vii;19 A;45.0281138;7.6548255;Cantina, soffitta, rimessa, box, garage, posto auto aperto/scoperto,;Dal 2001 al 2010;Nessuno;Patrimonio indisponibile;Utilizzato direttamente;Altro;;;;1;False
697685;L219;1442;74;364;12.0;FABBRICATO;via pio vii;19 A;45.0281138;7.6548255;Cantina, soffitta, rimessa, box, garage, posto auto aperto/scoperto,;Dal 2001 al 2010;Nessuno;Patrimonio indisponibile;Utilizzato direttamente;Altro;;;;1;False
697686;L219;1442;74;365;16.0;FABBRICATO;via pio vii;19 A;45.0281138;7.6548255;Cantina, soffitta, rimessa, box, garage, posto auto aperto/scoperto,;Dal 2001 al 2010;Nessuno;Patrimonio indisponibile;Utilizzato direttamente;Altro;;;;1;False
697687;L219;1442;74;366;19.0;FABBRICATO;via pio vii;19 A;45.0281138;7.6548255;Cantina, soffitta, rimessa, box, garage, posto auto aperto/scoperto,;Dal 2001 al 2010;Nessuno;Patrimonio indisponibile;Utilizzato direttamente;Altro;;;;1;False
697688;L219;1442;74;367;14.0;FABBRICATO;via pio vii;19 A;45.0281138;7.6548255;Cantina, soffitta, rimessa, box, garage, posto auto aperto/scoperto,;Dal 2001 al 2010;Nessuno;Patrimonio indisponibile;Utilizzato direttamente;Altro;;;;1;False
697689;L219;1442;74;368;14.0;FABBRICATO;via pio vii;19 A;45.0281138;7.6548255;Cantina, soffitta, rimessa, box, garage, posto auto aperto/scoperto,;Dal 2001 al 2010;Nessuno;Patrimonio indisponibile;Utilizzato direttamente;Altro;;;;1;False
697690;L219;1442;74;369;14.0;FABBRICATO;via pio vii;19 A;45.0281138;7.6548255;Cantina, soffitta, rimessa, box, garage, posto auto aperto/scoperto,;Dal 2001 al 2010;Nessuno;Patrimonio indisponibile;Utilizzato direttamente;Altro;;;;1;False
697691;L219;1442;74;37;75.0;FABBRICATO;via pio vii;21 B;45.0281138;7.6548255;Abitazione;Dal 2001 al 2010;Nessuno;Patrimonio indisponibile;Utilizzato direttamente;Altro;;;;1;False
697692;L219;1442;74;370;13.0;FABBRICATO;via pio vii;19 A;45.0281138;7.6548255;Cantina, soffitta, rimessa, box, garage, posto auto aperto/scoperto,;Dal 2001 al 2010;Nessuno;Patrimonio indisponibile;Utilizzato direttamente;Altro;;;;1;False
697693;L219;1442;74;371;13.0;FABBRICATO;via pio vii;19 A;45.0281138;7.6548255;Cantina, soffitta, rimessa, box, garage, posto auto aperto/scoperto,;Dal 2001 al 2010;Nessuno;Patrimonio indisponibile;Utilizzato direttamente;Altro;;;;1;False
697694;L219;1442;74;372;13.0;FABBRICATO;via pio vii;19 A;45.0281138;7.6548255;Cantina, soffitta, rimessa, box, garage, posto auto aperto/scoperto,;Dal 2001 al 2010;Nessuno;Patrimonio indisponibile;Utilizzato direttamente;Altro;;;;1;False
697695;L219;1442;74;373;9.0;FABBRICATO;via pio vii;19 A;45.0281138;7.6548255;Cantina, soffitta, rimessa, box, garage, posto auto aperto/scoperto,;Dal 2001 al 2010;Nessuno;Patrimonio indisponibile;Utilizzato direttamente;Altro;;;;1;False
697696;L219;1442;74;374;16.0;FABBRICATO;via pio vii;19 A;45.0281138;7.6548255;Cantina, soffitta, rimessa, box, garage, posto auto aperto/scoperto,;Dal 2001 al 2010;Nessuno;Patrimonio indisponibile;Utilizzato direttamente;Altro;;;;1;False
697697;L219;1442;74;375;13.0;FABBRICATO;via pio vii;19 A;45.0281138;7.6548255;Cantina, soffitta, rimessa, box, garage, posto auto aperto/scoperto,;Dal 2001 al 2010;Nessuno;Patrimonio indisponibile;Utilizzato direttamente;Altro;;;;1;False
697698;L219;1442;74;376;12.0;FABBRICATO;via pio vii;19 A;45.0281138;7.6548255;Cantina, soffitta, rimessa, box, garage, posto auto aperto/scoperto,;Dal 2001 al 2010;Nessuno;Patrimonio indisponibile;Utilizzato direttamente;Altro;;;;1;False
697699;L219;1442;74;377;13.0;FABBRICATO;via pio vii;19 A;45.0281138;7.6548255;Cantina, soffitta, rimessa, box, garage, posto auto aperto/scoperto,;Dal 2001 al 2010;Nessuno;Patrimonio indisponibile;Utilizzato direttamente;Altro;;;;1;False
697700;L219;1442;74;378;12.0;FABBRICATO;via pio vii;19 A;45.0281138;7.6548255;Cantina, soffitta, rimessa, box, garage, posto auto aperto/scoperto,;Dal 2001 al 2010;Nessuno;Patrimonio indisponibile;Utilizzato direttamente;Altro;;;;1;False
697701;L219;1442;74;379;12.0;FABBRICATO;via pio vii;19 A;45.0281138;7.6548255;Cantina, soffitta, rimessa, box, garage, posto auto aperto/scoperto,;Dal 2001 al 2010;Nessuno;Patrimonio indisponibile;Utilizzato direttamente;Altro;;;;1;False
697702;L219;1442;74;38;73.0;FABBRICATO;via pio vii;21 B;45.0281138;7.6548255;Abitazione;Dal 2001 al 2010;Nessuno;Patrimonio indisponibile;Utilizzato direttamente;Altro;;;;1;False
697703;L219;1442;74;380;13.0;FABBRICATO;via pio vii;19 A;45.0281138;7.6548255;Cantina, soffitta, rimessa, box, garage, posto auto aperto/scoperto,;Dal 2001 al 2010;Nessuno;Patrimonio indisponibile;Utilizzato direttamente;Altro;;;;1;False
697704;L219;1442;74;381;13.0;FABBRICATO;via pio vii;19 A;45.0281138;7.6548255;Cantina, soffitta, rimessa, box, garage, posto auto aperto/scoperto,;Dal 2001 al 2010;Nessuno;Patrimonio indisponibile;Utilizzato direttamente;Altro;;;;1;False
697705;L219;1442;74;382;15.0;FABBRICATO;via pio vii;19 A;45.0281138;7.6548255;Cantina, soffitta, rimessa, box, garage, posto auto aperto/scoperto,;Dal 2001 al 2010;Nessuno;Patrimonio indisponibile;Utilizzato direttamente;Altro;;;;1;False
697706;L219;1442;74;383;15.0;FABBRICATO;via pio vii;19 A;45.0281138;7.6548255;Cantina, soffitta, rimessa, box, garage, posto auto aperto/scoperto,;Dal 2001 al 2010;Nessuno;Patrimonio indisponibile;Utilizzato direttamente;Altro;;;;1;False
697707;L219;1442;74;384;13.0;FABBRICATO;via pio vii;19 A;45.0281138;7.6548255;Cantina, soffitta, rimessa, box, garage, posto auto aperto/scoperto,;Dal 2001 al 2010;Nessuno;Patrimonio indisponibile;Utilizzato direttamente;Altro;;;;1;False
697708;L219;1442;74;385;13.0;FABBRICATO;via pio vii;19 A;45.0281138;7.6548255;Cantina, soffitta, rimessa, box, garage, posto auto aperto/scoperto,;Dal 2001 al 2010;Nessuno;Patrimonio indisponibile;Utilizzato direttamente;Altro;;;;1;False
697709;L219;1442;74;386;13.0;FABBRICATO;via pio vii;19 A;45.0281138;7.6548255;Cantina, soffitta, rimessa, box, garage, posto auto aperto/scoperto,;Dal 2001 al 2010;Nessuno;Patrimonio indisponibile;Utilizzato direttamente;Altro;;;;1;False
697710;L219;1442;74;387;13.0;FABBRICATO;via pio vii;19 A;45.0281138;7.6548255;Cantina, soffitta, rimessa, box, garage, posto auto aperto/scoperto,;Dal 2001 al 2010;Nessuno;Patrimonio indisponibile;Utilizzato direttamente;Altro;;;;1;False
697711;L219;1442;74;388;12.0;FABBRICATO;via pio vii;19 A;45.0281138;7.6548255;Cantina, soffitta, rimessa, box, garage, posto auto aperto/scoperto,;Dal 2001 al 2010;Nessuno;Patrimonio indisponibile;Utilizzato direttamente;Altro;;;;1;False
697712;L219;1442;74;389;13.0;FABBRICATO;via pio vii;19 A;45.0281138;7.6548255;Cantina, soffitta, rimessa, box, garage, posto auto aperto/scoperto,;Dal 2001 al 2010;Nessuno;Patrimonio indisponibile;Utilizzato direttamente;Altro;;;;1;False
697713;L219;1442;74;39;77.0;FABBRICATO;via pio vii;21 B;45.0281138;7.6548255;Abitazione;Dal 2001 al 2010;Nessuno;Patrimonio indisponibile;Utilizzato direttamente;Altro;;;;1;False
697714;L219;1442;74;390;14.0;FABBRICATO;via pio vii;19 A;45.0281138;7.6548255;Cantina, soffitta, rimessa, box, garage, posto auto aperto/scoperto,;Dal 2001 al 2010;Nessuno;Patrimonio indisponibile;Utilizzato direttamente;Altro;;;;1;False
697715;L219;1442;74;391;12.0;FABBRICATO;via pio vii;19 A;45.0281138;7.6548255;Cantina, soffitta, rimessa, box, garage, posto auto aperto/scoperto,;Dal 2001 al 2010;Nessuno;Patrimonio indisponibile;Utilizzato direttamente;Altro;;;;1;False
697716;L219;1442;74;392;22.0;FABBRICATO;via pio vii;19 A;45.0281138;7.6548255;Cantina, soffitta, rimessa, box, garage, posto auto aperto/scoperto,;Dal 2001 al 2010;Nessuno;Patrimonio indisponibile;Utilizzato direttamente;Altro;;;;1;False
697717;L219;1442;74;393;12.0;FABBRICATO;via pio vii;19 A;45.0281138;7.6548255;Cantina, soffitta, rimessa, box, garage, posto auto aperto/scoperto,;Dal 2001 al 2010;Nessuno;Patrimonio indisponibile;Utilizzato direttamente;Altro;;;;1;False
697718;L219;1442;74;394;13.0;FABBRICATO;via pio vii;19 A;45.0281138;7.6548255;Cantina, soffitta, rimessa, box, garage, posto auto aperto/scoperto,;Dal 2001 al 2010;Nessuno;Patrimonio indisponibile;Utilizzato direttamente;Altro;;;;1;False
697719;L219;1442;74;395;13.0;FABBRICATO;via pio vii;19 A;45.0281138;7.6548255;Cantina, soffitta, rimessa, box, garage, posto auto aperto/scoperto,;Dal 2001 al 2010;Nessuno;Patrimonio indisponibile;Utilizzato direttamente;Altro;;;;1;False
697720;L219;1442;74;396;13.0;FABBRICATO;via pio vii;19 A;45.0281138;7.6548255;Cantina, soffitta, rimessa, box, garage, posto auto aperto/scoperto,;Dal 2001 al 2010;Nessuno;Patrimonio indisponibile;Utilizzato direttamente;Altro;;;;1;False
697721;L219;1442;74;397;13.0;FABBRICATO;via pio vii;19 A;45.0281138;7.6548255;Cantina, soffitta, rimessa, box, garage, posto auto aperto/scoperto,;Dal 2001 al 2010;Nessuno;Patrimonio indisponibile;Utilizzato direttamente;Altro;;;;1;False
697722;L219;1442;74;398;13.0;FABBRICATO;via pio vii;19 A;45.0281138;7.6548255;Cantina, soffitta, rimessa, box, garage, posto auto aperto/scoperto,;Dal 2001 al 2010;Nessuno;Patrimonio indisponibile;Utilizzato direttamente;Altro;;;;1;False
697723;L219;1442;74;399;13.0;FABBRICATO;via pio vii;19 A;45.0281138;7.6548255;Cantina, soffitta, rimessa, box, garage, posto auto aperto/scoperto,;Dal 2001 al 2010;Nessuno;Patrimonio indisponibile;Utilizzato direttamente;Altro;;;;1;False
697724;L219;1442;74;4;76.0;FABBRICATO;via pio vii;19 A;45.0281138;7.6548255;Abitazione;Dal 2001 al 2010;Nessuno;Patrimonio indisponibile;Utilizzato direttamente;Altro;;;;1;False
697725;L219;1442;74;40;76.0;FABBRICATO;via pio vii;21 B;45.0281138;7.6548255;Abitazione;Dal 2001 al 2010;Nessuno;Patrimonio indisponibile;Utilizzato direttamente;Altro;;;;1;False
697726;L219;1442;74;400;12.0;FABBRICATO;via pio vii;19 A;45.0281138;7.6548255;Cantina, soffitta, rimessa, box, garage, posto auto aperto/scoperto,;Dal 2001 al 2010;Nessuno;Patrimonio indisponibile;Utilizzato direttamente;Altro;;;;1;False
697727;L219;1442;74;401;12.0;FABBRICATO;via pio vii;19 A;45.0281138;7.6548255;Cantina, soffitta, rimessa, box, garage, posto auto aperto/scoperto,;Dal 2001 al 2010;Nessuno;Patrimonio indisponibile;Utilizzato direttamente;Altro;;;;1;False
697728;L219;1442;74;402;13.0;FABBRICATO;via pio vii;19 A;45.0281138;7.6548255;Cantina, soffitta, rimessa, box, garage, posto auto aperto/scoperto,;Dal 2001 al 2010;Nessuno;Patrimonio indisponibile;Utilizzato direttamente;Altro;;;;1;False
697729;L219;1442;74;403;13.0;FABBRICATO;via pio vii;19 A;45.0281138;7.6548255;Cantina, soffitta, rimessa, box, garage, posto auto aperto/scoperto,;Dal 2001 al 2010;Nessuno;Patrimonio indisponibile;Utilizzato direttamente;Altro;;;;1;False
697730;L219;1442;74;404;12.0;FABBRICATO;via pio vii;19 A;45.0281138;7.6548255;Cantina, soffitta, rimessa, box, garage, posto auto aperto/scoperto,;Dal 2001 al 2010;Nessuno;Patrimonio indisponibile;Utilizzato direttamente;Altro;;;;1;False
697731;L219;1442;74;405;13.0;FABBRICATO;via pio vii;19 A;45.0281138;7.6548255;Cantina, soffitta, rimessa, box, garage, posto auto aperto/scoperto,;Dal 2001 al 2010;Nessuno;Patrimonio indisponibile;Utilizzato direttamente;Altro;;;;1;False
697732;L219;1442;74;406;13.0;FABBRICATO;via pio vii;19 A;45.0281138;7.6548255;Cantina, soffitta, rimessa, box, garage, posto auto aperto/scoperto,;Dal 2001 al 2010;Nessuno;Patrimonio indisponibile;Utilizzato direttamente;Altro;;;;1;False
697733;L219;1442;74;407;12.0;FABBRICATO;via pio vii;19 A;45.0281138;7.6548255;Cantina, soffitta, rimessa, box, garage, posto auto aperto/scoperto,;Dal 2001 al 2010;Nessuno;Patrimonio indisponibile;Utilizzato direttamente;Altro;;;;1;False
697734;L219;1442;74;408;12.0;FABBRICATO;via pio vii;19 A;45.0281138;7.6548255;Cantina, soffitta, rimessa, box, garage, posto auto aperto/scoperto,;Dal 2001 al 2010;Nessuno;Patrimonio indisponibile;Utilizzato direttamente;Altro;;;;1;False
697735;L219;1442;74;409;13.0;FABBRICATO;via pio vii;19 A;45.0281138;7.6548255;Cantina, soffitta, rimessa, box, garage, posto auto aperto/scoperto,;Dal 2001 al 2010;Nessuno;Patrimonio indisponibile;Utilizzato direttamente;Altro;;;;1;False
697736;L219;1442;74;41;75.0;FABBRICATO;via pio vii;21 B;45.0281138;7.6548255;Abitazione;Dal 2001 al 2010;Nessuno;Patrimonio indisponibile;Utilizzato direttamente;Altro;;;;1;False
697737;L219;1442;74;410;12.0;FABBRICATO;via pio vii;19 A;45.0281138;7.6548255;Cantina, soffitta, rimessa, box, garage, posto auto aperto/scoperto,;Dal 2001 al 2010;Nessuno;Patrimonio indisponibile;Utilizzato direttamente;Altro;;;;1;False
697738;L219;1442;74;411;12.0;FABBRICATO;via pio vii;19 A;45.0281138;7.6548255;Cantina, soffitta, rimessa, box, garage, posto auto aperto/scoperto,;Dal 2001 al 2010;Nessuno;Patrimonio indisponibile;Utilizzato direttamente;Altro;;;;1;False
697739;L219;1442;74;412;13.0;FABBRICATO;via pio vii;19 A;45.0281138;7.6548255;Cantina, soffitta, rimessa, box, garage, posto auto aperto/scoperto,;Dal 2001 al 2010;Nessuno;Patrimonio indisponibile;Utilizzato direttamente;Altro;;;;1;False
697740;L219;1442;74;413;12.0;FABBRICATO;via pio vii;19 A;45.0281138;7.6548255;Cantina, soffitta, rimessa, box, garage, posto auto aperto/scoperto,;Dal 2001 al 2010;Nessuno;Patrimonio indisponibile;Utilizzato direttamente;Altro;;;;1;False
697741;L219;1442;74;414;13.0;FABBRICATO;via pio vii;19 A;45.0281138;7.6548255;Cantina, soffitta, rimessa, box, garage, posto auto aperto/scoperto,;Dal 2001 al 2010;Nessuno;Patrimonio indisponibile;Utilizzato direttamente;Altro;;;;1;False
697742;L219;1442;74;415;13.0;FABBRICATO;via pio vii;19 A;45.0281138;7.6548255;Cantina, soffitta, rimessa, box, garage, posto auto aperto/scoperto,;Dal 2001 al 2010;Nessuno;Patrimonio indisponibile;Utilizzato direttamente;Altro;;;;1;False
697743;L219;1442;74;416;13.0;FABBRICATO;via pio vii;19 A;45.0281138;7.6548255;Cantina, soffitta, rimessa, box, garage, posto auto aperto/scoperto,;Dal 2001 al 2010;Nessuno;Patrimonio indisponibile;Utilizzato direttamente;Altro;;;;1;False
697744;L219;1442;74;417;13.0;FABBRICATO;via pio vii;19 A;45.0281138;7.6548255;Cantina, soffitta, rimessa, box, garage, posto auto aperto/scoperto,;Dal 2001 al 2010;Nessuno;Patrimonio indisponibile;Utilizzato direttamente;Altro;;;;1;False
697745;L219;1442;74;418;16.0;FABBRICATO;via pio vii;19 A;45.0281138;7.6548255;Cantina, soffitta, rimessa, box, garage, posto auto aperto/scoperto,;Dal 2001 al 2010;Nessuno;Patrimonio indisponibile;Utilizzato direttamente;Altro;;;;1;False
697746;L219;1442;74;419;18.0;FABBRICATO;via pio vii;19 A;45.0281138;7.6548255;Cantina, soffitta, rimessa, box, garage, posto auto aperto/scoperto,;Dal 2001 al 2010;Nessuno;Patrimonio indisponibile;Utilizzato direttamente;Altro;;;;1;False
697747;L219;1442;74;42;73.0;FABBRICATO;via pio vii;21 B;45.0281138;7.6548255;Abitazione;Dal 2001 al 2010;Nessuno;Patrimonio indisponibile;Utilizzato direttamente;Altro;;;;1;False
697748;L219;1442;74;420;17.0;FABBRICATO;via pio vii;19 A;45.0281138;7.6548255;Cantina, soffitta, rimessa, box, garage, posto auto aperto/scoperto,;Dal 2001 al 2010;Nessuno;Patrimonio indisponibile;Utilizzato direttamente;Altro;;;;1;False
697749;L219;1442;74;421;18.0;FABBRICATO;via pio vii;19 A;45.0281138;7.6548255;Cantina, soffitta, rimessa, box, garage, posto auto aperto/scoperto,;Dal 2001 al 2010;Nessuno;Patrimonio indisponibile;Utilizzato direttamente;Altro;;;;1;False
697750;L219;1442;74;422;13.0;FABBRICATO;via pio vii;19 A;45.0281138;7.6548255;Cantina, soffitta, rimessa, box, garage, posto auto aperto/scoperto,;Dal 2001 al 2010;Nessuno;Patrimonio indisponibile;Utilizzato direttamente;Altro;;;;1;False
697751;L219;1442;74;423;12.0;FABBRICATO;via pio vii;19 A;45.0281138;7.6548255;Cantina, soffitta, rimessa, box, garage, posto auto aperto/scoperto,;Dal 2001 al 2010;Nessuno;Patrimonio indisponibile;Utilizzato direttamente;Altro;;;;1;False
697752;L219;1442;74;424;13.0;FABBRICATO;via pio vii;19 A;45.0281138;7.6548255;Cantina, soffitta, rimessa, box, garage, posto auto aperto/scoperto,;Dal 2001 al 2010;Nessuno;Patrimonio indisponibile;Utilizzato direttamente;Altro;;;;1;False
697753;L219;1442;74;425;11.0;FABBRICATO;via pio vii;19 A;45.0281138;7.6548255;Cantina, soffitta, rimessa, box, garage, posto auto aperto/scoperto,;Dal 2001 al 2010;Nessuno;Patrimonio indisponibile;Utilizzato direttamente;Altro;;;;1;False
697754;L219;1442;74;426;13.0;FABBRICATO;via pio vii;19 A;45.0281138;7.6548255;Cantina, soffitta, rimessa, box, garage, posto auto aperto/scoperto,;Dal 2001 al 2010;Nessuno;Patrimonio indisponibile;Utilizzato direttamente;Altro;;;;1;False
697755;L219;1442;74;427;13.0;FABBRICATO;via pio vii;19 A;45.0281138;7.6548255;Cantina, soffitta, rimessa, box, garage, posto auto aperto/scoperto,;Dal 2001 al 2010;Nessuno;Patrimonio indisponibile;Utilizzato direttamente;Altro;;;;1;False
697756;L219;1442;74;428;18.0;FABBRICATO;via pio vii;19 A;45.0281138;7.6548255;Cantina, soffitta, rimessa, box, garage, posto auto aperto/scoperto,;Dal 2001 al 2010;Nessuno;Patrimonio indisponibile;Utilizzato direttamente;Altro;;;;1;False
697757;L219;1442;74;429;16.0;FABBRICATO;via pio vii;19 A;45.0281138;7.6548255;Cantina, soffitta, rimessa, box, garage, posto auto aperto/scoperto,;Dal 2001 al 2010;Nessuno;Patrimonio indisponibile;Utilizzato direttamente;Altro;;;;1;False
697758;L219;1442;74;43;77.0;FABBRICATO;via pio vii;21 B;45.0281138;7.6548255;Abitazione;Dal 2001 al 2010;Nessuno;Patrimonio indisponibile;Utilizzato direttamente;Altro;;;;1;False
697759;L219;1442;74;430;17.0;FABBRICATO;via pio vii;19 A;45.0281138;7.6548255;Cantina, soffitta, rimessa, box, garage, posto auto aperto/scoperto,;Dal 2001 al 2010;Nessuno;Patrimonio indisponibile;Utilizzato direttamente;Altro;;;;1;False
697760;L219;1442;74;431;13.0;FABBRICATO;via pio vii;19 A;45.0281138;7.6548255;Cantina, soffitta, rimessa, box, garage, posto auto aperto/scoperto,;Dal 2001 al 2010;Nessuno;Patrimonio indisponibile;Utilizzato direttamente;Altro;;;;1;False
697761;L219;1442;74;432;13.0;FABBRICATO;via pio vii;19 A;45.0281138;7.6548255;Cantina, soffitta, rimessa, box, garage, posto auto aperto/scoperto,;Dal 2001 al 2010;Nessuno;Patrimonio indisponibile;Utilizzato direttamente;Altro;;;;1;False
697762;L219;1442;74;433;13.0;FABBRICATO;via pio vii;19 A;45.0281138;7.6548255;Cantina, soffitta, rimessa, box, garage, posto auto aperto/scoperto,;Dal 2001 al 2010;Nessuno;Patrimonio indisponibile;Utilizzato direttamente;Altro;;;;1;False
697763;L219;1442;74;434;12.0;FABBRICATO;via pio vii;19 A;45.0281138;7.6548255;Cantina, soffitta, rimessa, box, garage, posto auto aperto/scoperto,;Dal 2001 al 2010;Nessuno;Patrimonio indisponibile;Utilizzato direttamente;Altro;;;;1;False
697764;L219;1442;74;435;21.0;FABBRICATO;via pio vii;19 A;45.0281138;7.6548255;Cantina, soffitta, rimessa, box, garage, posto auto aperto/scoperto,;Dal 2001 al 2010;Nessuno;Patrimonio indisponibile;Utilizzato direttamente;Altro;;;;1;False
697765;L219;1442;74;436;133.0;FABBRICATO;Via Pio VII;21;45.0281138;7.6548255;Locale commerciale, negozio;Dal 2001 al 2010;Nessuno;Patrimonio indisponibile;Utilizzato direttamente;Altro;;;;1;False
697766;L219;1442;74;437;81.0;FABBRICATO;via pio vii;17 4;45.0281138;7.6548255;Abitazione;Dal 2001 al 2010;Nessuno;Patrimonio indisponibile;Utilizzato direttamente;Altro;;;;1;False
697767;L219;1442;74;438;109.0;FABBRICATO;via pio vii;17 14;45.0281138;7.6548255;Abitazione;Dal 2001 al 2010;Nessuno;Patrimonio indisponibile;Utilizzato direttamente;Altro;;;;1;False
697768;L219;1442;74;439;116.0;FABBRICATO;via pio vii;17 14;45.0281138;7.6548255;Abitazione;Dal 2001 al 2010;Nessuno;Patrimonio indisponibile;Utilizzato direttamente;Altro;;;;1;False
697769;L219;1442;74;44;76.0;FABBRICATO;via pio vii;21 B;45.0281138;7.6548255;Abitazione;Dal 2001 al 2010;Nessuno;Patrimonio indisponibile;Utilizzato direttamente;Altro;;;;1;False
697770;L219;1442;74;440;84.0;FABBRICATO;via pio vii;17 14;45.0281138;7.6548255;Abitazione;Dal 2001 al 2010;Nessuno;Patrimonio indisponibile;Utilizzato direttamente;Altro;;;;1;False
697771;L219;1442;74;441;83.0;FABBRICATO;via pio vii;17 14;45.0281138;7.6548255;Abitazione;Dal 2001 al 2010;Nessuno;Patrimonio indisponibile;Utilizzato direttamente;Altro;;;;1;False
697772;L219;1442;74;442;91.0;FABBRICATO;via pio vii;17 14;45.0281138;7.6548255;Abitazione;Dal 2001 al 2010;Nessuno;Patrimonio indisponibile;Utilizzato direttamente;Altro;;;;1;False
697773;L219;1442;74;443;119.0;FABBRICATO;via pio vii;17 14;45.0281138;7.6548255;Abitazione;Dal 2001 al 2010;Nessuno;Patrimonio indisponibile;Utilizzato direttamente;Altro;;;;1;False
697774;L219;1442;74;444;96.0;FABBRICATO;via pio vii;17 14;45.0281138;7.6548255;Abitazione;Dal 2001 al 2010;Nessuno;Patrimonio indisponibile;Utilizzato direttamente;Altro;;;;1;False
697775;L219;1442;74;445;125.0;FABBRICATO;via pio vii;17 14;45.0281138;7.6548255;Abitazione;Dal 2001 al 2010;Nessuno;Patrimonio indisponibile;Utilizzato direttamente;Altro;;;;1;False
697776;L219;1442;74;446;89.0;FABBRICATO;via pio vii;17 14;45.0281138;7.6548255;Abitazione;Dal 2001 al 2010;Nessuno;Patrimonio indisponibile;Utilizzato direttamente;Altro;;;;1;False
697777;L219;1442;74;447;77.0;FABBRICATO;via pio vii;17 14;45.0281138;7.6548255;Abitazione;Dal 2001 al 2010;Nessuno;Patrimonio indisponibile;Utilizzato direttamente;Altro;;;;1;False
697778;L219;1442;74;448;88.0;FABBRICATO;via pio vii;17 12;45.0281138;7.6548255;Abitazione;Dal 2001 al 2010;Nessuno;Patrimonio indisponibile;Utilizzato direttamente;Altro;;;;1;False
697779;L219;1442;74;449;79.0;FABBRICATO;via pio vii;17 18;45.0281138;7.6548255;Abitazione;Dal 2001 al 2010;Nessuno;Patrimonio indisponibile;Utilizzato direttamente;Altro;;;;1;False
697780;L219;1442;74;45;74.0;FABBRICATO;via pio vii;21 B;45.0281138;7.6548255;Abitazione;Dal 2001 al 2010;Nessuno;Patrimonio indisponibile;Utilizzato direttamente;Altro;;;;1;False
697781;L219;1442;74;450;93.0;FABBRICATO;via pio vii;17 8;45.0281138;7.6548255;Abitazione;Dal 2001 al 2010;Nessuno;Patrimonio indisponibile;Utilizzato direttamente;Altro;;;;1;False
697782;L219;1442;74;451;76.0;FABBRICATO;via pio vii;17 8;45.0281138;7.6548255;Abitazione;Dal 2001 al 2010;Nessuno;Patrimonio indisponibile;Utilizzato direttamente;Altro;;;;1;False
697783;L219;1442;74;452;84.0;FABBRICATO;via pio vii;17 8;45.0281138;7.6548255;Abitazione;Dal 2001 al 2010;Nessuno;Patrimonio indisponibile;Utilizzato direttamente;Altro;;;;1;False
697784;L219;1442;74;453;122.0;FABBRICATO;via pio vii;17 8;45.0281138;7.6548255;Abitazione;Dal 2001 al 2010;Nessuno;Patrimonio indisponibile;Utilizzato direttamente;Altro;;;;1;False
697785;L219;1442;74;454;93.0;FABBRICATO;via pio vii;17 8;45.0281138;7.6548255;Abitazione;Dal 2001 al 2010;Nessuno;Patrimonio indisponibile;Utilizzato direttamente;Altro;;;;1;False
697786;L219;1442;74;455;84.0;FABBRICATO;via pio vii;17 8;45.0281138;7.6548255;Abitazione;Dal 2001 al 2010;Nessuno;Patrimonio indisponibile;Utilizzato direttamente;Altro;;;;1;False
697787;L219;1442;74;456;92.0;FABBRICATO;via pio vii;17 8;45.0281138;7.6548255;Abitazione;Dal 2001 al 2010;Nessuno;Patrimonio indisponibile;Utilizzato direttamente;Altro;;;;1;False
697788;L219;1442;74;457;82.0;FABBRICATO;via pio vii;17 8;45.0281138;7.6548255;Abitazione;Dal 2001 al 2010;Nessuno;Patrimonio indisponibile;Utilizzato direttamente;Altro;;;;1;False
697789;L219;1442;74;458;114.0;FABBRICATO;via pio vii;17 8;45.0281138;7.6548255;Abitazione;Dal 2001 al 2010;Nessuno;Patrimonio indisponibile;Utilizzato direttamente;Altro;;;;1;False
697790;L219;1442;74;459;106.0;FABBRICATO;via pio vii;17 8;45.0281138;7.6548255;Abitazione;Dal 2001 al 2010;Nessuno;Patrimonio indisponibile;Utilizzato direttamente;Altro;;;;1;False
697791;L219;1442;74;46;81.0;FABBRICATO;via pio vii;21 B;45.0281138;7.6548255;Abitazione;Dal 2001 al 2010;Nessuno;Patrimonio indisponibile;Utilizzato direttamente;Altro;;;;1;False
697792;L219;1442;74;460;76.0;FABBRICATO;Via Carlo Bossoli;89;45.0281138;7.6548255;Abitazione;Dal 2001 al 2010;Nessuno;Patrimonio indisponibile;Utilizzato direttamente;Altro;;;;1;False
697793;L219;1442;74;461;76.0;FABBRICATO;Via Carlo Bossoli;89;45.0281138;7.6548255;Abitazione;Dal 2001 al 2010;Nessuno;Patrimonio indisponibile;Utilizzato direttamente;Altro;;;;1;False
697794;L219;1442;74;462;77.0;FABBRICATO;Via Pio VII;23;45.0281138;7.6548255;Abitazione;Dal 2001 al 2010;Nessuno;Patrimonio indisponibile;Utilizzato direttamente;Altro;;;;1;False
697795;L219;1442;74;463;133.0;FABBRICATO;Via Pio VII;23;45.0281138;7.6548255;Abitazione;Dal 2001 al 2010;Nessuno;Patrimonio indisponibile;Utilizzato direttamente;Altro;;;;1;False
697796;L219;1442;74;464;88.0;FABBRICATO;Via Carlo Bossoli;97;45.0281138;7.6548255;Locale commerciale, negozio;Dal 2001 al 2010;Nessuno;Patrimonio indisponibile;Utilizzato direttamente;Attività commerciale e di ristorazione;;;;1;False
697797;L219;1442;74;466;103.2;FABBRICATO;via bossoli carlo;97 I;45.0281138;7.6548255;Struttura residenziale collettiva (es.: collegi e convitti, educandati, ricoveri, orfanotrofi, ospizi, conventi, seminari);Dal 2001 al 2010;Nessuno;Patrimonio indisponibile;;Non Dichiarato;in concessione a titolo oneroso;2680.0;01/05/2015;1;False
697798;L219;1442;74;47;136.0;FABBRICATO;via pio vii;21 B;45.0281138;7.6548255;Abitazione;Dal 2001 al 2010;Nessuno;Patrimonio indisponibile;Utilizzato direttamente;Altro;;;;1;False
697799;L219;1442;74;51;39.0;FABBRICATO;Via Pio VII;17;45.0281138;7.6548255;Magazzino e locali di deposito;Dal 2001 al 2010;Nessuno;Patrimonio indisponibile;Utilizzato direttamente;Altro;;;;1;False
697800;L219;1442;74;52;74.0;FABBRICATO;Via Pio VII;17;45.0281138;7.6548255;Abitazione;Dal 2001 al 2010;Nessuno;Patrimonio indisponibile;Utilizzato direttamente;Altro;;;;1;False
697801;L219;1442;74;53;123.0;FABBRICATO;Via Pio VII;17;45.0281138;7.6548255;Abitazione;Dal 2001 al 2010;Nessuno;Patrimonio indisponibile;Utilizzato direttamente;Altro;;;;1;False
697802;L219;1442;74;54;88.0;FABBRICATO;Via Pio VII;17;45.0281138;7.6548255;Abitazione;Dal 2001 al 2010;Nessuno;Patrimonio indisponibile;Utilizzato direttamente;Altro;;;;1;False
697803;L219;1442;74;55;72.0;FABBRICATO;Via Pio VII;17;45.0281138;7.6548255;Abitazione;Dal 2001 al 2010;Nessuno;Patrimonio indisponibile;Utilizzato direttamente;Altro;;;;1;False
697804;L219;1442;74;57;90.0;FABBRICATO;Via Pio VII;17;45.0281138;7.6548255;Abitazione;Dal 2001 al 2010;Nessuno;Patrimonio indisponibile;Utilizzato direttamente;Altro;;;;1;False
697805;L219;1442;74;58;88.0;FABBRICATO;Via Pio VII;17;45.0281138;7.6548255;Abitazione;Dal 2001 al 2010;Nessuno;Patrimonio indisponibile;Utilizzato direttamente;Altro;;;;1;False
697806;L219;1442;74;59;73.0;FABBRICATO;Via Pio VII;17;45.0281138;7.6548255;Abitazione;Dal 2001 al 2010;Nessuno;Patrimonio indisponibile;Utilizzato direttamente;Altro;;;;1;False
697807;L219;1442;74;6;77.0;FABBRICATO;via pio vii;19 A;45.0281138;7.6548255;Abitazione;Dal 2001 al 2010;Nessuno;Patrimonio indisponibile;Utilizzato direttamente;Altro;;;;1;False
697808;L219;1442;74;60;85.0;FABBRICATO;Via Pio VII;17;45.0281138;7.6548255;Abitazione;Dal 2001 al 2010;Nessuno;Patrimonio indisponibile;Utilizzato direttamente;Altro;;;;1;False
697809;L219;1442;74;61;87.0;FABBRICATO;Via Pio VII;17;45.0281138;7.6548255;Abitazione;Dal 2001 al 2010;Nessuno;Patrimonio indisponibile;Utilizzato direttamente;Altro;;;;1;False
697810;L219;1442;74;62;74.0;FABBRICATO;Via Pio VII;17;45.0281138;7.6548255;Abitazione;Dal 2001 al 2010;Nessuno;Patrimonio indisponibile;Utilizzato direttamente;Altro;;;;1;False
697811;L219;1442;74;63;82.0;FABBRICATO;Via Pio VII;17;45.0281138;7.6548255;Abitazione;Dal 2001 al 2010;Nessuno;Patrimonio indisponibile;Utilizzato direttamente;Altro;;;;1;False
697812;L219;1442;74;64;91.0;FABBRICATO;Via Pio VII;17;45.0281138;7.6548255;Abitazione;Dal 2001 al 2010;Nessuno;Patrimonio indisponibile;Utilizzato direttamente;Altro;;;;1;False
697813;L219;1442;74;65;87.0;FABBRICATO;Via Pio VII;17;45.0281138;7.6548255;Abitazione;Dal 2001 al 2010;Nessuno;Patrimonio indisponibile;Utilizzato direttamente;Altro;;;;1;False
697814;L219;1442;74;66;72.0;FABBRICATO;Via Pio VII;17;45.0281138;7.6548255;Abitazione;Dal 2001 al 2010;Nessuno;Patrimonio indisponibile;Utilizzato direttamente;Altro;;;;1;False
697815;L219;1442;74;67;84.0;FABBRICATO;Via Pio VII;17;45.0281138;7.6548255;Abitazione;Dal 2001 al 2010;Nessuno;Patrimonio indisponibile;Utilizzato direttamente;Altro;;;;1;False
697816;L219;1442;74;68;87.0;FABBRICATO;Via Pio VII;17;45.0281138;7.6548255;Abitazione;Dal 2001 al 2010;Nessuno;Patrimonio indisponibile;Utilizzato direttamente;Altro;;;;1;False
697817;L219;1442;74;69;74.0;FABBRICATO;Via Pio VII;17;45.0281138;7.6548255;Abitazione;Dal 2001 al 2010;Nessuno;Patrimonio indisponibile;Utilizzato direttamente;Altro;;;;1;False
697818;L219;1442;74;7;77.0;FABBRICATO;via pio vii;19 A;45.0281138;7.6548255;Abitazione;Dal 2001 al 2010;Nessuno;Patrimonio indisponibile;Utilizzato direttamente;Altro;;;;1;False
697819;L219;1442;74;70;81.0;FABBRICATO;Via Pio VII;17;45.0281138;7.6548255;Abitazione;Dal 2001 al 2010;Nessuno;Patrimonio indisponibile;Utilizzato direttamente;Altro;;;;1;False
697820;L219;1442;74;71;47.0;FABBRICATO;Via Pio VII;17;45.0281138;7.6548255;Abitazione;Dal 2001 al 2010;Nessuno;Patrimonio indisponibile;Utilizzato direttamente;Altro;;;;1;False
697821;L219;1442;74;74;111.0;FABBRICATO;Via Pio VII;17;45.0281138;7.6548255;Abitazione;Dal 2001 al 2010;Nessuno;Patrimonio indisponibile;Utilizzato direttamente;Altro;;;;1;False
697822;L219;1442;74;75;10.0;FABBRICATO;Via Pio VII;17;45.0281138;7.6548255;Cantina, soffitta, rimessa, box, garage, posto auto aperto/scoperto,;Dal 2001 al 2010;Nessuno;Patrimonio indisponibile;Utilizzato direttamente;Altro;;;;1;False
697823;L219;1442;74;76;108.0;FABBRICATO;Via Pio VII;17;45.0281138;7.6548255;Abitazione;Dal 2001 al 2010;Nessuno;Patrimonio indisponibile;Utilizzato direttamente;Altro;;;;1;False
697824;L219;1442;74;78;59.0;FABBRICATO;Via Pio VII;17;45.0281138;7.6548255;Abitazione;Dal 2001 al 2010;Nessuno;Patrimonio indisponibile;Utilizzato direttamente;Altro;;;;1;False
697825;L219;1442;74;8;72.0;FABBRICATO;via pio vii;19 A;45.0281138;7.6548255;Abitazione;Dal 2001 al 2010;Nessuno;Patrimonio indisponibile;Utilizzato direttamente;Altro;;;;1;False
697826;L219;1442;74;80;125.0;FABBRICATO;Via Pio VII;17;45.0281138;7.6548255;Abitazione;Dal 2001 al 2010;Nessuno;Patrimonio indisponibile;Utilizzato direttamente;Altro;;;;1;False
697827;L219;1442;74;84;73.0;FABBRICATO;Via Pio VII;17;45.0281138;7.6548255;Abitazione;Dal 2001 al 2010;Nessuno;Patrimonio indisponibile;Utilizzato direttamente;Altro;;;;1;False
697828;L219;1442;74;87;72.0;FABBRICATO;Via Pio VII;17;45.0281138;7.6548255;Abitazione;Dal 2001 al 2010;Nessuno;Patrimonio indisponibile;Utilizzato direttamente;Altro;;;;1;False
697829;L219;1442;74;89;128.0;FABBRICATO;Via Pio VII;17;45.0281138;7.6548255;Abitazione;Dal 2001 al 2010;Nessuno;Patrimonio indisponibile;Utilizzato direttamente;Altro;;;;1;False
697830;L219;1442;74;9;72.0;FABBRICATO;via pio vii;19 A;45.0281138;7.6548255;Abitazione;Dal 2001 al 2010;Nessuno;Patrimonio indisponibile;Utilizzato direttamente;Altro;;;;1;False
697831;L219;1442;74;94;94.0;FABBRICATO;Via Pio VII;17;45.0281138;7.6548255;Magazzino e locali di deposito;Dal 2001 al 2010;Nessuno;Patrimonio indisponibile;Utilizzato direttamente;Altro;;;;1;False
697832;L219;1442;74;95;74.0;FABBRICATO;Via Pio VII;17;45.0281138;7.6548255;Abitazione;Dal 2001 al 2010;Nessuno;Patrimonio indisponibile;Utilizzato direttamente;Altro;;;;1;False
697833;L219;1442;74;96;124.0;FABBRICATO;Via Pio VII;17;45.0281138;7.6548255;Abitazione;Dal 2001 al 2010;Nessuno;Patrimonio indisponibile;Utilizzato direttamente;Altro;;;;1;False
697834;L219;1442;74;97;88.0;FABBRICATO;Via Pio VII;17;45.0281138;7.6548255;Abitazione;Dal 2001 al 2010;Nessuno;Patrimonio indisponibile;Utilizzato direttamente;Altro;;;;1;False
697835;L219;1442;74;98;73.0;FABBRICATO;Via Pio VII;17;45.0281138;7.6548255;Abitazione;Dal 2001 al 2010;Nessuno;Patrimonio indisponibile;Utilizzato direttamente;Altro;;;;1;False
697836;L219;1442;74;99;82.0;FABBRICATO;Via Pio VII;17;45.0281138;7.6548255;Abitazione;Dal 2001 al 2010;Nessuno;Patrimonio indisponibile;Utilizzato direttamente;Altro;;;;1;False
697857;L219;1445;85;2;1571.0;FABBRICATO;via ventimiglia;199;45.0206633;7.6672635;Edificio scolastico (es.: scuola di ogni ordine e grado, università, scuola di formazione);Dal 1981 al 1990;Nessuno;Patrimonio indisponibile;Utilizzato direttamente;Attività didattica;;;;1;False
697858;L219;1445;85;3;96.0;FABBRICATO;via ventimiglia;199;45.0206633;7.6672635;Abitazione;Dal 1981 al 1990;Nessuno;Patrimonio indisponibile;Utilizzato direttamente;Alloggio di servizio, foresterie;;;;1;False
697859;L219;1445;87;;1455.43;FABBRICATO;via ventimiglia;165;45.0217306;7.6681227;Ufficio strutturato ed assimilabili;Dal 2001 al 2010;Nessuno;Patrimonio indisponibile;Non utilizzato;Non Dichiarato;;;;1;False
697861;L219;1446;26;1;5000.0;FABBRICATO;corso unita' d'italia;125;45.0231456;7.6720982;Struttura residenziale collettiva (es.: collegi e convitti, educandati, ricoveri, orfanotrofi, ospizi, conventi, seminari);Dal 1946 al 1960;Nessuno;Patrimonio disponibile;Utilizzato direttamente;Alloggio di servizio, foresterie;;;;1;False
697862;L219;1447;19;;35.0;FABBRICATO;Corso Unità d'Italia;133;45.0198679;7.6700897;Locale commerciale, negozio;Dal 1961 al 1970;Nessuno;Patrimonio indisponibile;Utilizzato direttamente;Altro;;;;1;False
697863;L219;1296;205;3;5716.25;FABBRICATO;via tolmino;40;45.0571839;7.6439982;Edificio scolastico (es.: scuola di ogni ordine e grado, università, scuola di formazione);Dal 1971 al 1980;Nessuno;Patrimonio indisponibile;Utilizzato direttamente;Attività didattica;;;;1;False
697864;L219;1296;205;4;78.0;FABBRICATO;via tolmino;40;45.0571839;7.6439982;Abitazione;Dal 1971 al 1980;Nessuno;Patrimonio indisponibile;Utilizzato direttamente;Alloggio di servizio, foresterie;;;;1;False
697865;L219;1296;333;2;1311.0;FABBRICATO;Via Tolmino;30;45.057764;7.6444953;Edificio scolastico (es.: scuola di ogni ordine e grado, università, scuola di formazione);Dal 1971 al 1980;Nessuno;Patrimonio indisponibile;Utilizzato direttamente;Attività didattica;;;;1;False
697866;L219;1296;333;3;70.0;FABBRICATO;Via Tolmino;30;45.057764;7.6444953;Abitazione;Dal 1971 al 1980;Nessuno;Patrimonio indisponibile;Utilizzato direttamente;Alloggio di servizio, foresterie;;;;1;False
697868;L219;1455;246;1;86.0;FABBRICATO;Via Corrado Corradino;5;45.017612;7.6629424;Abitazione;Dal 1919 al 1945;Nessuno;Patrimonio disponibile;Utilizzato direttamente;Servizi ordine pubblico, sicurezza nazionale e militare;;;;1;False
697869;L219;1455;246;2;894.2;FABBRICATO;Via Corrado Corradino;5;45.017612;7.6629424;Caserma;Dal 1919 al 1945;Nessuno;Patrimonio disponibile;Utilizzato direttamente;Servizi ordine pubblico, sicurezza nazionale e militare;;;;1;False
697870;L219;1455;246;3;103.0;FABBRICATO;Via Corrado Corradino;5;45.017612;7.6629424;Abitazione;Dal 1919 al 1945;Nessuno;Patrimonio disponibile;Utilizzato direttamente;Servizi ordine pubblico, sicurezza nazionale e militare;;;;1;False
697871;L219;1455;246;4;87.0;FABBRICATO;Via Corrado Corradino;5;45.017612;7.6629424;Abitazione;Dal 1919 al 1945;Nessuno;Patrimonio disponibile;Utilizzato direttamente;Servizi ordine pubblico, sicurezza nazionale e militare;;;;1;False
697872;L219;1455;334;1;80.0;FABBRICATO;via nizza;410;45.0172405;7.6609971;Abitazione;Prima del 1919;Dichiarazione di interesse culturale;Demanio;Utilizzato direttamente;Altro;;;;1;False
697873;L219;1455;334;2;80.0;FABBRICATO;via nizza;410;45.0172405;7.6609971;Abitazione;Prima del 1919;Dichiarazione di interesse culturale;Demanio;Utilizzato direttamente;Altro;;;;1;False
697874;L219;1455;334;3;88.0;FABBRICATO;via nizza;410;45.0172405;7.6609971;Abitazione;Prima del 1919;Dichiarazione di interesse culturale;Demanio;Utilizzato direttamente;Altro;;;;1;False
697875;L219;1455;334;4;88.0;FABBRICATO;via nizza;410;45.0172405;7.6609971;Abitazione;Prima del 1919;Dichiarazione di interesse culturale;Demanio;Utilizzato direttamente;Altro;;;;1;False
697876;L219;1456;406;11;8.0;FABBRICATO;Via Candiolo;6;45.0142913;7.6575555;Cantina, soffitta, rimessa, box, garage, posto auto aperto/scoperto,;Dal 1946 al 1960;Nessuno;Patrimonio indisponibile;Utilizzato direttamente;Altro;;;;1;False
697877;L219;1456;406;3;65.0;FABBRICATO;Via Candiolo;6;45.0142913;7.6575555;Abitazione;Dal 1946 al 1960;Nessuno;Patrimonio indisponibile;Utilizzato direttamente;Altro;;;;1;False
697878;L219;1456;441;2;8236.75;FABBRICATO;Via Monastir;17;45.0160315;7.6563265;Edificio scolastico (es.: scuola di ogni ordine e grado, università, scuola di formazione);Dal 1971 al 1980;Nessuno;Patrimonio indisponibile;Utilizzato direttamente;Attività didattica;;;;1;False
697879;L219;1456;441;3;2524.0;FABBRICATO;via torrazza piemonte;10;45.0160315;7.6563265;Edificio scolastico (es.: scuola di ogni ordine e grado, università, scuola di formazione);Dal 1971 al 1980;Nessuno;Patrimonio indisponibile;Utilizzato direttamente;Attività didattica;;;;1;False
697880;L219;1456;441;4;3043.0;FABBRICATO;via torrazza piemonte;10;45.0160315;7.6563265;Impianto sportivo;Dal 1971 al 1980;Nessuno;Patrimonio indisponibile;Utilizzato direttamente;Attività sportiva, ricreativa e di intrattenimento;;;;1;False
697881;L219;1456;441;5;711.0;FABBRICATO;via torrazza piemonte;10;45.0160315;7.6563265;Edificio scolastico (es.: scuola di ogni ordine e grado, università, scuola di formazione);Dal 1971 al 1980;Nessuno;Patrimonio indisponibile;Utilizzato direttamente;Attività didattica;;;;1;False
697882;L219;1456;441;6;661.5;FABBRICATO;Via Torrazza Piemonte;12;45.0160315;7.6563265;Edificio scolastico (es.: scuola di ogni ordine e grado, università, scuola di formazione);Dal 1971 al 1980;Nessuno;Patrimonio indisponibile;Utilizzato direttamente;Attività didattica;;;;1;False
697883;L219;1456;441;7;3758.25;FABBRICATO;Via Torrazza Piemonte;12;45.0160315;7.6563265;Edificio scolastico (es.: scuola di ogni ordine e grado, università, scuola di formazione);Dal 1971 al 1980;Nessuno;Patrimonio indisponibile;Utilizzato direttamente;Attività didattica;;;;1;False
697884;L219;1456;441;8;152.0;FABBRICATO;via torrazza piemonte;10;45.0160315;7.6563265;Abitazione;Dal 1971 al 1980;Nessuno;Patrimonio indisponibile;Utilizzato direttamente;Alloggio di servizio, foresterie;;;;1;False
697885;L219;1456;441;9;2071.0;FABBRICATO;via torrazza piemonte;10;45.0160315;7.6563265;Impianto sportivo;Dal 1971 al 1980;Nessuno;Patrimonio indisponibile;Utilizzato direttamente;Attività sportiva, ricreativa e di intrattenimento;;;;1;False
697888;L219;1458;129;3;1878.75;FABBRICATO;corso croce benedetto;21;45.0205103;7.6458188;Edificio scolastico (es.: scuola di ogni ordine e grado, università, scuola di formazione);Dal 1971 al 1980;Nessuno;Patrimonio indisponibile;Utilizzato direttamente;Attività didattica;;;;1;False
697889;L219;1458;129;4;89.0;FABBRICATO;corso croce benedetto;21;45.0205103;7.6458188;Abitazione;Dal 1971 al 1980;Nessuno;Patrimonio indisponibile;Utilizzato direttamente;Alloggio di servizio, foresterie;;;;1;False
697890;L219;1458;28;2;4546.75;FABBRICATO;corso croce benedetto;17;45.0207767;7.6467002;Edificio scolastico (es.: scuola di ogni ordine e grado, università, scuola di formazione);Dal 1971 al 1980;Nessuno;Patrimonio indisponibile;Utilizzato direttamente;Attività didattica;;;;1;False
697891;L219;1458;28;3;87.0;FABBRICATO;corso croce benedetto;17;45.0207767;7.6467002;Abitazione;Dal 1971 al 1980;Nessuno;Patrimonio indisponibile;Utilizzato direttamente;Alloggio di servizio, foresterie;;;;1;False
697892;L219;1458;28;4;4433.5;FABBRICATO;Corso Benedetto Croce;17;45.0207767;7.6467002;Edificio scolastico (es.: scuola di ogni ordine e grado, università, scuola di formazione);Dal 1971 al 1980;Nessuno;Patrimonio indisponibile;Utilizzato direttamente;Attività didattica;;;;1;False
697893;L219;1458;28;5;203.0;FABBRICATO;Corso Benedetto Croce;17;45.0207767;7.6467002;Abitazione;Dal 1971 al 1980;Nessuno;Patrimonio indisponibile;Utilizzato direttamente;Alloggio di servizio, foresterie;;;;1;False
697894;L219;1459;49;4;100.0;FABBRICATO;corso croce benedetto;26;45.02074573;7.64416338;Abitazione;Dal 1961 al 1970;Nessuno;Patrimonio indisponibile;Utilizzato direttamente;Alloggio di servizio, foresterie;;;;1;False
697896;L219;1460;94;2;87.0;FABBRICATO;via vigliani onorato;102;45.0173522;7.6445919;Abitazione;Dal 1946 al 1960;Nessuno;Patrimonio indisponibile;Utilizzato direttamente;Altro;;;;1;False
697898;L219;1461;111;1;1300.0;FABBRICATO;piazza guala pietro francesco;140;45.0231824;7.6408099;Edificio scolastico (es.: scuola di ogni ordine e grado, università, scuola di formazione);Dal 1961 al 1970;Nessuno;Patrimonio indisponibile;Utilizzato direttamente;Attività didattica;;;;1;False
697899;L219;1461;111;3;66.0;FABBRICATO;piazza guala pietro francesco;140;45.0231824;7.6408099;Abitazione;Dal 1961 al 1970;Nessuno;Patrimonio indisponibile;Utilizzato direttamente;Alloggio di servizio, foresterie;;;;1;False
697900;L219;1461;111;4;13.0;FABBRICATO;piazza guala pietro francesco;140;45.0231824;7.6408099;Cantina, soffitta, rimessa, box, garage, posto auto aperto/scoperto,;Dal 1961 al 1970;Nessuno;Patrimonio indisponibile;Utilizzato direttamente;Attività didattica;;;;1;False
697901;L219;1461;45;1;2537.5;FABBRICATO;via nichelino;7;45.0237373;7.6392259;Edificio scolastico (es.: scuola di ogni ordine e grado, università, scuola di formazione);Dal 1961 al 1970;Nessuno;Patrimonio indisponibile;Utilizzato direttamente;Attività didattica;;;;1;False
697902;L219;1461;45;3;98.0;FABBRICATO;via nichelino;7;45.0237373;7.6392259;Abitazione;Dal 1961 al 1970;Nessuno;Patrimonio indisponibile;Utilizzato direttamente;Alloggio di servizio, foresterie;;;;1;False
697903;L219;1461;77;20;82.0;FABBRICATO;corso unione sovietica;403;45.0239046;7.6373422;Abitazione;Dal 1946 al 1960;Nessuno;Patrimonio indisponibile;Utilizzato direttamente;Altro;;;;1;False
697904;L219;1462;136;2;1761.75;FABBRICATO;Strada delle Cacce;36;45.0187092;7.6388598;Edificio scolastico (es.: scuola di ogni ordine e grado, università, scuola di formazione);Dal 1971 al 1980;Nessuno;Patrimonio indisponibile;Utilizzato direttamente;Altro;;;;1;False
697905;L219;1462;136;3;73.0;FABBRICATO;Strada delle Cacce;36;45.0187092;7.6388598;Abitazione;Dal 1971 al 1980;Nessuno;Patrimonio indisponibile;Utilizzato direttamente;Alloggio di servizio, foresterie;;;;1;False
697909;L219;1464;146;4;59.0;FABBRICATO;via monte cengio;29;45.0190136;7.6223338;Abitazione;Dal 1991 al 2000;Nessuno;Patrimonio indisponibile;Utilizzato direttamente;Altro;;;;1;False
697910;L219;1464;146;5;60.0;FABBRICATO;via monte cengio;29;45.0190136;7.6223338;Abitazione;Dal 1991 al 2000;Nessuno;Patrimonio indisponibile;Utilizzato direttamente;Altro;;;;1;False
697911;L219;1464;208;1;65.0;FABBRICATO;Via Monte Sei Busi;28;45.0173603;7.6210949;Abitazione;Dal 1961 al 1970;Nessuno;Patrimonio indisponibile;Utilizzato direttamente;Altro;;;;1;False
697912;L219;1464;208;13;74.0;FABBRICATO;Via Monte Sei Busi;28;45.0173603;7.6210949;Abitazione;Dal 1961 al 1970;Nessuno;Patrimonio indisponibile;Utilizzato direttamente;Altro;;;;1;False
697913;L219;1464;208;2;68.0;FABBRICATO;Via Monte Sei Busi;28;45.0173603;7.6210949;Abitazione;Dal 1961 al 1970;Nessuno;Patrimonio indisponibile;Utilizzato direttamente;Altro;;;;1;False
697914;L219;1464;208;4;64.0;FABBRICATO;Via Monte Sei Busi;28;45.0173603;7.6210949;Abitazione;Dal 1961 al 1970;Nessuno;Patrimonio indisponibile;Utilizzato direttamente;Altro;;;;1;False
697915;L219;1464;262;2;5000.0;FABBRICATO;via plava;75;45.0180523;7.6199728;Struttura residenziale collettiva (es.: collegi e convitti, educandati, ricoveri, orfanotrofi, ospizi, conventi, seminari);Dal 1991 al 2000;Nessuno;Patrimonio indisponibile;Non utilizzato;Non Dichiarato;;;;1;False
697916;L219;1464;262;3;26.0;FABBRICATO;via plava;75;45.0180523;7.6199728;Cantina, soffitta, rimessa, box, garage, posto auto aperto/scoperto,;Dal 1991 al 2000;Nessuno;Patrimonio indisponibile;Non utilizzato;Non Dichiarato;;;;1;False
697917;L219;1465;102;2;1297.5;FABBRICATO;Piazzetta Luciano Jona;6;45.0199442;7.6131789;Edificio scolastico (es.: scuola di ogni ordine e grado, università, scuola di formazione);Dal 1971 al 1980;Nessuno;Patrimonio indisponibile;Utilizzato direttamente;Attività didattica;;;;1;False
697918;L219;1465;102;3;97.0;FABBRICATO;Piazzetta Luciano Jona;6;45.0199442;7.6131789;Abitazione;Dal 1971 al 1980;Nessuno;Patrimonio indisponibile;Utilizzato direttamente;Alloggio di servizio, foresterie;;;;1;False
697920;L219;1465;5;2;52.0;FABBRICATO;Via Plava;66;45.0197625;7.6205986;Impianto sportivo;Dal 1961 al 1970;Nessuno;Patrimonio indisponibile;Utilizzato direttamente;Attività sportiva, ricreativa e di intrattenimento;;;;1;False
697921;L219;1465;5;3;102.0;FABBRICATO;Via Plava;66;45.0197625;7.6205986;Abitazione;Dal 1961 al 1970;Nessuno;Patrimonio indisponibile;Utilizzato direttamente;Alloggio di servizio, foresterie;;;;1;False
697922;L219;1465;5;8;52.0;FABBRICATO;Via Plava;66;45.0197625;7.6205986;Impianto sportivo;Dal 1961 al 1970;Nessuno;Patrimonio indisponibile;Utilizzato direttamente;Attività sportiva, ricreativa e di intrattenimento;;;;1;False
697923;L219;1465;92;2;5348.25;FABBRICATO;Piazzetta Luciano Jona;5;45.0193315;7.6159034;Edificio scolastico (es.: scuola di ogni ordine e grado, università, scuola di formazione);Dal 1971 al 1980;Nessuno;Patrimonio indisponibile;Utilizzato direttamente;Attività didattica;;;;1;False
697924;L219;1465;92;3;78.0;FABBRICATO;Piazzetta Luciano Jona;5;45.0193315;7.6159034;Abitazione;Dal 1971 al 1980;Nessuno;Patrimonio indisponibile;Utilizzato direttamente;Alloggio di servizio, foresterie;;;;1;False
697925;L219;1467;1;2;672.75;FABBRICATO;VIA ANSELMETTI GIAN CARLO;SNC;45.0217804;7.6065778;Edificio scolastico (es.: scuola di ogni ordine e grado, università, scuola di formazione);Dal 1961 al 1970;Nessuno;Patrimonio indisponibile;Utilizzato direttamente;Altro;;;;1;False
697926;L219;1467;1;3;399.0;FABBRICATO;via roveda giovanni;34;45.0217804;7.6065778;Impianto sportivo;Dal 1961 al 1970;Nessuno;Patrimonio indisponibile;Utilizzato direttamente;Attività sportiva, ricreativa e di intrattenimento;;;;1;False
697927;L219;1467;1;4;85.0;FABBRICATO;via roveda giovanni;34;45.0217804;7.6065778;Abitazione;Dal 1961 al 1970;Nessuno;Patrimonio indisponibile;Utilizzato direttamente;Alloggio di servizio, foresterie;;;;1;False
697928;L219;1467;20;1;1173.25;FABBRICATO;Via Plava;177;45.022935;7.6071695;Edificio scolastico (es.: scuola di ogni ordine e grado, università, scuola di formazione);Dal 1961 al 1970;Nessuno;Patrimonio indisponibile;Utilizzato direttamente;Attività didattica;;;;1;False
697929;L219;1467;20;2;70.0;FABBRICATO;Via Plava;177;45.022935;7.6071695;Abitazione;Dal 1961 al 1970;Nessuno;Patrimonio indisponibile;Utilizzato direttamente;Alloggio di servizio, foresterie;;;;1;False
697932;L219;1467;27;12;164.0;FABBRICATO;via negarville celeste;8;45.0213595;7.6111914;Impianto sportivo;Dal 1971 al 1980;Nessuno;Patrimonio disponibile;Utilizzato direttamente;Altro;;;;1;False
697933;L219;1467;27;13;67.0;FABBRICATO;via negarville celeste;8;45.0213595;7.6111914;Abitazione;Dal 1971 al 1980;Nessuno;Patrimonio disponibile;Utilizzato direttamente;Alloggio di servizio, foresterie;;;;1;False
697937;L219;1467;27;17;343.4;FABBRICATO;via negarville celeste;8 3;45.0213595;7.6111914;Ospedali, case di cura, cliniche e assimilabili;Dal 1971 al 1980;Nessuno;Patrimonio disponibile;Utilizzato direttamente;Attività amministrativa/uffici pubblici;;;;1;False
697940;L219;1467;27;2;129.0;FABBRICATO;via negarville celeste;8;45.0213595;7.6111914;Locale commerciale, negozio;Dal 1971 al 1980;Nessuno;Patrimonio disponibile;Utilizzato direttamente;Attività commerciale e di ristorazione;;;;1;False
697941;L219;1467;27;3;174.0;FABBRICATO;via negarville celeste;8;45.0213595;7.6111914;Locale commerciale, negozio;Dal 1971 al 1980;Nessuno;Patrimonio disponibile;Utilizzato direttamente;Attività commerciale e di ristorazione;;;;1;False
697942;L219;1467;27;4;143.0;FABBRICATO;via negarville celeste;8;45.0213595;7.6111914;Locale commerciale, negozio;Dal 1971 al 1980;Nessuno;Patrimonio disponibile;Utilizzato direttamente;Attività commerciale e di ristorazione;;;;1;False
697943;L219;1467;27;5;82.0;FABBRICATO;via negarville celeste;8;45.0213595;7.6111914;Locale commerciale, negozio;Dal 1971 al 1980;Nessuno;Patrimonio disponibile;Utilizzato direttamente;Attività commerciale e di ristorazione;;;;1;False
697944;L219;1467;27;6;140.0;FABBRICATO;via negarville celeste;8;45.0213595;7.6111914;Locale commerciale, negozio;Dal 1971 al 1980;Nessuno;Patrimonio disponibile;Utilizzato direttamente;Attività commerciale e di ristorazione;;;;1;False
697945;L219;1467;27;7;111.0;FABBRICATO;via negarville celeste;8;45.0213595;7.6111914;Locale commerciale, negozio;Dal 1971 al 1980;Nessuno;Patrimonio disponibile;;Non Dichiarato;in locazione;13742.0;01/01/2016;1;False
697946;L219;1467;27;8;62.0;FABBRICATO;via negarville celeste;8;45.0213595;7.6111914;Locale commerciale, negozio;Dal 1971 al 1980;Nessuno;Patrimonio disponibile;Utilizzato direttamente;Attività commerciale e di ristorazione;;;;1;False
697947;L219;1467;27;9;198.0;FABBRICATO;via negarville celeste;8;45.0213595;7.6111914;Locale commerciale, negozio;Dal 1971 al 1980;Nessuno;Patrimonio disponibile;Utilizzato direttamente;Attività commerciale e di ristorazione;;;;1;False
697948;L219;1473;21;1;1600.0;FABBRICATO;Via Giovanni Roveda;35;45.0200749;7.6067594;Edificio scolastico (es.: scuola di ogni ordine e grado, università, scuola di formazione);Dal 1961 al 1970;Nessuno;Patrimonio indisponibile;Utilizzato direttamente;Attività didattica;;;;1;False
697949;L219;1473;21;2;71.0;FABBRICATO;Via Giovanni Roveda;31;45.0200749;7.6067594;Abitazione;Dal 1961 al 1970;Nessuno;Patrimonio indisponibile;Utilizzato direttamente;Alloggio di servizio, foresterie;;;;1;False
697950;L219;1473;22;1;1300.0;FABBRICATO;Via Celeste Negarville;30;45.019683;7.6077314;Edificio scolastico (es.: scuola di ogni ordine e grado, università, scuola di formazione);Dal 1961 al 1970;Nessuno;Patrimonio indisponibile;Utilizzato direttamente;Attività didattica;;;;1;False
697951;L219;1473;22;2;71.0;FABBRICATO;Via Celeste Negarville;30;45.019683;7.6077314;Abitazione;Dal 1961 al 1970;Nessuno;Patrimonio indisponibile;Utilizzato direttamente;Alloggio di servizio, foresterie;;;;1;False
697952;L219;1473;23;1;3220.0;FABBRICATO;via negarville celeste;30 6;45.0191344;7.6085107;Edificio scolastico (es.: scuola di ogni ordine e grado, università, scuola di formazione);Dal 1961 al 1970;Nessuno;Patrimonio indisponibile;Utilizzato direttamente;Attività didattica;;;;1;False
697953;L219;1473;23;2;95.0;FABBRICATO;via negarville celeste;30 4;45.0191344;7.6085107;Abitazione;Dal 1961 al 1970;Nessuno;Patrimonio indisponibile;Utilizzato direttamente;Alloggio di servizio, foresterie;;;;1;False
697954;L219;1473;24;1;2226.6;FABBRICATO;Via Celeste Negarville;30;45.018787;7.6099753;Struttura residenziale collettiva (es.: collegi e convitti, educandati, ricoveri, orfanotrofi, ospizi, conventi, seminari);Dal 1961 al 1970;Nessuno;Patrimonio indisponibile;Utilizzato direttamente;Servizi assistenza socio-sanitaria (non residenziali);;;;1;False
697956;L219;1473;59;30;35.0;FABBRICATO;Strada del Drosso;140;45.0167038;7.6110233;Abitazione;Dal 1961 al 1970;Nessuno;Patrimonio indisponibile;Utilizzato direttamente;Altro;;;;1;False
697966;L219;148;676;;18.0;FABBRICATO;Via Ferdinando Bonsignore;1;45.06211;7.69867;Cantina, soffitta, rimessa, box, garage, posto auto aperto/scoperto,;Prima del 1919;Dichiarazione di interesse culturale;Demanio;Utilizzato direttamente;Attività di culto o assimilabili;;;;1;False
697967;L219;1480;148;104;268.8;FABBRICATO;Via Arturo Farinelli;40;45.0156801;7.6345701;Ospedali, case di cura, cliniche e assimilabili;Dal 1971 al 1980;Nessuno;Patrimonio indisponibile;;Non Dichiarato;in concessione a titolo oneroso;5740.0;01/04/2019;1;False
697970;L219;1480;149;1;46.0;FABBRICATO;Strada delle Cacce;72;45.0163006;7.6378313;Abitazione;Dal 1981 al 1990;Nessuno;Patrimonio indisponibile;Utilizzato direttamente;Altro;;;;1;False
697971;L219;1480;149;12;97.0;FABBRICATO;Strada delle Cacce;72;45.0163006;7.6378313;Abitazione;Dal 1981 al 1990;Nessuno;Patrimonio indisponibile;Utilizzato direttamente;Altro;;;;1;False
697972;L219;1480;149;20;16.0;FABBRICATO;Via Alessandro Fleming;0;45.0163006;7.6378313;Cantina, soffitta, rimessa, box, garage, posto auto aperto/scoperto,;Dal 1981 al 1990;Nessuno;Patrimonio indisponibile;Utilizzato direttamente;Altro;;;;1;False
697973;L219;1480;149;26;12.0;FABBRICATO;Via Alessandro Fleming;0;45.0163006;7.6378313;Cantina, soffitta, rimessa, box, garage, posto auto aperto/scoperto,;Dal 1981 al 1990;Nessuno;Patrimonio indisponibile;Utilizzato direttamente;Altro;;;;1;False
697974;L219;1480;149;33;12.0;FABBRICATO;Via Alessandro Fleming;0;45.0163006;7.6378313;Cantina, soffitta, rimessa, box, garage, posto auto aperto/scoperto,;Dal 1981 al 1990;Nessuno;Patrimonio indisponibile;Utilizzato direttamente;Altro;;;;1;False
697975;L219;1480;149;4;95.0;FABBRICATO;Strada delle Cacce;72;45.0163006;7.6378313;Abitazione;Dal 1981 al 1990;Nessuno;Patrimonio indisponibile;Utilizzato direttamente;Altro;;;;1;False
697976;L219;1480;149;6;95.0;FABBRICATO;Strada delle Cacce;72;45.0163006;7.6378313;Abitazione;Dal 1981 al 1990;Nessuno;Patrimonio indisponibile;Utilizzato direttamente;Altro;;;;1;False
697977;L219;1298;72;1;64.0;FABBRICATO;via rio de janeiro;17;45.05859052;7.65111804;Abitazione;Dal 1946 al 1960;Nessuno;Patrimonio indisponibile;Utilizzato direttamente;Attività amministrativa/uffici pubblici;;;;1;False
697978;L219;1298;72;2;24.0;FABBRICATO;via rio de janeiro;17;45.05859052;7.65111804;Cantina, soffitta, rimessa, box, garage, posto auto aperto/scoperto,;Dal 1946 al 1960;Nessuno;Patrimonio indisponibile;Utilizzato direttamente;Attività amministrativa/uffici pubblici;;;;1;False
697979;L219;1298;72;3;479.0;FABBRICATO;via rio de janeiro;17;45.05859052;7.65111804;Magazzino e locali di deposito;Dal 1946 al 1960;Nessuno;Patrimonio indisponibile;Utilizzato direttamente;Attività amministrativa/uffici pubblici;;;;1;False
697980;L219;1298;76;32;1705.14;FABBRICATO;via millio francesco;20;45.0581401;7.6523283;Ufficio strutturato ed assimilabili;Prima del 1919;Nessuno;Patrimonio indisponibile;Utilizzato direttamente;Attività artistica e culturale;;;;1;False
697981;L219;1298;76;33;237.2;FABBRICATO;via millio francesco;20;45.0581401;7.6523283;Struttura residenziale collettiva (es.: collegi e convitti, educandati, ricoveri, orfanotrofi, ospizi, conventi, seminari);Prima del 1919;Nessuno;Patrimonio indisponibile;Utilizzato direttamente;Attività artistica e culturale;;;;1;False
697982;L219;1299;57;;937.6;FABBRICATO;via vespucci amerigo;56;45.0578581;7.6586635;Struttura residenziale collettiva (es.: collegi e convitti, educandati, ricoveri, orfanotrofi, ospizi, conventi, seminari);Prima del 1919;Dichiarazione di interesse culturale;Demanio;Utilizzato direttamente;Attività didattica;;;;1;False
697984;L219;1480;417;4;76.0;FABBRICATO;Via Alessandro Fleming;19;45.0163341;7.6351752;Abitazione;Dal 1961 al 1970;Nessuno;Patrimonio indisponibile;Utilizzato direttamente;Altro;;;;1;False
697985;L219;1480;417;5;88.0;FABBRICATO;Via Alessandro Fleming;19;45.0163341;7.6351752;Abitazione;Dal 1961 al 1970;Nessuno;Patrimonio indisponibile;Utilizzato direttamente;Altro;;;;1;False
697986;L219;1481;256;10;154.29;FABBRICATO;via morandi rodolfo;10;45.0136726;7.6326514;Ufficio strutturato ed assimilabili;Dal 1971 al 1980;Nessuno;Patrimonio indisponibile;Utilizzato direttamente;Attività amministrativa/uffici pubblici;;;;1;False
697987;L219;1481;256;11;36.0;FABBRICATO;via morandi rodolfo;10;45.0136726;7.6326514;Ufficio strutturato ed assimilabili;Dal 1971 al 1980;Nessuno;Patrimonio indisponibile;Utilizzato direttamente;Attività amministrativa/uffici pubblici;;;;1;False
697988;L219;1481;256;2;313.14;FABBRICATO;via morandi rodolfo;10;45.0136726;7.6326514;Ufficio strutturato ed assimilabili;Dal 1971 al 1980;Nessuno;Patrimonio indisponibile;Utilizzato direttamente;Altro;;;;1;False
697989;L219;1481;256;4;810.0;FABBRICATO;via morandi rodolfo;10;45.0136726;7.6326514;Ufficio strutturato ed assimilabili;Dal 1971 al 1980;Nessuno;Patrimonio indisponibile;Utilizzato direttamente;Attività amministrativa/uffici pubblici;;;;1;False
697990;L219;1481;256;5;12.0;FABBRICATO;via morandi rodolfo;10;45.0136726;7.6326514;Cantina, soffitta, rimessa, box, garage, posto auto aperto/scoperto,;Dal 1971 al 1980;Nessuno;Patrimonio indisponibile;Utilizzato direttamente;Attività amministrativa/uffici pubblici;;;;1;False
697991;L219;1481;256;6;12.0;FABBRICATO;via morandi rodolfo;10;45.0136726;7.6326514;Cantina, soffitta, rimessa, box, garage, posto auto aperto/scoperto,;Dal 1971 al 1980;Nessuno;Patrimonio indisponibile;Utilizzato direttamente;Attività amministrativa/uffici pubblici;;;;1;False
697992;L219;1481;256;7;12.0;FABBRICATO;via morandi rodolfo;10;45.0136726;7.6326514;Cantina, soffitta, rimessa, box, garage, posto auto aperto/scoperto,;Dal 1971 al 1980;Nessuno;Patrimonio indisponibile;Utilizzato direttamente;Attività amministrativa/uffici pubblici;;;;1;False
697993;L219;1481;256;8;12.0;FABBRICATO;via morandi rodolfo;10;45.0136726;7.6326514;Cantina, soffitta, rimessa, box, garage, posto auto aperto/scoperto,;Dal 1971 al 1980;Nessuno;Patrimonio indisponibile;Utilizzato direttamente;Attività amministrativa/uffici pubblici;;;;1;False
697994;L219;1481;256;9;256.0;FABBRICATO;via morandi rodolfo;10;45.0136726;7.6326514;Impianto sportivo;Dal 1971 al 1980;Nessuno;Patrimonio indisponibile;Utilizzato direttamente;Attività sportiva, ricreativa e di intrattenimento;;;;1;False
697996;L219;1302;323;39;168.0;FABBRICATO;via massena andrea;71;45.0568564;7.6700244;Abitazione;Dal 1919 al 1945;Nessuno;Patrimonio indisponibile;;Non Dichiarato;in concessione a titolo oneroso;3303.0;01/03/2015;1;False
697997;L219;1302;417;6;3727.25;FABBRICATO;via massena andrea;39;45.059343;7.6720979;Edificio scolastico (es.: scuola di ogni ordine e grado, università, scuola di formazione);Prima del 1919;Dichiarazione di interesse culturale;Demanio;Utilizzato direttamente;Attività didattica;;;;1;False
697998;L219;1302;417;7;102.0;FABBRICATO;via massena andrea;39;45.059343;7.6720979;Abitazione;Prima del 1919;Dichiarazione di interesse culturale;Demanio;Utilizzato direttamente;Alloggio di servizio, foresterie;;;;1;False
697999;L219;1481;257;2;18000.0;FABBRICATO;Strada Castello di Mirafiori;45;45.0126617;7.63015;Edificio scolastico (es.: scuola di ogni ordine e grado, università, scuola di formazione);Dal 1991 al 2000;Nessuno;Patrimonio indisponibile;Utilizzato direttamente;Attività didattica;;;;1;False
698000;L219;1481;257;3;96.0;FABBRICATO;Strada Castello di Mirafiori;45;45.0126617;7.63015;Abitazione;Dal 1971 al 1980;Nessuno;Patrimonio indisponibile;Utilizzato direttamente;Alloggio di servizio, foresterie;;;;1;False
698001;L219;1481;257;4;97.0;FABBRICATO;Strada Castello di Mirafiori;45;45.0126617;7.63015;Abitazione;Dal 1971 al 1980;Nessuno;Patrimonio indisponibile;Utilizzato direttamente;Alloggio di servizio, foresterie;;;;1;False
698002;L219;1481;257;5;104.0;FABBRICATO;Strada Castello di Mirafiori;45;45.0126617;7.63015;Abitazione;Dal 1971 al 1980;Nessuno;Patrimonio indisponibile;Utilizzato direttamente;Alloggio di servizio, foresterie;;;;1;False
698003;L219;1302;94;1;1214.0;FABBRICATO;via gioberti vincenzo;33;45.0598129;7.6733561;Edificio scolastico (es.: scuola di ogni ordine e grado, università, scuola di formazione);Dal 1971 al 1980;Nessuno;Patrimonio indisponibile;Utilizzato direttamente;Attività didattica;;;;1;False
698004;L219;1302;94;2;84.0;FABBRICATO;via gioberti vincenzo;33;45.0598129;7.6733561;Abitazione;Dal 1971 al 1980;Nessuno;Patrimonio indisponibile;Utilizzato direttamente;Alloggio di servizio, foresterie;;;;1;False
698005;L219;1304;121;1;2089.14;FABBRICATO;via saluzzo;24;45.0592608;7.6788749;Ufficio strutturato ed assimilabili;Prima del 1919;Nessuno;Patrimonio indisponibile;Utilizzato direttamente;Attività amministrativa/uffici pubblici;;;;1;False
698006;L219;1304;121;2;131.0;FABBRICATO;via saluzzo;24;45.0592608;7.6788749;Abitazione;Prima del 1919;Nessuno;Patrimonio indisponibile;Utilizzato direttamente;Attività amministrativa/uffici pubblici;;;;1;False
698007;L219;1481;258;2;2875.0;FABBRICATO;Strada Comunale di Mirafiori;7;45.0149171;7.627488;Edificio scolastico (es.: scuola di ogni ordine e grado, università, scuola di formazione);Dal 1971 al 1980;Nessuno;Patrimonio indisponibile;Utilizzato direttamente;Attività amministrativa/uffici pubblici;;;;1;False
698008;L219;1481;258;3;94.0;FABBRICATO;Strada Comunale di Mirafiori;7;45.0149171;7.627488;Abitazione;Dal 1971 al 1980;Nessuno;Patrimonio indisponibile;Utilizzato direttamente;Attività amministrativa/uffici pubblici;;;;1;False
698009;L219;1304;221;2;2356.25;FABBRICATO;via principe tommaso;25;45.0578622;7.6819236;Edificio scolastico (es.: scuola di ogni ordine e grado, università, scuola di formazione);Dal 1971 al 1980;Nessuno;Patrimonio indisponibile;Utilizzato direttamente;Attività didattica;;;;1;False
698011;L219;1486;19;;75.0;FABBRICATO;Strada Castello di Mirafiori;290;45.0084324;7.6489203;Abitazione;Dal 1946 al 1960;Nessuno;Patrimonio indisponibile;;Non Dichiarato;in concessione a titolo oneroso;2122.0;01/08/2020;1;False
698012;L219;1486;9;1;105.0;FABBRICATO;Strada Castello di Mirafiori;285;45.0093099;7.6452111;Abitazione;Dal 1961 al 1970;Nessuno;Patrimonio indisponibile;Utilizzato direttamente;Alloggio di servizio, foresterie;;;;1;False
698013;L219;1486;9;2;35.0;FABBRICATO;Strada Castello di Mirafiori;285;45.0093099;7.6452111;Cantina, soffitta, rimessa, box, garage, posto auto aperto/scoperto,;Dal 1961 al 1970;Nessuno;Patrimonio indisponibile;Utilizzato direttamente;Attività sportiva, ricreativa e di intrattenimento;;;;1;False
698015;L219;1305;26;4;235.0;FABBRICATO;corso d'azeglio massimo;2;45.0591703;7.6870592;Abitazione;Dal 1961 al 1970;Nessuno;Patrimonio disponibile;;Non Dichiarato;in locazione;20109.0;01/12/2015;1;False
698016;L219;1305;333;6;2212.86;FABBRICATO;Via Cesare Lombroso;16;45.056018;7.6825795;Ufficio strutturato ed assimilabili;Prima del 1919;Nessuno;Patrimonio indisponibile;Utilizzato direttamente;Altro;;;;1;False
698017;L219;1305;333;7;514.4;FABBRICATO;Via Cesare Lombroso;16;45.056018;7.6825795;Biblioteca, pinacoteca, museo, gallerie;Prima del 1919;Nessuno;Patrimonio indisponibile;Utilizzato direttamente;Attività artistica e culturale;;;;1;False
698018;L219;1487;8;1;1024.0;FABBRICATO;Via E. Artom;30;45.0149218;7.6476944;Impianto sportivo;Dal 1981 al 1990;Nessuno;Patrimonio indisponibile;Utilizzato direttamente;Attività sportiva, ricreativa e di intrattenimento;;;;1;False
698019;L219;1487;9;1;262.29;FABBRICATO;via panetti modesto;1;45.0136613;7.6483198;Ufficio strutturato ed assimilabili;Dal 2001 al 2010;Nessuno;Patrimonio indisponibile;Utilizzato direttamente;Altro;;;;1;False
698020;L219;1487;9;2;231.0;FABBRICATO;via panetti modesto;1;45.0136613;7.6483198;Locale commerciale, negozio;Dal 2001 al 2010;Nessuno;Patrimonio indisponibile;Utilizzato direttamente;Altro;;;;1;False
698021;L219;1305;92;2;36.0;FABBRICATO;VIA MADAMA CRISTINA;SNC;45.0586766;7.6837353;Locale commerciale, negozio;Dal 2001 al 2010;Nessuno;Demanio;Utilizzato direttamente;Attività commerciale e di ristorazione;;;;1;False
698022;L219;1305;92;3;42.0;FABBRICATO;VIA MADAMA CRISTINA;SNC;45.0586766;7.6837353;Locale commerciale, negozio;Dal 2001 al 2010;Nessuno;Demanio;Utilizzato direttamente;Attività commerciale e di ristorazione;;;;1;False
698023;L219;1488;1;;670.25;FABBRICATO;via pisacane carlo;71;45.0139865;7.6493116;Edificio scolastico (es.: scuola di ogni ordine e grado, università, scuola di formazione);Dal 1946 al 1960;Nessuno;Patrimonio indisponibile;Utilizzato direttamente;Attività didattica;;;;1;False
698024;L219;1488;3;;2455.25;FABBRICATO;via pisacane carlo;67;45.0138054;7.6505156;Edificio scolastico (es.: scuola di ogni ordine e grado, università, scuola di formazione);Dal 1961 al 1970;Nessuno;Patrimonio indisponibile;Utilizzato direttamente;Attività didattica;;;;1;False
698025;L219;1488;72;1;62.0;FABBRICATO;Via Fratelli Garrone;74;45.0128388;7.6500409;Abitazione;Dal 1961 al 1970;Nessuno;Patrimonio indisponibile;Utilizzato direttamente;Altro;;;;1;False
698026;L219;1488;72;10;84.0;FABBRICATO;Via Fratelli Garrone;74;45.0128388;7.6500409;Abitazione;Dal 1961 al 1970;Nessuno;Patrimonio indisponibile;Utilizzato direttamente;Altro;;;;1;False
698027;L219;1488;72;11;62.0;FABBRICATO;Via Fratelli Garrone;74;45.0128388;7.6500409;Abitazione;Dal 1961 al 1970;Nessuno;Patrimonio indisponibile;Utilizzato direttamente;Altro;;;;1;False
698028;L219;1488;72;13;61.0;FABBRICATO;Via Fratelli Garrone;74;45.0128388;7.6500409;Abitazione;Dal 1961 al 1970;Nessuno;Patrimonio indisponibile;Utilizzato direttamente;Altro;;;;1;False
698029;L219;1488;72;14;84.0;FABBRICATO;Via Fratelli Garrone;74;45.0128388;7.6500409;Abitazione;Dal 1961 al 1970;Nessuno;Patrimonio indisponibile;Utilizzato direttamente;Altro;;;;1;False
698030;L219;1488;72;15;62.0;FABBRICATO;Via Fratelli Garrone;74;45.0128388;7.6500409;Abitazione;Dal 1961 al 1970;Nessuno;Patrimonio indisponibile;Utilizzato direttamente;Altro;;;;1;False
698031;L219;1488;72;16;85.0;FABBRICATO;Via Fratelli Garrone;74;45.0128388;7.6500409;Abitazione;Dal 1961 al 1970;Nessuno;Patrimonio indisponibile;Utilizzato direttamente;Altro;;;;1;False
698032;L219;1488;72;17;61.0;FABBRICATO;Via Fratelli Garrone;74;45.0128388;7.6500409;Abitazione;Dal 1961 al 1970;Nessuno;Patrimonio indisponibile;Utilizzato direttamente;Altro;;;;1;False
698033;L219;1488;72;18;84.0;FABBRICATO;Via Fratelli Garrone;74;45.0128388;7.6500409;Abitazione;Dal 1961 al 1970;Nessuno;Patrimonio indisponibile;Utilizzato direttamente;Altro;;;;1;False
698034;L219;1488;72;182;66.0;FABBRICATO;Via Fratelli Garrone;74;45.0128388;7.6500409;Abitazione;Dal 1961 al 1970;Nessuno;Patrimonio indisponibile;Utilizzato direttamente;Altro;;;;1;False
698035;L219;1488;72;183;87.0;FABBRICATO;Via Fratelli Garrone;74;45.0128388;7.6500409;Abitazione;Dal 1961 al 1970;Nessuno;Patrimonio indisponibile;Utilizzato direttamente;Altro;;;;1;False
698036;L219;1488;72;184;82.0;FABBRICATO;Via Fratelli Garrone;74;45.0128388;7.6500409;Abitazione;Dal 1961 al 1970;Nessuno;Patrimonio indisponibile;Utilizzato direttamente;Altro;;;;1;False
698037;L219;1488;72;185;64.0;FABBRICATO;Via Fratelli Garrone;74;45.0128388;7.6500409;Abitazione;Dal 1961 al 1970;Nessuno;Patrimonio indisponibile;Utilizzato direttamente;Altro;;;;1;False
698038;L219;1488;72;186;64.0;FABBRICATO;Via Fratelli Garrone;74;45.0128388;7.6500409;Abitazione;Dal 1961 al 1970;Nessuno;Patrimonio indisponibile;Utilizzato direttamente;Altro;;;;1;False
698039;L219;1488;72;187;64.0;FABBRICATO;Via Fratelli Garrone;74;45.0128388;7.6500409;Abitazione;Dal 1961 al 1970;Nessuno;Patrimonio indisponibile;Utilizzato direttamente;Altro;;;;1;False
698040;L219;1488;72;188;64.0;FABBRICATO;Via Fratelli Garrone;74;45.0128388;7.6500409;Abitazione;Dal 1961 al 1970;Nessuno;Patrimonio indisponibile;Utilizzato direttamente;Altro;;;;1;False
698041;L219;1488;72;189;84.0;FABBRICATO;Via Fratelli Garrone;74;45.0128388;7.6500409;Abitazione;Dal 1961 al 1970;Nessuno;Patrimonio indisponibile;Utilizzato direttamente;Altro;;;;1;False
698042;L219;1488;72;19;62.0;FABBRICATO;Via Fratelli Garrone;74;45.0128388;7.6500409;Abitazione;Dal 1961 al 1970;Nessuno;Patrimonio indisponibile;Utilizzato direttamente;Altro;;;;1;False
698043;L219;1488;72;190;64.0;FABBRICATO;Via Fratelli Garrone;74;45.0128388;7.6500409;Abitazione;Dal 1961 al 1970;Nessuno;Patrimonio indisponibile;Utilizzato direttamente;Altro;;;;1;False
698044;L219;1488;72;2;84.0;FABBRICATO;Via Fratelli Garrone;74;45.0128388;7.6500409;Abitazione;Dal 1961 al 1970;Nessuno;Patrimonio indisponibile;Utilizzato direttamente;Altro;;;;1;False
698045;L219;1488;72;20;84.0;FABBRICATO;Via Fratelli Garrone;74;45.0128388;7.6500409;Abitazione;Dal 1961 al 1970;Nessuno;Patrimonio indisponibile;Utilizzato direttamente;Altro;;;;1;False
698046;L219;1488;72;208;65.0;FABBRICATO;Via Fratelli Garrone;74;45.0128388;7.6500409;Abitazione;Dal 1961 al 1970;Nessuno;Patrimonio indisponibile;Utilizzato direttamente;Altro;;;;1;False
698047;L219;1488;72;22;79.0;FABBRICATO;Via Fratelli Garrone;74;45.0128388;7.6500409;Abitazione;Dal 1961 al 1970;Nessuno;Patrimonio indisponibile;Utilizzato direttamente;Altro;;;;1;False
698048;L219;1488;72;23;62.0;FABBRICATO;Via Fratelli Garrone;74;45.0128388;7.6500409;Abitazione;Dal 1961 al 1970;Nessuno;Patrimonio indisponibile;Utilizzato direttamente;Altro;;;;1;False
698049;L219;1488;72;24;79.0;FABBRICATO;Via Fratelli Garrone;74;45.0128388;7.6500409;Abitazione;Dal 1961 al 1970;Nessuno;Patrimonio indisponibile;Utilizzato direttamente;Altro;;;;1;False
698050;L219;1488;72;25;61.0;FABBRICATO;Via Fratelli Garrone;74;45.0128388;7.6500409;Abitazione;Dal 1961 al 1970;Nessuno;Patrimonio indisponibile;Utilizzato direttamente;Altro;;;;1;False
698051;L219;1488;72;26;80.0;FABBRICATO;Via Fratelli Garrone;74;45.0128388;7.6500409;Abitazione;Dal 1961 al 1970;Nessuno;Patrimonio indisponibile;Utilizzato direttamente;Altro;;;;1;False
698052;L219;1488;72;27;62.0;FABBRICATO;Via Fratelli Garrone;74;45.0128388;7.6500409;Abitazione;Dal 1961 al 1970;Nessuno;Patrimonio indisponibile;Utilizzato direttamente;Altro;;;;1;False
698053;L219;1488;72;28;80.0;FABBRICATO;Via Fratelli Garrone;74;45.0128388;7.6500409;Abitazione;Dal 1961 al 1970;Nessuno;Patrimonio indisponibile;Utilizzato direttamente;Altro;;;;1;False
698054;L219;1488;72;29;62.0;FABBRICATO;Via Fratelli Garrone;74;45.0128388;7.6500409;Abitazione;Dal 1961 al 1970;Nessuno;Patrimonio indisponibile;Utilizzato direttamente;Altro;;;;1;False
698055;L219;1488;72;31;62.0;FABBRICATO;Via Fratelli Garrone;74;45.0128388;7.6500409;Abitazione;Dal 1961 al 1970;Nessuno;Patrimonio indisponibile;Utilizzato direttamente;Altro;;;;1;False
698056;L219;1488;72;32;80.0;FABBRICATO;Via Fratelli Garrone;74;45.0128388;7.6500409;Abitazione;Dal 1961 al 1970;Nessuno;Patrimonio indisponibile;Utilizzato direttamente;Altro;;;;1;False
698057;L219;1488;72;33;62.0;FABBRICATO;Via Fratelli Garrone;74;45.0128388;7.6500409;Abitazione;Dal 1961 al 1970;Nessuno;Patrimonio indisponibile;Utilizzato direttamente;Altro;;;;1;False
698058;L219;1488;72;34;78.0;FABBRICATO;Via Fratelli Garrone;74;45.0128388;7.6500409;Abitazione;Dal 1961 al 1970;Nessuno;Patrimonio indisponibile;Utilizzato direttamente;Altro;;;;1;False
698059;L219;1488;72;36;79.0;FABBRICATO;Via Fratelli Garrone;74;45.0128388;7.6500409;Abitazione;Dal 1961 al 1970;Nessuno;Patrimonio indisponibile;Utilizzato direttamente;Altro;;;;1;False
698060;L219;1488;72;38;79.0;FABBRICATO;Via Fratelli Garrone;74;45.0128388;7.6500409;Abitazione;Dal 1961 al 1970;Nessuno;Patrimonio indisponibile;Utilizzato direttamente;Altro;;;;1;False
698061;L219;1488;72;39;62.0;FABBRICATO;Via Fratelli Garrone;74;45.0128388;7.6500409;Abitazione;Dal 1961 al 1970;Nessuno;Patrimonio indisponibile;Utilizzato direttamente;Altro;;;;1;False
698062;L219;1488;72;4;84.0;FABBRICATO;Via Fratelli Garrone;74;45.0128388;7.6500409;Abitazione;Dal 1961 al 1970;Nessuno;Patrimonio indisponibile;Utilizzato direttamente;Altro;;;;1;False
698063;L219;1488;72;40;78.0;FABBRICATO;Via Fratelli Garrone;74;45.0128388;7.6500409;Abitazione;Dal 1961 al 1970;Nessuno;Patrimonio indisponibile;Utilizzato direttamente;Altro;;;;1;False
698064;L219;1488;72;41;63.0;FABBRICATO;Via Fratelli Garrone;74;45.0128388;7.6500409;Abitazione;Dal 1961 al 1970;Nessuno;Patrimonio indisponibile;Utilizzato direttamente;Altro;;;;1;False
698065;L219;1488;72;42;79.0;FABBRICATO;Via Fratelli Garrone;74;45.0128388;7.6500409;Abitazione;Dal 1961 al 1970;Nessuno;Patrimonio indisponibile;Utilizzato direttamente;Altro;;;;1;False
698066;L219;1488;72;43;62.0;FABBRICATO;Via Fratelli Garrone;74;45.0128388;7.6500409;Abitazione;Dal 1961 al 1970;Nessuno;Patrimonio indisponibile;Utilizzato direttamente;Altro;;;;1;False
698067;L219;1488;72;44;80.0;FABBRICATO;Via Fratelli Garrone;74;45.0128388;7.6500409;Abitazione;Dal 1961 al 1970;Nessuno;Patrimonio indisponibile;Utilizzato direttamente;Altro;;;;1;False
698068;L219;1488;72;45;62.0;FABBRICATO;Via Fratelli Garrone;74;45.0128388;7.6500409;Abitazione;Dal 1961 al 1970;Nessuno;Patrimonio indisponibile;Utilizzato direttamente;Altro;;;;1;False
698069;L219;1488;72;46;81.0;FABBRICATO;Via Fratelli Garrone;74;45.0128388;7.6500409;Abitazione;Dal 1961 al 1970;Nessuno;Patrimonio indisponibile;Utilizzato direttamente;Altro;;;;1;False
698070;L219;1488;72;47;62.0;FABBRICATO;Via Fratelli Garrone;74;45.0128388;7.6500409;Abitazione;Dal 1961 al 1970;Nessuno;Patrimonio indisponibile;Utilizzato direttamente;Altro;;;;1;False
698071;L219;1488;72;48;79.0;FABBRICATO;Via Fratelli Garrone;74;45.0128388;7.6500409;Abitazione;Dal 1961 al 1970;Nessuno;Patrimonio indisponibile;Utilizzato direttamente;Altro;;;;1;False
698072;L219;1488;72;5;63.0;FABBRICATO;Via Fratelli Garrone;74;45.0128388;7.6500409;Abitazione;Dal 1961 al 1970;Nessuno;Patrimonio indisponibile;Utilizzato direttamente;Altro;;;;1;False
698073;L219;1488;72;50;80.0;FABBRICATO;Via Fratelli Garrone;74;45.0128388;7.6500409;Abitazione;Dal 1961 al 1970;Nessuno;Patrimonio indisponibile;Utilizzato direttamente;Altro;;;;1;False
698074;L219;1488;72;51;62.0;FABBRICATO;Via Fratelli Garrone;74;45.0128388;7.6500409;Abitazione;Dal 1961 al 1970;Nessuno;Patrimonio indisponibile;Utilizzato direttamente;Altro;;;;1;False
698075;L219;1488;72;52;80.0;FABBRICATO;Via Fratelli Garrone;74;45.0128388;7.6500409;Abitazione;Dal 1961 al 1970;Nessuno;Patrimonio indisponibile;Utilizzato direttamente;Altro;;;;1;False
698076;L219;1488;72;55;62.0;FABBRICATO;Via Fratelli Garrone;74;45.0128388;7.6500409;Abitazione;Dal 1961 al 1970;Nessuno;Patrimonio indisponibile;Utilizzato direttamente;Altro;;;;1;False
698077;L219;1488;72;56;80.0;FABBRICATO;Via Fratelli Garrone;74;45.0128388;7.6500409;Abitazione;Dal 1961 al 1970;Nessuno;Patrimonio indisponibile;Utilizzato direttamente;Altro;;;;1;False
698078;L219;1488;72;57;62.0;FABBRICATO;Via Fratelli Garrone;74;45.0128388;7.6500409;Abitazione;Dal 1961 al 1970;Nessuno;Patrimonio indisponibile;Utilizzato direttamente;Altro;;;;1;False
698079;L219;1488;72;58;80.0;FABBRICATO;Via Fratelli Garrone;74;45.0128388;7.6500409;Abitazione;Dal 1961 al 1970;Nessuno;Patrimonio indisponibile;Utilizzato direttamente;Altro;;;;1;False
698080;L219;1488;72;59;62.0;FABBRICATO;Via Fratelli Garrone;74;45.0128388;7.6500409;Abitazione;Dal 1961 al 1970;Nessuno;Patrimonio indisponibile;Utilizzato direttamente;Altro;;;;1;False
698081;L219;1488;72;6;86.0;FABBRICATO;Via Fratelli Garrone;74;45.0128388;7.6500409;Abitazione;Dal 1961 al 1970;Nessuno;Patrimonio indisponibile;Utilizzato direttamente;Altro;;;;1;False
698082;L219;1488;72;60;79.0;FABBRICATO;Via Fratelli Garrone;74;45.0128388;7.6500409;Abitazione;Dal 1961 al 1970;Nessuno;Patrimonio indisponibile;Utilizzato direttamente;Altro;;;;1;False
698083;L219;1488;72;62;80.0;FABBRICATO;Via Fratelli Garrone;74;45.0128388;7.6500409;Abitazione;Dal 1961 al 1970;Nessuno;Patrimonio indisponibile;Utilizzato direttamente;Altro;;;;1;False
698084;L219;1488;72;63;64.0;FABBRICATO;Via Fratelli Garrone;74;45.0128388;7.6500409;Abitazione;Dal 1961 al 1970;Nessuno;Patrimonio indisponibile;Utilizzato direttamente;Altro;;;;1;False
698085;L219;1488;72;64;81.0;FABBRICATO;Via Fratelli Garrone;74;45.0128388;7.6500409;Abitazione;Dal 1961 al 1970;Nessuno;Patrimonio indisponibile;Utilizzato direttamente;Altro;;;;1;False
698086;L219;1488;72;65;62.0;FABBRICATO;Via Fratelli Garrone;74;45.0128388;7.6500409;Abitazione;Dal 1961 al 1970;Nessuno;Patrimonio indisponibile;Utilizzato direttamente;Altro;;;;1;False
698087;L219;1488;72;66;79.0;FABBRICATO;Via Fratelli Garrone;74;45.0128388;7.6500409;Abitazione;Dal 1961 al 1970;Nessuno;Patrimonio indisponibile;Utilizzato direttamente;Altro;;;;1;False
698088;L219;1488;72;67;62.0;FABBRICATO;Via Fratelli Garrone;74;45.0128388;7.6500409;Abitazione;Dal 1961 al 1970;Nessuno;Patrimonio indisponibile;Utilizzato direttamente;Altro;;;;1;False
698089;L219;1488;72;68;80.0;FABBRICATO;Via Fratelli Garrone;74;45.0128388;7.6500409;Abitazione;Dal 1961 al 1970;Nessuno;Patrimonio indisponibile;Utilizzato direttamente;Altro;;;;1;False
698090;L219;1488;72;69;62.0;FABBRICATO;Via Fratelli Garrone;74;45.0128388;7.6500409;Abitazione;Dal 1961 al 1970;Nessuno;Patrimonio indisponibile;Utilizzato direttamente;Altro;;;;1;False
698091;L219;1488;72;7;62.0;FABBRICATO;Via Fratelli Garrone;74;45.0128388;7.6500409;Abitazione;Dal 1961 al 1970;Nessuno;Patrimonio indisponibile;Utilizzato direttamente;Altro;;;;1;False
698092;L219;1488;72;70;80.0;FABBRICATO;Via Fratelli Garrone;74;45.0128388;7.6500409;Abitazione;Dal 1961 al 1970;Nessuno;Patrimonio indisponibile;Utilizzato direttamente;Altro;;;;1;False
698093;L219;1488;72;71;62.0;FABBRICATO;Via Fratelli Garrone;74;45.0128388;7.6500409;Abitazione;Dal 1961 al 1970;Nessuno;Patrimonio indisponibile;Utilizzato direttamente;Altro;;;;1;False
698094;L219;1488;72;72;79.0;FABBRICATO;Via Fratelli Garrone;74;45.0128388;7.6500409;Abitazione;Dal 1961 al 1970;Nessuno;Patrimonio indisponibile;Utilizzato direttamente;Altro;;;;1;False
698095;L219;1488;72;73;63.0;FABBRICATO;Via Fratelli Garrone;74;45.0128388;7.6500409;Abitazione;Dal 1961 al 1970;Nessuno;Patrimonio indisponibile;Utilizzato direttamente;Altro;;;;1;False
698096;L219;1488;72;74;81.0;FABBRICATO;Via Fratelli Garrone;74;45.0128388;7.6500409;Abitazione;Dal 1961 al 1970;Nessuno;Patrimonio indisponibile;Utilizzato direttamente;Altro;;;;1;False
698097;L219;1488;72;75;61.0;FABBRICATO;Via Fratelli Garrone;74;45.0128388;7.6500409;Abitazione;Dal 1961 al 1970;Nessuno;Patrimonio indisponibile;Utilizzato direttamente;Altro;;;;1;False
698098;L219;1488;72;76;80.0;FABBRICATO;Via Fratelli Garrone;74;45.0128388;7.6500409;Abitazione;Dal 1961 al 1970;Nessuno;Patrimonio indisponibile;Utilizzato direttamente;Altro;;;;1;False
698099;L219;1488;72;77;61.0;FABBRICATO;Via Fratelli Garrone;74;45.0128388;7.6500409;Abitazione;Dal 1961 al 1970;Nessuno;Patrimonio indisponibile;Utilizzato direttamente;Altro;;;;1;False
698100;L219;1488;72;78;80.0;FABBRICATO;Via Fratelli Garrone;74;45.0128388;7.6500409;Abitazione;Dal 1961 al 1970;Nessuno;Patrimonio indisponibile;Utilizzato direttamente;Altro;;;;1;False
698101;L219;1488;72;79;62.0;FABBRICATO;Via Fratelli Garrone;74;45.0128388;7.6500409;Abitazione;Dal 1961 al 1970;Nessuno;Patrimonio indisponibile;Utilizzato direttamente;Altro;;;;1;False
698102;L219;1488;72;8;84.0;FABBRICATO;Via Fratelli Garrone;74;45.0128388;7.6500409;Abitazione;Dal 1961 al 1970;Nessuno;Patrimonio indisponibile;Utilizzato direttamente;Altro;;;;1;False
698103;L219;1488;72;80;79.0;FABBRICATO;Via Fratelli Garrone;74;45.0128388;7.6500409;Abitazione;Dal 1961 al 1970;Nessuno;Patrimonio indisponibile;Utilizzato direttamente;Altro;;;;1;False
698104;L219;1488;72;9;63.0;FABBRICATO;Via Fratelli Garrone;74;45.0128388;7.6500409;Abitazione;Dal 1961 al 1970;Nessuno;Patrimonio indisponibile;Utilizzato direttamente;Altro;;;;1;False
698105;L219;1308;2;1;120.0;FABBRICATO;corso moncalieri;18;45.0598444;7.6950952;Locale commerciale, negozio;Prima del 1919;Nessuno;Patrimonio indisponibile;Utilizzato direttamente;Attività amministrativa/uffici pubblici;;;;1;False
698106;L219;1308;2;2;16.0;FABBRICATO;corso moncalieri;18;45.0598444;7.6950952;Cantina, soffitta, rimessa, box, garage, posto auto aperto/scoperto,;Prima del 1919;Nessuno;Patrimonio indisponibile;Utilizzato direttamente;Attività amministrativa/uffici pubblici;;;;1;False
698107;L219;1308;3;1;56.0;FABBRICATO;corso moncalieri;18;45.0595659;7.6943566;Abitazione;Prima del 1919;Nessuno;Patrimonio indisponibile;Utilizzato direttamente;Attività amministrativa/uffici pubblici;;;;1;False
698108;L219;1308;61;;1762.0;FABBRICATO;corso moncalieri;22;45.0585679;7.6935958;Impianto sportivo;Prima del 1919;Dichiarazione di interesse culturale;Demanio;Utilizzato direttamente;Attività sportiva, ricreativa e di intrattenimento;;;;1;False
698110;L219;1488;96;2;97.0;FABBRICATO;Strada Castello di Mirafiori;311;45.0089056;7.6506382;Abitazione;Dal 1971 al 1980;Nessuno;Patrimonio indisponibile;Utilizzato direttamente;Alloggio di servizio, foresterie;;;;1;False
698111;L219;1489;150;14;57.0;FABBRICATO;via pisacane carlo;31 16;45.0127606;7.6540846;Abitazione;Dal 1961 al 1970;Nessuno;Patrimonio indisponibile;Utilizzato direttamente;Altro;;;;1;False
698112;L219;1489;150;15;65.0;FABBRICATO;via pisacane carlo;31 16;45.0127606;7.6540846;Abitazione;Dal 1961 al 1970;Nessuno;Patrimonio indisponibile;Utilizzato direttamente;Altro;;;;1;False
698113;L219;1489;150;3;98.0;FABBRICATO;via pisacane carlo;31 16;45.0127606;7.6540846;Abitazione;Dal 1961 al 1970;Nessuno;Patrimonio indisponibile;Utilizzato direttamente;Altro;;;;1;False
698114;L219;1489;150;4;87.0;FABBRICATO;via pisacane carlo;31 16;45.0127606;7.6540846;Abitazione;Dal 1961 al 1970;Nessuno;Patrimonio indisponibile;Utilizzato direttamente;Altro;;;;1;False
698115;L219;1489;150;5;74.0;FABBRICATO;via pisacane carlo;31 16;45.0127606;7.6540846;Abitazione;Dal 1961 al 1970;Nessuno;Patrimonio indisponibile;Utilizzato direttamente;Altro;;;;1;False
698116;L219;1489;150;6;83.0;FABBRICATO;via pisacane carlo;31 16;45.0127606;7.6540846;Abitazione;Dal 1961 al 1970;Nessuno;Patrimonio indisponibile;Utilizzato direttamente;Altro;;;;1;False
698117;L219;1489;150;7;86.0;FABBRICATO;via pisacane carlo;31 16;45.0127606;7.6540846;Abitazione;Dal 1961 al 1970;Nessuno;Patrimonio indisponibile;Utilizzato direttamente;Altro;;;;1;False
698118;L219;1489;150;8;75.0;FABBRICATO;via pisacane carlo;31 16;45.0127606;7.6540846;Abitazione;Dal 1961 al 1970;Nessuno;Patrimonio indisponibile;Utilizzato direttamente;Altro;;;;1;False
698119;L219;1489;150;9;82.0;FABBRICATO;via pisacane carlo;31 16;45.0127606;7.6540846;Abitazione;Dal 1961 al 1970;Nessuno;Patrimonio indisponibile;Utilizzato direttamente;Altro;;;;1;False
698120;L219;1489;587;101;63.0;FABBRICATO;via somalia;104 B;45.0093596;7.6553813;Abitazione;Dal 2001 al 2010;Nessuno;Patrimonio indisponibile;Utilizzato direttamente;Altro;;;;1;False
698121;L219;1489;587;87;63.0;FABBRICATO;via somalia;104 B;45.0093596;7.6553813;Abitazione;Dal 2001 al 2010;Nessuno;Patrimonio indisponibile;Utilizzato direttamente;Altro;;;;1;False
698122;L219;162;33;1;261.0;FABBRICATO;STRADA DEL MEISINO;SNC;45.0867034;7.7289416;Magazzino e locali di deposito;Prima del 1919;Nessuno;Patrimonio indisponibile;Utilizzato direttamente;Servizi assistenza socio-sanitaria (non residenziali);;;;1;False
698124;L219;1140;34;3;44.0;FABBRICATO;Strada del Meisino;55;45.0867106;7.7292958;Abitazione;Prima del 1919;Nessuno;Patrimonio indisponibile;Utilizzato direttamente;Servizi assistenza socio-sanitaria (non residenziali);;;;1;False
698129;L219;209;105;10;78.0;FABBRICATO;Via Franco Bonelli;1;45.0756391;7.6813996;Abitazione;Prima del 1919;Nessuno;Patrimonio indisponibile;Utilizzato direttamente;Altro;;;;1;False
698130;L219;209;105;12;32.0;FABBRICATO;Via Franco Bonelli;1;45.0756391;7.6813996;Abitazione;Prima del 1919;Nessuno;Patrimonio indisponibile;Utilizzato direttamente;Altro;;;;1;False
698131;L219;209;105;13;77.0;FABBRICATO;Via Franco Bonelli;1;45.0756391;7.6813996;Abitazione;Prima del 1919;Nessuno;Patrimonio indisponibile;Utilizzato direttamente;Altro;;;;1;False
698132;L219;209;105;15;25.0;FABBRICATO;Via Franco Bonelli;1;45.0756391;7.6813996;Abitazione;Prima del 1919;Nessuno;Patrimonio indisponibile;Utilizzato direttamente;Altro;;;;1;False
698133;L219;209;105;16;76.0;FABBRICATO;Via Franco Bonelli;1;45.0756391;7.6813996;Abitazione;Prima del 1919;Nessuno;Patrimonio indisponibile;Utilizzato direttamente;Altro;;;;1;False
698134;L219;209;105;24;46.0;FABBRICATO;Via Franco Bonelli;1;45.0756391;7.6813996;Abitazione;Prima del 1919;Nessuno;Patrimonio indisponibile;Utilizzato direttamente;Altro;;;;1;False
698135;L219;209;105;25;36.0;FABBRICATO;Via Franco Bonelli;1;45.0756391;7.6813996;Abitazione;Prima del 1919;Nessuno;Patrimonio indisponibile;Utilizzato direttamente;Altro;;;;1;False
698136;L219;209;105;26;46.0;FABBRICATO;Via Franco Bonelli;1;45.0756391;7.6813996;Abitazione;Prima del 1919;Nessuno;Patrimonio indisponibile;Utilizzato direttamente;Altro;;;;1;False
698137;L219;209;105;27;37.0;FABBRICATO;Via Franco Bonelli;1;45.0756391;7.6813996;Abitazione;Prima del 1919;Nessuno;Patrimonio indisponibile;Utilizzato direttamente;Altro;;;;1;False
698138;L219;209;105;28;48.0;FABBRICATO;Via Franco Bonelli;1;45.0756391;7.6813996;Abitazione;Prima del 1919;Nessuno;Patrimonio indisponibile;Utilizzato direttamente;Altro;;;;1;False
698139;L219;209;105;29;35.0;FABBRICATO;Via Franco Bonelli;1;45.0756391;7.6813996;Abitazione;Prima del 1919;Nessuno;Patrimonio indisponibile;Utilizzato direttamente;Altro;;;;1;False
698140;L219;209;105;30;47.0;FABBRICATO;Via Franco Bonelli;1;45.0756391;7.6813996;Abitazione;Prima del 1919;Nessuno;Patrimonio indisponibile;Utilizzato direttamente;Altro;;;;1;False
698141;L219;209;105;31;39.0;FABBRICATO;Via Franco Bonelli;1;45.0756391;7.6813996;Abitazione;Prima del 1919;Nessuno;Patrimonio indisponibile;Utilizzato direttamente;Altro;;;;1;False
698142;L219;209;105;32;2.0;FABBRICATO;Via Franco Bonelli;1;45.0756391;7.6813996;Cantina, soffitta, rimessa, box, garage, posto auto aperto/scoperto,;Prima del 1919;Nessuno;Patrimonio indisponibile;Utilizzato direttamente;Altro;;;;1;False
698143;L219;209;105;33;3.0;FABBRICATO;Via Franco Bonelli;1;45.0756391;7.6813996;Cantina, soffitta, rimessa, box, garage, posto auto aperto/scoperto,;Prima del 1919;Nessuno;Patrimonio indisponibile;Utilizzato direttamente;Altro;;;;1;False
698144;L219;209;105;34;5.0;FABBRICATO;Via Franco Bonelli;1;45.0756391;7.6813996;Cantina, soffitta, rimessa, box, garage, posto auto aperto/scoperto,;Prima del 1919;Nessuno;Patrimonio indisponibile;Utilizzato direttamente;Altro;;;;1;False
698145;L219;209;105;6;24.0;FABBRICATO;Via Franco Bonelli;1;45.0756391;7.6813996;Abitazione;Prima del 1919;Nessuno;Patrimonio indisponibile;Utilizzato direttamente;Altro;;;;1;False
698146;L219;209;105;7;77.0;FABBRICATO;Via Franco Bonelli;1;45.0756391;7.6813996;Abitazione;Prima del 1919;Nessuno;Patrimonio indisponibile;Utilizzato direttamente;Altro;;;;1;False
698147;L219;209;105;9;24.0;FABBRICATO;Via Franco Bonelli;1;45.0756391;7.6813996;Abitazione;Prima del 1919;Nessuno;Patrimonio indisponibile;Utilizzato direttamente;Altro;;;;1;False
698148;L219;1294;145;1;1682.5;FABBRICATO;Via Brissogne;32;45.0633183;7.6181797;Edificio scolastico (es.: scuola di ogni ordine e grado, università, scuola di formazione);Dal 1981 al 1990;Nessuno;Patrimonio indisponibile;Utilizzato direttamente;Attività didattica;;;;1;False
698149;L219;1294;145;2;2537.5;FABBRICATO;Via Brissogne;32;45.0633183;7.6181797;Edificio scolastico (es.: scuola di ogni ordine e grado, università, scuola di formazione);Dal 1981 al 1990;Nessuno;Patrimonio indisponibile;Utilizzato direttamente;Attività didattica;;;;1;False
698150;L219;1443;50;134;85.0;FABBRICATO;Via Palma di Cesnola Luigi;25;45.0236592;7.65435;Abitazione;Dal 1946 al 1960;Nessuno;Patrimonio indisponibile;Utilizzato direttamente;Altro;;;;1;False
698151;L219;1443;646;209;76.0;FABBRICATO;Via Luigi Palma di Cesnola;57;45.0214049;7.6536208;Abitazione;Dal 2001 al 2010;Nessuno;Patrimonio indisponibile;Utilizzato direttamente;Altro;;;;1;False
698152;L219;1443;646;210;75.0;FABBRICATO;Via Luigi Palma di Cesnola;57;45.0214049;7.6536208;Abitazione;Dal 2001 al 2010;Nessuno;Patrimonio indisponibile;Utilizzato direttamente;Altro;;;;1;False
698153;L219;1443;646;212;75.0;FABBRICATO;Via Luigi Palma di Cesnola;57;45.0214049;7.6536208;Abitazione;Dal 2001 al 2010;Nessuno;Patrimonio indisponibile;Utilizzato direttamente;Altro;;;;1;False
698154;L219;1443;646;215;75.0;FABBRICATO;Via Luigi Palma di Cesnola;57;45.0214049;7.6536208;Abitazione;Dal 2001 al 2010;Nessuno;Patrimonio indisponibile;Utilizzato direttamente;Altro;;;;1;False
698155;L219;1443;646;218;76.0;FABBRICATO;Via Luigi Palma di Cesnola;57;45.0214049;7.6536208;Abitazione;Dal 2001 al 2010;Nessuno;Patrimonio indisponibile;Utilizzato direttamente;Altro;;;;1;False
698156;L219;1443;646;221;76.0;FABBRICATO;Via Luigi Palma di Cesnola;57;45.0214049;7.6536208;Abitazione;Dal 2001 al 2010;Nessuno;Patrimonio indisponibile;Utilizzato direttamente;Altro;;;;1;False
698157;L219;1443;646;224;76.0;FABBRICATO;Via Luigi Palma di Cesnola;57;45.0214049;7.6536208;Abitazione;Dal 2001 al 2010;Nessuno;Patrimonio indisponibile;Utilizzato direttamente;Altro;;;;1;False
698158;L219;1443;646;227;76.0;FABBRICATO;Via Luigi Palma di Cesnola;57;45.0214049;7.6536208;Abitazione;Dal 2001 al 2010;Nessuno;Patrimonio indisponibile;Utilizzato direttamente;Altro;;;;1;False
698159;L219;1443;646;228;107.0;FABBRICATO;Via Luigi Palma di Cesnola;57;45.0214049;7.6536208;Abitazione;Dal 2001 al 2010;Nessuno;Patrimonio indisponibile;Utilizzato direttamente;Altro;;;;1;False
698160;L219;1443;646;229;73.0;FABBRICATO;Via Luigi Palma di Cesnola;57;45.0214049;7.6536208;Abitazione;Dal 2001 al 2010;Nessuno;Patrimonio indisponibile;Utilizzato direttamente;Altro;;;;1;False
698161;L219;1443;646;230;108.0;FABBRICATO;Via Luigi Palma di Cesnola;57;45.0214049;7.6536208;Abitazione;Dal 2001 al 2010;Nessuno;Patrimonio indisponibile;Utilizzato direttamente;Altro;;;;1;False
698162;L219;1443;646;231;74.0;FABBRICATO;Via Luigi Palma di Cesnola;57;45.0214049;7.6536208;Abitazione;Dal 2001 al 2010;Nessuno;Patrimonio indisponibile;Utilizzato direttamente;Altro;;;;1;False
698163;L219;1443;646;232;107.0;FABBRICATO;Via Luigi Palma di Cesnola;57;45.0214049;7.6536208;Abitazione;Dal 2001 al 2010;Nessuno;Patrimonio indisponibile;Utilizzato direttamente;Altro;;;;1;False
698164;L219;1443;646;233;73.0;FABBRICATO;Via Luigi Palma di Cesnola;57;45.0214049;7.6536208;Abitazione;Dal 2001 al 2010;Nessuno;Patrimonio indisponibile;Utilizzato direttamente;Altro;;;;1;False
698165;L219;1443;646;234;108.0;FABBRICATO;Via Luigi Palma di Cesnola;57;45.0214049;7.6536208;Abitazione;Dal 2001 al 2010;Nessuno;Patrimonio indisponibile;Utilizzato direttamente;Altro;;;;1;False
698166;L219;1443;646;235;73.0;FABBRICATO;Via Luigi Palma di Cesnola;57;45.0214049;7.6536208;Abitazione;Dal 2001 al 2010;Nessuno;Patrimonio indisponibile;Utilizzato direttamente;Altro;;;;1;False
698167;L219;1443;646;238;73.0;FABBRICATO;Via Luigi Palma di Cesnola;57;45.0214049;7.6536208;Abitazione;Dal 2001 al 2010;Nessuno;Patrimonio indisponibile;Utilizzato direttamente;Altro;;;;1;False
698168;L219;1443;646;24;15.0;FABBRICATO;corso traiano;143 A;45.0214049;7.6536208;Cantina, soffitta, rimessa, box, garage, posto auto aperto/scoperto,;Dal 2001 al 2010;Nessuno;Patrimonio indisponibile;Utilizzato direttamente;Altro;;;;1;False
698169;L219;1443;646;246;75.0;FABBRICATO;via palma di cesnola luigi;61 G;45.0214049;7.6536208;Abitazione;Dal 2001 al 2010;Nessuno;Patrimonio indisponibile;Utilizzato direttamente;Altro;;;;1;False
698170;L219;1443;646;248;74.0;FABBRICATO;via palma di cesnola luigi;61 G;45.0214049;7.6536208;Abitazione;Dal 2001 al 2010;Nessuno;Patrimonio indisponibile;Utilizzato direttamente;Altro;;;;1;False
698171;L219;1443;646;25;15.0;FABBRICATO;corso traiano;143 A;45.0214049;7.6536208;Cantina, soffitta, rimessa, box, garage, posto auto aperto/scoperto,;Dal 2001 al 2010;Nessuno;Patrimonio indisponibile;Utilizzato direttamente;Altro;;;;1;False
698172;L219;1443;646;250;75.0;FABBRICATO;via palma di cesnola luigi;61 G;45.0214049;7.6536208;Abitazione;Dal 2001 al 2010;Nessuno;Patrimonio indisponibile;Utilizzato direttamente;Altro;;;;1;False
698173;L219;1443;646;252;74.0;FABBRICATO;via palma di cesnola luigi;61 G;45.0214049;7.6536208;Abitazione;Dal 2001 al 2010;Nessuno;Patrimonio indisponibile;Utilizzato direttamente;Altro;;;;1;False
698174;L219;1443;646;254;74.0;FABBRICATO;via palma di cesnola luigi;61 G;45.0214049;7.6536208;Abitazione;Dal 2001 al 2010;Nessuno;Patrimonio indisponibile;Utilizzato direttamente;Altro;;;;1;False
698175;L219;1443;646;26;15.0;FABBRICATO;corso traiano;143 A;45.0214049;7.6536208;Cantina, soffitta, rimessa, box, garage, posto auto aperto/scoperto,;Dal 2001 al 2010;Nessuno;Patrimonio indisponibile;Utilizzato direttamente;Altro;;;;1;False
698176;L219;1443;646;261;77.0;FABBRICATO;via palma di cesnola luigi;63 F;45.0214049;7.6536208;Abitazione;Dal 2001 al 2010;Nessuno;Patrimonio indisponibile;Utilizzato direttamente;Altro;;;;1;False
698177;L219;1443;646;262;97.0;FABBRICATO;via palma di cesnola luigi;63 F;45.0214049;7.6536208;Abitazione;Dal 2001 al 2010;Nessuno;Patrimonio indisponibile;Utilizzato direttamente;Altro;;;;1;False
698178;L219;1443;646;263;78.0;FABBRICATO;via palma di cesnola luigi;63 F;45.0214049;7.6536208;Abitazione;Dal 2001 al 2010;Nessuno;Patrimonio indisponibile;Utilizzato direttamente;Altro;;;;1;False
698179;L219;1443;646;264;94.0;FABBRICATO;via palma di cesnola luigi;63 F;45.0214049;7.6536208;Abitazione;Dal 2001 al 2010;Nessuno;Patrimonio indisponibile;Utilizzato direttamente;Altro;;;;1;False
698180;L219;1443;646;265;78.0;FABBRICATO;via palma di cesnola luigi;63 F;45.0214049;7.6536208;Abitazione;Dal 2001 al 2010;Nessuno;Patrimonio indisponibile;Utilizzato direttamente;Altro;;;;1;False
698181;L219;1443;646;27;15.0;FABBRICATO;corso traiano;143 A;45.0214049;7.6536208;Cantina, soffitta, rimessa, box, garage, posto auto aperto/scoperto,;Dal 2001 al 2010;Nessuno;Patrimonio indisponibile;Utilizzato direttamente;Altro;;;;1;False
698182;L219;1443;646;280;113.0;FABBRICATO;corso traiano;135 E;45.0214049;7.6536208;Abitazione;Dal 2001 al 2010;Nessuno;Patrimonio indisponibile;Utilizzato direttamente;Altro;;;;1;False
698183;L219;1443;646;281;113.0;FABBRICATO;corso traiano;135 E;45.0214049;7.6536208;Abitazione;Dal 2001 al 2010;Nessuno;Patrimonio indisponibile;Utilizzato direttamente;Altro;;;;1;False
698184;L219;1443;646;29;15.0;FABBRICATO;corso traiano;143 A;45.0214049;7.6536208;Cantina, soffitta, rimessa, box, garage, posto auto aperto/scoperto,;Dal 2001 al 2010;Nessuno;Patrimonio indisponibile;Utilizzato direttamente;Altro;;;;1;False
698185;L219;1443;646;30;15.0;FABBRICATO;corso traiano;143 A;45.0214049;7.6536208;Cantina, soffitta, rimessa, box, garage, posto auto aperto/scoperto,;Dal 2001 al 2010;Nessuno;Patrimonio indisponibile;Utilizzato direttamente;Altro;;;;1;False
698186;L219;1443;646;300;95.0;FABBRICATO;corso traiano;137 D;45.0214049;7.6536208;Abitazione;Dal 2001 al 2010;Nessuno;Patrimonio indisponibile;Utilizzato direttamente;Altro;;;;1;False
698187;L219;1443;646;301;76.0;FABBRICATO;corso traiano;137 D;45.0214049;7.6536208;Abitazione;Dal 2001 al 2010;Nessuno;Patrimonio indisponibile;Utilizzato direttamente;Altro;;;;1;False
698188;L219;1443;646;303;77.0;FABBRICATO;corso traiano;137 D;45.0214049;7.6536208;Abitazione;Dal 2001 al 2010;Nessuno;Patrimonio indisponibile;Utilizzato direttamente;Altro;;;;1;False
698189;L219;1443;646;305;77.0;FABBRICATO;corso traiano;137 D;45.0214049;7.6536208;Abitazione;Dal 2001 al 2010;Nessuno;Patrimonio indisponibile;Utilizzato direttamente;Altro;;;;1;False
698190;L219;1443;646;31;15.0;FABBRICATO;corso traiano;143 A;45.0214049;7.6536208;Cantina, soffitta, rimessa, box, garage, posto auto aperto/scoperto,;Dal 2001 al 2010;Nessuno;Patrimonio indisponibile;Utilizzato direttamente;Altro;;;;1;False
698191;L219;1443;646;319;95.0;FABBRICATO;corso traiano;139 C;45.0214049;7.6536208;Abitazione;Dal 2001 al 2010;Nessuno;Patrimonio indisponibile;Utilizzato direttamente;Altro;;;;1;False
698192;L219;1443;646;32;15.0;FABBRICATO;corso traiano;143 A;45.0214049;7.6536208;Cantina, soffitta, rimessa, box, garage, posto auto aperto/scoperto,;Dal 2001 al 2010;Nessuno;Patrimonio indisponibile;Utilizzato direttamente;Altro;;;;1;False
698193;L219;1443;646;33;15.0;FABBRICATO;corso traiano;143 A;45.0214049;7.6536208;Cantina, soffitta, rimessa, box, garage, posto auto aperto/scoperto,;Dal 2001 al 2010;Nessuno;Patrimonio indisponibile;Utilizzato direttamente;Altro;;;;1;False
698194;L219;1443;646;338;95.0;FABBRICATO;corso traiano;141 B;45.0214049;7.6536208;Abitazione;Dal 2001 al 2010;Nessuno;Patrimonio indisponibile;Utilizzato direttamente;Altro;;;;1;False
698195;L219;1443;646;34;15.0;FABBRICATO;corso traiano;143 A;45.0214049;7.6536208;Cantina, soffitta, rimessa, box, garage, posto auto aperto/scoperto,;Dal 2001 al 2010;Nessuno;Patrimonio indisponibile;Utilizzato direttamente;Altro;;;;1;False
698196;L219;1443;646;35;15.0;FABBRICATO;corso traiano;143 A;45.0214049;7.6536208;Cantina, soffitta, rimessa, box, garage, posto auto aperto/scoperto,;Dal 2001 al 2010;Nessuno;Patrimonio indisponibile;Utilizzato direttamente;Altro;;;;1;False
698197;L219;1443;646;36;15.0;FABBRICATO;corso traiano;143 A;45.0214049;7.6536208;Cantina, soffitta, rimessa, box, garage, posto auto aperto/scoperto,;Dal 2001 al 2010;Nessuno;Patrimonio indisponibile;Utilizzato direttamente;Altro;;;;1;False
698198;L219;1443;646;37;15.0;FABBRICATO;corso traiano;143 A;45.0214049;7.6536208;Cantina, soffitta, rimessa, box, garage, posto auto aperto/scoperto,;Dal 2001 al 2010;Nessuno;Patrimonio indisponibile;Utilizzato direttamente;Altro;;;;1;False
698199;L219;1443;646;38;15.0;FABBRICATO;corso traiano;143 A;45.0214049;7.6536208;Cantina, soffitta, rimessa, box, garage, posto auto aperto/scoperto,;Dal 2001 al 2010;Nessuno;Patrimonio indisponibile;Utilizzato direttamente;Altro;;;;1;False
698200;L219;1443;646;39;15.0;FABBRICATO;corso traiano;143 A;45.0214049;7.6536208;Cantina, soffitta, rimessa, box, garage, posto auto aperto/scoperto,;Dal 2001 al 2010;Nessuno;Patrimonio indisponibile;Utilizzato direttamente;Altro;;;;1;False
698201;L219;1443;646;41;15.0;FABBRICATO;corso traiano;143 A;45.0214049;7.6536208;Cantina, soffitta, rimessa, box, garage, posto auto aperto/scoperto,;Dal 2001 al 2010;Nessuno;Patrimonio indisponibile;Utilizzato direttamente;Altro;;;;1;False
698202;L219;1443;646;42;15.0;FABBRICATO;corso traiano;143 A;45.0214049;7.6536208;Cantina, soffitta, rimessa, box, garage, posto auto aperto/scoperto,;Dal 2001 al 2010;Nessuno;Patrimonio indisponibile;Utilizzato direttamente;Altro;;;;1;False
698203;L219;1443;646;43;15.0;FABBRICATO;corso traiano;143 A;45.0214049;7.6536208;Cantina, soffitta, rimessa, box, garage, posto auto aperto/scoperto,;Dal 2001 al 2010;Nessuno;Patrimonio indisponibile;Utilizzato direttamente;Altro;;;;1;False
698204;L219;1443;646;44;15.0;FABBRICATO;corso traiano;143 A;45.0214049;7.6536208;Cantina, soffitta, rimessa, box, garage, posto auto aperto/scoperto,;Dal 2001 al 2010;Nessuno;Patrimonio indisponibile;Utilizzato direttamente;Altro;;;;1;False
698205;L219;1443;646;45;15.0;FABBRICATO;corso traiano;143 A;45.0214049;7.6536208;Cantina, soffitta, rimessa, box, garage, posto auto aperto/scoperto,;Dal 2001 al 2010;Nessuno;Patrimonio indisponibile;Utilizzato direttamente;Altro;;;;1;False
698206;L219;1443;646;46;15.0;FABBRICATO;corso traiano;143 A;45.0214049;7.6536208;Cantina, soffitta, rimessa, box, garage, posto auto aperto/scoperto,;Dal 2001 al 2010;Nessuno;Patrimonio indisponibile;Utilizzato direttamente;Altro;;;;1;False
698207;L219;1443;646;47;15.0;FABBRICATO;corso traiano;143 A;45.0214049;7.6536208;Cantina, soffitta, rimessa, box, garage, posto auto aperto/scoperto,;Dal 2001 al 2010;Nessuno;Patrimonio indisponibile;Utilizzato direttamente;Altro;;;;1;False
698208;L219;1443;646;48;15.0;FABBRICATO;corso traiano;143 A;45.0214049;7.6536208;Cantina, soffitta, rimessa, box, garage, posto auto aperto/scoperto,;Dal 2001 al 2010;Nessuno;Patrimonio indisponibile;Utilizzato direttamente;Altro;;;;1;False
698209;L219;1443;646;49;15.0;FABBRICATO;corso traiano;143 A;45.0214049;7.6536208;Cantina, soffitta, rimessa, box, garage, posto auto aperto/scoperto,;Dal 2001 al 2010;Nessuno;Patrimonio indisponibile;Utilizzato direttamente;Altro;;;;1;False
698210;L219;1443;646;50;15.0;FABBRICATO;corso traiano;143 A;45.0214049;7.6536208;Cantina, soffitta, rimessa, box, garage, posto auto aperto/scoperto,;Dal 2001 al 2010;Nessuno;Patrimonio indisponibile;Utilizzato direttamente;Altro;;;;1;False
698211;L219;1443;646;51;15.0;FABBRICATO;corso traiano;143 A;45.0214049;7.6536208;Cantina, soffitta, rimessa, box, garage, posto auto aperto/scoperto,;Dal 2001 al 2010;Nessuno;Patrimonio indisponibile;Utilizzato direttamente;Altro;;;;1;False
698212;L219;1443;646;52;15.0;FABBRICATO;corso traiano;143 A;45.0214049;7.6536208;Cantina, soffitta, rimessa, box, garage, posto auto aperto/scoperto,;Dal 2001 al 2010;Nessuno;Patrimonio indisponibile;Utilizzato direttamente;Altro;;;;1;False
698213;L219;1443;646;53;15.0;FABBRICATO;corso traiano;143 A;45.0214049;7.6536208;Cantina, soffitta, rimessa, box, garage, posto auto aperto/scoperto,;Dal 2001 al 2010;Nessuno;Patrimonio indisponibile;Utilizzato direttamente;Altro;;;;1;False
698214;L219;1443;646;54;15.0;FABBRICATO;corso traiano;143 A;45.0214049;7.6536208;Cantina, soffitta, rimessa, box, garage, posto auto aperto/scoperto,;Dal 2001 al 2010;Nessuno;Patrimonio indisponibile;Utilizzato direttamente;Altro;;;;1;False
698215;L219;1443;646;55;15.0;FABBRICATO;corso traiano;143 A;45.0214049;7.6536208;Cantina, soffitta, rimessa, box, garage, posto auto aperto/scoperto,;Dal 2001 al 2010;Nessuno;Patrimonio indisponibile;Utilizzato direttamente;Altro;;;;1;False
698216;L219;1443;646;56;15.0;FABBRICATO;corso traiano;143 A;45.0214049;7.6536208;Cantina, soffitta, rimessa, box, garage, posto auto aperto/scoperto,;Dal 2001 al 2010;Nessuno;Patrimonio indisponibile;Utilizzato direttamente;Altro;;;;1;False
698217;L219;1443;646;57;15.0;FABBRICATO;corso traiano;143 A;45.0214049;7.6536208;Cantina, soffitta, rimessa, box, garage, posto auto aperto/scoperto,;Dal 2001 al 2010;Nessuno;Patrimonio indisponibile;Utilizzato direttamente;Altro;;;;1;False
698218;L219;1443;646;58;15.0;FABBRICATO;corso traiano;143 A;45.0214049;7.6536208;Cantina, soffitta, rimessa, box, garage, posto auto aperto/scoperto,;Dal 2001 al 2010;Nessuno;Patrimonio indisponibile;Utilizzato direttamente;Altro;;;;1;False
698219;L219;1443;646;59;15.0;FABBRICATO;corso traiano;143 A;45.0214049;7.6536208;Cantina, soffitta, rimessa, box, garage, posto auto aperto/scoperto,;Dal 2001 al 2010;Nessuno;Patrimonio indisponibile;Utilizzato direttamente;Altro;;;;1;False
698220;L219;1443;646;60;15.0;FABBRICATO;corso traiano;143 A;45.0214049;7.6536208;Cantina, soffitta, rimessa, box, garage, posto auto aperto/scoperto,;Dal 2001 al 2010;Nessuno;Patrimonio indisponibile;Utilizzato direttamente;Altro;;;;1;False
698221;L219;1443;646;61;15.0;FABBRICATO;corso traiano;143 A;45.0214049;7.6536208;Cantina, soffitta, rimessa, box, garage, posto auto aperto/scoperto,;Dal 2001 al 2010;Nessuno;Patrimonio indisponibile;Utilizzato direttamente;Altro;;;;1;False
698222;L219;1443;646;62;16.0;FABBRICATO;corso traiano;143 A;45.0214049;7.6536208;Cantina, soffitta, rimessa, box, garage, posto auto aperto/scoperto,;Dal 2001 al 2010;Nessuno;Patrimonio indisponibile;Utilizzato direttamente;Altro;;;;1;False
698223;L219;1294;146;;127.0;FABBRICATO;Via Brissogne;32;45.063233;7.6179735;Abitazione;Dal 1981 al 1990;Nessuno;Patrimonio indisponibile;Utilizzato direttamente;Alloggio di servizio, foresterie;;;;1;False
698225;L219;1294;163;2;1281.5;FABBRICATO;Via Brissogne;39;45.0628534;7.6184949;Edificio scolastico (es.: scuola di ogni ordine e grado, università, scuola di formazione);Dal 1971 al 1980;Nessuno;Patrimonio indisponibile;Utilizzato direttamente;Attività didattica;;;;1;False
698226;L219;1294;163;3;85.0;FABBRICATO;Via Brissogne;39;45.0628534;7.6184949;Abitazione;Dal 1971 al 1980;Nessuno;Patrimonio indisponibile;Utilizzato direttamente;Alloggio di servizio, foresterie;;;;1;False
698228;L219;1443;70;;625.4;FABBRICATO;via passo buole;47;45.0234616;7.6560211;Struttura residenziale collettiva (es.: collegi e convitti, educandati, ricoveri, orfanotrofi, ospizi, conventi, seminari);Prima del 1919;Nessuno;Patrimonio indisponibile;Non utilizzato;Non Dichiarato;;;;1;False
698229;L219;1444;377;11;93.0;FABBRICATO;Via Nizza;373;45.0206779;7.6629526;Abitazione;Prima del 1919;Nessuno;Patrimonio indisponibile;Utilizzato direttamente;Altro;;;;1;False
698230;L219;1444;442;;974.0;FABBRICATO;via sommariva;10;45.0230384;7.6649487;Caserma;Dal 1991 al 2000;Nessuno;Patrimonio disponibile;;Non Dichiarato;in locazione;60249.0;01/05/2006;1;False
698248;L219;1296;70;2;50.0;FABBRICATO;piazza robilant carlo di;12;45.0594108;7.6434854;Abitazione;Prima del 1919;Nessuno;Patrimonio indisponibile;Utilizzato direttamente;Alloggio di servizio, foresterie;;;;1;False
698251;L219;1297;470;2;4850.0;FABBRICATO;Via Lussimpiccolo;30;45.0562325;7.6455471;Edificio scolastico (es.: scuola di ogni ordine e grado, università, scuola di formazione);Dal 1971 al 1980;Nessuno;Patrimonio indisponibile;Utilizzato direttamente;Attività didattica;;;;1;False
698252;L219;1297;470;3;132.0;FABBRICATO;Via Lussimpiccolo;30;45.0562325;7.6455471;Abitazione;Dal 1971 al 1980;Nessuno;Patrimonio indisponibile;Utilizzato direttamente;Alloggio di servizio, foresterie;;;;1;False
698253;L219;1297;471;3;3476.75;FABBRICATO;via millio francesco;42;45.0593567;7.648756;Edificio scolastico (es.: scuola di ogni ordine e grado, università, scuola di formazione);Dal 1961 al 1970;Nessuno;Patrimonio indisponibile;Non utilizzato;Non Dichiarato;;;;1;False
698254;L219;1297;471;4;81.0;FABBRICATO;via millio francesco;42;45.0593567;7.648756;Abitazione;Dal 1961 al 1970;Nessuno;Patrimonio indisponibile;Non utilizzato;Non Dichiarato;;;;1;False
698255;L219;1297;490;;264.86;FABBRICATO;via osasco;80;45.0577605;7.6485668;Ufficio strutturato ed assimilabili;Dal 2001 al 2010;Nessuno;Patrimonio indisponibile;Utilizzato direttamente;Altro;;;;1;False
698256;L219;1297;59;3;75.0;FABBRICATO;Via Paolo Braccini;63;45.0599118;7.6488737;Abitazione;Dal 1971 al 1980;Nessuno;Patrimonio indisponibile;Utilizzato direttamente;Alloggio di servizio, foresterie;;;;1;False
698257;L219;1297;59;4;1315.75;FABBRICATO;Via Paolo Braccini;63;45.0599118;7.6488737;Edificio scolastico (es.: scuola di ogni ordine e grado, università, scuola di formazione);Dal 1971 al 1980;Nessuno;Patrimonio indisponibile;Utilizzato direttamente;Attività didattica;;;;1;False
698258;L219;1297;59;5;4019.75;FABBRICATO;via braccini paolo;65;45.0599118;7.6488737;Edificio scolastico (es.: scuola di ogni ordine e grado, università, scuola di formazione);Dal 1991 al 2000;Nessuno;Patrimonio indisponibile;Utilizzato direttamente;Attività didattica;;;;1;False
698259;L219;1298;281;10;67.0;FABBRICATO;VIA MILLIO FRANCESCO;SNC;45.0574727;7.6539157;Magazzino e locali di deposito;Dal 1981 al 1990;Nessuno;Patrimonio indisponibile;Utilizzato direttamente;Altro;;;;1;False
698260;L219;1298;281;101;58.0;FABBRICATO;corso lione;54;45.0574727;7.6539157;Abitazione;Dal 1981 al 1990;Nessuno;Patrimonio indisponibile;Utilizzato direttamente;Altro;;;;1;False
698261;L219;1298;281;102;86.0;FABBRICATO;corso lione;54;45.0574727;7.6539157;Abitazione;Dal 1981 al 1990;Nessuno;Patrimonio indisponibile;Utilizzato direttamente;Altro;;;;1;False
698262;L219;1298;281;103;59.0;FABBRICATO;corso lione;54;45.0574727;7.6539157;Abitazione;Dal 1981 al 1990;Nessuno;Patrimonio indisponibile;Utilizzato direttamente;Altro;;;;1;False
698263;L219;1298;281;106;60.0;FABBRICATO;corso lione;54;45.0574727;7.6539157;Abitazione;Dal 1981 al 1990;Nessuno;Patrimonio indisponibile;Utilizzato direttamente;Altro;;;;1;False
698264;L219;1298;281;107;59.0;FABBRICATO;corso lione;54;45.0574727;7.6539157;Abitazione;Dal 1981 al 1990;Nessuno;Patrimonio indisponibile;Utilizzato direttamente;Altro;;;;1;False
698265;L219;1298;281;108;13.0;FABBRICATO;VIA MILLIO FRANCESCO;SNC;45.0574727;7.6539157;Cantina, soffitta, rimessa, box, garage, posto auto aperto/scoperto,;Dal 1981 al 1990;Nessuno;Patrimonio indisponibile;Utilizzato direttamente;Altro;;;;1;False
698266;L219;1298;281;109;13.0;FABBRICATO;VIA MILLIO FRANCESCO;SNC;45.0574727;7.6539157;Cantina, soffitta, rimessa, box, garage, posto auto aperto/scoperto,;Dal 1981 al 1990;Nessuno;Patrimonio indisponibile;Utilizzato direttamente;Altro;;;;1;False
698267;L219;1298;281;11;27.0;FABBRICATO;VIA MILLIO FRANCESCO;SNC;45.0574727;7.6539157;Cantina, soffitta, rimessa, box, garage, posto auto aperto/scoperto,;Dal 1981 al 1990;Nessuno;Patrimonio indisponibile;Utilizzato direttamente;Altro;;;;1;False
698268;L219;1298;281;110;13.0;FABBRICATO;VIA MILLIO FRANCESCO;SNC;45.0574727;7.6539157;Cantina, soffitta, rimessa, box, garage, posto auto aperto/scoperto,;Dal 1981 al 1990;Nessuno;Patrimonio indisponibile;Utilizzato direttamente;Altro;;;;1;False
698269;L219;1298;281;111;13.0;FABBRICATO;VIA MILLIO FRANCESCO;SNC;45.0574727;7.6539157;Cantina, soffitta, rimessa, box, garage, posto auto aperto/scoperto,;Dal 1981 al 1990;Nessuno;Patrimonio indisponibile;Utilizzato direttamente;Altro;;;;1;False
698270;L219;1298;281;112;13.0;FABBRICATO;VIA MILLIO FRANCESCO;SNC;45.0574727;7.6539157;Cantina, soffitta, rimessa, box, garage, posto auto aperto/scoperto,;Dal 1981 al 1990;Nessuno;Patrimonio indisponibile;Utilizzato direttamente;Altro;;;;1;False
698271;L219;1298;281;113;13.0;FABBRICATO;VIA MILLIO FRANCESCO;SNC;45.0574727;7.6539157;Cantina, soffitta, rimessa, box, garage, posto auto aperto/scoperto,;Dal 1981 al 1990;Nessuno;Patrimonio indisponibile;Utilizzato direttamente;Altro;;;;1;False
698272;L219;1298;281;114;13.0;FABBRICATO;VIA MILLIO FRANCESCO;SNC;45.0574727;7.6539157;Cantina, soffitta, rimessa, box, garage, posto auto aperto/scoperto,;Dal 1981 al 1990;Nessuno;Patrimonio indisponibile;Utilizzato direttamente;Altro;;;;1;False
698273;L219;1298;281;115;13.0;FABBRICATO;VIA MILLIO FRANCESCO;SNC;45.0574727;7.6539157;Cantina, soffitta, rimessa, box, garage, posto auto aperto/scoperto,;Dal 1981 al 1990;Nessuno;Patrimonio indisponibile;Utilizzato direttamente;Altro;;;;1;False
698274;L219;1298;281;116;13.0;FABBRICATO;VIA MILLIO FRANCESCO;SNC;45.0574727;7.6539157;Cantina, soffitta, rimessa, box, garage, posto auto aperto/scoperto,;Dal 1981 al 1990;Nessuno;Patrimonio indisponibile;Utilizzato direttamente;Altro;;;;1;False
698275;L219;1298;281;117;13.0;FABBRICATO;VIA MILLIO FRANCESCO;SNC;45.0574727;7.6539157;Cantina, soffitta, rimessa, box, garage, posto auto aperto/scoperto,;Dal 1981 al 1990;Nessuno;Patrimonio indisponibile;Utilizzato direttamente;Altro;;;;1;False
698276;L219;1298;281;118;13.0;FABBRICATO;VIA MILLIO FRANCESCO;SNC;45.0574727;7.6539157;Cantina, soffitta, rimessa, box, garage, posto auto aperto/scoperto,;Dal 1981 al 1990;Nessuno;Patrimonio indisponibile;Utilizzato direttamente;Altro;;;;1;False
698277;L219;1298;281;119;13.0;FABBRICATO;VIA MILLIO FRANCESCO;SNC;45.0574727;7.6539157;Cantina, soffitta, rimessa, box, garage, posto auto aperto/scoperto,;Dal 1981 al 1990;Nessuno;Patrimonio indisponibile;Utilizzato direttamente;Altro;;;;1;False
698278;L219;1298;281;12;16.0;FABBRICATO;VIA MILLIO FRANCESCO;SNC;45.0574727;7.6539157;Cantina, soffitta, rimessa, box, garage, posto auto aperto/scoperto,;Dal 1981 al 1990;Nessuno;Patrimonio indisponibile;Utilizzato direttamente;Altro;;;;1;False
698279;L219;1298;281;120;12.0;FABBRICATO;VIA MILLIO FRANCESCO;SNC;45.0574727;7.6539157;Cantina, soffitta, rimessa, box, garage, posto auto aperto/scoperto,;Dal 1981 al 1990;Nessuno;Patrimonio indisponibile;Utilizzato direttamente;Altro;;;;1;False
698280;L219;1298;281;121;12.0;FABBRICATO;VIA MILLIO FRANCESCO;SNC;45.0574727;7.6539157;Cantina, soffitta, rimessa, box, garage, posto auto aperto/scoperto,;Dal 1981 al 1990;Nessuno;Patrimonio indisponibile;Utilizzato direttamente;Altro;;;;1;False
698281;L219;1298;281;122;12.0;FABBRICATO;VIA MILLIO FRANCESCO;SNC;45.0574727;7.6539157;Cantina, soffitta, rimessa, box, garage, posto auto aperto/scoperto,;Dal 1981 al 1990;Nessuno;Patrimonio indisponibile;Utilizzato direttamente;Altro;;;;1;False
698282;L219;1298;281;123;12.0;FABBRICATO;VIA MILLIO FRANCESCO;SNC;45.0574727;7.6539157;Cantina, soffitta, rimessa, box, garage, posto auto aperto/scoperto,;Dal 1981 al 1990;Nessuno;Patrimonio indisponibile;Utilizzato direttamente;Altro;;;;1;False
698283;L219;1298;281;124;12.0;FABBRICATO;VIA MILLIO FRANCESCO;SNC;45.0574727;7.6539157;Cantina, soffitta, rimessa, box, garage, posto auto aperto/scoperto,;Dal 1981 al 1990;Nessuno;Patrimonio indisponibile;Utilizzato direttamente;Altro;;;;1;False
698284;L219;1298;281;125;12.0;FABBRICATO;VIA MILLIO FRANCESCO;SNC;45.0574727;7.6539157;Cantina, soffitta, rimessa, box, garage, posto auto aperto/scoperto,;Dal 1981 al 1990;Nessuno;Patrimonio indisponibile;Utilizzato direttamente;Altro;;;;1;False
698285;L219;1298;281;126;12.0;FABBRICATO;VIA MILLIO FRANCESCO;SNC;45.0574727;7.6539157;Cantina, soffitta, rimessa, box, garage, posto auto aperto/scoperto,;Dal 1981 al 1990;Nessuno;Patrimonio indisponibile;Utilizzato direttamente;Altro;;;;1;False
698286;L219;1298;281;127;12.0;FABBRICATO;VIA MILLIO FRANCESCO;SNC;45.0574727;7.6539157;Cantina, soffitta, rimessa, box, garage, posto auto aperto/scoperto,;Dal 1981 al 1990;Nessuno;Patrimonio indisponibile;Utilizzato direttamente;Altro;;;;1;False
698287;L219;1298;281;128;12.0;FABBRICATO;VIA MILLIO FRANCESCO;SNC;45.0574727;7.6539157;Cantina, soffitta, rimessa, box, garage, posto auto aperto/scoperto,;Dal 1981 al 1990;Nessuno;Patrimonio indisponibile;Utilizzato direttamente;Altro;;;;1;False
698288;L219;1298;281;129;12.0;FABBRICATO;VIA MILLIO FRANCESCO;SNC;45.0574727;7.6539157;Cantina, soffitta, rimessa, box, garage, posto auto aperto/scoperto,;Dal 1981 al 1990;Nessuno;Patrimonio indisponibile;Utilizzato direttamente;Altro;;;;1;False
698289;L219;1298;281;13;60.0;FABBRICATO;corso lione;46;45.0574727;7.6539157;Abitazione;Dal 1981 al 1990;Nessuno;Patrimonio indisponibile;Utilizzato direttamente;Altro;;;;1;False
698290;L219;1298;281;130;12.0;FABBRICATO;VIA MILLIO FRANCESCO;SNC;45.0574727;7.6539157;Cantina, soffitta, rimessa, box, garage, posto auto aperto/scoperto,;Dal 1981 al 1990;Nessuno;Patrimonio indisponibile;Utilizzato direttamente;Altro;;;;1;False
698291;L219;1298;281;131;12.0;FABBRICATO;VIA MILLIO FRANCESCO;SNC;45.0574727;7.6539157;Cantina, soffitta, rimessa, box, garage, posto auto aperto/scoperto,;Dal 1981 al 1990;Nessuno;Patrimonio indisponibile;Utilizzato direttamente;Altro;;;;1;False
698292;L219;1298;281;132;12.0;FABBRICATO;VIA MILLIO FRANCESCO;SNC;45.0574727;7.6539157;Cantina, soffitta, rimessa, box, garage, posto auto aperto/scoperto,;Dal 1981 al 1990;Nessuno;Patrimonio indisponibile;Utilizzato direttamente;Altro;;;;1;False
698293;L219;1298;281;133;12.0;FABBRICATO;VIA MILLIO FRANCESCO;SNC;45.0574727;7.6539157;Cantina, soffitta, rimessa, box, garage, posto auto aperto/scoperto,;Dal 1981 al 1990;Nessuno;Patrimonio indisponibile;Utilizzato direttamente;Altro;;;;1;False
698294;L219;1298;281;134;12.0;FABBRICATO;VIA MILLIO FRANCESCO;SNC;45.0574727;7.6539157;Cantina, soffitta, rimessa, box, garage, posto auto aperto/scoperto,;Dal 1981 al 1990;Nessuno;Patrimonio indisponibile;Utilizzato direttamente;Altro;;;;1;False
698295;L219;1298;281;135;12.0;FABBRICATO;VIA MILLIO FRANCESCO;SNC;45.0574727;7.6539157;Cantina, soffitta, rimessa, box, garage, posto auto aperto/scoperto,;Dal 1981 al 1990;Nessuno;Patrimonio indisponibile;Utilizzato direttamente;Altro;;;;1;False
698296;L219;1298;281;136;12.0;FABBRICATO;VIA MILLIO FRANCESCO;SNC;45.0574727;7.6539157;Cantina, soffitta, rimessa, box, garage, posto auto aperto/scoperto,;Dal 1981 al 1990;Nessuno;Patrimonio indisponibile;Utilizzato direttamente;Altro;;;;1;False
698297;L219;1298;281;137;12.0;FABBRICATO;VIA MILLIO FRANCESCO;SNC;45.0574727;7.6539157;Cantina, soffitta, rimessa, box, garage, posto auto aperto/scoperto,;Dal 1981 al 1990;Nessuno;Patrimonio indisponibile;Utilizzato direttamente;Altro;;;;1;False
698298;L219;1298;281;138;12.0;FABBRICATO;VIA MILLIO FRANCESCO;SNC;45.0574727;7.6539157;Cantina, soffitta, rimessa, box, garage, posto auto aperto/scoperto,;Dal 1981 al 1990;Nessuno;Patrimonio indisponibile;Utilizzato direttamente;Altro;;;;1;False
698299;L219;1298;281;139;12.0;FABBRICATO;VIA MILLIO FRANCESCO;SNC;45.0574727;7.6539157;Cantina, soffitta, rimessa, box, garage, posto auto aperto/scoperto,;Dal 1981 al 1990;Nessuno;Patrimonio indisponibile;Utilizzato direttamente;Altro;;;;1;False
698300;L219;1298;281;14;57.0;FABBRICATO;corso lione;46;45.0574727;7.6539157;Abitazione;Dal 1981 al 1990;Nessuno;Patrimonio indisponibile;Utilizzato direttamente;Altro;;;;1;False
698301;L219;1298;281;140;12.0;FABBRICATO;VIA MILLIO FRANCESCO;SNC;45.0574727;7.6539157;Cantina, soffitta, rimessa, box, garage, posto auto aperto/scoperto,;Dal 1981 al 1990;Nessuno;Patrimonio indisponibile;Utilizzato direttamente;Altro;;;;1;False
698302;L219;1298;281;141;12.0;FABBRICATO;VIA MILLIO FRANCESCO;SNC;45.0574727;7.6539157;Cantina, soffitta, rimessa, box, garage, posto auto aperto/scoperto,;Dal 1981 al 1990;Nessuno;Patrimonio indisponibile;Utilizzato direttamente;Altro;;;;1;False
698303;L219;1298;281;142;12.0;FABBRICATO;VIA MILLIO FRANCESCO;SNC;45.0574727;7.6539157;Cantina, soffitta, rimessa, box, garage, posto auto aperto/scoperto,;Dal 1981 al 1990;Nessuno;Patrimonio indisponibile;Utilizzato direttamente;Altro;;;;1;False
698304;L219;1298;281;143;12.0;FABBRICATO;VIA MILLIO FRANCESCO;SNC;45.0574727;7.6539157;Cantina, soffitta, rimessa, box, garage, posto auto aperto/scoperto,;Dal 1981 al 1990;Nessuno;Patrimonio indisponibile;Utilizzato direttamente;Altro;;;;1;False
698305;L219;1298;281;144;13.0;FABBRICATO;VIA MILLIO FRANCESCO;SNC;45.0574727;7.6539157;Cantina, soffitta, rimessa, box, garage, posto auto aperto/scoperto,;Dal 1981 al 1990;Nessuno;Patrimonio indisponibile;Utilizzato direttamente;Altro;;;;1;False
698306;L219;1298;281;145;13.0;FABBRICATO;VIA MILLIO FRANCESCO;SNC;45.0574727;7.6539157;Cantina, soffitta, rimessa, box, garage, posto auto aperto/scoperto,;Dal 1981 al 1990;Nessuno;Patrimonio indisponibile;Utilizzato direttamente;Altro;;;;1;False
698307;L219;1298;281;146;13.0;FABBRICATO;VIA MILLIO FRANCESCO;SNC;45.0574727;7.6539157;Cantina, soffitta, rimessa, box, garage, posto auto aperto/scoperto,;Dal 1981 al 1990;Nessuno;Patrimonio indisponibile;Utilizzato direttamente;Altro;;;;1;False
698308;L219;1298;281;147;13.0;FABBRICATO;VIA MILLIO FRANCESCO;SNC;45.0574727;7.6539157;Cantina, soffitta, rimessa, box, garage, posto auto aperto/scoperto,;Dal 1981 al 1990;Nessuno;Patrimonio indisponibile;Utilizzato direttamente;Altro;;;;1;False
698309;L219;1298;281;148;13.0;FABBRICATO;VIA MILLIO FRANCESCO;SNC;45.0574727;7.6539157;Cantina, soffitta, rimessa, box, garage, posto auto aperto/scoperto,;Dal 1981 al 1990;Nessuno;Patrimonio indisponibile;Utilizzato direttamente;Altro;;;;1;False
698310;L219;1298;281;149;13.0;FABBRICATO;VIA MILLIO FRANCESCO;SNC;45.0574727;7.6539157;Cantina, soffitta, rimessa, box, garage, posto auto aperto/scoperto,;Dal 1981 al 1990;Nessuno;Patrimonio indisponibile;Utilizzato direttamente;Altro;;;;1;False
698311;L219;1298;281;15;95.0;FABBRICATO;corso lione;46;45.0574727;7.6539157;Abitazione;Dal 1981 al 1990;Nessuno;Patrimonio indisponibile;Utilizzato direttamente;Altro;;;;1;False
698312;L219;1298;281;150;12.0;FABBRICATO;VIA MILLIO FRANCESCO;SNC;45.0574727;7.6539157;Cantina, soffitta, rimessa, box, garage, posto auto aperto/scoperto,;Dal 1981 al 1990;Nessuno;Patrimonio indisponibile;Utilizzato direttamente;Altro;;;;1;False
698313;L219;1298;281;151;12.0;FABBRICATO;VIA MILLIO FRANCESCO;SNC;45.0574727;7.6539157;Cantina, soffitta, rimessa, box, garage, posto auto aperto/scoperto,;Dal 1981 al 1990;Nessuno;Patrimonio indisponibile;Utilizzato direttamente;Altro;;;;1;False
698314;L219;1298;281;152;12.0;FABBRICATO;VIA MILLIO FRANCESCO;SNC;45.0574727;7.6539157;Cantina, soffitta, rimessa, box, garage, posto auto aperto/scoperto,;Dal 1981 al 1990;Nessuno;Patrimonio indisponibile;Utilizzato direttamente;Altro;;;;1;False
698315;L219;1298;281;153;12.0;FABBRICATO;VIA MILLIO FRANCESCO;SNC;45.0574727;7.6539157;Cantina, soffitta, rimessa, box, garage, posto auto aperto/scoperto,;Dal 1981 al 1990;Nessuno;Patrimonio indisponibile;Utilizzato direttamente;Altro;;;;1;False
698316;L219;1298;281;154;12.0;FABBRICATO;VIA MILLIO FRANCESCO;SNC;45.0574727;7.6539157;Cantina, soffitta, rimessa, box, garage, posto auto aperto/scoperto,;Dal 1981 al 1990;Nessuno;Patrimonio indisponibile;Utilizzato direttamente;Altro;;;;1;False
698317;L219;1298;281;155;12.0;FABBRICATO;VIA MILLIO FRANCESCO;SNC;45.0574727;7.6539157;Cantina, soffitta, rimessa, box, garage, posto auto aperto/scoperto,;Dal 1981 al 1990;Nessuno;Patrimonio indisponibile;Utilizzato direttamente;Altro;;;;1;False
698318;L219;1298;281;156;12.0;FABBRICATO;VIA MILLIO FRANCESCO;SNC;45.0574727;7.6539157;Cantina, soffitta, rimessa, box, garage, posto auto aperto/scoperto,;Dal 1981 al 1990;Nessuno;Patrimonio indisponibile;Utilizzato direttamente;Altro;;;;1;False
698319;L219;1298;281;157;12.0;FABBRICATO;VIA MILLIO FRANCESCO;SNC;45.0574727;7.6539157;Cantina, soffitta, rimessa, box, garage, posto auto aperto/scoperto,;Dal 1981 al 1990;Nessuno;Patrimonio indisponibile;Utilizzato direttamente;Altro;;;;1;False
698320;L219;1298;281;158;12.0;FABBRICATO;VIA MILLIO FRANCESCO;SNC;45.0574727;7.6539157;Cantina, soffitta, rimessa, box, garage, posto auto aperto/scoperto,;Dal 1981 al 1990;Nessuno;Patrimonio indisponibile;Utilizzato direttamente;Altro;;;;1;False
698321;L219;1298;281;159;12.0;FABBRICATO;VIA MILLIO FRANCESCO;SNC;45.0574727;7.6539157;Cantina, soffitta, rimessa, box, garage, posto auto aperto/scoperto,;Dal 1981 al 1990;Nessuno;Patrimonio indisponibile;Utilizzato direttamente;Altro;;;;1;False
698322;L219;1298;281;17;57.0;FABBRICATO;corso lione;46;45.0574727;7.6539157;Abitazione;Dal 1981 al 1990;Nessuno;Patrimonio indisponibile;Utilizzato direttamente;Altro;;;;1;False
698323;L219;1298;281;173;14.0;FABBRICATO;VIA MILLIO FRANCESCO;SNC;45.0574727;7.6539157;Cantina, soffitta, rimessa, box, garage, posto auto aperto/scoperto,;Dal 1981 al 1990;Nessuno;Patrimonio indisponibile;Utilizzato direttamente;Altro;;;;1;False
698324;L219;1298;281;174;12.0;FABBRICATO;VIA MILLIO FRANCESCO;SNC;45.0574727;7.6539157;Cantina, soffitta, rimessa, box, garage, posto auto aperto/scoperto,;Dal 1981 al 1990;Nessuno;Patrimonio indisponibile;Utilizzato direttamente;Altro;;;;1;False
698325;L219;1298;281;175;13.0;FABBRICATO;VIA MILLIO FRANCESCO;SNC;45.0574727;7.6539157;Cantina, soffitta, rimessa, box, garage, posto auto aperto/scoperto,;Dal 1981 al 1990;Nessuno;Patrimonio indisponibile;Utilizzato direttamente;Altro;;;;1;False
698326;L219;1298;281;177;12.0;FABBRICATO;VIA MILLIO FRANCESCO;SNC;45.0574727;7.6539157;Cantina, soffitta, rimessa, box, garage, posto auto aperto/scoperto,;Dal 1981 al 1990;Nessuno;Patrimonio indisponibile;Utilizzato direttamente;Altro;;;;1;False
698327;L219;1298;281;178;12.0;FABBRICATO;VIA MILLIO FRANCESCO;SNC;45.0574727;7.6539157;Cantina, soffitta, rimessa, box, garage, posto auto aperto/scoperto,;Dal 1981 al 1990;Nessuno;Patrimonio indisponibile;Utilizzato direttamente;Altro;;;;1;False
698328;L219;1298;281;179;12.0;FABBRICATO;VIA MILLIO FRANCESCO;SNC;45.0574727;7.6539157;Cantina, soffitta, rimessa, box, garage, posto auto aperto/scoperto,;Dal 1981 al 1990;Nessuno;Patrimonio indisponibile;Utilizzato direttamente;Altro;;;;1;False
698329;L219;1298;281;18;93.0;FABBRICATO;corso lione;46;45.0574727;7.6539157;Abitazione;Dal 1981 al 1990;Nessuno;Patrimonio indisponibile;Utilizzato direttamente;Altro;;;;1;False
698330;L219;1298;281;180;16.0;FABBRICATO;VIA MILLIO FRANCESCO;SNC;45.0574727;7.6539157;Cantina, soffitta, rimessa, box, garage, posto auto aperto/scoperto,;Dal 1981 al 1990;Nessuno;Patrimonio indisponibile;Utilizzato direttamente;Altro;;;;1;False
698331;L219;1298;281;181;12.0;FABBRICATO;VIA MILLIO FRANCESCO;SNC;45.0574727;7.6539157;Cantina, soffitta, rimessa, box, garage, posto auto aperto/scoperto,;Dal 1981 al 1990;Nessuno;Patrimonio indisponibile;Utilizzato direttamente;Altro;;;;1;False
698332;L219;1298;281;182;16.0;FABBRICATO;VIA MILLIO FRANCESCO;SNC;45.0574727;7.6539157;Cantina, soffitta, rimessa, box, garage, posto auto aperto/scoperto,;Dal 1981 al 1990;Nessuno;Patrimonio indisponibile;Utilizzato direttamente;Altro;;;;1;False
698333;L219;1298;281;183;16.0;FABBRICATO;VIA MILLIO FRANCESCO;SNC;45.0574727;7.6539157;Cantina, soffitta, rimessa, box, garage, posto auto aperto/scoperto,;Dal 1981 al 1990;Nessuno;Patrimonio indisponibile;Utilizzato direttamente;Altro;;;;1;False
698334;L219;1298;281;184;12.0;FABBRICATO;VIA MILLIO FRANCESCO;SNC;45.0574727;7.6539157;Cantina, soffitta, rimessa, box, garage, posto auto aperto/scoperto,;Dal 1981 al 1990;Nessuno;Patrimonio indisponibile;Utilizzato direttamente;Altro;;;;1;False
698335;L219;1298;281;185;17.0;FABBRICATO;VIA MILLIO FRANCESCO;SNC;45.0574727;7.6539157;Cantina, soffitta, rimessa, box, garage, posto auto aperto/scoperto,;Dal 1981 al 1990;Nessuno;Patrimonio indisponibile;Utilizzato direttamente;Altro;;;;1;False
698336;L219;1298;281;186;12.0;FABBRICATO;VIA MILLIO FRANCESCO;SNC;45.0574727;7.6539157;Cantina, soffitta, rimessa, box, garage, posto auto aperto/scoperto,;Dal 1981 al 1990;Nessuno;Patrimonio indisponibile;Utilizzato direttamente;Altro;;;;1;False
698337;L219;1298;281;187;12.0;FABBRICATO;VIA MILLIO FRANCESCO;SNC;45.0574727;7.6539157;Cantina, soffitta, rimessa, box, garage, posto auto aperto/scoperto,;Dal 1981 al 1990;Nessuno;Patrimonio indisponibile;Utilizzato direttamente;Altro;;;;1;False
698338;L219;1298;281;188;12.0;FABBRICATO;VIA MILLIO FRANCESCO;SNC;45.0574727;7.6539157;Cantina, soffitta, rimessa, box, garage, posto auto aperto/scoperto,;Dal 1981 al 1990;Nessuno;Patrimonio indisponibile;Utilizzato direttamente;Altro;;;;1;False
698339;L219;1298;281;189;12.0;FABBRICATO;VIA MILLIO FRANCESCO;SNC;45.0574727;7.6539157;Cantina, soffitta, rimessa, box, garage, posto auto aperto/scoperto,;Dal 1981 al 1990;Nessuno;Patrimonio indisponibile;Utilizzato direttamente;Altro;;;;1;False
698340;L219;1298;281;190;12.0;FABBRICATO;VIA MILLIO FRANCESCO;SNC;45.0574727;7.6539157;Cantina, soffitta, rimessa, box, garage, posto auto aperto/scoperto,;Dal 1981 al 1990;Nessuno;Patrimonio indisponibile;Utilizzato direttamente;Altro;;;;1;False
698341;L219;1298;281;191;12.0;FABBRICATO;VIA MILLIO FRANCESCO;SNC;45.0574727;7.6539157;Cantina, soffitta, rimessa, box, garage, posto auto aperto/scoperto,;Dal 1981 al 1990;Nessuno;Patrimonio indisponibile;Utilizzato direttamente;Altro;;;;1;False
698342;L219;1298;281;192;12.0;FABBRICATO;VIA MILLIO FRANCESCO;SNC;45.0574727;7.6539157;Cantina, soffitta, rimessa, box, garage, posto auto aperto/scoperto,;Dal 1981 al 1990;Nessuno;Patrimonio indisponibile;Utilizzato direttamente;Altro;;;;1;False
698343;L219;1298;281;193;12.0;FABBRICATO;VIA MILLIO FRANCESCO;SNC;45.0574727;7.6539157;Cantina, soffitta, rimessa, box, garage, posto auto aperto/scoperto,;Dal 1981 al 1990;Nessuno;Patrimonio indisponibile;Utilizzato direttamente;Altro;;;;1;False
698344;L219;1298;281;194;12.0;FABBRICATO;VIA MILLIO FRANCESCO;SNC;45.0574727;7.6539157;Cantina, soffitta, rimessa, box, garage, posto auto aperto/scoperto,;Dal 1981 al 1990;Nessuno;Patrimonio indisponibile;Utilizzato direttamente;Altro;;;;1;False
698345;L219;1298;281;195;12.0;FABBRICATO;VIA MILLIO FRANCESCO;SNC;45.0574727;7.6539157;Cantina, soffitta, rimessa, box, garage, posto auto aperto/scoperto,;Dal 1981 al 1990;Nessuno;Patrimonio indisponibile;Utilizzato direttamente;Altro;;;;1;False
698346;L219;1298;281;196;12.0;FABBRICATO;VIA MILLIO FRANCESCO;SNC;45.0574727;7.6539157;Cantina, soffitta, rimessa, box, garage, posto auto aperto/scoperto,;Dal 1981 al 1990;Nessuno;Patrimonio indisponibile;Utilizzato direttamente;Altro;;;;1;False
698347;L219;1298;281;197;12.0;FABBRICATO;VIA MILLIO FRANCESCO;SNC;45.0574727;7.6539157;Cantina, soffitta, rimessa, box, garage, posto auto aperto/scoperto,;Dal 1981 al 1990;Nessuno;Patrimonio indisponibile;Utilizzato direttamente;Altro;;;;1;False
698348;L219;1298;281;198;12.0;FABBRICATO;VIA MILLIO FRANCESCO;SNC;45.0574727;7.6539157;Cantina, soffitta, rimessa, box, garage, posto auto aperto/scoperto,;Dal 1981 al 1990;Nessuno;Patrimonio indisponibile;Utilizzato direttamente;Altro;;;;1;False
698349;L219;1298;281;199;12.0;FABBRICATO;VIA MILLIO FRANCESCO;SNC;45.0574727;7.6539157;Cantina, soffitta, rimessa, box, garage, posto auto aperto/scoperto,;Dal 1981 al 1990;Nessuno;Patrimonio indisponibile;Utilizzato direttamente;Altro;;;;1;False
698350;L219;1298;281;20;57.0;FABBRICATO;corso lione;46;45.0574727;7.6539157;Abitazione;Dal 1981 al 1990;Nessuno;Patrimonio indisponibile;Utilizzato direttamente;Altro;;;;1;False
698351;L219;1298;281;200;12.0;FABBRICATO;VIA MILLIO FRANCESCO;SNC;45.0574727;7.6539157;Cantina, soffitta, rimessa, box, garage, posto auto aperto/scoperto,;Dal 1981 al 1990;Nessuno;Patrimonio indisponibile;Utilizzato direttamente;Altro;;;;1;False
698352;L219;1298;281;201;12.0;FABBRICATO;VIA MILLIO FRANCESCO;SNC;45.0574727;7.6539157;Cantina, soffitta, rimessa, box, garage, posto auto aperto/scoperto,;Dal 1981 al 1990;Nessuno;Patrimonio indisponibile;Utilizzato direttamente;Altro;;;;1;False
698353;L219;1298;281;202;12.0;FABBRICATO;VIA MILLIO FRANCESCO;SNC;45.0574727;7.6539157;Cantina, soffitta, rimessa, box, garage, posto auto aperto/scoperto,;Dal 1981 al 1990;Nessuno;Patrimonio indisponibile;Utilizzato direttamente;Altro;;;;1;False
698354;L219;1298;281;203;12.0;FABBRICATO;VIA MILLIO FRANCESCO;SNC;45.0574727;7.6539157;Cantina, soffitta, rimessa, box, garage, posto auto aperto/scoperto,;Dal 1981 al 1990;Nessuno;Patrimonio indisponibile;Utilizzato direttamente;Altro;;;;1;False
698355;L219;1298;281;204;12.0;FABBRICATO;VIA MILLIO FRANCESCO;SNC;45.0574727;7.6539157;Cantina, soffitta, rimessa, box, garage, posto auto aperto/scoperto,;Dal 1981 al 1990;Nessuno;Patrimonio indisponibile;Utilizzato direttamente;Altro;;;;1;False
698356;L219;1298;281;205;13.0;FABBRICATO;VIA MILLIO FRANCESCO;SNC;45.0574727;7.6539157;Cantina, soffitta, rimessa, box, garage, posto auto aperto/scoperto,;Dal 1981 al 1990;Nessuno;Patrimonio indisponibile;Utilizzato direttamente;Altro;;;;1;False
698357;L219;1298;281;206;13.0;FABBRICATO;VIA MILLIO FRANCESCO;SNC;45.0574727;7.6539157;Cantina, soffitta, rimessa, box, garage, posto auto aperto/scoperto,;Dal 1981 al 1990;Nessuno;Patrimonio indisponibile;Utilizzato direttamente;Altro;;;;1;False
698358;L219;1298;281;207;13.0;FABBRICATO;VIA MILLIO FRANCESCO;SNC;45.0574727;7.6539157;Cantina, soffitta, rimessa, box, garage, posto auto aperto/scoperto,;Dal 1981 al 1990;Nessuno;Patrimonio indisponibile;Utilizzato direttamente;Altro;;;;1;False
698359;L219;1298;281;208;12.0;FABBRICATO;VIA MILLIO FRANCESCO;SNC;45.0574727;7.6539157;Cantina, soffitta, rimessa, box, garage, posto auto aperto/scoperto,;Dal 1981 al 1990;Nessuno;Patrimonio indisponibile;Utilizzato direttamente;Altro;;;;1;False
698360;L219;1298;281;209;79.0;FABBRICATO;corso lione;54;45.0574727;7.6539157;Abitazione;Dal 1981 al 1990;Nessuno;Patrimonio indisponibile;Utilizzato direttamente;Altro;;;;1;False
698361;L219;1298;281;21;94.0;FABBRICATO;corso lione;46;45.0574727;7.6539157;Abitazione;Dal 1981 al 1990;Nessuno;Patrimonio indisponibile;Utilizzato direttamente;Altro;;;;1;False
698362;L219;1298;281;214;56.0;FABBRICATO;corso lione;54;45.0574727;7.6539157;Abitazione;Dal 1981 al 1990;Nessuno;Patrimonio indisponibile;Utilizzato direttamente;Altro;;;;1;False
698363;L219;1298;281;217;93.0;FABBRICATO;corso lione;52;45.0574727;7.6539157;Abitazione;Dal 1981 al 1990;Nessuno;Patrimonio indisponibile;Utilizzato direttamente;Altro;;;;1;False
698364;L219;1298;281;218;13.0;FABBRICATO;Via Francesco Millio;4;45.0574727;7.6539157;Cantina, soffitta, rimessa, box, garage, posto auto aperto/scoperto,;Dal 1981 al 1990;Nessuno;Patrimonio indisponibile;Utilizzato direttamente;Altro;;;;1;False
698365;L219;1298;281;219;13.0;FABBRICATO;Via Francesco Millio;4;45.0574727;7.6539157;Cantina, soffitta, rimessa, box, garage, posto auto aperto/scoperto,;Dal 1981 al 1990;Nessuno;Patrimonio indisponibile;Utilizzato direttamente;Altro;;;;1;False
698366;L219;1298;281;220;13.0;FABBRICATO;Via Francesco Millio;4;45.0574727;7.6539157;Cantina, soffitta, rimessa, box, garage, posto auto aperto/scoperto,;Dal 1981 al 1990;Nessuno;Patrimonio indisponibile;Utilizzato direttamente;Altro;;;;1;False
698367;L219;1298;281;221;13.0;FABBRICATO;Via Francesco Millio;4;45.0574727;7.6539157;Cantina, soffitta, rimessa, box, garage, posto auto aperto/scoperto,;Dal 1981 al 1990;Nessuno;Patrimonio indisponibile;Utilizzato direttamente;Altro;;;;1;False
698368;L219;1298;281;222;13.0;FABBRICATO;Via Francesco Millio;4;45.0574727;7.6539157;Cantina, soffitta, rimessa, box, garage, posto auto aperto/scoperto,;Dal 1981 al 1990;Nessuno;Patrimonio indisponibile;Utilizzato direttamente;Altro;;;;1;False
698369;L219;1298;281;223;12.0;FABBRICATO;Via Francesco Millio;4;45.0574727;7.6539157;Cantina, soffitta, rimessa, box, garage, posto auto aperto/scoperto,;Dal 1981 al 1990;Nessuno;Patrimonio indisponibile;Utilizzato direttamente;Altro;;;;1;False
698370;L219;1298;281;224;12.0;FABBRICATO;Via Francesco Millio;4;45.0574727;7.6539157;Cantina, soffitta, rimessa, box, garage, posto auto aperto/scoperto,;Dal 1981 al 1990;Nessuno;Patrimonio indisponibile;Utilizzato direttamente;Altro;;;;1;False
698371;L219;1298;281;225;13.0;FABBRICATO;Via Francesco Millio;4;45.0574727;7.6539157;Cantina, soffitta, rimessa, box, garage, posto auto aperto/scoperto,;Dal 1981 al 1990;Nessuno;Patrimonio indisponibile;Utilizzato direttamente;Altro;;;;1;False
698372;L219;1298;281;23;58.0;FABBRICATO;corso lione;46;45.0574727;7.6539157;Abitazione;Dal 1981 al 1990;Nessuno;Patrimonio indisponibile;Utilizzato direttamente;Altro;;;;1;False
698373;L219;1298;281;24;95.0;FABBRICATO;corso lione;46;45.0574727;7.6539157;Abitazione;Dal 1981 al 1990;Nessuno;Patrimonio indisponibile;Utilizzato direttamente;Altro;;;;1;False
698374;L219;1298;281;25;61.0;FABBRICATO;corso lione;46;45.0574727;7.6539157;Abitazione;Dal 1981 al 1990;Nessuno;Patrimonio indisponibile;Utilizzato direttamente;Altro;;;;1;False
698375;L219;1298;281;26;57.0;FABBRICATO;corso lione;46;45.0574727;7.6539157;Abitazione;Dal 1981 al 1990;Nessuno;Patrimonio indisponibile;Utilizzato direttamente;Altro;;;;1;False
698376;L219;1298;281;28;60.0;FABBRICATO;corso lione;46;45.0574727;7.6539157;Abitazione;Dal 1981 al 1990;Nessuno;Patrimonio indisponibile;Utilizzato direttamente;Altro;;;;1;False
698377;L219;1298;281;29;58.0;FABBRICATO;corso lione;46;45.0574727;7.6539157;Abitazione;Dal 1981 al 1990;Nessuno;Patrimonio indisponibile;Utilizzato direttamente;Altro;;;;1;False
698379;L219;1298;281;31;60.0;FABBRICATO;corso lione;46;45.0574727;7.6539157;Abitazione;Dal 1981 al 1990;Nessuno;Patrimonio indisponibile;Utilizzato direttamente;Altro;;;;1;False
698380;L219;1298;281;32;59.0;FABBRICATO;corso lione;46;45.0574727;7.6539157;Abitazione;Dal 1981 al 1990;Nessuno;Patrimonio indisponibile;Utilizzato direttamente;Altro;;;;1;False
698381;L219;1298;281;34;60.0;FABBRICATO;corso lione;46;45.0574727;7.6539157;Abitazione;Dal 1981 al 1990;Nessuno;Patrimonio indisponibile;Utilizzato direttamente;Altro;;;;1;False
698382;L219;1298;281;36;96.0;FABBRICATO;corso lione;46;45.0574727;7.6539157;Abitazione;Dal 1981 al 1990;Nessuno;Patrimonio indisponibile;Utilizzato direttamente;Altro;;;;1;False
698383;L219;1298;281;37;89.0;FABBRICATO;corso lione;48;45.0574727;7.6539157;Abitazione;Dal 1981 al 1990;Nessuno;Patrimonio indisponibile;Utilizzato direttamente;Altro;;;;1;False
698384;L219;1298;281;38;101.0;FABBRICATO;corso lione;48;45.0574727;7.6539157;Abitazione;Dal 1981 al 1990;Nessuno;Patrimonio indisponibile;Utilizzato direttamente;Altro;;;;1;False
698385;L219;1298;281;39;90.0;FABBRICATO;corso lione;48;45.0574727;7.6539157;Abitazione;Dal 1981 al 1990;Nessuno;Patrimonio indisponibile;Utilizzato direttamente;Altro;;;;1;False
698386;L219;1298;281;40;100.0;FABBRICATO;corso lione;48;45.0574727;7.6539157;Abitazione;Dal 1981 al 1990;Nessuno;Patrimonio indisponibile;Utilizzato direttamente;Altro;;;;1;False
698387;L219;1298;281;42;100.0;FABBRICATO;corso lione;48;45.0574727;7.6539157;Abitazione;Dal 1981 al 1990;Nessuno;Patrimonio indisponibile;Utilizzato direttamente;Altro;;;;1;False
698388;L219;1298;281;43;89.0;FABBRICATO;corso lione;48;45.0574727;7.6539157;Abitazione;Dal 1981 al 1990;Nessuno;Patrimonio indisponibile;Utilizzato direttamente;Altro;;;;1;False
698389;L219;1298;281;45;90.0;FABBRICATO;corso lione;48;45.0574727;7.6539157;Abitazione;Dal 1981 al 1990;Nessuno;Patrimonio indisponibile;Utilizzato direttamente;Altro;;;;1;False
698390;L219;1298;281;46;103.0;FABBRICATO;corso lione;48;45.0574727;7.6539157;Abitazione;Dal 1981 al 1990;Nessuno;Patrimonio indisponibile;Utilizzato direttamente;Altro;;;;1;False
698391;L219;1298;281;48;101.0;FABBRICATO;corso lione;48;45.0574727;7.6539157;Abitazione;Dal 1981 al 1990;Nessuno;Patrimonio indisponibile;Utilizzato direttamente;Altro;;;;1;False
698392;L219;1298;281;49;91.0;FABBRICATO;corso lione;48;45.0574727;7.6539157;Abitazione;Dal 1981 al 1990;Nessuno;Patrimonio indisponibile;Utilizzato direttamente;Altro;;;;1;False
698393;L219;1298;281;52;100.0;FABBRICATO;corso lione;48;45.0574727;7.6539157;Abitazione;Dal 1981 al 1990;Nessuno;Patrimonio indisponibile;Utilizzato direttamente;Altro;;;;1;False
698394;L219;1298;281;54;109.0;FABBRICATO;corso lione;50;45.0574727;7.6539157;Abitazione;Dal 1981 al 1990;Nessuno;Patrimonio indisponibile;Utilizzato direttamente;Altro;;;;1;False
698395;L219;1298;281;55;88.0;FABBRICATO;corso lione;50;45.0574727;7.6539157;Abitazione;Dal 1981 al 1990;Nessuno;Patrimonio indisponibile;Utilizzato direttamente;Altro;;;;1;False
698396;L219;1298;281;56;108.0;FABBRICATO;corso lione;50;45.0574727;7.6539157;Abitazione;Dal 1981 al 1990;Nessuno;Patrimonio indisponibile;Utilizzato direttamente;Altro;;;;1;False
698397;L219;1298;281;57;87.0;FABBRICATO;corso lione;50;45.0574727;7.6539157;Abitazione;Dal 1981 al 1990;Nessuno;Patrimonio indisponibile;Utilizzato direttamente;Altro;;;;1;False
698398;L219;1298;281;58;109.0;FABBRICATO;corso lione;50;45.0574727;7.6539157;Abitazione;Dal 1981 al 1990;Nessuno;Patrimonio indisponibile;Utilizzato direttamente;Altro;;;;1;False
698399;L219;1298;281;60;108.0;FABBRICATO;corso lione;50;45.0574727;7.6539157;Abitazione;Dal 1981 al 1990;Nessuno;Patrimonio indisponibile;Utilizzato direttamente;Altro;;;;1;False
698400;L219;1298;281;61;87.0;FABBRICATO;corso lione;50;45.0574727;7.6539157;Abitazione;Dal 1981 al 1990;Nessuno;Patrimonio indisponibile;Utilizzato direttamente;Altro;;;;1;False
698401;L219;1298;281;62;103.0;FABBRICATO;corso lione;50;45.0574727;7.6539157;Abitazione;Dal 1981 al 1990;Nessuno;Patrimonio indisponibile;Utilizzato direttamente;Altro;;;;1;False
698402;L219;1298;281;63;87.0;FABBRICATO;corso lione;50;45.0574727;7.6539157;Abitazione;Dal 1981 al 1990;Nessuno;Patrimonio indisponibile;Utilizzato direttamente;Altro;;;;1;False
698403;L219;1298;281;64;107.0;FABBRICATO;corso lione;50;45.0574727;7.6539157;Abitazione;Dal 1981 al 1990;Nessuno;Patrimonio indisponibile;Utilizzato direttamente;Altro;;;;1;False
698404;L219;1298;281;65;87.0;FABBRICATO;corso lione;50;45.0574727;7.6539157;Abitazione;Dal 1981 al 1990;Nessuno;Patrimonio indisponibile;Utilizzato direttamente;Altro;;;;1;False
698405;L219;1298;281;66;108.0;FABBRICATO;corso lione;50;45.0574727;7.6539157;Abitazione;Dal 1981 al 1990;Nessuno;Patrimonio indisponibile;Utilizzato direttamente;Altro;;;;1;False
698406;L219;1298;281;67;88.0;FABBRICATO;corso lione;50;45.0574727;7.6539157;Abitazione;Dal 1981 al 1990;Nessuno;Patrimonio indisponibile;Utilizzato direttamente;Altro;;;;1;False
698407;L219;1298;281;68;109.0;FABBRICATO;corso lione;50;45.0574727;7.6539157;Abitazione;Dal 1981 al 1990;Nessuno;Patrimonio indisponibile;Utilizzato direttamente;Altro;;;;1;False
698408;L219;1298;281;69;89.0;FABBRICATO;corso lione;52;45.0574727;7.6539157;Abitazione;Dal 1981 al 1990;Nessuno;Patrimonio indisponibile;Utilizzato direttamente;Altro;;;;1;False
698409;L219;1298;281;70;88.0;FABBRICATO;corso lione;52;45.0574727;7.6539157;Abitazione;Dal 1981 al 1990;Nessuno;Patrimonio indisponibile;Utilizzato direttamente;Altro;;;;1;False
698410;L219;1298;281;71;105.0;FABBRICATO;corso lione;52;45.0574727;7.6539157;Abitazione;Dal 1981 al 1990;Nessuno;Patrimonio indisponibile;Utilizzato direttamente;Altro;;;;1;False
698411;L219;1298;281;72;88.0;FABBRICATO;corso lione;52;45.0574727;7.6539157;Abitazione;Dal 1981 al 1990;Nessuno;Patrimonio indisponibile;Utilizzato direttamente;Altro;;;;1;False
698412;L219;1298;281;73;106.0;FABBRICATO;corso lione;52;45.0574727;7.6539157;Abitazione;Dal 1981 al 1990;Nessuno;Patrimonio indisponibile;Utilizzato direttamente;Altro;;;;1;False
698413;L219;1298;281;74;88.0;FABBRICATO;corso lione;52;45.0574727;7.6539157;Abitazione;Dal 1981 al 1990;Nessuno;Patrimonio indisponibile;Utilizzato direttamente;Altro;;;;1;False
698414;L219;1298;281;75;106.0;FABBRICATO;corso lione;52;45.0574727;7.6539157;Abitazione;Dal 1981 al 1990;Nessuno;Patrimonio indisponibile;Utilizzato direttamente;Altro;;;;1;False
698415;L219;1298;281;77;105.0;FABBRICATO;corso lione;52;45.0574727;7.6539157;Abitazione;Dal 1981 al 1990;Nessuno;Patrimonio indisponibile;Utilizzato direttamente;Altro;;;;1;False
698416;L219;1298;281;78;88.0;FABBRICATO;corso lione;52;45.0574727;7.6539157;Abitazione;Dal 1981 al 1990;Nessuno;Patrimonio indisponibile;Utilizzato direttamente;Altro;;;;1;False
698417;L219;1298;281;79;105.0;FABBRICATO;corso lione;52;45.0574727;7.6539157;Abitazione;Dal 1981 al 1990;Nessuno;Patrimonio indisponibile;Utilizzato direttamente;Altro;;;;1;False
698418;L219;1298;281;80;89.0;FABBRICATO;corso lione;52;45.0574727;7.6539157;Abitazione;Dal 1981 al 1990;Nessuno;Patrimonio indisponibile;Utilizzato direttamente;Altro;;;;1;False
698419;L219;1298;281;82;88.0;FABBRICATO;corso lione;52;45.0574727;7.6539157;Abitazione;Dal 1981 al 1990;Nessuno;Patrimonio indisponibile;Utilizzato direttamente;Altro;;;;1;False
698420;L219;1298;281;83;105.0;FABBRICATO;corso lione;52;45.0574727;7.6539157;Abitazione;Dal 1981 al 1990;Nessuno;Patrimonio indisponibile;Utilizzato direttamente;Altro;;;;1;False
698421;L219;1298;281;84;168.0;FABBRICATO;corso lione;54;45.0574727;7.6539157;Abitazione;Dal 1981 al 1990;Nessuno;Patrimonio indisponibile;Utilizzato direttamente;Altro;;;;1;False
698422;L219;1298;281;86;58.0;FABBRICATO;corso lione;54;45.0574727;7.6539157;Abitazione;Dal 1981 al 1990;Nessuno;Patrimonio indisponibile;Utilizzato direttamente;Altro;;;;1;False
698423;L219;1298;281;95;58.0;FABBRICATO;corso lione;54;45.0574727;7.6539157;Abitazione;Dal 1981 al 1990;Nessuno;Patrimonio indisponibile;Utilizzato direttamente;Altro;;;;1;False
698424;L219;1298;281;97;60.0;FABBRICATO;corso lione;54;45.0574727;7.6539157;Abitazione;Dal 1981 al 1990;Nessuno;Patrimonio indisponibile;Utilizzato direttamente;Altro;;;;1;False
698425;L219;1298;281;98;61.0;FABBRICATO;corso lione;54;45.0574727;7.6539157;Abitazione;Dal 1981 al 1990;Nessuno;Patrimonio indisponibile;Utilizzato direttamente;Altro;;;;1;False
698426;L219;145;259;3;64.0;FABBRICATO;corso moncalieri;61;45.0536053;7.6911288;Abitazione;Prima del 1919;Nessuno;Patrimonio indisponibile;Utilizzato direttamente;Altro;;;;1;False
698427;L219;145;259;4;61.0;FABBRICATO;corso moncalieri;61;45.0536053;7.6911288;Abitazione;Prima del 1919;Nessuno;Patrimonio indisponibile;Utilizzato direttamente;Altro;;;;1;False
698428;L219;1300;137;105;716.29;FABBRICATO;Via Dego;6;45.0594272;7.6583945;Ufficio strutturato ed assimilabili;Prima del 1919;Dichiarazione di interesse culturale;Demanio;Utilizzato direttamente;Attività amministrativa/uffici pubblici;;;;1;False
698430;L219;1300;137;4;83.0;FABBRICATO;via giovanni da verazzano;13;45.0594272;7.6583945;Abitazione;Prima del 1919;Dichiarazione di interesse culturale;Demanio;Utilizzato direttamente;Attività amministrativa/uffici pubblici;;;;1;False
698435;L219;1300;170;10;50.0;FABBRICATO;Corso Duca degli Abruzzi;52;45.0586544;7.6595314;Abitazione;Prima del 1919;Dichiarazione di interesse culturale;Demanio;Utilizzato direttamente;Alloggio di servizio, foresterie;;;;1;False
698436;L219;1300;170;11;96.0;FABBRICATO;Corso Duca degli Abruzzi;52;45.0586544;7.6595314;Abitazione;Prima del 1919;Dichiarazione di interesse culturale;Demanio;Utilizzato direttamente;Alloggio di servizio, foresterie;;;;1;False
698437;L219;1300;170;12;147.0;FABBRICATO;Corso Duca degli Abruzzi;52;45.0586544;7.6595314;Abitazione;Prima del 1919;Dichiarazione di interesse culturale;Demanio;Utilizzato direttamente;Alloggio di servizio, foresterie;;;;1;False
698438;L219;1300;170;9;2000.0;FABBRICATO;Corso Duca degli Abruzzi;50;45.0586544;7.6595314;Edificio scolastico (es.: scuola di ogni ordine e grado, università, scuola di formazione);Prima del 1919;Dichiarazione di interesse culturale;Demanio;Utilizzato direttamente;Attività didattica;;;;1;False
698440;L219;1480;273;2;3420.75;FABBRICATO;via isler ignazio;15;45.0167754;7.6362999;Edificio scolastico (es.: scuola di ogni ordine e grado, università, scuola di formazione);Dal 1991 al 2000;Nessuno;Patrimonio indisponibile;Utilizzato direttamente;Attività didattica;;;;1;False
698441;L219;1480;273;3;92.0;FABBRICATO;via isler ignazio;15;45.0167754;7.6362999;Abitazione;Dal 1971 al 1980;Nessuno;Patrimonio indisponibile;Utilizzato direttamente;Alloggio di servizio, foresterie;;;;1;False
698443;L219;1301;135;19;10.0;FABBRICATO;via valeggio;23;45.0589645;7.6687327;Cantina, soffitta, rimessa, box, garage, posto auto aperto/scoperto,;Dal 1919 al 1945;Nessuno;Patrimonio disponibile;Utilizzato direttamente;Altro;;;;1;False
698444;L219;1301;135;21;12.0;FABBRICATO;via valeggio;23;45.0589645;7.6687327;Cantina, soffitta, rimessa, box, garage, posto auto aperto/scoperto,;Dal 1919 al 1945;Nessuno;Patrimonio disponibile;Utilizzato direttamente;Altro;;;;1;False
698446;L219;1301;135;6;94.0;FABBRICATO;via valeggio;23;45.0589645;7.6687327;Abitazione;Dal 1919 al 1945;Nessuno;Patrimonio disponibile;;Non Dichiarato;in locazione;3642.0;01/02/2022;1;False
698447;L219;1301;349;9;106.0;FABBRICATO;Via Cristoforo Colombo;36;45.05831817;7.66058969;Abitazione;Prima del 1919;Dichiarazione di interesse culturale;Demanio;Utilizzato direttamente;Alloggio di servizio, foresterie;;;;1;False
698449;L219;1302;15;18;133.0;FABBRICATO;via massena andrea;28;45.0613276;7.6727091;Abitazione;Prima del 1919;Nessuno;Patrimonio indisponibile;Utilizzato direttamente;Altro;;;;1;False
698450;L219;1302;15;28;42.0;FABBRICATO;via massena andrea;28;45.0613276;7.6727091;Abitazione;Prima del 1919;Nessuno;Patrimonio indisponibile;Utilizzato direttamente;Altro;;;;1;False
698451;L219;1302;15;29;41.0;FABBRICATO;via massena andrea;28;45.0613276;7.6727091;Abitazione;Prima del 1919;Nessuno;Patrimonio indisponibile;Utilizzato direttamente;Altro;;;;1;False
698452;L219;1302;15;32;40.0;FABBRICATO;via massena andrea;28;45.0613276;7.6727091;Abitazione;Prima del 1919;Nessuno;Patrimonio indisponibile;Utilizzato direttamente;Altro;;;;1;False
698453;L219;1302;15;36;40.0;FABBRICATO;via massena andrea;28;45.0613276;7.6727091;Abitazione;Prima del 1919;Nessuno;Patrimonio indisponibile;Utilizzato direttamente;Altro;;;;1;False
698454;L219;1302;15;38;38.0;FABBRICATO;via massena andrea;28;45.0613276;7.6727091;Abitazione;Prima del 1919;Nessuno;Patrimonio indisponibile;Utilizzato direttamente;Altro;;;;1;False
698455;L219;1302;15;43;55.0;FABBRICATO;via massena andrea;28;45.0613276;7.6727091;Abitazione;Prima del 1919;Nessuno;Patrimonio indisponibile;Utilizzato direttamente;Altro;;;;1;False
698456;L219;1302;15;52;53.0;FABBRICATO;via massena andrea;28;45.0613276;7.6727091;Abitazione;Prima del 1919;Nessuno;Patrimonio indisponibile;Utilizzato direttamente;Altro;;;;1;False
698457;L219;1302;15;55;42.0;FABBRICATO;via massena andrea;28;45.0613276;7.6727091;Abitazione;Prima del 1919;Nessuno;Patrimonio indisponibile;Utilizzato direttamente;Altro;;;;1;False
698458;L219;1302;15;56;141.0;FABBRICATO;via massena andrea;28;45.0613276;7.6727091;Abitazione;Prima del 1919;Nessuno;Patrimonio indisponibile;Utilizzato direttamente;Altro;;;;1;False
698459;L219;1302;15;57;133.0;FABBRICATO;via massena andrea;28;45.0613276;7.6727091;Abitazione;Prima del 1919;Nessuno;Patrimonio indisponibile;Utilizzato direttamente;Altro;;;;1;False
698461;L219;1304;71;100;71.0;FABBRICATO;via nizza;15;45.0601276;7.6788011;Abitazione;Prima del 1919;Nessuno;Patrimonio indisponibile;Utilizzato direttamente;Altro;;;;1;False
698462;L219;1304;71;101;92.0;FABBRICATO;via nizza;17;45.0601276;7.6788011;Abitazione;Prima del 1919;Nessuno;Patrimonio indisponibile;Utilizzato direttamente;Altro;;;;1;False
698463;L219;1304;71;102;91.0;FABBRICATO;via nizza;17;45.0601276;7.6788011;Abitazione;Prima del 1919;Nessuno;Patrimonio indisponibile;Utilizzato direttamente;Altro;;;;1;False
698464;L219;1304;71;103;69.0;FABBRICATO;via nizza;15;45.0601276;7.6788011;Abitazione;Prima del 1919;Nessuno;Patrimonio indisponibile;Utilizzato direttamente;Altro;;;;1;False
698465;L219;1304;71;104;78.0;FABBRICATO;via nizza;17;45.0601276;7.6788011;Abitazione;Prima del 1919;Nessuno;Patrimonio indisponibile;Utilizzato direttamente;Altro;;;;1;False
698466;L219;1304;71;105;68.0;FABBRICATO;via nizza;17;45.0601276;7.6788011;Abitazione;Prima del 1919;Nessuno;Patrimonio indisponibile;Utilizzato direttamente;Altro;;;;1;False
698467;L219;1304;71;16;32.0;FABBRICATO;via nizza;17;45.0601276;7.6788011;Abitazione;Prima del 1919;Nessuno;Patrimonio indisponibile;Utilizzato direttamente;Altro;;;;1;False
698468;L219;1304;71;28;60.0;FABBRICATO;via nizza;15;45.0601276;7.6788011;Abitazione;Prima del 1919;Nessuno;Patrimonio indisponibile;Utilizzato direttamente;Altro;;;;1;False
698469;L219;1304;71;29;31.0;FABBRICATO;via nizza;15;45.0601276;7.6788011;Abitazione;Prima del 1919;Nessuno;Patrimonio indisponibile;Utilizzato direttamente;Altro;;;;1;False
698470;L219;1304;71;30;39.0;FABBRICATO;via nizza;15;45.0601276;7.6788011;Abitazione;Prima del 1919;Nessuno;Patrimonio indisponibile;Utilizzato direttamente;Altro;;;;1;False
698471;L219;1304;71;33;94.0;FABBRICATO;via nizza;15;45.0601276;7.6788011;Abitazione;Prima del 1919;Nessuno;Patrimonio indisponibile;Utilizzato direttamente;Altro;;;;1;False
698472;L219;1304;71;34;89.0;FABBRICATO;via nizza;15;45.0601276;7.6788011;Abitazione;Prima del 1919;Nessuno;Patrimonio indisponibile;Utilizzato direttamente;Altro;;;;1;False
698473;L219;1304;71;35;109.0;FABBRICATO;via nizza;15;45.0601276;7.6788011;Abitazione;Prima del 1919;Nessuno;Patrimonio indisponibile;Utilizzato direttamente;Altro;;;;1;False
698474;L219;1304;71;39;36.0;FABBRICATO;via nizza;15;45.0601276;7.6788011;Abitazione;Prima del 1919;Nessuno;Patrimonio indisponibile;Utilizzato direttamente;Altro;;;;1;False
698475;L219;1304;71;40;37.0;FABBRICATO;via nizza;17;45.0601276;7.6788011;Abitazione;Prima del 1919;Nessuno;Patrimonio indisponibile;Utilizzato direttamente;Altro;;;;1;False
698476;L219;1304;71;41;34.0;FABBRICATO;via nizza;17;45.0601276;7.6788011;Abitazione;Prima del 1919;Nessuno;Patrimonio indisponibile;Utilizzato direttamente;Altro;;;;1;False
698477;L219;1304;71;42;52.0;FABBRICATO;via nizza;17;45.0601276;7.6788011;Abitazione;Prima del 1919;Nessuno;Patrimonio indisponibile;Utilizzato direttamente;Altro;;;;1;False
698478;L219;1304;71;43;56.0;FABBRICATO;via nizza;17;45.0601276;7.6788011;Abitazione;Prima del 1919;Nessuno;Patrimonio indisponibile;Utilizzato direttamente;Altro;;;;1;False
698479;L219;1304;71;47;30.0;FABBRICATO;via nizza;17;45.0601276;7.6788011;Abitazione;Prima del 1919;Nessuno;Patrimonio indisponibile;Utilizzato direttamente;Altro;;;;1;False
698480;L219;1304;71;48;30.0;FABBRICATO;via nizza;17;45.0601276;7.6788011;Abitazione;Prima del 1919;Nessuno;Patrimonio indisponibile;Utilizzato direttamente;Altro;;;;1;False
698481;L219;1304;71;52;50.0;FABBRICATO;via nizza;17;45.0601276;7.6788011;Abitazione;Prima del 1919;Nessuno;Patrimonio indisponibile;Utilizzato direttamente;Altro;;;;1;False
698482;L219;1304;71;53;36.0;FABBRICATO;via nizza;17;45.0601276;7.6788011;Abitazione;Prima del 1919;Nessuno;Patrimonio indisponibile;Utilizzato direttamente;Altro;;;;1;False
698483;L219;1304;71;54;44.0;FABBRICATO;via nizza;17;45.0601276;7.6788011;Abitazione;Prima del 1919;Nessuno;Patrimonio indisponibile;Utilizzato direttamente;Altro;;;;1;False
698484;L219;1304;71;55;46.0;FABBRICATO;via nizza;17;45.0601276;7.6788011;Abitazione;Prima del 1919;Nessuno;Patrimonio indisponibile;Utilizzato direttamente;Altro;;;;1;False
698485;L219;1304;71;56;35.0;FABBRICATO;via nizza;17;45.0601276;7.6788011;Abitazione;Prima del 1919;Nessuno;Patrimonio indisponibile;Utilizzato direttamente;Altro;;;;1;False
698486;L219;1304;71;57;34.0;FABBRICATO;via nizza;17;45.0601276;7.6788011;Abitazione;Prima del 1919;Nessuno;Patrimonio indisponibile;Utilizzato direttamente;Altro;;;;1;False
698487;L219;1304;71;60;48.0;FABBRICATO;via nizza;17;45.0601276;7.6788011;Abitazione;Prima del 1919;Nessuno;Patrimonio indisponibile;Utilizzato direttamente;Altro;;;;1;False
698488;L219;1304;71;62;108.0;FABBRICATO;via nizza;17;45.0601276;7.6788011;Abitazione;Prima del 1919;Nessuno;Patrimonio indisponibile;Utilizzato direttamente;Altro;;;;1;False
698489;L219;1304;71;63;49.0;FABBRICATO;via nizza;17;45.0601276;7.6788011;Abitazione;Prima del 1919;Nessuno;Patrimonio indisponibile;Utilizzato direttamente;Altro;;;;1;False
698490;L219;1304;71;65;44.0;FABBRICATO;via nizza;17;45.0601276;7.6788011;Abitazione;Prima del 1919;Nessuno;Patrimonio indisponibile;Utilizzato direttamente;Altro;;;;1;False
698491;L219;1304;71;66;51.0;FABBRICATO;via nizza;17;45.0601276;7.6788011;Abitazione;Prima del 1919;Nessuno;Patrimonio indisponibile;Utilizzato direttamente;Altro;;;;1;False
698492;L219;1304;71;67;60.0;FABBRICATO;via nizza;17;45.0601276;7.6788011;Abitazione;Prima del 1919;Nessuno;Patrimonio indisponibile;Utilizzato direttamente;Altro;;;;1;False
698493;L219;1304;71;68;41.0;FABBRICATO;via nizza;17;45.0601276;7.6788011;Abitazione;Prima del 1919;Nessuno;Patrimonio indisponibile;Utilizzato direttamente;Altro;;;;1;False
698494;L219;1304;71;69;56.0;FABBRICATO;via nizza;17;45.0601276;7.6788011;Abitazione;Prima del 1919;Nessuno;Patrimonio indisponibile;Utilizzato direttamente;Altro;;;;1;False
698495;L219;1304;71;70;68.0;FABBRICATO;via nizza;17;45.0601276;7.6788011;Abitazione;Prima del 1919;Nessuno;Patrimonio indisponibile;Utilizzato direttamente;Altro;;;;1;False
698496;L219;1304;71;71;63.0;FABBRICATO;via nizza;15;45.0601276;7.6788011;Abitazione;Prima del 1919;Nessuno;Patrimonio indisponibile;Utilizzato direttamente;Altro;;;;1;False
698497;L219;1304;71;72;68.0;FABBRICATO;via nizza;15;45.0601276;7.6788011;Abitazione;Prima del 1919;Nessuno;Patrimonio indisponibile;Utilizzato direttamente;Altro;;;;1;False
698498;L219;1304;71;73;57.0;FABBRICATO;via nizza;15;45.0601276;7.6788011;Abitazione;Prima del 1919;Nessuno;Patrimonio indisponibile;Utilizzato direttamente;Altro;;;;1;False
698499;L219;1304;71;74;61.0;FABBRICATO;via nizza;15;45.0601276;7.6788011;Abitazione;Prima del 1919;Nessuno;Patrimonio indisponibile;Utilizzato direttamente;Altro;;;;1;False
698500;L219;1304;71;75;47.0;FABBRICATO;via nizza;17;45.0601276;7.6788011;Abitazione;Prima del 1919;Nessuno;Patrimonio indisponibile;Utilizzato direttamente;Altro;;;;1;False
698501;L219;1304;71;76;49.0;FABBRICATO;via nizza;17;45.0601276;7.6788011;Abitazione;Prima del 1919;Nessuno;Patrimonio indisponibile;Utilizzato direttamente;Altro;;;;1;False
698502;L219;1304;71;77;107.0;FABBRICATO;via nizza;15;45.0601276;7.6788011;Abitazione;Prima del 1919;Nessuno;Patrimonio indisponibile;Utilizzato direttamente;Altro;;;;1;False
698503;L219;1304;71;78;50.0;FABBRICATO;via nizza;17;45.0601276;7.6788011;Abitazione;Prima del 1919;Nessuno;Patrimonio indisponibile;Utilizzato direttamente;Altro;;;;1;False
698504;L219;1304;71;79;44.0;FABBRICATO;via nizza;17;45.0601276;7.6788011;Abitazione;Prima del 1919;Nessuno;Patrimonio indisponibile;Utilizzato direttamente;Altro;;;;1;False
698505;L219;1304;71;80;101.0;FABBRICATO;via nizza;17;45.0601276;7.6788011;Abitazione;Prima del 1919;Nessuno;Patrimonio indisponibile;Utilizzato direttamente;Altro;;;;1;False
698506;L219;1304;71;81;49.0;FABBRICATO;via nizza;17;45.0601276;7.6788011;Abitazione;Prima del 1919;Nessuno;Patrimonio indisponibile;Utilizzato direttamente;Altro;;;;1;False
698507;L219;1304;71;82;42.0;FABBRICATO;via nizza;17;45.0601276;7.6788011;Abitazione;Prima del 1919;Nessuno;Patrimonio indisponibile;Utilizzato direttamente;Altro;;;;1;False
698508;L219;1304;71;85;62.0;FABBRICATO;via nizza;17;45.0601276;7.6788011;Abitazione;Prima del 1919;Nessuno;Patrimonio indisponibile;Utilizzato direttamente;Altro;;;;1;False
698509;L219;1304;71;86;101.0;FABBRICATO;via nizza;17;45.0601276;7.6788011;Abitazione;Prima del 1919;Nessuno;Patrimonio indisponibile;Utilizzato direttamente;Altro;;;;1;False
698510;L219;1304;71;89;49.0;FABBRICATO;via nizza;17;45.0601276;7.6788011;Abitazione;Prima del 1919;Nessuno;Patrimonio indisponibile;Utilizzato direttamente;Altro;;;;1;False
698511;L219;1304;71;90;64.0;FABBRICATO;via nizza;17;45.0601276;7.6788011;Abitazione;Prima del 1919;Nessuno;Patrimonio indisponibile;Utilizzato direttamente;Altro;;;;1;False
698513;L219;1484;32;;32.0;FABBRICATO;Strada Castello di Mirafiori;140;45.0099916;7.6375356;Abitazione;Prima del 1919;Dichiarazione di interesse culturale;Demanio;Utilizzato direttamente;Alloggio di servizio, foresterie;;;;1;False
698514;L219;1484;33;;32.0;FABBRICATO;Strada Castello di Mirafiori;140;45.0099366;7.6384121;Abitazione;Prima del 1919;Dichiarazione di interesse culturale;Demanio;Utilizzato direttamente;Alloggio di servizio, foresterie;;;;1;False
698515;L219;1484;34;;713.33;FABBRICATO;Strada Castello di Mirafiori;140;45.0098631;7.6389093;Edificio di culto e assimilabili;Prima del 1919;Dichiarazione di interesse culturale;Demanio;Utilizzato direttamente;Attività di culto o assimilabili;;;;1;False
698516;L219;1306;13;1;5428.75;FABBRICATO;Via dei Mille;19;45.0627054;7.6883123;Edificio scolastico (es.: scuola di ogni ordine e grado, università, scuola di formazione);Prima del 1919;Dichiarazione di interesse culturale;Demanio;Utilizzato direttamente;Attività didattica;;;;1;False
698517;L219;1488;14;1;63.0;FABBRICATO;Via E. Artom;55;45.013079;7.64939;Abitazione;Dal 1961 al 1970;Nessuno;Patrimonio indisponibile;Utilizzato direttamente;Altro;;;;1;False
698518;L219;1488;14;10;82.0;FABBRICATO;Via E. Artom;55;45.013079;7.64939;Abitazione;Dal 1961 al 1970;Nessuno;Patrimonio indisponibile;Utilizzato direttamente;Altro;;;;1;False
698519;L219;1488;14;11;80.0;FABBRICATO;Via E. Artom;55;45.013079;7.64939;Abitazione;Dal 1961 al 1970;Nessuno;Patrimonio indisponibile;Utilizzato direttamente;Altro;;;;1;False
698520;L219;1488;14;12;81.0;FABBRICATO;Via E. Artom;55;45.013079;7.64939;Abitazione;Dal 1961 al 1970;Nessuno;Patrimonio indisponibile;Utilizzato direttamente;Altro;;;;1;False
698521;L219;1488;14;13;63.0;FABBRICATO;Via E. Artom;55;45.013079;7.64939;Abitazione;Dal 1961 al 1970;Nessuno;Patrimonio indisponibile;Utilizzato direttamente;Altro;;;;1;False
698522;L219;1488;14;14;81.0;FABBRICATO;Via E. Artom;55;45.013079;7.64939;Abitazione;Dal 1961 al 1970;Nessuno;Patrimonio indisponibile;Utilizzato direttamente;Altro;;;;1;False
698523;L219;1488;14;15;64.0;FABBRICATO;Via E. Artom;55;45.013079;7.64939;Abitazione;Dal 1961 al 1970;Nessuno;Patrimonio indisponibile;Utilizzato direttamente;Altro;;;;1;False
698524;L219;1488;14;16;81.0;FABBRICATO;Via E. Artom;55;45.013079;7.64939;Abitazione;Dal 1961 al 1970;Nessuno;Patrimonio indisponibile;Utilizzato direttamente;Altro;;;;1;False
698525;L219;1488;14;17;64.0;FABBRICATO;Via E. Artom;55;45.013079;7.64939;Abitazione;Dal 1961 al 1970;Nessuno;Patrimonio indisponibile;Utilizzato direttamente;Altro;;;;1;False
698526;L219;1488;14;18;80.0;FABBRICATO;Via E. Artom;55;45.013079;7.64939;Abitazione;Dal 1961 al 1970;Nessuno;Patrimonio indisponibile;Utilizzato direttamente;Altro;;;;1;False
698527;L219;1488;14;182;83.0;FABBRICATO;Via E. Artom;55;45.013079;7.64939;Abitazione;Dal 1961 al 1970;Nessuno;Patrimonio indisponibile;Utilizzato direttamente;Altro;;;;1;False
698528;L219;1488;14;183;67.0;FABBRICATO;Via E. Artom;55;45.013079;7.64939;Abitazione;Dal 1961 al 1970;Nessuno;Patrimonio indisponibile;Utilizzato direttamente;Altro;;;;1;False
698529;L219;1488;14;184;82.0;FABBRICATO;Via E. Artom;55;45.013079;7.64939;Abitazione;Dal 1961 al 1970;Nessuno;Patrimonio indisponibile;Utilizzato direttamente;Altro;;;;1;False
698530;L219;1488;14;185;66.0;FABBRICATO;Via E. Artom;55;45.013079;7.64939;Abitazione;Dal 1961 al 1970;Nessuno;Patrimonio indisponibile;Utilizzato direttamente;Altro;;;;1;False
698531;L219;1488;14;186;84.0;FABBRICATO;Via E. Artom;55;45.013079;7.64939;Abitazione;Dal 1961 al 1970;Nessuno;Patrimonio indisponibile;Utilizzato direttamente;Altro;;;;1;False
698532;L219;1488;14;187;83.0;FABBRICATO;Via E. Artom;55;45.013079;7.64939;Abitazione;Dal 1961 al 1970;Nessuno;Patrimonio indisponibile;Utilizzato direttamente;Altro;;;;1;False
698533;L219;1488;14;188;65.0;FABBRICATO;Via E. Artom;55;45.013079;7.64939;Abitazione;Dal 1961 al 1970;Nessuno;Patrimonio indisponibile;Utilizzato direttamente;Altro;;;;1;False
698534;L219;1488;14;189;65.0;FABBRICATO;Via E. Artom;55;45.013079;7.64939;Abitazione;Dal 1961 al 1970;Nessuno;Patrimonio indisponibile;Utilizzato direttamente;Altro;;;;1;False
698535;L219;1488;14;19;63.0;FABBRICATO;Via E. Artom;55;45.013079;7.64939;Abitazione;Dal 1961 al 1970;Nessuno;Patrimonio indisponibile;Utilizzato direttamente;Altro;;;;1;False
698536;L219;1488;14;190;82.0;FABBRICATO;Via E. Artom;55;45.013079;7.64939;Abitazione;Dal 1961 al 1970;Nessuno;Patrimonio indisponibile;Utilizzato direttamente;Altro;;;;1;False
698537;L219;1488;14;191;83.0;FABBRICATO;Via E. Artom;55;45.013079;7.64939;Abitazione;Dal 1961 al 1970;Nessuno;Patrimonio indisponibile;Utilizzato direttamente;Altro;;;;1;False
698538;L219;1488;14;192;65.0;FABBRICATO;Via E. Artom;55;45.013079;7.64939;Abitazione;Dal 1961 al 1970;Nessuno;Patrimonio indisponibile;Utilizzato direttamente;Altro;;;;1;False
698539;L219;1488;14;193;87.0;FABBRICATO;Via E. Artom;55;45.013079;7.64939;Abitazione;Dal 1961 al 1970;Nessuno;Patrimonio indisponibile;Utilizzato direttamente;Altro;;;;1;False
698540;L219;1488;14;194;87.0;FABBRICATO;Via E. Artom;55;45.013079;7.64939;Abitazione;Dal 1961 al 1970;Nessuno;Patrimonio indisponibile;Utilizzato direttamente;Altro;;;;1;False
698541;L219;1488;14;195;65.0;FABBRICATO;Via E. Artom;55;45.013079;7.64939;Abitazione;Dal 1961 al 1970;Nessuno;Patrimonio indisponibile;Utilizzato direttamente;Altro;;;;1;False
698542;L219;1488;14;199;65.0;FABBRICATO;Via E. Artom;55;45.013079;7.64939;Abitazione;Dal 1961 al 1970;Nessuno;Patrimonio indisponibile;Utilizzato direttamente;Altro;;;;1;False
698543;L219;1488;14;21;61.0;FABBRICATO;Via E. Artom;55;45.013079;7.64939;Abitazione;Dal 1961 al 1970;Nessuno;Patrimonio indisponibile;Utilizzato direttamente;Altro;;;;1;False
698544;L219;1488;14;22;80.0;FABBRICATO;Via E. Artom;55;45.013079;7.64939;Abitazione;Dal 1961 al 1970;Nessuno;Patrimonio indisponibile;Utilizzato direttamente;Altro;;;;1;False
698545;L219;1488;14;23;61.0;FABBRICATO;Via E. Artom;55;45.013079;7.64939;Abitazione;Dal 1961 al 1970;Nessuno;Patrimonio indisponibile;Utilizzato direttamente;Altro;;;;1;False
698546;L219;1488;14;25;61.0;FABBRICATO;Via E. Artom;55;45.013079;7.64939;Abitazione;Dal 1961 al 1970;Nessuno;Patrimonio indisponibile;Utilizzato direttamente;Altro;;;;1;False
698547;L219;1488;14;26;81.0;FABBRICATO;Via E. Artom;55;45.013079;7.64939;Abitazione;Dal 1961 al 1970;Nessuno;Patrimonio indisponibile;Utilizzato direttamente;Altro;;;;1;False
698548;L219;1488;14;28;40.0;FABBRICATO;Via E. Artom;55;45.013079;7.64939;Abitazione;Dal 1961 al 1970;Nessuno;Patrimonio indisponibile;Utilizzato direttamente;Altro;;;;1;False
698549;L219;1488;14;29;61.0;FABBRICATO;Via E. Artom;55;45.013079;7.64939;Abitazione;Dal 1961 al 1970;Nessuno;Patrimonio indisponibile;Utilizzato direttamente;Altro;;;;1;False
698550;L219;1488;14;3;63.0;FABBRICATO;Via E. Artom;55;45.013079;7.64939;Abitazione;Dal 1961 al 1970;Nessuno;Patrimonio indisponibile;Utilizzato direttamente;Altro;;;;1;False
698551;L219;1488;14;30;80.0;FABBRICATO;Via E. Artom;55;45.013079;7.64939;Abitazione;Dal 1961 al 1970;Nessuno;Patrimonio indisponibile;Utilizzato direttamente;Altro;;;;1;False
698552;L219;1488;14;32;78.0;FABBRICATO;Via E. Artom;55;45.013079;7.64939;Abitazione;Dal 1961 al 1970;Nessuno;Patrimonio indisponibile;Utilizzato direttamente;Altro;;;;1;False
698553;L219;1488;14;33;61.0;FABBRICATO;Via E. Artom;55;45.013079;7.64939;Abitazione;Dal 1961 al 1970;Nessuno;Patrimonio indisponibile;Utilizzato direttamente;Altro;;;;1;False
698554;L219;1488;14;34;80.0;FABBRICATO;Via E. Artom;55;45.013079;7.64939;Abitazione;Dal 1961 al 1970;Nessuno;Patrimonio indisponibile;Utilizzato direttamente;Altro;;;;1;False
698555;L219;1488;14;35;61.0;FABBRICATO;Via E. Artom;55;45.013079;7.64939;Abitazione;Dal 1961 al 1970;Nessuno;Patrimonio indisponibile;Utilizzato direttamente;Altro;;;;1;False
698556;L219;1488;14;36;79.0;FABBRICATO;Via E. Artom;55;45.013079;7.64939;Abitazione;Dal 1961 al 1970;Nessuno;Patrimonio indisponibile;Utilizzato direttamente;Altro;;;;1;False
698557;L219;1488;14;37;63.0;FABBRICATO;Via E. Artom;55;45.013079;7.64939;Abitazione;Dal 1961 al 1970;Nessuno;Patrimonio indisponibile;Utilizzato direttamente;Altro;;;;1;False
698558;L219;1488;14;38;80.0;FABBRICATO;Via E. Artom;55;45.013079;7.64939;Abitazione;Dal 1961 al 1970;Nessuno;Patrimonio indisponibile;Utilizzato direttamente;Altro;;;;1;False
698559;L219;1488;14;39;61.0;FABBRICATO;Via E. Artom;55;45.013079;7.64939;Abitazione;Dal 1961 al 1970;Nessuno;Patrimonio indisponibile;Utilizzato direttamente;Altro;;;;1;False
698560;L219;1488;14;4;81.0;FABBRICATO;Via E. Artom;55;45.013079;7.64939;Abitazione;Dal 1961 al 1970;Nessuno;Patrimonio indisponibile;Utilizzato direttamente;Altro;;;;1;False
698561;L219;1488;14;40;79.0;FABBRICATO;Via E. Artom;55;45.013079;7.64939;Abitazione;Dal 1961 al 1970;Nessuno;Patrimonio indisponibile;Utilizzato direttamente;Altro;;;;1;False
698562;L219;1488;14;41;62.0;FABBRICATO;Via E. Artom;55;45.013079;7.64939;Abitazione;Dal 1961 al 1970;Nessuno;Patrimonio indisponibile;Utilizzato direttamente;Altro;;;;1;False
698563;L219;1488;14;43;61.0;FABBRICATO;Via E. Artom;55;45.013079;7.64939;Abitazione;Dal 1961 al 1970;Nessuno;Patrimonio indisponibile;Utilizzato direttamente;Altro;;;;1;False
698564;L219;1488;14;44;78.0;FABBRICATO;Via E. Artom;55;45.013079;7.64939;Abitazione;Dal 1961 al 1970;Nessuno;Patrimonio indisponibile;Utilizzato direttamente;Altro;;;;1;False
698565;L219;1488;14;45;60.0;FABBRICATO;Via E. Artom;55;45.013079;7.64939;Abitazione;Dal 1961 al 1970;Nessuno;Patrimonio indisponibile;Utilizzato direttamente;Altro;;;;1;False
698566;L219;1488;14;46;79.0;FABBRICATO;Via E. Artom;55;45.013079;7.64939;Abitazione;Dal 1961 al 1970;Nessuno;Patrimonio indisponibile;Utilizzato direttamente;Altro;;;;1;False
698567;L219;1488;14;47;61.0;FABBRICATO;Via E. Artom;55;45.013079;7.64939;Abitazione;Dal 1961 al 1970;Nessuno;Patrimonio indisponibile;Utilizzato direttamente;Altro;;;;1;False
698568;L219;1488;14;48;78.0;FABBRICATO;Via E. Artom;55;45.013079;7.64939;Abitazione;Dal 1961 al 1970;Nessuno;Patrimonio indisponibile;Utilizzato direttamente;Altro;;;;1;False
698569;L219;1488;14;49;61.0;FABBRICATO;Via E. Artom;55;45.013079;7.64939;Abitazione;Dal 1961 al 1970;Nessuno;Patrimonio indisponibile;Utilizzato direttamente;Altro;;;;1;False
698570;L219;1488;14;5;64.0;FABBRICATO;Via E. Artom;55;45.013079;7.64939;Abitazione;Dal 1961 al 1970;Nessuno;Patrimonio indisponibile;Utilizzato direttamente;Altro;;;;1;False
698571;L219;1488;14;50;78.0;FABBRICATO;Via E. Artom;55;45.013079;7.64939;Abitazione;Dal 1961 al 1970;Nessuno;Patrimonio indisponibile;Utilizzato direttamente;Altro;;;;1;False
698572;L219;1488;14;51;65.0;FABBRICATO;Via E. Artom;55;45.013079;7.64939;Abitazione;Dal 1961 al 1970;Nessuno;Patrimonio indisponibile;Utilizzato direttamente;Altro;;;;1;False
698573;L219;1488;14;53;60.0;FABBRICATO;Via E. Artom;55;45.013079;7.64939;Abitazione;Dal 1961 al 1970;Nessuno;Patrimonio indisponibile;Utilizzato direttamente;Altro;;;;1;False
698574;L219;1488;14;54;77.0;FABBRICATO;Via E. Artom;55;45.013079;7.64939;Abitazione;Dal 1961 al 1970;Nessuno;Patrimonio indisponibile;Utilizzato direttamente;Altro;;;;1;False
698575;L219;1488;14;56;79.0;FABBRICATO;Via E. Artom;55;45.013079;7.64939;Abitazione;Dal 1961 al 1970;Nessuno;Patrimonio indisponibile;Utilizzato direttamente;Altro;;;;1;False
698576;L219;1488;14;57;60.0;FABBRICATO;Via E. Artom;55;45.013079;7.64939;Abitazione;Dal 1961 al 1970;Nessuno;Patrimonio indisponibile;Utilizzato direttamente;Altro;;;;1;False
698577;L219;1488;14;58;78.0;FABBRICATO;Via E. Artom;55;45.013079;7.64939;Abitazione;Dal 1961 al 1970;Nessuno;Patrimonio indisponibile;Utilizzato direttamente;Altro;;;;1;False
698578;L219;1488;14;59;61.0;FABBRICATO;Via E. Artom;55;45.013079;7.64939;Abitazione;Dal 1961 al 1970;Nessuno;Patrimonio indisponibile;Utilizzato direttamente;Altro;;;;1;False
698579;L219;1488;14;6;81.0;FABBRICATO;Via E. Artom;55;45.013079;7.64939;Abitazione;Dal 1961 al 1970;Nessuno;Patrimonio indisponibile;Utilizzato direttamente;Altro;;;;1;False
698580;L219;1488;14;60;79.0;FABBRICATO;Via E. Artom;55;45.013079;7.64939;Abitazione;Dal 1961 al 1970;Nessuno;Patrimonio indisponibile;Utilizzato direttamente;Altro;;;;1;False
698581;L219;1488;14;61;63.0;FABBRICATO;Via E. Artom;55;45.013079;7.64939;Abitazione;Dal 1961 al 1970;Nessuno;Patrimonio indisponibile;Utilizzato direttamente;Altro;;;;1;False
698582;L219;1488;14;63;61.0;FABBRICATO;Via E. Artom;55;45.013079;7.64939;Abitazione;Dal 1961 al 1970;Nessuno;Patrimonio indisponibile;Utilizzato direttamente;Altro;;;;1;False
698583;L219;1488;14;65;61.0;FABBRICATO;Via E. Artom;55;45.013079;7.64939;Abitazione;Dal 1961 al 1970;Nessuno;Patrimonio indisponibile;Utilizzato direttamente;Altro;;;;1;False
698584;L219;1488;14;66;87.0;FABBRICATO;Via E. Artom;55;45.013079;7.64939;Abitazione;Dal 1961 al 1970;Nessuno;Patrimonio indisponibile;Utilizzato direttamente;Altro;;;;1;False
698585;L219;1488;14;67;61.0;FABBRICATO;Via E. Artom;55;45.013079;7.64939;Abitazione;Dal 1961 al 1970;Nessuno;Patrimonio indisponibile;Utilizzato direttamente;Altro;;;;1;False
698586;L219;1488;14;68;86.0;FABBRICATO;Via E. Artom;55;45.013079;7.64939;Abitazione;Dal 1961 al 1970;Nessuno;Patrimonio indisponibile;Utilizzato direttamente;Altro;;;;1;False
698587;L219;1488;14;70;87.0;FABBRICATO;Via E. Artom;55;45.013079;7.64939;Abitazione;Dal 1961 al 1970;Nessuno;Patrimonio indisponibile;Utilizzato direttamente;Altro;;;;1;False
698588;L219;1488;14;71;60.0;FABBRICATO;Via E. Artom;55;45.013079;7.64939;Abitazione;Dal 1961 al 1970;Nessuno;Patrimonio indisponibile;Utilizzato direttamente;Altro;;;;1;False
698589;L219;1488;14;72;87.0;FABBRICATO;Via E. Artom;55;45.013079;7.64939;Abitazione;Dal 1961 al 1970;Nessuno;Patrimonio indisponibile;Utilizzato direttamente;Altro;;;;1;False
698590;L219;1488;14;74;87.0;FABBRICATO;Via E. Artom;55;45.013079;7.64939;Abitazione;Dal 1961 al 1970;Nessuno;Patrimonio indisponibile;Utilizzato direttamente;Altro;;;;1;False
698591;L219;1488;14;75;61.0;FABBRICATO;Via E. Artom;55;45.013079;7.64939;Abitazione;Dal 1961 al 1970;Nessuno;Patrimonio indisponibile;Utilizzato direttamente;Altro;;;;1;False
698592;L219;1488;14;76;88.0;FABBRICATO;Via E. Artom;55;45.013079;7.64939;Abitazione;Dal 1961 al 1970;Nessuno;Patrimonio indisponibile;Utilizzato direttamente;Altro;;;;1;False
698593;L219;1488;14;77;60.0;FABBRICATO;Via E. Artom;55;45.013079;7.64939;Abitazione;Dal 1961 al 1970;Nessuno;Patrimonio indisponibile;Utilizzato direttamente;Altro;;;;1;False
698594;L219;1488;14;78;88.0;FABBRICATO;Via E. Artom;55;45.013079;7.64939;Abitazione;Dal 1961 al 1970;Nessuno;Patrimonio indisponibile;Utilizzato direttamente;Altro;;;;1;False
698595;L219;1488;14;79;60.0;FABBRICATO;Via E. Artom;55;45.013079;7.64939;Abitazione;Dal 1961 al 1970;Nessuno;Patrimonio indisponibile;Utilizzato direttamente;Altro;;;;1;False
698596;L219;1488;14;80;89.0;FABBRICATO;Via E. Artom;55;45.013079;7.64939;Abitazione;Dal 1961 al 1970;Nessuno;Patrimonio indisponibile;Utilizzato direttamente;Altro;;;;1;False
698597;L219;1306;192;100;138.0;FABBRICATO;via mazzini giuseppe;44 B;45.0609741;7.6882336;Abitazione;Prima del 1919;Nessuno;Patrimonio indisponibile;Utilizzato direttamente;Altro;;;;1;False
698598;L219;1306;192;101;102.0;FABBRICATO;via mazzini giuseppe;44 B;45.0609741;7.6882336;Abitazione;Prima del 1919;Nessuno;Patrimonio indisponibile;Utilizzato direttamente;Altro;;;;1;False
698599;L219;1306;192;103;96.0;FABBRICATO;via mazzini giuseppe;44 C;45.0609741;7.6882336;Abitazione;Prima del 1919;Nessuno;Patrimonio indisponibile;Utilizzato direttamente;Altro;;;;1;False
698600;L219;1306;192;104;98.0;FABBRICATO;via mazzini giuseppe;44 D;45.0609741;7.6882336;Abitazione;Prima del 1919;Nessuno;Patrimonio indisponibile;Utilizzato direttamente;Altro;;;;1;False
698601;L219;1306;192;107;88.0;FABBRICATO;via mazzini giuseppe;44 E;45.0609741;7.6882336;Abitazione;Prima del 1919;Nessuno;Patrimonio indisponibile;Utilizzato direttamente;Altro;;;;1;False
698602;L219;1306;192;109;112.0;FABBRICATO;via mazzini giuseppe;44 A;45.0609741;7.6882336;Abitazione;Prima del 1919;Nessuno;Patrimonio indisponibile;Utilizzato direttamente;Altro;;;;1;False
698603;L219;1306;192;111;100.0;FABBRICATO;via mazzini giuseppe;44 B;45.0609741;7.6882336;Abitazione;Prima del 1919;Nessuno;Patrimonio indisponibile;Utilizzato direttamente;Altro;;;;1;False
698604;L219;1306;192;115;81.0;FABBRICATO;via mazzini giuseppe;44 D;45.0609741;7.6882336;Abitazione;Prima del 1919;Nessuno;Patrimonio indisponibile;Utilizzato direttamente;Altro;;;;1;False
698605;L219;1306;192;116;73.0;FABBRICATO;via mazzini giuseppe;44 E;45.0609741;7.6882336;Abitazione;Prima del 1919;Nessuno;Patrimonio indisponibile;Utilizzato direttamente;Altro;;;;1;False
698606;L219;1306;192;118;128.0;FABBRICATO;via mazzini giuseppe;44 A;45.0609741;7.6882336;Abitazione;Prima del 1919;Nessuno;Patrimonio indisponibile;Utilizzato direttamente;Altro;;;;1;False
698607;L219;1306;192;120;138.0;FABBRICATO;via mazzini giuseppe;44 B;45.0609741;7.6882336;Abitazione;Prima del 1919;Nessuno;Patrimonio indisponibile;Utilizzato direttamente;Altro;;;;1;False
698608;L219;1306;192;121;103.0;FABBRICATO;via mazzini giuseppe;44 B;45.0609741;7.6882336;Abitazione;Prima del 1919;Nessuno;Patrimonio indisponibile;Utilizzato direttamente;Altro;;;;1;False
698609;L219;1306;192;122;123.0;FABBRICATO;via mazzini giuseppe;44 C;45.0609741;7.6882336;Abitazione;Prima del 1919;Nessuno;Patrimonio indisponibile;Utilizzato direttamente;Altro;;;;1;False
698610;L219;1306;192;125;82.0;FABBRICATO;via mazzini giuseppe;44 D;45.0609741;7.6882336;Abitazione;Prima del 1919;Nessuno;Patrimonio indisponibile;Utilizzato direttamente;Altro;;;;1;False
698611;L219;1306;192;126;71.0;FABBRICATO;via mazzini giuseppe;44 E;45.0609741;7.6882336;Abitazione;Prima del 1919;Nessuno;Patrimonio indisponibile;Utilizzato direttamente;Altro;;;;1;False
698612;L219;1306;192;128;147.0;FABBRICATO;via mazzini giuseppe;44 A;45.0609741;7.6882336;Abitazione;Prima del 1919;Nessuno;Patrimonio indisponibile;Utilizzato direttamente;Altro;;;;1;False
698613;L219;1306;192;129;107.0;FABBRICATO;via mazzini giuseppe;44 A;45.0609741;7.6882336;Abitazione;Prima del 1919;Nessuno;Patrimonio indisponibile;Utilizzato direttamente;Altro;;;;1;False
698614;L219;1306;192;130;134.0;FABBRICATO;via mazzini giuseppe;44 B;45.0609741;7.6882336;Abitazione;Prima del 1919;Nessuno;Patrimonio indisponibile;Utilizzato direttamente;Altro;;;;1;False
698615;L219;1306;192;131;84.0;FABBRICATO;via mazzini giuseppe;44 C;45.0609741;7.6882336;Abitazione;Prima del 1919;Nessuno;Patrimonio indisponibile;Utilizzato direttamente;Altro;;;;1;False
698616;L219;1306;192;132;89.0;FABBRICATO;via mazzini giuseppe;44 D;45.0609741;7.6882336;Abitazione;Prima del 1919;Nessuno;Patrimonio indisponibile;Utilizzato direttamente;Altro;;;;1;False
698617;L219;1306;192;133;142.0;FABBRICATO;via mazzini giuseppe;44 A;45.0609741;7.6882336;Abitazione;Prima del 1919;Nessuno;Patrimonio indisponibile;Utilizzato direttamente;Altro;;;;1;False
698618;L219;1306;192;137;8.0;FABBRICATO;via mazzini giuseppe;44;45.0609741;7.6882336;Cantina, soffitta, rimessa, box, garage, posto auto aperto/scoperto,;Prima del 1919;Nessuno;Patrimonio indisponibile;Utilizzato direttamente;Altro;;;;1;False
698619;L219;1306;192;138;4.0;FABBRICATO;via mazzini giuseppe;44;45.0609741;7.6882336;Cantina, soffitta, rimessa, box, garage, posto auto aperto/scoperto,;Prima del 1919;Nessuno;Patrimonio indisponibile;Utilizzato direttamente;Altro;;;;1;False
698620;L219;1306;192;139;4.0;FABBRICATO;via mazzini giuseppe;44;45.0609741;7.6882336;Cantina, soffitta, rimessa, box, garage, posto auto aperto/scoperto,;Prima del 1919;Nessuno;Patrimonio indisponibile;Utilizzato direttamente;Altro;;;;1;False
698621;L219;1306;192;140;9.0;FABBRICATO;via mazzini giuseppe;44;45.0609741;7.6882336;Cantina, soffitta, rimessa, box, garage, posto auto aperto/scoperto,;Prima del 1919;Nessuno;Patrimonio indisponibile;Utilizzato direttamente;Altro;;;;1;False
698622;L219;1306;192;142;59.83;FABBRICATO;via mazzini giuseppe;44 E;45.0609741;7.6882336;Edificio di culto e assimilabili;Prima del 1919;Nessuno;Patrimonio indisponibile;Utilizzato direttamente;Attività di culto o assimilabili;;;;1;False
698623;L219;1306;192;86;76.0;FABBRICATO;via mazzini giuseppe;44;45.0609741;7.6882336;Locale commerciale, negozio;Prima del 1919;Nessuno;Patrimonio indisponibile;Utilizzato direttamente;Attività commerciale e di ristorazione;;;;1;False
698624;L219;1306;192;87;35.0;FABBRICATO;via mazzini giuseppe;44;45.0609741;7.6882336;Locale commerciale, negozio;Prima del 1919;Nessuno;Patrimonio indisponibile;Utilizzato direttamente;Attività commerciale e di ristorazione;;;;1;False
698625;L219;1306;192;88;68.0;FABBRICATO;via mazzini giuseppe;44;45.0609741;7.6882336;Locale commerciale, negozio;Prima del 1919;Nessuno;Patrimonio indisponibile;Utilizzato direttamente;Attività commerciale e di ristorazione;;;;1;False
698626;L219;1306;192;89;22.0;FABBRICATO;via mazzini giuseppe;44;45.0609741;7.6882336;Locale commerciale, negozio;Prima del 1919;Nessuno;Patrimonio indisponibile;Utilizzato direttamente;Attività commerciale e di ristorazione;;;;1;False
698627;L219;1306;192;90;68.0;FABBRICATO;via mazzini giuseppe;44;45.0609741;7.6882336;Locale commerciale, negozio;Prima del 1919;Nessuno;Patrimonio indisponibile;Utilizzato direttamente;Attività commerciale e di ristorazione;;;;1;False
698628;L219;1306;192;91;29.0;FABBRICATO;via mazzini giuseppe;44;45.0609741;7.6882336;Locale commerciale, negozio;Prima del 1919;Nessuno;Patrimonio indisponibile;Utilizzato direttamente;Attività commerciale e di ristorazione;;;;1;False
698630;L219;1306;192;93;58.0;FABBRICATO;via mazzini giuseppe;44;45.0609741;7.6882336;Fabbricato per attività produttiva (industriale, artigianale o agricola);Prima del 1919;Nessuno;Patrimonio indisponibile;Utilizzato direttamente;Altro;;;;1;False
698631;L219;1306;192;94;53.0;FABBRICATO;via mazzini giuseppe;44;45.0609741;7.6882336;Fabbricato per attività produttiva (industriale, artigianale o agricola);Prima del 1919;Nessuno;Patrimonio indisponibile;Utilizzato direttamente;Altro;;;;1;False
698632;L219;1306;192;95;59.0;FABBRICATO;via mazzini giuseppe;44;45.0609741;7.6882336;Locale commerciale, negozio;Prima del 1919;Nessuno;Patrimonio indisponibile;Utilizzato direttamente;Attività commerciale e di ristorazione;;;;1;False
698633;L219;1306;192;96;53.0;FABBRICATO;via mazzini giuseppe;44;45.0609741;7.6882336;Locale commerciale, negozio;Prima del 1919;Nessuno;Patrimonio indisponibile;Utilizzato direttamente;Attività commerciale e di ristorazione;;;;1;False
698634;L219;1306;192;98;127.0;FABBRICATO;via mazzini giuseppe;44 A;45.0609741;7.6882336;Abitazione;Prima del 1919;Nessuno;Patrimonio indisponibile;Utilizzato direttamente;Altro;;;;1;False
698635;L219;1306;192;99;108.0;FABBRICATO;via mazzini giuseppe;44 A;45.0609741;7.6882336;Abitazione;Prima del 1919;Nessuno;Patrimonio indisponibile;Utilizzato direttamente;Altro;;;;1;False
698636;L219;1306;26;6;4730.0;FABBRICATO;Piazza Giambattista Bodoni;6;45.0629281;7.6846672;Edificio scolastico (es.: scuola di ogni ordine e grado, università, scuola di formazione);Dal 1919 al 1945;Dichiarazione di interesse culturale;Demanio;Non utilizzato;Non Dichiarato;;;;1;False
698638;L219;1306;299;2;258.0;FABBRICATO;Via dei Mille;28;45.0618301;7.6877992;Abitazione;Prima del 1919;Dichiarazione di interesse culturale;Demanio;Utilizzato direttamente;Attività di culto o assimilabili;;;;1;False
698639;L219;1306;299;3;233.0;FABBRICATO;Via dei Mille;28;45.0618301;7.6877992;Abitazione;Prima del 1919;Dichiarazione di interesse culturale;Demanio;Utilizzato direttamente;Attività di culto o assimilabili;;;;1;False
698640;L219;1306;299;4;388.0;FABBRICATO;Via dei Mille;28;45.0618301;7.6877992;Abitazione;Prima del 1919;Dichiarazione di interesse culturale;Demanio;Utilizzato direttamente;Attività di culto o assimilabili;;;;1;False
698641;L219;1307;12;;709.0;FABBRICATO;via plana giovanni;2;45.0649604;7.6932238;Biblioteca, pinacoteca, museo, gallerie;Prima del 1919;Dichiarazione di interesse culturale;Demanio;Utilizzato direttamente;Attività didattica;;;;1;False
698642;L219;1307;269;1;166.0;FABBRICATO;Murazzi del Po Gipo Farassino;22;45.0607896;7.693161;Magazzino e locali di deposito;Prima del 1919;Dichiarazione di interesse culturale;Demanio;;Non Dichiarato;in concessione a titolo oneroso;56870.0;01/12/2022;1;False
698643;L219;1307;269;10;117.0;FABBRICATO;Murazzi del Po Gipo Farassino;22;45.0607896;7.693161;Magazzino e locali di deposito;Prima del 1919;Dichiarazione di interesse culturale;Demanio;Utilizzato direttamente;Attività commerciale e di ristorazione;;;;1;False
698644;L219;1307;269;2;58.0;FABBRICATO;Murazzi del Po Gipo Farassino;59;45.0607896;7.693161;Magazzino e locali di deposito;Prima del 1919;Dichiarazione di interesse culturale;Demanio;Utilizzato direttamente;Attività commerciale e di ristorazione;;;;1;False
698645;L219;1307;269;3;56.0;FABBRICATO;Murazzi del Po Gipo Farassino;22;45.0607896;7.693161;Magazzino e locali di deposito;Prima del 1919;Dichiarazione di interesse culturale;Demanio;;Non Dichiarato;in concessione a titolo oneroso;10435.0;01/12/2022;1;False
698646;L219;1307;269;5;137.0;FABBRICATO;Murazzi del Po Gipo Farassino;22;45.0607896;7.693161;Magazzino e locali di deposito;Prima del 1919;Dichiarazione di interesse culturale;Demanio;Utilizzato direttamente;Attività commerciale e di ristorazione;;;;1;False
698648;L219;1307;269;7;50.0;FABBRICATO;Murazzi del Po Gipo Farassino;22;45.0607896;7.693161;Magazzino e locali di deposito;Prima del 1919;Dichiarazione di interesse culturale;Demanio;Utilizzato direttamente;Attività commerciale e di ristorazione;;;;1;False
698649;L219;1307;269;8;31.0;FABBRICATO;Via Murazzi del Po;26;45.0607896;7.693161;Cantina, soffitta, rimessa, box, garage, posto auto aperto/scoperto,;Prima del 1919;Dichiarazione di interesse culturale;Demanio;Utilizzato direttamente;Attività commerciale e di ristorazione;;;;1;False
698650;L219;1307;269;9;51.0;FABBRICATO;Murazzi del Po Gipo Farassino;22;45.0607896;7.693161;Magazzino e locali di deposito;Prima del 1919;Dichiarazione di interesse culturale;Demanio;Utilizzato direttamente;Attività commerciale e di ristorazione;;;;1;False
698651;L219;1307;275;10;153.0;FABBRICATO;Murazzi del Po Gipo Farassino;37;45.06235;7.67993;Magazzino e locali di deposito;Prima del 1919;Dichiarazione di interesse culturale;Demanio;;Non Dichiarato;in concessione a titolo oneroso;64392.0;01/12/2022;1;False
698652;L219;1307;275;11;68.0;FABBRICATO;Murazzi del Po Gipo Farassino;22;45.0619849;7.6942521;Magazzino e locali di deposito;Prima del 1919;Dichiarazione di interesse culturale;Demanio;Utilizzato direttamente;Attività commerciale e di ristorazione;;;;1;False
698653;L219;1307;275;2;124.0;FABBRICATO;MURAZZI DEL PO;21;45.0619849;7.6942521;Magazzino e locali di deposito;Prima del 1919;Dichiarazione di interesse culturale;Demanio;Utilizzato direttamente;Attività commerciale e di ristorazione;;;;1;False
698654;L219;1307;275;14;150.0;FABBRICATO;MURAZZI DEL PO;23;45.0619849;7.6942521;Locale commerciale, negozio;Prima del 1919;Dichiarazione di interesse culturale;Demanio;Utilizzato direttamente;Attività commerciale e di ristorazione;;;;1;False
698655;L219;1307;275;4;135.0;FABBRICATO;Murazzi del Po Gipo Farassino;25;45.0619849;7.6942521;Magazzino e locali di deposito;Prima del 1919;Dichiarazione di interesse culturale;Demanio;Utilizzato direttamente;Attività commerciale e di ristorazione;;;;1;False
698656;L219;1307;275;5;94.0;FABBRICATO;Murazzi del Po Gipo Farassino;27;45.0619849;7.6942521;Magazzino e locali di deposito;Prima del 1919;Dichiarazione di interesse culturale;Demanio;Utilizzato direttamente;Attività commerciale e di ristorazione;;;;1;False
698657;L219;1307;275;6;48.0;FABBRICATO;Murazzi del Po Gipo Farassino;22;45.0619849;7.6942521;Magazzino e locali di deposito;Prima del 1919;Dichiarazione di interesse culturale;Demanio;Utilizzato direttamente;Attività commerciale e di ristorazione;;;;1;False
698658;L219;1307;275;13;72.0;FABBRICATO;Murazzi del Po Gipo Farassino;29;45.0619849;7.6942521;Locale commerciale, negozio;Prima del 1919;Dichiarazione di interesse culturale;Demanio;;Non Dichiarato;in concessione a titolo oneroso;13661.0;01/07/2018;1;False
698660;L219;1307;275;9;49.0;FABBRICATO;Via Murazzi del Po;26;45.0619849;7.6942521;Magazzino e locali di deposito;Prima del 1919;Dichiarazione di interesse culturale;Demanio;Utilizzato direttamente;Attività commerciale e di ristorazione;;;;1;False
698662;L219;1488;2;1;2359.75;FABBRICATO;via pisacane carlo;67;45.0137068;7.6501106;Edificio scolastico (es.: scuola di ogni ordine e grado, università, scuola di formazione);Dal 1991 al 2000;Nessuno;Patrimonio indisponibile;Utilizzato direttamente;Attività didattica;;;;1;False
698663;L219;1488;2;2;71.0;FABBRICATO;via pisacane carlo;67;45.0137068;7.6501106;Abitazione;Dal 1961 al 1970;Nessuno;Patrimonio indisponibile;Utilizzato direttamente;Alloggio di servizio, foresterie;;;;1;False
698666;L219;1309;396;11;403.8;FABBRICATO;via giardino gaetano;48;45.059755;7.6968102;Struttura residenziale collettiva (es.: collegi e convitti, educandati, ricoveri, orfanotrofi, ospizi, conventi, seminari);Prima del 1919;Dichiarazione di interesse culturale;Demanio;Utilizzato direttamente;Alloggio di servizio, foresterie;;;;1;False
698667;L219;1309;396;4;1280.4;FABBRICATO;via giardino gaetano;48;45.059755;7.6968102;Struttura residenziale collettiva (es.: collegi e convitti, educandati, ricoveri, orfanotrofi, ospizi, conventi, seminari);Prima del 1919;Dichiarazione di interesse culturale;Demanio;Utilizzato direttamente;Alloggio di servizio, foresterie;;;;1;False
698668;L219;1309;396;6;52.0;FABBRICATO;via giardino gaetano;48;45.059755;7.6968102;Abitazione;Prima del 1919;Dichiarazione di interesse culturale;Demanio;Utilizzato direttamente;Alloggio di servizio, foresterie;;;;1;False
698669;L219;1309;396;8;640.0;FABBRICATO;via giardino gaetano;48;45.059755;7.6968102;Biblioteca, pinacoteca, museo, gallerie;Prima del 1919;Dichiarazione di interesse culturale;Demanio;;Non Dichiarato;in concessione a titolo oneroso;14196.0;21/12/2017;1;False
698670;L219;1309;396;9;2220.0;FABBRICATO;via giardino gaetano;48;45.059755;7.6968102;Biblioteca, pinacoteca, museo, gallerie;Prima del 1919;Dichiarazione di interesse culturale;Demanio;Utilizzato direttamente;Attività artistica e culturale;;;;1;False
698671;L219;1309;53;;1697.0;FABBRICATO;corso moncalieri;2;45.0617326;7.6964204;Impianto sportivo;Dal 1919 al 1945;Dichiarazione di interesse culturale;Demanio;Utilizzato direttamente;Attività sportiva, ricreativa e di intrattenimento;;;;1;False
698672;L219;1309;63;;130.0;FABBRICATO;piazza gran madre di dio;4;45.0617601;7.6986887;Impianto sportivo;Prima del 1919;Dichiarazione di interesse culturale;Demanio;Utilizzato direttamente;Altro;;;;1;False
698673;L219;1309;65;5;232.0;FABBRICATO;piazza gran madre di dio;4;45.0620205;7.698772;Abitazione;Prima del 1919;Dichiarazione di interesse culturale;Demanio;Utilizzato direttamente;Altro;;;;1;False
698674;L219;1309;65;6;242.0;FABBRICATO;piazza gran madre di dio;4;45.0620205;7.698772;Abitazione;Prima del 1919;Dichiarazione di interesse culturale;Demanio;;Non Dichiarato;in concessione a titolo oneroso;53.0;01/04/2016;1;False
698675;L219;1309;65;7;234.0;FABBRICATO;piazza gran madre di dio;4;45.0620205;7.698772;Abitazione;Prima del 1919;Dichiarazione di interesse culturale;Demanio;Utilizzato direttamente;Altro;;;;1;False
698678;L219;1310;14;10;52.0;FABBRICATO;Corso Casale;38;45.0646202;7.7027894;Abitazione;Dal 1946 al 1960;Nessuno;Patrimonio disponibile;Utilizzato direttamente;Altro;;;;1;False
698679;L219;1310;14;2;57.0;FABBRICATO;Corso Casale;38;45.0646202;7.7027894;Abitazione;Dal 1946 al 1960;Nessuno;Patrimonio disponibile;;Non Dichiarato;in locazione;668.0;01/12/2020;1;False
698680;L219;1310;14;3;60.0;FABBRICATO;Corso Casale;38;45.0646202;7.7027894;Abitazione;Dal 1946 al 1960;Nessuno;Patrimonio disponibile;;Non Dichiarato;in locazione;2303.0;01/12/2020;1;False
698681;L219;1310;14;4;53.0;FABBRICATO;Corso Casale;38;45.0646202;7.7027894;Abitazione;Dal 1946 al 1960;Nessuno;Patrimonio disponibile;;Non Dichiarato;in locazione;1378.0;01/07/2016;1;False
698682;L219;1310;14;6;69.0;FABBRICATO;Corso Casale;38;45.0646202;7.7027894;Abitazione;Dal 1946 al 1960;Nessuno;Patrimonio disponibile;;Non Dichiarato;in locazione;2747.0;01/12/2020;1;False
698683;L219;1310;293;1;643.6;FABBRICATO;Via Lodovica;2;45.063045;7.7017044;Struttura residenziale collettiva (es.: collegi e convitti, educandati, ricoveri, orfanotrofi, ospizi, conventi, seminari);Prima del 1919;Dichiarazione di interesse culturale;Demanio;Utilizzato direttamente;Attività didattica;;;;1;False
698684;L219;1310;293;2;123.0;FABBRICATO;Via Lodovica;2;45.063045;7.7017044;Abitazione;Prima del 1919;Dichiarazione di interesse culturale;Demanio;Utilizzato direttamente;Alloggio di servizio, foresterie;;;;1;False
698685;L219;1310;294;1;4076.25;FABBRICATO;Via Umberto Cosmo;12;45.0627629;7.7015867;Edificio scolastico (es.: scuola di ogni ordine e grado, università, scuola di formazione);Prima del 1919;Dichiarazione di interesse culturale;Demanio;Utilizzato direttamente;Attività didattica;;;;1;False
698686;L219;1310;294;2;75.0;FABBRICATO;Via Umberto Cosmo;12;45.0627629;7.7015867;Abitazione;Prima del 1919;Dichiarazione di interesse culturale;Demanio;Utilizzato direttamente;Alloggio di servizio, foresterie;;;;1;False
698687;L219;1310;294;3;67.0;FABBRICATO;Via Umberto Cosmo;12;45.0627629;7.7015867;Abitazione;Prima del 1919;Dichiarazione di interesse culturale;Demanio;Utilizzato direttamente;Alloggio di servizio, foresterie;;;;1;False
698688;L219;1311;13;1;680.0;FABBRICATO;Corso Casale;5;45.066056;7.7040152;Biblioteca, pinacoteca, museo, gallerie;Dal 1946 al 1960;Nessuno;Patrimonio indisponibile;Utilizzato direttamente;Attività artistica e culturale;;;;1;False
698689;L219;1311;13;2;87.0;FABBRICATO;Corso Casale;5;45.066056;7.7040152;Abitazione;Dal 1946 al 1960;Nessuno;Patrimonio indisponibile;Utilizzato direttamente;Attività artistica e culturale;;;;1;False
698693;L219;1311;85;4;5000.0;FABBRICATO;Corso Casale;56;45.0658802;7.7071936;Struttura residenziale collettiva (es.: collegi e convitti, educandati, ricoveri, orfanotrofi, ospizi, conventi, seminari);Prima del 1919;Dichiarazione di interesse culturale;Patrimonio indisponibile;Utilizzato direttamente;Servizi assistenza socio-sanitaria (residenziali);;;;1;False
698695;L219;1312;234;3;2322.8;FABBRICATO;strada val san martino superiore;27;45.0639558;7.7199716;Struttura residenziale collettiva (es.: collegi e convitti, educandati, ricoveri, orfanotrofi, ospizi, conventi, seminari);Prima del 1919;Dichiarazione di interesse culturale;Demanio;;Non Dichiarato;in concessione a titolo oneroso;4527.0;01/12/2004;1;False
698698;L219;1313;88;;120.0;FABBRICATO;Strada Comunale Santa Margherita;139;45.05751341;7.71249623;Abitazione;Prima del 1919;Dichiarazione di interesse culturale;Demanio;Utilizzato direttamente;Alloggio di servizio, foresterie;;;;1;False
698699;L219;1313;95;1;65.0;FABBRICATO;Strada Comunale Santa Margherita;139;45.05662067;7.71190581;Magazzino e locali di deposito;Prima del 1919;Dichiarazione di interesse culturale;Demanio;Utilizzato direttamente;Attività amministrativa/uffici pubblici;;;;1;False
698700;L219;1313;95;2;113.0;FABBRICATO;Strada Comunale Santa Margherita;139;45.05662067;7.71190581;Abitazione;Prima del 1919;Dichiarazione di interesse culturale;Demanio;Utilizzato direttamente;Attività amministrativa/uffici pubblici;;;;1;False
698701;L219;1313;95;3;73.0;FABBRICATO;Strada Comunale Santa Margherita;139;45.05662067;7.71190581;Parcheggio collettivo;Prima del 1919;Dichiarazione di interesse culturale;Demanio;Utilizzato direttamente;Attività amministrativa/uffici pubblici;;;;1;False
698702;L219;1313;95;4;52.0;FABBRICATO;Strada Comunale Santa Margherita;139;45.05662067;7.71190581;Abitazione;Prima del 1919;Dichiarazione di interesse culturale;Demanio;Utilizzato direttamente;Attività amministrativa/uffici pubblici;;;;1;False
698703;L219;1313;95;5;112.0;FABBRICATO;Strada Comunale Santa Margherita;9;45.05662067;7.71190581;Magazzino e locali di deposito;Prima del 1919;Dichiarazione di interesse culturale;Demanio;Utilizzato direttamente;Attività amministrativa/uffici pubblici;;;;1;False
698705;L219;1488;75;1;63.0;FABBRICATO;Via Fratelli Garrone;67;45.0119429;7.6506028;Abitazione;Dal 1961 al 1970;Nessuno;Patrimonio indisponibile;Utilizzato direttamente;Altro;;;;1;False
698706;L219;1488;75;10;79.0;FABBRICATO;Via Fratelli Garrone;67;45.0119429;7.6506028;Abitazione;Dal 1961 al 1970;Nessuno;Patrimonio indisponibile;Utilizzato direttamente;Altro;;;;1;False
698707;L219;1488;75;11;62.0;FABBRICATO;Via Fratelli Garrone;67;45.0119429;7.6506028;Abitazione;Dal 1961 al 1970;Nessuno;Patrimonio indisponibile;Utilizzato direttamente;Altro;;;;1;False
698708;L219;1488;75;12;83.0;FABBRICATO;Via Fratelli Garrone;67;45.0119429;7.6506028;Abitazione;Dal 1961 al 1970;Nessuno;Patrimonio indisponibile;Utilizzato direttamente;Altro;;;;1;False
698709;L219;1488;75;13;62.0;FABBRICATO;Via Fratelli Garrone;67;45.0119429;7.6506028;Abitazione;Dal 1961 al 1970;Nessuno;Patrimonio indisponibile;Utilizzato direttamente;Altro;;;;1;False
698710;L219;1488;75;14;65.0;FABBRICATO;Via Fratelli Garrone;67;45.0119429;7.6506028;Abitazione;Dal 1961 al 1970;Nessuno;Patrimonio indisponibile;Utilizzato direttamente;Altro;;;;1;False
698711;L219;1488;75;15;62.0;FABBRICATO;Via Fratelli Garrone;67;45.0119429;7.6506028;Abitazione;Dal 1961 al 1970;Nessuno;Patrimonio indisponibile;Utilizzato direttamente;Altro;;;;1;False
698712;L219;1488;75;16;81.0;FABBRICATO;Via Fratelli Garrone;67;45.0119429;7.6506028;Abitazione;Dal 1961 al 1970;Nessuno;Patrimonio indisponibile;Utilizzato direttamente;Altro;;;;1;False
698713;L219;1488;75;17;62.0;FABBRICATO;Via Fratelli Garrone;67;45.0119429;7.6506028;Abitazione;Dal 1961 al 1970;Nessuno;Patrimonio indisponibile;Utilizzato direttamente;Altro;;;;1;False
698714;L219;1488;75;18;80.0;FABBRICATO;Via Fratelli Garrone;67;45.0119429;7.6506028;Abitazione;Dal 1961 al 1970;Nessuno;Patrimonio indisponibile;Utilizzato direttamente;Altro;;;;1;False
698715;L219;1488;75;182;83.0;FABBRICATO;Via Fratelli Garrone;67;45.0119429;7.6506028;Abitazione;Dal 1961 al 1970;Nessuno;Patrimonio indisponibile;Utilizzato direttamente;Altro;;;;1;False
698716;L219;1488;75;183;82.0;FABBRICATO;Via Fratelli Garrone;67;45.0119429;7.6506028;Abitazione;Dal 1961 al 1970;Nessuno;Patrimonio indisponibile;Utilizzato direttamente;Altro;;;;1;False
698717;L219;1488;75;184;82.0;FABBRICATO;Via Fratelli Garrone;67;45.0119429;7.6506028;Abitazione;Dal 1961 al 1970;Nessuno;Patrimonio indisponibile;Utilizzato direttamente;Altro;;;;1;False
698718;L219;1488;75;185;64.0;FABBRICATO;Via Fratelli Garrone;67;45.0119429;7.6506028;Abitazione;Dal 1961 al 1970;Nessuno;Patrimonio indisponibile;Utilizzato direttamente;Altro;;;;1;False
698719;L219;1488;75;188;83.0;FABBRICATO;Via Fratelli Garrone;67;45.0119429;7.6506028;Abitazione;Dal 1961 al 1970;Nessuno;Patrimonio indisponibile;Utilizzato direttamente;Altro;;;;1;False
698720;L219;1488;75;189;65.0;FABBRICATO;Via Fratelli Garrone;67;45.0119429;7.6506028;Abitazione;Dal 1961 al 1970;Nessuno;Patrimonio indisponibile;Utilizzato direttamente;Altro;;;;1;False
698721;L219;1488;75;19;61.0;FABBRICATO;Via Fratelli Garrone;67;45.0119429;7.6506028;Abitazione;Dal 1961 al 1970;Nessuno;Patrimonio indisponibile;Utilizzato direttamente;Altro;;;;1;False
698722;L219;1488;75;2;81.0;FABBRICATO;Via Fratelli Garrone;67;45.0119429;7.6506028;Abitazione;Dal 1961 al 1970;Nessuno;Patrimonio indisponibile;Utilizzato direttamente;Altro;;;;1;False
698723;L219;1488;75;20;80.0;FABBRICATO;Via Fratelli Garrone;67;45.0119429;7.6506028;Abitazione;Dal 1961 al 1970;Nessuno;Patrimonio indisponibile;Utilizzato direttamente;Altro;;;;1;False
698724;L219;1488;75;21;61.0;FABBRICATO;Via Fratelli Garrone;67;45.0119429;7.6506028;Abitazione;Dal 1961 al 1970;Nessuno;Patrimonio indisponibile;Utilizzato direttamente;Altro;;;;1;False
698725;L219;1488;75;22;79.0;FABBRICATO;Via Fratelli Garrone;67;45.0119429;7.6506028;Abitazione;Dal 1961 al 1970;Nessuno;Patrimonio indisponibile;Utilizzato direttamente;Altro;;;;1;False
698726;L219;1488;75;23;59.0;FABBRICATO;Via Fratelli Garrone;67;45.0119429;7.6506028;Abitazione;Dal 1961 al 1970;Nessuno;Patrimonio indisponibile;Utilizzato direttamente;Altro;;;;1;False
698727;L219;1488;75;24;79.0;FABBRICATO;Via Fratelli Garrone;67;45.0119429;7.6506028;Abitazione;Dal 1961 al 1970;Nessuno;Patrimonio indisponibile;Utilizzato direttamente;Altro;;;;1;False
698728;L219;1488;75;25;59.0;FABBRICATO;Via Fratelli Garrone;67;45.0119429;7.6506028;Abitazione;Dal 1961 al 1970;Nessuno;Patrimonio indisponibile;Utilizzato direttamente;Altro;;;;1;False
698729;L219;1488;75;26;79.0;FABBRICATO;Via Fratelli Garrone;67;45.0119429;7.6506028;Abitazione;Dal 1961 al 1970;Nessuno;Patrimonio indisponibile;Utilizzato direttamente;Altro;;;;1;False
698730;L219;1488;75;27;59.0;FABBRICATO;Via Fratelli Garrone;67;45.0119429;7.6506028;Abitazione;Dal 1961 al 1970;Nessuno;Patrimonio indisponibile;Utilizzato direttamente;Altro;;;;1;False
698731;L219;1488;75;28;79.0;FABBRICATO;Via Fratelli Garrone;67;45.0119429;7.6506028;Abitazione;Dal 1961 al 1970;Nessuno;Patrimonio indisponibile;Utilizzato direttamente;Altro;;;;1;False
698732;L219;1488;75;29;58.0;FABBRICATO;Via Fratelli Garrone;67;45.0119429;7.6506028;Abitazione;Dal 1961 al 1970;Nessuno;Patrimonio indisponibile;Utilizzato direttamente;Altro;;;;1;False
698733;L219;1488;75;3;61.0;FABBRICATO;Via Fratelli Garrone;67;45.0119429;7.6506028;Abitazione;Dal 1961 al 1970;Nessuno;Patrimonio indisponibile;Utilizzato direttamente;Altro;;;;1;False
698734;L219;1488;75;30;78.0;FABBRICATO;Via Fratelli Garrone;67;45.0119429;7.6506028;Abitazione;Dal 1961 al 1970;Nessuno;Patrimonio indisponibile;Utilizzato direttamente;Altro;;;;1;False
698735;L219;1488;75;31;60.0;FABBRICATO;Via Fratelli Garrone;67;45.0119429;7.6506028;Abitazione;Dal 1961 al 1970;Nessuno;Patrimonio indisponibile;Utilizzato direttamente;Altro;;;;1;False
698736;L219;1488;75;32;78.0;FABBRICATO;Via Fratelli Garrone;67;45.0119429;7.6506028;Abitazione;Dal 1961 al 1970;Nessuno;Patrimonio indisponibile;Utilizzato direttamente;Altro;;;;1;False
698737;L219;1488;75;33;58.0;FABBRICATO;Via Fratelli Garrone;67;45.0119429;7.6506028;Abitazione;Dal 1961 al 1970;Nessuno;Patrimonio indisponibile;Utilizzato direttamente;Altro;;;;1;False
698738;L219;1488;75;34;79.0;FABBRICATO;Via Fratelli Garrone;67;45.0119429;7.6506028;Abitazione;Dal 1961 al 1970;Nessuno;Patrimonio indisponibile;Utilizzato direttamente;Altro;;;;1;False
698739;L219;1488;75;35;58.0;FABBRICATO;Via Fratelli Garrone;67;45.0119429;7.6506028;Abitazione;Dal 1961 al 1970;Nessuno;Patrimonio indisponibile;Utilizzato direttamente;Altro;;;;1;False
698740;L219;1488;75;36;78.0;FABBRICATO;Via Fratelli Garrone;67;45.0119429;7.6506028;Abitazione;Dal 1961 al 1970;Nessuno;Patrimonio indisponibile;Utilizzato direttamente;Altro;;;;1;False
698741;L219;1488;75;37;57.0;FABBRICATO;Via Fratelli Garrone;67;45.0119429;7.6506028;Abitazione;Dal 1961 al 1970;Nessuno;Patrimonio indisponibile;Utilizzato direttamente;Altro;;;;1;False
698742;L219;1488;75;38;79.0;FABBRICATO;Via Fratelli Garrone;67;45.0119429;7.6506028;Abitazione;Dal 1961 al 1970;Nessuno;Patrimonio indisponibile;Utilizzato direttamente;Altro;;;;1;False
698743;L219;1488;75;39;59.0;FABBRICATO;Via Fratelli Garrone;67;45.0119429;7.6506028;Abitazione;Dal 1961 al 1970;Nessuno;Patrimonio indisponibile;Utilizzato direttamente;Altro;;;;1;False
698744;L219;1488;75;4;80.0;FABBRICATO;Via Fratelli Garrone;67;45.0119429;7.6506028;Abitazione;Dal 1961 al 1970;Nessuno;Patrimonio indisponibile;Utilizzato direttamente;Altro;;;;1;False
698745;L219;1488;75;40;78.0;FABBRICATO;Via Fratelli Garrone;67;45.0119429;7.6506028;Abitazione;Dal 1961 al 1970;Nessuno;Patrimonio indisponibile;Utilizzato direttamente;Altro;;;;1;False
698746;L219;1488;75;43;58.0;FABBRICATO;Via Fratelli Garrone;67;45.0119429;7.6506028;Abitazione;Dal 1961 al 1970;Nessuno;Patrimonio indisponibile;Utilizzato direttamente;Altro;;;;1;False
698747;L219;1488;75;45;60.0;FABBRICATO;Via Fratelli Garrone;67;45.0119429;7.6506028;Abitazione;Dal 1961 al 1970;Nessuno;Patrimonio indisponibile;Utilizzato direttamente;Altro;;;;1;False
698748;L219;1488;75;46;79.0;FABBRICATO;Via Fratelli Garrone;67;45.0119429;7.6506028;Abitazione;Dal 1961 al 1970;Nessuno;Patrimonio indisponibile;Utilizzato direttamente;Altro;;;;1;False
698749;L219;1488;75;47;60.0;FABBRICATO;Via Fratelli Garrone;67;45.0119429;7.6506028;Abitazione;Dal 1961 al 1970;Nessuno;Patrimonio indisponibile;Utilizzato direttamente;Altro;;;;1;False
698750;L219;1488;75;48;78.0;FABBRICATO;Via Fratelli Garrone;67;45.0119429;7.6506028;Abitazione;Dal 1961 al 1970;Nessuno;Patrimonio indisponibile;Utilizzato direttamente;Altro;;;;1;False
698751;L219;1488;75;49;60.0;FABBRICATO;Via Fratelli Garrone;67;45.0119429;7.6506028;Abitazione;Dal 1961 al 1970;Nessuno;Patrimonio indisponibile;Utilizzato direttamente;Altro;;;;1;False
698752;L219;1488;75;5;62.0;FABBRICATO;Via Fratelli Garrone;67;45.0119429;7.6506028;Abitazione;Dal 1961 al 1970;Nessuno;Patrimonio indisponibile;Utilizzato direttamente;Altro;;;;1;False
698753;L219;1488;75;50;80.0;FABBRICATO;Via Fratelli Garrone;67;45.0119429;7.6506028;Abitazione;Dal 1961 al 1970;Nessuno;Patrimonio indisponibile;Utilizzato direttamente;Altro;;;;1;False
698754;L219;1488;75;51;60.0;FABBRICATO;Via Fratelli Garrone;67;45.0119429;7.6506028;Abitazione;Dal 1961 al 1970;Nessuno;Patrimonio indisponibile;Utilizzato direttamente;Altro;;;;1;False
698755;L219;1488;75;52;80.0;FABBRICATO;Via Fratelli Garrone;67;45.0119429;7.6506028;Abitazione;Dal 1961 al 1970;Nessuno;Patrimonio indisponibile;Utilizzato direttamente;Altro;;;;1;False
698756;L219;1488;75;53;59.0;FABBRICATO;Via Fratelli Garrone;67;45.0119429;7.6506028;Abitazione;Dal 1961 al 1970;Nessuno;Patrimonio indisponibile;Utilizzato direttamente;Altro;;;;1;False
698757;L219;1488;75;54;79.0;FABBRICATO;Via Fratelli Garrone;67;45.0119429;7.6506028;Abitazione;Dal 1961 al 1970;Nessuno;Patrimonio indisponibile;Utilizzato direttamente;Altro;;;;1;False
698758;L219;1488;75;55;62.0;FABBRICATO;Via Fratelli Garrone;67;45.0119429;7.6506028;Abitazione;Dal 1961 al 1970;Nessuno;Patrimonio indisponibile;Utilizzato direttamente;Altro;;;;1;False
698759;L219;1488;75;56;81.0;FABBRICATO;Via Fratelli Garrone;67;45.0119429;7.6506028;Abitazione;Dal 1961 al 1970;Nessuno;Patrimonio indisponibile;Utilizzato direttamente;Altro;;;;1;False
698760;L219;1488;75;57;59.0;FABBRICATO;Via Fratelli Garrone;67;45.0119429;7.6506028;Abitazione;Dal 1961 al 1970;Nessuno;Patrimonio indisponibile;Utilizzato direttamente;Altro;;;;1;False
698761;L219;1488;75;58;78.0;FABBRICATO;Via Fratelli Garrone;67;45.0119429;7.6506028;Abitazione;Dal 1961 al 1970;Nessuno;Patrimonio indisponibile;Utilizzato direttamente;Altro;;;;1;False
698762;L219;1488;75;59;60.0;FABBRICATO;Via Fratelli Garrone;67;45.0119429;7.6506028;Abitazione;Dal 1961 al 1970;Nessuno;Patrimonio indisponibile;Utilizzato direttamente;Altro;;;;1;False
698763;L219;1488;75;60;82.0;FABBRICATO;Via Fratelli Garrone;67;45.0119429;7.6506028;Abitazione;Dal 1961 al 1970;Nessuno;Patrimonio indisponibile;Utilizzato direttamente;Altro;;;;1;False
698764;L219;1488;75;61;61.0;FABBRICATO;Via Fratelli Garrone;67;45.0119429;7.6506028;Abitazione;Dal 1961 al 1970;Nessuno;Patrimonio indisponibile;Utilizzato direttamente;Altro;;;;1;False
698765;L219;1488;75;62;78.0;FABBRICATO;Via Fratelli Garrone;67;45.0119429;7.6506028;Abitazione;Dal 1961 al 1970;Nessuno;Patrimonio indisponibile;Utilizzato direttamente;Altro;;;;1;False
698766;L219;1488;75;63;59.0;FABBRICATO;Via Fratelli Garrone;67;45.0119429;7.6506028;Abitazione;Dal 1961 al 1970;Nessuno;Patrimonio indisponibile;Utilizzato direttamente;Altro;;;;1;False
698767;L219;1488;75;64;79.0;FABBRICATO;Via Fratelli Garrone;67;45.0119429;7.6506028;Abitazione;Dal 1961 al 1970;Nessuno;Patrimonio indisponibile;Utilizzato direttamente;Altro;;;;1;False
698768;L219;1488;75;65;61.0;FABBRICATO;Via Fratelli Garrone;67;45.0119429;7.6506028;Abitazione;Dal 1961 al 1970;Nessuno;Patrimonio indisponibile;Utilizzato direttamente;Altro;;;;1;False
698769;L219;1488;75;66;78.0;FABBRICATO;Via Fratelli Garrone;67;45.0119429;7.6506028;Abitazione;Dal 1961 al 1970;Nessuno;Patrimonio indisponibile;Utilizzato direttamente;Altro;;;;1;False
698770;L219;1488;75;67;61.0;FABBRICATO;Via Fratelli Garrone;67;45.0119429;7.6506028;Abitazione;Dal 1961 al 1970;Nessuno;Patrimonio indisponibile;Utilizzato direttamente;Altro;;;;1;False
698771;L219;1488;75;68;79.0;FABBRICATO;Via Fratelli Garrone;67;45.0119429;7.6506028;Abitazione;Dal 1961 al 1970;Nessuno;Patrimonio indisponibile;Utilizzato direttamente;Altro;;;;1;False
698772;L219;1488;75;69;60.0;FABBRICATO;Via Fratelli Garrone;67;45.0119429;7.6506028;Abitazione;Dal 1961 al 1970;Nessuno;Patrimonio indisponibile;Utilizzato direttamente;Altro;;;;1;False
698773;L219;1488;75;7;63.0;FABBRICATO;Via Fratelli Garrone;67;45.0119429;7.6506028;Abitazione;Dal 1961 al 1970;Nessuno;Patrimonio indisponibile;Utilizzato direttamente;Altro;;;;1;False
698774;L219;1488;75;70;80.0;FABBRICATO;Via Fratelli Garrone;67;45.0119429;7.6506028;Abitazione;Dal 1961 al 1970;Nessuno;Patrimonio indisponibile;Utilizzato direttamente;Altro;;;;1;False
698775;L219;1488;75;71;60.0;FABBRICATO;Via Fratelli Garrone;67;45.0119429;7.6506028;Abitazione;Dal 1961 al 1970;Nessuno;Patrimonio indisponibile;Utilizzato direttamente;Altro;;;;1;False
698776;L219;1488;75;72;79.0;FABBRICATO;Via Fratelli Garrone;67;45.0119429;7.6506028;Abitazione;Dal 1961 al 1970;Nessuno;Patrimonio indisponibile;Utilizzato direttamente;Altro;;;;1;False
698777;L219;1488;75;74;78.0;FABBRICATO;Via Fratelli Garrone;67;45.0119429;7.6506028;Abitazione;Dal 1961 al 1970;Nessuno;Patrimonio indisponibile;Utilizzato direttamente;Altro;;;;1;False
698778;L219;1488;75;75;64.0;FABBRICATO;Via Fratelli Garrone;67;45.0119429;7.6506028;Abitazione;Dal 1961 al 1970;Nessuno;Patrimonio indisponibile;Utilizzato direttamente;Altro;;;;1;False
698779;L219;1488;75;76;79.0;FABBRICATO;Via Fratelli Garrone;67;45.0119429;7.6506028;Abitazione;Dal 1961 al 1970;Nessuno;Patrimonio indisponibile;Utilizzato direttamente;Altro;;;;1;False
698780;L219;1488;75;77;60.0;FABBRICATO;Via Fratelli Garrone;67;45.0119429;7.6506028;Abitazione;Dal 1961 al 1970;Nessuno;Patrimonio indisponibile;Utilizzato direttamente;Altro;;;;1;False
698781;L219;1488;75;79;59.0;FABBRICATO;Via Fratelli Garrone;67;45.0119429;7.6506028;Abitazione;Dal 1961 al 1970;Nessuno;Patrimonio indisponibile;Utilizzato direttamente;Altro;;;;1;False
698782;L219;1488;75;8;82.0;FABBRICATO;Via Fratelli Garrone;67;45.0119429;7.6506028;Abitazione;Dal 1961 al 1970;Nessuno;Patrimonio indisponibile;Utilizzato direttamente;Altro;;;;1;False
698783;L219;1488;75;80;79.0;FABBRICATO;Via Fratelli Garrone;67;45.0119429;7.6506028;Abitazione;Dal 1961 al 1970;Nessuno;Patrimonio indisponibile;Utilizzato direttamente;Altro;;;;1;False
698784;L219;1488;75;9;63.0;FABBRICATO;Via Fratelli Garrone;67;45.0119429;7.6506028;Abitazione;Dal 1961 al 1970;Nessuno;Patrimonio indisponibile;Utilizzato direttamente;Altro;;;;1;False
698785;L219;1318;53;;277.0;FABBRICATO;Strada di Calleri;10;45.0600248;7.7393768;Edificio scolastico (es.: scuola di ogni ordine e grado, università, scuola di formazione);Prima del 1919;Nessuno;Patrimonio indisponibile;Non utilizzato;Non Dichiarato;;;;1;False
698786;L219;1319;82;1;509.5;FABBRICATO;Corso Chieri;136;45.0601345;7.740662;Edificio scolastico (es.: scuola di ogni ordine e grado, università, scuola di formazione);Prima del 1919;Dichiarazione di interesse culturale;Demanio;Utilizzato direttamente;Attività didattica;;;;1;False
698787;L219;1319;82;2;101.0;FABBRICATO;Corso Chieri;136;45.0601345;7.740662;Abitazione;Prima del 1919;Dichiarazione di interesse culturale;Demanio;Utilizzato direttamente;Alloggio di servizio, foresterie;;;;1;False
698788;L219;1319;82;3;90.0;FABBRICATO;Corso Chieri;136;45.0601345;7.740662;Abitazione;Prima del 1919;Dichiarazione di interesse culturale;Demanio;Utilizzato direttamente;Alloggio di servizio, foresterie;;;;1;False
698789;L219;1319;82;4;117.0;FABBRICATO;Corso Chieri;136;45.0601345;7.740662;Abitazione;Prima del 1919;Dichiarazione di interesse culturale;Demanio;Utilizzato direttamente;Alloggio di servizio, foresterie;;;;1;False
698790;L219;1329;176;1;98.0;FABBRICATO;STRADA COM. DI PECETTO;12;45.0516981;7.7191776;Abitazione;Prima del 1919;Dichiarazione di interesse culturale;Patrimonio indisponibile;Utilizzato direttamente;Alloggio di servizio, foresterie;;;;1;False
698791;L219;1329;176;2;1634.75;FABBRICATO;STRADA COM. DI PECETTO;12;45.0516981;7.7191776;Edificio scolastico (es.: scuola di ogni ordine e grado, università, scuola di formazione);Prima del 1919;Dichiarazione di interesse culturale;Patrimonio indisponibile;Utilizzato direttamente;Attività didattica;;;;1;False
698792;L219;1329;234;;37.0;FABBRICATO;Strada Comunale Santa Margherita;165;45.0527403;7.7170659;Edificio di culto e assimilabili;Prima del 1919;Nessuno;Patrimonio disponibile;Utilizzato direttamente;Attività di culto o assimilabili;;;;1;False
698796;L219;1330;239;3;14.0;FABBRICATO;strada del nobile;36;45.0527135;7.711586;Magazzino e locali di deposito;Dal 1919 al 1945;Nessuno;Patrimonio indisponibile;Utilizzato direttamente;Attività amministrativa/uffici pubblici;;;;1;False
698797;L219;1330;239;4;397.0;FABBRICATO;strada del nobile;36;45.0527135;7.711586;Magazzino e locali di deposito;Dal 1919 al 1945;Nessuno;Patrimonio indisponibile;Utilizzato direttamente;Attività amministrativa/uffici pubblici;;;;1;False
698798;L219;1331;29;3;183.0;FABBRICATO;Strada Comunale Santa Margherita;77;45.0562177;7.7087202;Abitazione;Prima del 1919;Dichiarazione di interesse culturale;Demanio;Utilizzato direttamente;Alloggio di servizio, foresterie;;;;1;False
698799;L219;1331;30;4;5.0;FABBRICATO;Strada Comunale Santa Margherita;77;45.0561044;7.7093509;Cantina, soffitta, rimessa, box, garage, posto auto aperto/scoperto,;Prima del 1919;Dichiarazione di interesse culturale;Demanio;Utilizzato direttamente;Attività didattica;;;;1;False
698800;L219;1331;30;5;14.0;FABBRICATO;Strada Comunale Santa Margherita;77;45.0561044;7.7093509;Cantina, soffitta, rimessa, box, garage, posto auto aperto/scoperto,;Prima del 1919;Dichiarazione di interesse culturale;Demanio;Utilizzato direttamente;Attività didattica;;;;1;False
698801;L219;1331;30;6;11.0;FABBRICATO;Strada Comunale Santa Margherita;77;45.0561044;7.7093509;Cantina, soffitta, rimessa, box, garage, posto auto aperto/scoperto,;Prima del 1919;Dichiarazione di interesse culturale;Demanio;Utilizzato direttamente;Attività didattica;;;;1;False
698802;L219;1331;30;7;13.0;FABBRICATO;Strada Comunale Santa Margherita;77;45.0561044;7.7093509;Cantina, soffitta, rimessa, box, garage, posto auto aperto/scoperto,;Prima del 1919;Dichiarazione di interesse culturale;Demanio;Utilizzato direttamente;Attività didattica;;;;1;False
698803;L219;1331;30;8;16.0;FABBRICATO;Strada Comunale Santa Margherita;77;45.0561044;7.7093509;Cantina, soffitta, rimessa, box, garage, posto auto aperto/scoperto,;Prima del 1919;Dichiarazione di interesse culturale;Demanio;Utilizzato direttamente;Attività didattica;;;;1;False
698804;L219;1331;30;9;1844.25;FABBRICATO;Strada Comunale Santa Margherita;77;45.0561044;7.7093509;Edificio scolastico (es.: scuola di ogni ordine e grado, università, scuola di formazione);Prima del 1919;Dichiarazione di interesse culturale;Demanio;Utilizzato direttamente;Attività didattica;;;;1;False
698805;L219;1334;104;3;74.0;FABBRICATO;corso moncalieri;61;45.0535467;7.6908862;Abitazione;Prima del 1919;Nessuno;Patrimonio indisponibile;;Non Dichiarato;in concessione a titolo oneroso;411.0;01/08/2021;1;False
698806;L219;1334;104;4;71.0;FABBRICATO;corso moncalieri;61;45.0535467;7.6908862;Impianto sportivo;Prima del 1919;Nessuno;Patrimonio indisponibile;;Non Dichiarato;in concessione a titolo oneroso;411.0;01/08/2021;1;False
698807;L219;1334;104;5;128.0;FABBRICATO;corso moncalieri;61;45.0535467;7.6908862;Abitazione;Prima del 1919;Nessuno;Patrimonio indisponibile;Utilizzato direttamente;Altro;;;;1;False
698808;L219;1334;104;6;88.0;FABBRICATO;corso moncalieri;61;45.0535467;7.6908862;Abitazione;Prima del 1919;Nessuno;Patrimonio indisponibile;Utilizzato direttamente;Altro;;;;1;False
698809;L219;1334;104;7;110.0;FABBRICATO;corso moncalieri;61;45.0535467;7.6908862;Abitazione;Prima del 1919;Nessuno;Patrimonio indisponibile;Utilizzato direttamente;Altro;;;;1;False
698810;L219;1334;104;8;84.0;FABBRICATO;corso moncalieri;61;45.0535467;7.6908862;Abitazione;Prima del 1919;Nessuno;Patrimonio indisponibile;Utilizzato direttamente;Altro;;;;1;False
698811;L219;1334;109;1;66.0;FABBRICATO;corso moncalieri;64;45.0537649;7.689781;Abitazione;Dal 1919 al 1945;Nessuno;Patrimonio indisponibile;Utilizzato direttamente;Alloggio di servizio, foresterie;;;;1;False
698812;L219;1334;109;2;171.0;FABBRICATO;corso moncalieri;64;45.0537649;7.689781;Impianto sportivo;Dal 1919 al 1945;Nessuno;Patrimonio indisponibile;Utilizzato direttamente;Attività sportiva, ricreativa e di intrattenimento;;;;1;False
698813;L219;1334;112;;850.0;FABBRICATO;corso moncalieri;80;45.0533015;7.6900927;Ufficio strutturato ed assimilabili;Prima del 1919;Dichiarazione di interesse culturale;Demanio;Utilizzato direttamente;Attività amministrativa/uffici pubblici;;;;1;False
698814;L219;1334;16;1;1265.0;FABBRICATO;via manara luciano;10;45.0561299;7.6938316;Edificio scolastico (es.: scuola di ogni ordine e grado, università, scuola di formazione);Prima del 1919;Dichiarazione di interesse culturale;Demanio;Utilizzato direttamente;Attività didattica;;;;1;False
698815;L219;1334;16;2;64.0;FABBRICATO;via manara luciano;10;45.0561299;7.6938316;Abitazione;Prima del 1919;Dichiarazione di interesse culturale;Demanio;Utilizzato direttamente;Alloggio di servizio, foresterie;;;;1;False
698817;L219;1334;21;4;81.0;FABBRICATO;Via Mentana;14;45.0558633;7.6928851;Abitazione;Dal 1971 al 1980;Nessuno;Patrimonio indisponibile;Utilizzato direttamente;Alloggio di servizio, foresterie;;;;1;False
698818;L219;1334;21;5;4.0;FABBRICATO;Via Mentana;14;45.0558633;7.6928851;Cantina, soffitta, rimessa, box, garage, posto auto aperto/scoperto,;Dal 1971 al 1980;Nessuno;Patrimonio indisponibile;Utilizzato direttamente;Attività didattica;;;;1;False
698819;L219;1334;21;6;4.0;FABBRICATO;Via Mentana;14;45.0558633;7.6928851;Cantina, soffitta, rimessa, box, garage, posto auto aperto/scoperto,;Dal 1971 al 1980;Nessuno;Patrimonio indisponibile;Utilizzato direttamente;Attività didattica;;;;1;False
698820;L219;1334;8;;523.2;FABBRICATO;corso moncalieri;48;45.0561321;7.6918593;Struttura residenziale collettiva (es.: collegi e convitti, educandati, ricoveri, orfanotrofi, ospizi, conventi, seminari);Prima del 1919;Dichiarazione di interesse culturale;Demanio;Utilizzato direttamente;Attività didattica;;;;1;False
698822;L219;1335;14;2;120.0;FABBRICATO;Viale Umberto Cagni;37;45.0555059;7.6887424;Locale commerciale, negozio;Dal 1946 al 1960;Nessuno;Patrimonio indisponibile;;Non Dichiarato;in concessione a titolo oneroso;33456.0;01/04/2021;1;False
698824;L219;1336;32;;657.0;FABBRICATO;Viale Virgilio;61;45.0528995;7.6867851;Impianto sportivo;Prima del 1919;Dichiarazione di interesse culturale;Demanio;Utilizzato direttamente;Attività sportiva, ricreativa e di intrattenimento;;;;1;False
698825;L219;1336;36;3;2294.0;FABBRICATO;Viale Carlo Ceppi;5;45.0525921;7.6848724;Impianto sportivo;Prima del 1919;Nessuno;Patrimonio indisponibile;Utilizzato direttamente;Attività sportiva, ricreativa e di intrattenimento;;;;1;False
698826;L219;1336;36;4;82.0;FABBRICATO;Viale Carlo Ceppi;5;45.0525921;7.6848724;Abitazione;Prima del 1919;Nessuno;Patrimonio indisponibile;Utilizzato direttamente;Alloggio di servizio, foresterie;;;;1;False
698827;L219;1336;36;5;59.0;FABBRICATO;Viale Carlo Ceppi;5;45.0525921;7.6848724;Impianto sportivo;Prima del 1919;Nessuno;Patrimonio indisponibile;Utilizzato direttamente;Attività sportiva, ricreativa e di intrattenimento;;;;1;False
698828;L219;1336;36;8;68.0;FABBRICATO;Viale Carlo Ceppi;5;45.0525921;7.6848724;Impianto sportivo;Prima del 1919;Nessuno;Patrimonio indisponibile;Utilizzato direttamente;Attività sportiva, ricreativa e di intrattenimento;;;;1;False
698829;L219;1488;76;1;62.0;FABBRICATO;Via Fratelli Garrone;63;45.0117341;7.6511606;Abitazione;Dal 1961 al 1970;Nessuno;Patrimonio indisponibile;Utilizzato direttamente;Altro;;;;1;False
698830;L219;1488;76;100;78.0;FABBRICATO;Via Fratelli Garrone;63;45.0117341;7.6511606;Abitazione;Dal 1961 al 1970;Nessuno;Patrimonio indisponibile;Utilizzato direttamente;Altro;;;;1;False
698831;L219;1488;76;101;60.0;FABBRICATO;Via Fratelli Garrone;63;45.0117341;7.6511606;Abitazione;Dal 1961 al 1970;Nessuno;Patrimonio indisponibile;Utilizzato direttamente;Altro;;;;1;False
698832;L219;1488;76;102;75.0;FABBRICATO;Via Fratelli Garrone;63;45.0117341;7.6511606;Abitazione;Dal 1961 al 1970;Nessuno;Patrimonio indisponibile;Utilizzato direttamente;Altro;;;;1;False
698833;L219;1488;76;103;60.0;FABBRICATO;Via Fratelli Garrone;63;45.0117341;7.6511606;Abitazione;Dal 1961 al 1970;Nessuno;Patrimonio indisponibile;Utilizzato direttamente;Altro;;;;1;False
698834;L219;1488;76;104;76.0;FABBRICATO;Via Fratelli Garrone;63;45.0117341;7.6511606;Abitazione;Dal 1961 al 1970;Nessuno;Patrimonio indisponibile;Utilizzato direttamente;Altro;;;;1;False
698835;L219;1488;76;105;58.0;FABBRICATO;Via Fratelli Garrone;63;45.0117341;7.6511606;Abitazione;Dal 1961 al 1970;Nessuno;Patrimonio indisponibile;Utilizzato direttamente;Altro;;;;1;False
698836;L219;1488;76;106;77.0;FABBRICATO;Via Fratelli Garrone;63;45.0117341;7.6511606;Abitazione;Dal 1961 al 1970;Nessuno;Patrimonio indisponibile;Utilizzato direttamente;Altro;;;;1;False
698837;L219;1488;76;107;59.0;FABBRICATO;Via Fratelli Garrone;63;45.0117341;7.6511606;Abitazione;Dal 1961 al 1970;Nessuno;Patrimonio indisponibile;Utilizzato direttamente;Altro;;;;1;False
698838;L219;1488;76;108;75.0;FABBRICATO;Via Fratelli Garrone;63;45.0117341;7.6511606;Abitazione;Dal 1961 al 1970;Nessuno;Patrimonio indisponibile;Utilizzato direttamente;Altro;;;;1;False
698839;L219;1488;76;109;60.0;FABBRICATO;Via Fratelli Garrone;63;45.0117341;7.6511606;Abitazione;Dal 1961 al 1970;Nessuno;Patrimonio indisponibile;Utilizzato direttamente;Altro;;;;1;False
698840;L219;1488;76;11;61.0;FABBRICATO;Via Fratelli Garrone;63;45.0117341;7.6511606;Abitazione;Dal 1961 al 1970;Nessuno;Patrimonio indisponibile;Utilizzato direttamente;Altro;;;;1;False
698841;L219;1488;76;110;76.0;FABBRICATO;Via Fratelli Garrone;63;45.0117341;7.6511606;Abitazione;Dal 1961 al 1970;Nessuno;Patrimonio indisponibile;Utilizzato direttamente;Altro;;;;1;False
698842;L219;1488;76;111;60.0;FABBRICATO;Via Fratelli Garrone;63;45.0117341;7.6511606;Abitazione;Dal 1961 al 1970;Nessuno;Patrimonio indisponibile;Utilizzato direttamente;Altro;;;;1;False
698843;L219;1488;76;112;75.0;FABBRICATO;Via Fratelli Garrone;63;45.0117341;7.6511606;Abitazione;Dal 1961 al 1970;Nessuno;Patrimonio indisponibile;Utilizzato direttamente;Altro;;;;1;False
698844;L219;1488;76;113;59.0;FABBRICATO;Via Fratelli Garrone;63;45.0117341;7.6511606;Abitazione;Dal 1961 al 1970;Nessuno;Patrimonio indisponibile;Utilizzato direttamente;Altro;;;;1;False
698845;L219;1488;76;114;76.0;FABBRICATO;Via Fratelli Garrone;63;45.0117341;7.6511606;Abitazione;Dal 1961 al 1970;Nessuno;Patrimonio indisponibile;Utilizzato direttamente;Altro;;;;1;False
698846;L219;1488;76;115;60.0;FABBRICATO;Via Fratelli Garrone;63;45.0117341;7.6511606;Abitazione;Dal 1961 al 1970;Nessuno;Patrimonio indisponibile;Utilizzato direttamente;Altro;;;;1;False
698847;L219;1488;76;116;79.0;FABBRICATO;Via Fratelli Garrone;63;45.0117341;7.6511606;Abitazione;Dal 1961 al 1970;Nessuno;Patrimonio indisponibile;Utilizzato direttamente;Altro;;;;1;False
698848;L219;1488;76;117;60.0;FABBRICATO;Via Fratelli Garrone;63;45.0117341;7.6511606;Abitazione;Dal 1961 al 1970;Nessuno;Patrimonio indisponibile;Utilizzato direttamente;Altro;;;;1;False
698849;L219;1488;76;118;77.0;FABBRICATO;Via Fratelli Garrone;63;45.0117341;7.6511606;Abitazione;Dal 1961 al 1970;Nessuno;Patrimonio indisponibile;Utilizzato direttamente;Altro;;;;1;False
698850;L219;1488;76;119;60.0;FABBRICATO;Via Fratelli Garrone;63;45.0117341;7.6511606;Abitazione;Dal 1961 al 1970;Nessuno;Patrimonio indisponibile;Utilizzato direttamente;Altro;;;;1;False
698851;L219;1488;76;12;79.0;FABBRICATO;Via Fratelli Garrone;63;45.0117341;7.6511606;Abitazione;Dal 1961 al 1970;Nessuno;Patrimonio indisponibile;Utilizzato direttamente;Altro;;;;1;False
698852;L219;1488;76;120;78.0;FABBRICATO;Via Fratelli Garrone;63;45.0117341;7.6511606;Abitazione;Dal 1961 al 1970;Nessuno;Patrimonio indisponibile;Utilizzato direttamente;Altro;;;;1;False
698853;L219;1488;76;13;61.0;FABBRICATO;Via Fratelli Garrone;63;45.0117341;7.6511606;Abitazione;Dal 1961 al 1970;Nessuno;Patrimonio indisponibile;Utilizzato direttamente;Altro;;;;1;False
698854;L219;1488;76;14;78.0;FABBRICATO;Via Fratelli Garrone;63;45.0117341;7.6511606;Abitazione;Dal 1961 al 1970;Nessuno;Patrimonio indisponibile;Utilizzato direttamente;Altro;;;;1;False
698855;L219;1488;76;15;61.0;FABBRICATO;Via Fratelli Garrone;63;45.0117341;7.6511606;Abitazione;Dal 1961 al 1970;Nessuno;Patrimonio indisponibile;Utilizzato direttamente;Altro;;;;1;False
698856;L219;1488;76;16;80.0;FABBRICATO;Via Fratelli Garrone;63;45.0117341;7.6511606;Abitazione;Dal 1961 al 1970;Nessuno;Patrimonio indisponibile;Utilizzato direttamente;Altro;;;;1;False
698857;L219;1488;76;17;61.0;FABBRICATO;Via Fratelli Garrone;63;45.0117341;7.6511606;Abitazione;Dal 1961 al 1970;Nessuno;Patrimonio indisponibile;Utilizzato direttamente;Altro;;;;1;False
698858;L219;1488;76;18;78.0;FABBRICATO;Via Fratelli Garrone;63;45.0117341;7.6511606;Abitazione;Dal 1961 al 1970;Nessuno;Patrimonio indisponibile;Utilizzato direttamente;Altro;;;;1;False
698859;L219;1488;76;19;61.0;FABBRICATO;Via Fratelli Garrone;63;45.0117341;7.6511606;Abitazione;Dal 1961 al 1970;Nessuno;Patrimonio indisponibile;Utilizzato direttamente;Altro;;;;1;False
698860;L219;1488;76;222;83.0;FABBRICATO;Via Fratelli Garrone;63;45.0117341;7.6511606;Abitazione;Dal 1961 al 1970;Nessuno;Patrimonio indisponibile;Utilizzato direttamente;Altro;;;;1;False
698861;L219;1488;76;223;82.0;FABBRICATO;Via Fratelli Garrone;63;45.0117341;7.6511606;Abitazione;Dal 1961 al 1970;Nessuno;Patrimonio indisponibile;Utilizzato direttamente;Altro;;;;1;False
698862;L219;1488;76;224;83.0;FABBRICATO;Via Fratelli Garrone;63;45.0117341;7.6511606;Abitazione;Dal 1961 al 1970;Nessuno;Patrimonio indisponibile;Utilizzato direttamente;Altro;;;;1;False
698863;L219;1488;76;225;65.0;FABBRICATO;Via Fratelli Garrone;63;45.0117341;7.6511606;Abitazione;Dal 1961 al 1970;Nessuno;Patrimonio indisponibile;Utilizzato direttamente;Altro;;;;1;False
698864;L219;1488;76;226;83.0;FABBRICATO;Via Fratelli Garrone;63;45.0117341;7.6511606;Abitazione;Dal 1961 al 1970;Nessuno;Patrimonio indisponibile;Utilizzato direttamente;Altro;;;;1;False
698865;L219;1488;76;227;65.0;FABBRICATO;Via Fratelli Garrone;63;45.0117341;7.6511606;Abitazione;Dal 1961 al 1970;Nessuno;Patrimonio indisponibile;Utilizzato direttamente;Altro;;;;1;False
698866;L219;1488;76;228;65.0;FABBRICATO;Via Fratelli Garrone;63;45.0117341;7.6511606;Abitazione;Dal 1961 al 1970;Nessuno;Patrimonio indisponibile;Utilizzato direttamente;Altro;;;;1;False
698867;L219;1488;76;229;65.0;FABBRICATO;Via Fratelli Garrone;63;45.0117341;7.6511606;Abitazione;Dal 1961 al 1970;Nessuno;Patrimonio indisponibile;Utilizzato direttamente;Altro;;;;1;False
698868;L219;1488;76;23;63.0;FABBRICATO;Via Fratelli Garrone;63;45.0117341;7.6511606;Abitazione;Dal 1961 al 1970;Nessuno;Patrimonio indisponibile;Utilizzato direttamente;Altro;;;;1;False
698869;L219;1488;76;230;87.0;FABBRICATO;Via Fratelli Garrone;63;45.0117341;7.6511606;Abitazione;Dal 1961 al 1970;Nessuno;Patrimonio indisponibile;Utilizzato direttamente;Altro;;;;1;False
698870;L219;1488;76;231;86.0;FABBRICATO;Via Fratelli Garrone;63;45.0117341;7.6511606;Abitazione;Dal 1961 al 1970;Nessuno;Patrimonio indisponibile;Utilizzato direttamente;Altro;;;;1;False
698871;L219;1488;76;232;65.0;FABBRICATO;Via Fratelli Garrone;63;45.0117341;7.6511606;Abitazione;Dal 1961 al 1970;Nessuno;Patrimonio indisponibile;Utilizzato direttamente;Altro;;;;1;False
698872;L219;1488;76;233;65.0;FABBRICATO;Via Fratelli Garrone;63;45.0117341;7.6511606;Abitazione;Dal 1961 al 1970;Nessuno;Patrimonio indisponibile;Utilizzato direttamente;Altro;;;;1;False
698873;L219;1488;76;235;83.0;FABBRICATO;Via Fratelli Garrone;63;45.0117341;7.6511606;Abitazione;Dal 1961 al 1970;Nessuno;Patrimonio indisponibile;Utilizzato direttamente;Altro;;;;1;False
698874;L219;1488;76;24;78.0;FABBRICATO;Via Fratelli Garrone;63;45.0117341;7.6511606;Abitazione;Dal 1961 al 1970;Nessuno;Patrimonio indisponibile;Utilizzato direttamente;Altro;;;;1;False
698875;L219;1488;76;25;59.0;FABBRICATO;Via Fratelli Garrone;63;45.0117341;7.6511606;Abitazione;Dal 1961 al 1970;Nessuno;Patrimonio indisponibile;Utilizzato direttamente;Altro;;;;1;False
698876;L219;1488;76;26;79.0;FABBRICATO;Via Fratelli Garrone;63;45.0117341;7.6511606;Abitazione;Dal 1961 al 1970;Nessuno;Patrimonio indisponibile;Utilizzato direttamente;Altro;;;;1;False
698877;L219;1488;76;27;60.0;FABBRICATO;Via Fratelli Garrone;63;45.0117341;7.6511606;Abitazione;Dal 1961 al 1970;Nessuno;Patrimonio indisponibile;Utilizzato direttamente;Altro;;;;1;False
698878;L219;1488;76;28;77.0;FABBRICATO;Via Fratelli Garrone;63;45.0117341;7.6511606;Abitazione;Dal 1961 al 1970;Nessuno;Patrimonio indisponibile;Utilizzato direttamente;Altro;;;;1;False
698879;L219;1488;76;29;62.0;FABBRICATO;Via Fratelli Garrone;63;45.0117341;7.6511606;Abitazione;Dal 1961 al 1970;Nessuno;Patrimonio indisponibile;Utilizzato direttamente;Altro;;;;1;False
698880;L219;1488;76;3;61.0;FABBRICATO;Via Fratelli Garrone;63;45.0117341;7.6511606;Abitazione;Dal 1961 al 1970;Nessuno;Patrimonio indisponibile;Utilizzato direttamente;Altro;;;;1;False
698881;L219;1488;76;30;78.0;FABBRICATO;Via Fratelli Garrone;63;45.0117341;7.6511606;Abitazione;Dal 1961 al 1970;Nessuno;Patrimonio indisponibile;Utilizzato direttamente;Altro;;;;1;False
698882;L219;1488;76;31;61.0;FABBRICATO;Via Fratelli Garrone;63;45.0117341;7.6511606;Abitazione;Dal 1961 al 1970;Nessuno;Patrimonio indisponibile;Utilizzato direttamente;Altro;;;;1;False
698883;L219;1488;76;32;78.0;FABBRICATO;Via Fratelli Garrone;63;45.0117341;7.6511606;Abitazione;Dal 1961 al 1970;Nessuno;Patrimonio indisponibile;Utilizzato direttamente;Altro;;;;1;False
698884;L219;1488;76;33;60.0;FABBRICATO;Via Fratelli Garrone;63;45.0117341;7.6511606;Abitazione;Dal 1961 al 1970;Nessuno;Patrimonio indisponibile;Utilizzato direttamente;Altro;;;;1;False
698885;L219;1488;76;34;78.0;FABBRICATO;Via Fratelli Garrone;63;45.0117341;7.6511606;Abitazione;Dal 1961 al 1970;Nessuno;Patrimonio indisponibile;Utilizzato direttamente;Altro;;;;1;False
698886;L219;1488;76;35;61.0;FABBRICATO;Via Fratelli Garrone;63;45.0117341;7.6511606;Abitazione;Dal 1961 al 1970;Nessuno;Patrimonio indisponibile;Utilizzato direttamente;Altro;;;;1;False
698887;L219;1488;76;36;79.0;FABBRICATO;Via Fratelli Garrone;63;45.0117341;7.6511606;Abitazione;Dal 1961 al 1970;Nessuno;Patrimonio indisponibile;Utilizzato direttamente;Altro;;;;1;False
698888;L219;1488;76;37;62.0;FABBRICATO;Via Fratelli Garrone;63;45.0117341;7.6511606;Abitazione;Dal 1961 al 1970;Nessuno;Patrimonio indisponibile;Utilizzato direttamente;Altro;;;;1;False
698889;L219;1488;76;38;78.0;FABBRICATO;Via Fratelli Garrone;63;45.0117341;7.6511606;Abitazione;Dal 1961 al 1970;Nessuno;Patrimonio indisponibile;Utilizzato direttamente;Altro;;;;1;False
698890;L219;1488;76;39;62.0;FABBRICATO;Via Fratelli Garrone;63;45.0117341;7.6511606;Abitazione;Dal 1961 al 1970;Nessuno;Patrimonio indisponibile;Utilizzato direttamente;Altro;;;;1;False
698891;L219;1488;76;4;80.0;FABBRICATO;Via Fratelli Garrone;63;45.0117341;7.6511606;Abitazione;Dal 1961 al 1970;Nessuno;Patrimonio indisponibile;Utilizzato direttamente;Altro;;;;1;False
698892;L219;1488;76;40;80.0;FABBRICATO;Via Fratelli Garrone;63;45.0117341;7.6511606;Abitazione;Dal 1961 al 1970;Nessuno;Patrimonio indisponibile;Utilizzato direttamente;Altro;;;;1;False
698893;L219;1488;76;41;61.0;FABBRICATO;Via Fratelli Garrone;63;45.0117341;7.6511606;Abitazione;Dal 1961 al 1970;Nessuno;Patrimonio indisponibile;Utilizzato direttamente;Altro;;;;1;False
698894;L219;1488;76;42;78.0;FABBRICATO;Via Fratelli Garrone;63;45.0117341;7.6511606;Abitazione;Dal 1961 al 1970;Nessuno;Patrimonio indisponibile;Utilizzato direttamente;Altro;;;;1;False
698895;L219;1488;76;43;61.0;FABBRICATO;Via Fratelli Garrone;63;45.0117341;7.6511606;Abitazione;Dal 1961 al 1970;Nessuno;Patrimonio indisponibile;Utilizzato direttamente;Altro;;;;1;False
698896;L219;1488;76;44;77.0;FABBRICATO;Via Fratelli Garrone;63;45.0117341;7.6511606;Abitazione;Dal 1961 al 1970;Nessuno;Patrimonio indisponibile;Utilizzato direttamente;Altro;;;;1;False
698897;L219;1488;76;46;78.0;FABBRICATO;Via Fratelli Garrone;63;45.0117341;7.6511606;Abitazione;Dal 1961 al 1970;Nessuno;Patrimonio indisponibile;Utilizzato direttamente;Altro;;;;1;False
698898;L219;1488;76;47;60.0;FABBRICATO;Via Fratelli Garrone;63;45.0117341;7.6511606;Abitazione;Dal 1961 al 1970;Nessuno;Patrimonio indisponibile;Utilizzato direttamente;Altro;;;;1;False
698899;L219;1488;76;48;78.0;FABBRICATO;Via Fratelli Garrone;63;45.0117341;7.6511606;Abitazione;Dal 1961 al 1970;Nessuno;Patrimonio indisponibile;Utilizzato direttamente;Altro;;;;1;False
698900;L219;1488;76;49;62.0;FABBRICATO;Via Fratelli Garrone;63;45.0117341;7.6511606;Abitazione;Dal 1961 al 1970;Nessuno;Patrimonio indisponibile;Utilizzato direttamente;Altro;;;;1;False
698901;L219;1488;76;5;61.0;FABBRICATO;Via Fratelli Garrone;63;45.0117341;7.6511606;Abitazione;Dal 1961 al 1970;Nessuno;Patrimonio indisponibile;Utilizzato direttamente;Altro;;;;1;False
698902;L219;1488;76;51;60.0;FABBRICATO;Via Fratelli Garrone;63;45.0117341;7.6511606;Abitazione;Dal 1961 al 1970;Nessuno;Patrimonio indisponibile;Utilizzato direttamente;Altro;;;;1;False
698903;L219;1488;76;52;78.0;FABBRICATO;Via Fratelli Garrone;63;45.0117341;7.6511606;Abitazione;Dal 1961 al 1970;Nessuno;Patrimonio indisponibile;Utilizzato direttamente;Altro;;;;1;False
698904;L219;1488;76;53;60.0;FABBRICATO;Via Fratelli Garrone;63;45.0117341;7.6511606;Abitazione;Dal 1961 al 1970;Nessuno;Patrimonio indisponibile;Utilizzato direttamente;Altro;;;;1;False
698905;L219;1488;76;54;78.0;FABBRICATO;Via Fratelli Garrone;63;45.0117341;7.6511606;Abitazione;Dal 1961 al 1970;Nessuno;Patrimonio indisponibile;Utilizzato direttamente;Altro;;;;1;False
698906;L219;1488;76;55;60.0;FABBRICATO;Via Fratelli Garrone;63;45.0117341;7.6511606;Abitazione;Dal 1961 al 1970;Nessuno;Patrimonio indisponibile;Utilizzato direttamente;Altro;;;;1;False
698907;L219;1488;76;56;80.0;FABBRICATO;Via Fratelli Garrone;63;45.0117341;7.6511606;Abitazione;Dal 1961 al 1970;Nessuno;Patrimonio indisponibile;Utilizzato direttamente;Altro;;;;1;False
698908;L219;1488;76;57;61.0;FABBRICATO;Via Fratelli Garrone;63;45.0117341;7.6511606;Abitazione;Dal 1961 al 1970;Nessuno;Patrimonio indisponibile;Utilizzato direttamente;Altro;;;;1;False
698909;L219;1488;76;58;78.0;FABBRICATO;Via Fratelli Garrone;63;45.0117341;7.6511606;Abitazione;Dal 1961 al 1970;Nessuno;Patrimonio indisponibile;Utilizzato direttamente;Altro;;;;1;False
698910;L219;1488;76;59;62.0;FABBRICATO;Via Fratelli Garrone;63;45.0117341;7.6511606;Abitazione;Dal 1961 al 1970;Nessuno;Patrimonio indisponibile;Utilizzato direttamente;Altro;;;;1;False
698911;L219;1488;76;6;79.0;FABBRICATO;Via Fratelli Garrone;63;45.0117341;7.6511606;Abitazione;Dal 1961 al 1970;Nessuno;Patrimonio indisponibile;Utilizzato direttamente;Altro;;;;1;False
698912;L219;1488;76;60;79.0;FABBRICATO;Via Fratelli Garrone;63;45.0117341;7.6511606;Abitazione;Dal 1961 al 1970;Nessuno;Patrimonio indisponibile;Utilizzato direttamente;Altro;;;;1;False
698913;L219;1488;76;61;61.0;FABBRICATO;Via Fratelli Garrone;63;45.0117341;7.6511606;Abitazione;Dal 1961 al 1970;Nessuno;Patrimonio indisponibile;Utilizzato direttamente;Altro;;;;1;False
698914;L219;1488;76;62;76.0;FABBRICATO;Via Fratelli Garrone;63;45.0117341;7.6511606;Abitazione;Dal 1961 al 1970;Nessuno;Patrimonio indisponibile;Utilizzato direttamente;Altro;;;;1;False
698915;L219;1488;76;64;75.0;FABBRICATO;Via Fratelli Garrone;63;45.0117341;7.6511606;Abitazione;Dal 1961 al 1970;Nessuno;Patrimonio indisponibile;Utilizzato direttamente;Altro;;;;1;False
698916;L219;1488;76;65;60.0;FABBRICATO;Via Fratelli Garrone;63;45.0117341;7.6511606;Abitazione;Dal 1961 al 1970;Nessuno;Patrimonio indisponibile;Utilizzato direttamente;Altro;;;;1;False
698917;L219;1488;76;66;77.0;FABBRICATO;Via Fratelli Garrone;63;45.0117341;7.6511606;Abitazione;Dal 1961 al 1970;Nessuno;Patrimonio indisponibile;Utilizzato direttamente;Altro;;;;1;False
698918;L219;1488;76;67;61.0;FABBRICATO;Via Fratelli Garrone;63;45.0117341;7.6511606;Abitazione;Dal 1961 al 1970;Nessuno;Patrimonio indisponibile;Utilizzato direttamente;Altro;;;;1;False
698919;L219;1488;76;68;75.0;FABBRICATO;Via Fratelli Garrone;63;45.0117341;7.6511606;Abitazione;Dal 1961 al 1970;Nessuno;Patrimonio indisponibile;Utilizzato direttamente;Altro;;;;1;False
698920;L219;1488;76;7;61.0;FABBRICATO;Via Fratelli Garrone;63;45.0117341;7.6511606;Abitazione;Dal 1961 al 1970;Nessuno;Patrimonio indisponibile;Utilizzato direttamente;Altro;;;;1;False
698921;L219;1488;76;71;60.0;FABBRICATO;Via Fratelli Garrone;63;45.0117341;7.6511606;Abitazione;Dal 1961 al 1970;Nessuno;Patrimonio indisponibile;Utilizzato direttamente;Altro;;;;1;False
698922;L219;1488;76;72;77.0;FABBRICATO;Via Fratelli Garrone;63;45.0117341;7.6511606;Abitazione;Dal 1961 al 1970;Nessuno;Patrimonio indisponibile;Utilizzato direttamente;Altro;;;;1;False
698923;L219;1488;76;73;59.0;FABBRICATO;Via Fratelli Garrone;63;45.0117341;7.6511606;Abitazione;Dal 1961 al 1970;Nessuno;Patrimonio indisponibile;Utilizzato direttamente;Altro;;;;1;False
698924;L219;1488;76;74;76.0;FABBRICATO;Via Fratelli Garrone;63;45.0117341;7.6511606;Abitazione;Dal 1961 al 1970;Nessuno;Patrimonio indisponibile;Utilizzato direttamente;Altro;;;;1;False
698925;L219;1488;76;75;58.0;FABBRICATO;Via Fratelli Garrone;63;45.0117341;7.6511606;Abitazione;Dal 1961 al 1970;Nessuno;Patrimonio indisponibile;Utilizzato direttamente;Altro;;;;1;False
698926;L219;1488;76;76;78.0;FABBRICATO;Via Fratelli Garrone;63;45.0117341;7.6511606;Abitazione;Dal 1961 al 1970;Nessuno;Patrimonio indisponibile;Utilizzato direttamente;Altro;;;;1;False
698927;L219;1488;76;77;61.0;FABBRICATO;Via Fratelli Garrone;63;45.0117341;7.6511606;Abitazione;Dal 1961 al 1970;Nessuno;Patrimonio indisponibile;Utilizzato direttamente;Altro;;;;1;False
698928;L219;1488;76;79;116.0;FABBRICATO;Via Fratelli Garrone;63;45.0117341;7.6511606;Abitazione;Dal 1961 al 1970;Nessuno;Patrimonio indisponibile;Utilizzato direttamente;Altro;;;;1;False
698929;L219;1488;76;8;78.0;FABBRICATO;Via Fratelli Garrone;63;45.0117341;7.6511606;Abitazione;Dal 1961 al 1970;Nessuno;Patrimonio indisponibile;Utilizzato direttamente;Altro;;;;1;False
698930;L219;1488;76;80;79.0;FABBRICATO;Via Fratelli Garrone;63;45.0117341;7.6511606;Abitazione;Dal 1961 al 1970;Nessuno;Patrimonio indisponibile;Utilizzato direttamente;Altro;;;;1;False
698931;L219;1488;76;81;60.0;FABBRICATO;Via Fratelli Garrone;63;45.0117341;7.6511606;Abitazione;Dal 1961 al 1970;Nessuno;Patrimonio indisponibile;Utilizzato direttamente;Altro;;;;1;False
698932;L219;1488;76;82;76.0;FABBRICATO;Via Fratelli Garrone;63;45.0117341;7.6511606;Abitazione;Dal 1961 al 1970;Nessuno;Patrimonio indisponibile;Utilizzato direttamente;Altro;;;;1;False
698933;L219;1488;76;84;76.0;FABBRICATO;Via Fratelli Garrone;63;45.0117341;7.6511606;Abitazione;Dal 1961 al 1970;Nessuno;Patrimonio indisponibile;Utilizzato direttamente;Altro;;;;1;False
698934;L219;1488;76;85;59.0;FABBRICATO;Via Fratelli Garrone;63;45.0117341;7.6511606;Abitazione;Dal 1961 al 1970;Nessuno;Patrimonio indisponibile;Utilizzato direttamente;Altro;;;;1;False
698935;L219;1488;76;86;76.0;FABBRICATO;Via Fratelli Garrone;63;45.0117341;7.6511606;Abitazione;Dal 1961 al 1970;Nessuno;Patrimonio indisponibile;Utilizzato direttamente;Altro;;;;1;False
698936;L219;1488;76;87;59.0;FABBRICATO;Via Fratelli Garrone;63;45.0117341;7.6511606;Abitazione;Dal 1961 al 1970;Nessuno;Patrimonio indisponibile;Utilizzato direttamente;Altro;;;;1;False
698937;L219;1488;76;88;75.0;FABBRICATO;Via Fratelli Garrone;63;45.0117341;7.6511606;Abitazione;Dal 1961 al 1970;Nessuno;Patrimonio indisponibile;Utilizzato direttamente;Altro;;;;1;False
698938;L219;1488;76;89;60.0;FABBRICATO;Via Fratelli Garrone;63;45.0117341;7.6511606;Abitazione;Dal 1961 al 1970;Nessuno;Patrimonio indisponibile;Utilizzato direttamente;Altro;;;;1;False
698939;L219;1488;76;9;62.0;FABBRICATO;Via Fratelli Garrone;63;45.0117341;7.6511606;Abitazione;Dal 1961 al 1970;Nessuno;Patrimonio indisponibile;Utilizzato direttamente;Altro;;;;1;False
698940;L219;1488;76;90;75.0;FABBRICATO;Via Fratelli Garrone;63;45.0117341;7.6511606;Abitazione;Dal 1961 al 1970;Nessuno;Patrimonio indisponibile;Utilizzato direttamente;Altro;;;;1;False
698941;L219;1488;76;91;60.0;FABBRICATO;Via Fratelli Garrone;63;45.0117341;7.6511606;Abitazione;Dal 1961 al 1970;Nessuno;Patrimonio indisponibile;Utilizzato direttamente;Altro;;;;1;False
698942;L219;1488;76;92;75.0;FABBRICATO;Via Fratelli Garrone;63;45.0117341;7.6511606;Abitazione;Dal 1961 al 1970;Nessuno;Patrimonio indisponibile;Utilizzato direttamente;Altro;;;;1;False
698943;L219;1488;76;93;59.0;FABBRICATO;Via Fratelli Garrone;63;45.0117341;7.6511606;Abitazione;Dal 1961 al 1970;Nessuno;Patrimonio indisponibile;Utilizzato direttamente;Altro;;;;1;False
698944;L219;1488;76;94;75.0;FABBRICATO;Via Fratelli Garrone;63;45.0117341;7.6511606;Abitazione;Dal 1961 al 1970;Nessuno;Patrimonio indisponibile;Utilizzato direttamente;Altro;;;;1;False
698945;L219;1488;76;95;58.0;FABBRICATO;Via Fratelli Garrone;63;45.0117341;7.6511606;Abitazione;Dal 1961 al 1970;Nessuno;Patrimonio indisponibile;Utilizzato direttamente;Altro;;;;1;False
698946;L219;1488;76;96;78.0;FABBRICATO;Via Fratelli Garrone;63;45.0117341;7.6511606;Abitazione;Dal 1961 al 1970;Nessuno;Patrimonio indisponibile;Utilizzato direttamente;Altro;;;;1;False
698947;L219;1488;76;98;77.0;FABBRICATO;Via Fratelli Garrone;63;45.0117341;7.6511606;Abitazione;Dal 1961 al 1970;Nessuno;Patrimonio indisponibile;Utilizzato direttamente;Altro;;;;1;False
698948;L219;1488;76;99;60.0;FABBRICATO;Via Fratelli Garrone;63;45.0117341;7.6511606;Abitazione;Dal 1961 al 1970;Nessuno;Patrimonio indisponibile;Utilizzato direttamente;Altro;;;;1;False
698949;L219;1336;46;1;28.0;FABBRICATO;VIALE BOIARDO MATTEO MARIA;SNC;45.0495889;7.6829762;Cantina, soffitta, rimessa, box, garage, posto auto aperto/scoperto,;Dal 1961 al 1970;Nessuno;Patrimonio indisponibile;Utilizzato direttamente;Attività amministrativa/uffici pubblici;;;;1;False
698951;L219;1337;158;1;142.29;FABBRICATO;Via Federico Campana;30;45.05378624;7.68205435;Ufficio strutturato ed assimilabili;Prima del 1919;Nessuno;Patrimonio indisponibile;Utilizzato direttamente;Attività amministrativa/uffici pubblici;;;;1;False
698952;L219;1337;158;2;884.86;FABBRICATO;Via Ormea;45;45.05378624;7.68205435;Ufficio strutturato ed assimilabili;Prima del 1919;Nessuno;Patrimonio indisponibile;Utilizzato direttamente;Attività amministrativa/uffici pubblici;;;;1;False
698953;L219;1337;158;3;1145.43;FABBRICATO;Via Ormea;45;45.05378624;7.68205435;Ufficio strutturato ed assimilabili;Prima del 1919;Nessuno;Patrimonio indisponibile;Utilizzato direttamente;Attività amministrativa/uffici pubblici;;;;1;False
698954;L219;1337;18;1;7996.25;FABBRICATO;corso marconi guglielmo;28;45.05516022;7.68174818;Edificio scolastico (es.: scuola di ogni ordine e grado, università, scuola di formazione);Prima del 1919;Dichiarazione di interesse culturale;Demanio;Utilizzato direttamente;Attività didattica;;;;1;False
698955;L219;1337;18;10;117.0;FABBRICATO;corso marconi guglielmo;28;45.05516022;7.68174818;Abitazione;Prima del 1919;Dichiarazione di interesse culturale;Demanio;Utilizzato direttamente;Alloggio di servizio, foresterie;;;;1;False
698956;L219;1337;18;2;6498.5;FABBRICATO;corso marconi guglielmo;28;45.05516022;7.68174818;Edificio scolastico (es.: scuola di ogni ordine e grado, università, scuola di formazione);Dal 1991 al 2000;Dichiarazione di interesse culturale;Demanio;Utilizzato direttamente;Attività didattica;;;;1;False
698957;L219;1337;18;3;60.0;FABBRICATO;corso marconi guglielmo;28;45.05516022;7.68174818;Abitazione;Prima del 1919;Dichiarazione di interesse culturale;Demanio;Utilizzato direttamente;Alloggio di servizio, foresterie;;;;1;False
698958;L219;1337;18;4;89.0;FABBRICATO;corso marconi guglielmo;28;45.05516022;7.68174818;Abitazione;Prima del 1919;Dichiarazione di interesse culturale;Demanio;Utilizzato direttamente;Alloggio di servizio, foresterie;;;;1;False
698959;L219;1337;18;5;77.0;FABBRICATO;corso marconi guglielmo;28;45.05516022;7.68174818;Abitazione;Prima del 1919;Dichiarazione di interesse culturale;Demanio;Utilizzato direttamente;Alloggio di servizio, foresterie;;;;1;False
698960;L219;1337;18;6;97.0;FABBRICATO;corso marconi guglielmo;28;45.05516022;7.68174818;Abitazione;Prima del 1919;Dichiarazione di interesse culturale;Demanio;Utilizzato direttamente;Alloggio di servizio, foresterie;;;;1;False
698961;L219;1337;18;7;74.0;FABBRICATO;corso marconi guglielmo;28;45.05516022;7.68174818;Abitazione;Prima del 1919;Dichiarazione di interesse culturale;Demanio;Utilizzato direttamente;Alloggio di servizio, foresterie;;;;1;False
698962;L219;1337;18;8;81.0;FABBRICATO;corso marconi guglielmo;28;45.05516022;7.68174818;Abitazione;Prima del 1919;Dichiarazione di interesse culturale;Demanio;Utilizzato direttamente;Alloggio di servizio, foresterie;;;;1;False
698963;L219;1337;18;9;117.0;FABBRICATO;corso marconi guglielmo;28;45.05516022;7.68174818;Abitazione;Prima del 1919;Dichiarazione di interesse culturale;Demanio;Utilizzato direttamente;Alloggio di servizio, foresterie;;;;1;False
698965;L219;134;782;2;110.0;FABBRICATO;Via Aquileia;13;45.0415879;7.682662;Abitazione;Dal 1919 al 1945;Dichiarazione di interesse culturale;Demanio;Utilizzato direttamente;Alloggio di servizio, foresterie;;;;1;False
698966;L219;134;782;3;102.0;FABBRICATO;Via Aquileia;13;45.0415879;7.682662;Abitazione;Dal 1919 al 1945;Dichiarazione di interesse culturale;Demanio;Utilizzato direttamente;Alloggio di servizio, foresterie;;;;1;False
698967;L219;1340;18;;35.0;FABBRICATO;Via San Paolo;160;45.0568227;7.6358533;Cantina, soffitta, rimessa, box, garage, posto auto aperto/scoperto,;Dal 1971 al 1980;Nessuno;Patrimonio indisponibile;Utilizzato direttamente;Attività sportiva, ricreativa e di intrattenimento;;;;1;False
698968;L219;1340;3;;27.0;FABBRICATO;Via San Paolo;160;45.0567881;7.6358926;Cantina, soffitta, rimessa, box, garage, posto auto aperto/scoperto,;Dal 1971 al 1980;Nessuno;Patrimonio indisponibile;Utilizzato direttamente;Attività sportiva, ricreativa e di intrattenimento;;;;1;False
698971;L219;1341;165;40;74.0;FABBRICATO;Corso Canonico Giuseppe Allamano;56;45.0511638;7.6247616;Abitazione;Dal 1981 al 1990;Nessuno;Patrimonio indisponibile;Utilizzato direttamente;Altro;;;;1;False
698972;L219;1341;192;;59.0;FABBRICATO;via tintoretto;22 A;45.0547515;7.6265593;Impianto sportivo;Dopo il 2010;Nessuno;Patrimonio indisponibile;Utilizzato direttamente;Attività sportiva, ricreativa e di intrattenimento;;;;1;False
698975;L219;1342;256;3;98.0;FABBRICATO;via tirreno;303;45.0554012;7.6303325;Abitazione;Dal 2001 al 2010;Nessuno;Patrimonio indisponibile;Utilizzato direttamente;Alloggio di servizio, foresterie;;;;1;False
698976;L219;1342;274;;1675.0;FABBRICATO;via monfalcone;172;45.0543634;7.6316159;Ospedali, case di cura, cliniche e assimilabili;Dal 2001 al 2010;Nessuno;Patrimonio indisponibile;Utilizzato direttamente;Servizi assistenza socio-sanitaria (non residenziali);;;;1;False
698978;L219;1343;302;10;105.0;FABBRICATO;corso sebastopoli;260;45.0488517;7.6368971;Abitazione;Dal 1971 al 1980;Nessuno;Patrimonio indisponibile;Utilizzato direttamente;Alloggio di servizio, foresterie;;;;1;False
698980;L219;1343;302;7;6329.75;FABBRICATO;corso sebastopoli;258;45.0488517;7.6368971;Edificio scolastico (es.: scuola di ogni ordine e grado, università, scuola di formazione);Dal 1971 al 1980;Nessuno;Patrimonio indisponibile;Utilizzato direttamente;Attività didattica;;;;1;False
698981;L219;1343;302;8;1192.29;FABBRICATO;corso sebastopoli;262;45.0488517;7.6368971;Ufficio strutturato ed assimilabili;Dal 1971 al 1980;Nessuno;Patrimonio indisponibile;Utilizzato direttamente;Attività amministrativa/uffici pubblici;;;;1;False
698984;L219;1343;367;2;98.0;FABBRICATO;Via Barletta;109;45.0494112;7.6366937;Abitazione;Dal 1981 al 1990;Nessuno;Patrimonio indisponibile;Utilizzato direttamente;Alloggio di servizio, foresterie;;;;1;False
698985;L219;1343;367;3;4390.5;FABBRICATO;Via Barletta;109;45.0494112;7.6366937;Edificio scolastico (es.: scuola di ogni ordine e grado, università, scuola di formazione);Dal 1981 al 1990;Nessuno;Patrimonio indisponibile;Utilizzato direttamente;Attività didattica;;;;1;False
698987;L219;1344;106;3;1239.5;FABBRICATO;via rovereto;21;45.0521082;7.6396716;Edificio scolastico (es.: scuola di ogni ordine e grado, università, scuola di formazione);Dal 1971 al 1980;Nessuno;Patrimonio indisponibile;Utilizzato direttamente;Attività didattica;;;;1;False
698988;L219;1344;106;4;81.0;FABBRICATO;Via Ada Negri;31;45.0521082;7.6396716;Abitazione;Dal 1971 al 1980;Nessuno;Patrimonio indisponibile;Utilizzato direttamente;Alloggio di servizio, foresterie;;;;1;False
698989;L219;1344;106;5;5605.75;FABBRICATO;via negri ada;23;45.0521082;7.6396716;Edificio scolastico (es.: scuola di ogni ordine e grado, università, scuola di formazione);Dal 1991 al 2000;Nessuno;Patrimonio indisponibile;Utilizzato direttamente;Attività didattica;;;;1;False
698990;L219;1344;106;6;91.0;FABBRICATO;via gorizia;40 8;45.0521082;7.6396716;Abitazione;Dal 1971 al 1980;Nessuno;Patrimonio indisponibile;Utilizzato direttamente;Alloggio di servizio, foresterie;;;;1;False
698991;L219;1344;266;2;95.0;FABBRICATO;via negri ada;18;45.052663;7.6403907;Impianto sportivo;Dal 1971 al 1980;Nessuno;Patrimonio indisponibile;Utilizzato direttamente;Attività sportiva, ricreativa e di intrattenimento;;;;1;False
698992;L219;1344;274;;924.0;FABBRICATO;Via Ada Negri;8;45.0517149;7.6440229;Edificio scolastico (es.: scuola di ogni ordine e grado, università, scuola di formazione);Dal 1981 al 1990;Nessuno;Patrimonio indisponibile;Utilizzato direttamente;Attività didattica;;;;1;False
698993;L219;1488;77;1;63.0;FABBRICATO;Via E. Artom;81;45.0112325;7.6498055;Abitazione;Dal 1961 al 1970;Nessuno;Patrimonio indisponibile;Utilizzato direttamente;Altro;;;;1;False
698994;L219;1488;77;10;81.0;FABBRICATO;Via E. Artom;81;45.0112325;7.6498055;Abitazione;Dal 1961 al 1970;Nessuno;Patrimonio indisponibile;Utilizzato direttamente;Altro;;;;1;False
698995;L219;1488;77;100;80.0;FABBRICATO;Via E. Artom;81;45.0112325;7.6498055;Abitazione;Dal 1961 al 1970;Nessuno;Patrimonio indisponibile;Utilizzato direttamente;Altro;;;;1;False
698996;L219;1488;77;11;62.0;FABBRICATO;Via E. Artom;81;45.0112325;7.6498055;Abitazione;Dal 1961 al 1970;Nessuno;Patrimonio indisponibile;Utilizzato direttamente;Altro;;;;1;False
698997;L219;1488;77;12;81.0;FABBRICATO;Via E. Artom;81;45.0112325;7.6498055;Abitazione;Dal 1961 al 1970;Nessuno;Patrimonio indisponibile;Utilizzato direttamente;Altro;;;;1;False
698998;L219;1488;77;13;64.0;FABBRICATO;Via E. Artom;81;45.0112325;7.6498055;Abitazione;Dal 1961 al 1970;Nessuno;Patrimonio indisponibile;Utilizzato direttamente;Altro;;;;1;False
698999;L219;1488;77;14;81.0;FABBRICATO;Via E. Artom;81;45.0112325;7.6498055;Abitazione;Dal 1961 al 1970;Nessuno;Patrimonio indisponibile;Utilizzato direttamente;Altro;;;;1;False
699000;L219;1488;77;15;62.0;FABBRICATO;Via E. Artom;81;45.0112325;7.6498055;Abitazione;Dal 1961 al 1970;Nessuno;Patrimonio indisponibile;Utilizzato direttamente;Altro;;;;1;False
699001;L219;1488;77;16;81.0;FABBRICATO;Via E. Artom;81;45.0112325;7.6498055;Abitazione;Dal 1961 al 1970;Nessuno;Patrimonio indisponibile;Utilizzato direttamente;Altro;;;;1;False
699002;L219;1488;77;17;63.0;FABBRICATO;Via E. Artom;81;45.0112325;7.6498055;Abitazione;Dal 1961 al 1970;Nessuno;Patrimonio indisponibile;Utilizzato direttamente;Altro;;;;1;False
699003;L219;1488;77;18;82.0;FABBRICATO;Via E. Artom;81;45.0112325;7.6498055;Abitazione;Dal 1961 al 1970;Nessuno;Patrimonio indisponibile;Utilizzato direttamente;Altro;;;;1;False
699004;L219;1488;77;19;63.0;FABBRICATO;Via E. Artom;81;45.0112325;7.6498055;Abitazione;Dal 1961 al 1970;Nessuno;Patrimonio indisponibile;Utilizzato direttamente;Altro;;;;1;False
699005;L219;1488;77;2;79.0;FABBRICATO;Via E. Artom;81;45.0112325;7.6498055;Abitazione;Dal 1961 al 1970;Nessuno;Patrimonio indisponibile;Utilizzato direttamente;Altro;;;;1;False
699006;L219;1488;77;20;82.0;FABBRICATO;Via E. Artom;81;45.0112325;7.6498055;Abitazione;Dal 1961 al 1970;Nessuno;Patrimonio indisponibile;Utilizzato direttamente;Altro;;;;1;False
699007;L219;1488;77;202;82.0;FABBRICATO;Via E. Artom;81;45.0112325;7.6498055;Abitazione;Dal 1961 al 1970;Nessuno;Patrimonio indisponibile;Utilizzato direttamente;Altro;;;;1;False
699008;L219;1488;77;203;65.0;FABBRICATO;Via E. Artom;81;45.0112325;7.6498055;Abitazione;Dal 1961 al 1970;Nessuno;Patrimonio indisponibile;Utilizzato direttamente;Altro;;;;1;False
699009;L219;1488;77;204;64.0;FABBRICATO;Via E. Artom;81;45.0112325;7.6498055;Abitazione;Dal 1961 al 1970;Nessuno;Patrimonio indisponibile;Utilizzato direttamente;Altro;;;;1;False
699010;L219;1488;77;205;65.0;FABBRICATO;Via E. Artom;81;45.0112325;7.6498055;Abitazione;Dal 1961 al 1970;Nessuno;Patrimonio indisponibile;Utilizzato direttamente;Altro;;;;1;False
699011;L219;1488;77;206;65.0;FABBRICATO;Via E. Artom;81;45.0112325;7.6498055;Abitazione;Dal 1961 al 1970;Nessuno;Patrimonio indisponibile;Utilizzato direttamente;Altro;;;;1;False
699012;L219;1488;77;207;66.0;FABBRICATO;Via E. Artom;81;45.0112325;7.6498055;Abitazione;Dal 1961 al 1970;Nessuno;Patrimonio indisponibile;Utilizzato direttamente;Altro;;;;1;False
699013;L219;1488;77;208;64.0;FABBRICATO;Via E. Artom;81;45.0112325;7.6498055;Abitazione;Dal 1961 al 1970;Nessuno;Patrimonio indisponibile;Utilizzato direttamente;Altro;;;;1;False
699014;L219;1488;77;209;68.0;FABBRICATO;Via E. Artom;81;45.0112325;7.6498055;Abitazione;Dal 1961 al 1970;Nessuno;Patrimonio indisponibile;Utilizzato direttamente;Altro;;;;1;False
699015;L219;1488;77;21;61.0;FABBRICATO;Via E. Artom;81;45.0112325;7.6498055;Abitazione;Dal 1961 al 1970;Nessuno;Patrimonio indisponibile;Utilizzato direttamente;Altro;;;;1;False
699016;L219;1488;77;22;80.0;FABBRICATO;Via E. Artom;81;45.0112325;7.6498055;Abitazione;Dal 1961 al 1970;Nessuno;Patrimonio indisponibile;Utilizzato direttamente;Altro;;;;1;False
699017;L219;1488;77;23;61.0;FABBRICATO;Via E. Artom;81;45.0112325;7.6498055;Abitazione;Dal 1961 al 1970;Nessuno;Patrimonio indisponibile;Utilizzato direttamente;Altro;;;;1;False
699018;L219;1488;77;25;61.0;FABBRICATO;Via E. Artom;81;45.0112325;7.6498055;Abitazione;Dal 1961 al 1970;Nessuno;Patrimonio indisponibile;Utilizzato direttamente;Altro;;;;1;False
699019;L219;1488;77;26;82.0;FABBRICATO;Via E. Artom;81;45.0112325;7.6498055;Abitazione;Dal 1961 al 1970;Nessuno;Patrimonio indisponibile;Utilizzato direttamente;Altro;;;;1;False
699020;L219;1488;77;27;60.0;FABBRICATO;Via E. Artom;81;45.0112325;7.6498055;Abitazione;Dal 1961 al 1970;Nessuno;Patrimonio indisponibile;Utilizzato direttamente;Altro;;;;1;False
699021;L219;1488;77;28;81.0;FABBRICATO;Via E. Artom;81;45.0112325;7.6498055;Abitazione;Dal 1961 al 1970;Nessuno;Patrimonio indisponibile;Utilizzato direttamente;Altro;;;;1;False
699022;L219;1488;77;29;60.0;FABBRICATO;Via E. Artom;81;45.0112325;7.6498055;Abitazione;Dal 1961 al 1970;Nessuno;Patrimonio indisponibile;Utilizzato direttamente;Altro;;;;1;False
699023;L219;1488;77;3;62.0;FABBRICATO;Via E. Artom;81;45.0112325;7.6498055;Abitazione;Dal 1961 al 1970;Nessuno;Patrimonio indisponibile;Utilizzato direttamente;Altro;;;;1;False
699024;L219;1488;77;30;80.0;FABBRICATO;Via E. Artom;81;45.0112325;7.6498055;Abitazione;Dal 1961 al 1970;Nessuno;Patrimonio indisponibile;Utilizzato direttamente;Altro;;;;1;False
699025;L219;1488;77;31;61.0;FABBRICATO;Via E. Artom;81;45.0112325;7.6498055;Abitazione;Dal 1961 al 1970;Nessuno;Patrimonio indisponibile;Utilizzato direttamente;Altro;;;;1;False
699026;L219;1488;77;32;81.0;FABBRICATO;Via E. Artom;81;45.0112325;7.6498055;Abitazione;Dal 1961 al 1970;Nessuno;Patrimonio indisponibile;Utilizzato direttamente;Altro;;;;1;False
699027;L219;1488;77;33;60.0;FABBRICATO;Via E. Artom;81;45.0112325;7.6498055;Abitazione;Dal 1961 al 1970;Nessuno;Patrimonio indisponibile;Utilizzato direttamente;Altro;;;;1;False
699028;L219;1488;77;34;81.0;FABBRICATO;Via E. Artom;81;45.0112325;7.6498055;Abitazione;Dal 1961 al 1970;Nessuno;Patrimonio indisponibile;Utilizzato direttamente;Altro;;;;1;False
699029;L219;1488;77;35;61.0;FABBRICATO;Via E. Artom;81;45.0112325;7.6498055;Abitazione;Dal 1961 al 1970;Nessuno;Patrimonio indisponibile;Utilizzato direttamente;Altro;;;;1;False
699030;L219;1488;77;36;80.0;FABBRICATO;Via E. Artom;81;45.0112325;7.6498055;Abitazione;Dal 1961 al 1970;Nessuno;Patrimonio indisponibile;Utilizzato direttamente;Altro;;;;1;False
699031;L219;1488;77;37;61.0;FABBRICATO;Via E. Artom;81;45.0112325;7.6498055;Abitazione;Dal 1961 al 1970;Nessuno;Patrimonio indisponibile;Utilizzato direttamente;Altro;;;;1;False
699032;L219;1488;77;38;80.0;FABBRICATO;Via E. Artom;81;45.0112325;7.6498055;Abitazione;Dal 1961 al 1970;Nessuno;Patrimonio indisponibile;Utilizzato direttamente;Altro;;;;1;False
699033;L219;1488;77;39;61.0;FABBRICATO;Via E. Artom;81;45.0112325;7.6498055;Abitazione;Dal 1961 al 1970;Nessuno;Patrimonio indisponibile;Utilizzato direttamente;Altro;;;;1;False
699034;L219;1488;77;4;80.0;FABBRICATO;Via E. Artom;81;45.0112325;7.6498055;Abitazione;Dal 1961 al 1970;Nessuno;Patrimonio indisponibile;Utilizzato direttamente;Altro;;;;1;False
699035;L219;1488;77;40;81.0;FABBRICATO;Via E. Artom;81;45.0112325;7.6498055;Abitazione;Dal 1961 al 1970;Nessuno;Patrimonio indisponibile;Utilizzato direttamente;Altro;;;;1;False
699036;L219;1488;77;41;60.0;FABBRICATO;Via E. Artom;81;45.0112325;7.6498055;Abitazione;Dal 1961 al 1970;Nessuno;Patrimonio indisponibile;Utilizzato direttamente;Altro;;;;1;False
699037;L219;1488;77;42;80.0;FABBRICATO;Via E. Artom;81;45.0112325;7.6498055;Abitazione;Dal 1961 al 1970;Nessuno;Patrimonio indisponibile;Utilizzato direttamente;Altro;;;;1;False
699038;L219;1488;77;43;61.0;FABBRICATO;Via E. Artom;81;45.0112325;7.6498055;Abitazione;Dal 1961 al 1970;Nessuno;Patrimonio indisponibile;Utilizzato direttamente;Altro;;;;1;False
699039;L219;1488;77;44;80.0;FABBRICATO;Via E. Artom;81;45.0112325;7.6498055;Abitazione;Dal 1961 al 1970;Nessuno;Patrimonio indisponibile;Utilizzato direttamente;Altro;;;;1;False
699040;L219;1488;77;45;61.0;FABBRICATO;Via E. Artom;81;45.0112325;7.6498055;Abitazione;Dal 1961 al 1970;Nessuno;Patrimonio indisponibile;Utilizzato direttamente;Altro;;;;1;False
699041;L219;1488;77;46;80.0;FABBRICATO;Via E. Artom;81;45.0112325;7.6498055;Abitazione;Dal 1961 al 1970;Nessuno;Patrimonio indisponibile;Utilizzato direttamente;Altro;;;;1;False
699042;L219;1488;77;47;61.0;FABBRICATO;Via E. Artom;81;45.0112325;7.6498055;Abitazione;Dal 1961 al 1970;Nessuno;Patrimonio indisponibile;Utilizzato direttamente;Altro;;;;1;False
699043;L219;1488;77;48;80.0;FABBRICATO;Via E. Artom;81;45.0112325;7.6498055;Abitazione;Dal 1961 al 1970;Nessuno;Patrimonio indisponibile;Utilizzato direttamente;Altro;;;;1;False
699044;L219;1488;77;49;60.0;FABBRICATO;Via E. Artom;81;45.0112325;7.6498055;Abitazione;Dal 1961 al 1970;Nessuno;Patrimonio indisponibile;Utilizzato direttamente;Altro;;;;1;False
699045;L219;1488;77;5;62.0;FABBRICATO;Via E. Artom;81;45.0112325;7.6498055;Abitazione;Dal 1961 al 1970;Nessuno;Patrimonio indisponibile;Utilizzato direttamente;Altro;;;;1;False
699046;L219;1488;77;50;80.0;FABBRICATO;Via E. Artom;81;45.0112325;7.6498055;Abitazione;Dal 1961 al 1970;Nessuno;Patrimonio indisponibile;Utilizzato direttamente;Altro;;;;1;False
699047;L219;1488;77;51;60.0;FABBRICATO;Via E. Artom;81;45.0112325;7.6498055;Abitazione;Dal 1961 al 1970;Nessuno;Patrimonio indisponibile;Utilizzato direttamente;Altro;;;;1;False
699048;L219;1488;77;52;81.0;FABBRICATO;Via E. Artom;81;45.0112325;7.6498055;Abitazione;Dal 1961 al 1970;Nessuno;Patrimonio indisponibile;Utilizzato direttamente;Altro;;;;1;False
699049;L219;1488;77;54;82.0;FABBRICATO;Via E. Artom;81;45.0112325;7.6498055;Abitazione;Dal 1961 al 1970;Nessuno;Patrimonio indisponibile;Utilizzato direttamente;Altro;;;;1;False
699050;L219;1488;77;55;60.0;FABBRICATO;Via E. Artom;81;45.0112325;7.6498055;Abitazione;Dal 1961 al 1970;Nessuno;Patrimonio indisponibile;Utilizzato direttamente;Altro;;;;1;False
699051;L219;1488;77;56;81.0;FABBRICATO;Via E. Artom;81;45.0112325;7.6498055;Abitazione;Dal 1961 al 1970;Nessuno;Patrimonio indisponibile;Utilizzato direttamente;Altro;;;;1;False
699052;L219;1488;77;58;80.0;FABBRICATO;Via E. Artom;81;45.0112325;7.6498055;Abitazione;Dal 1961 al 1970;Nessuno;Patrimonio indisponibile;Utilizzato direttamente;Altro;;;;1;False
699053;L219;1488;77;59;60.0;FABBRICATO;Via E. Artom;81;45.0112325;7.6498055;Abitazione;Dal 1961 al 1970;Nessuno;Patrimonio indisponibile;Utilizzato direttamente;Altro;;;;1;False
699054;L219;1488;77;6;81.0;FABBRICATO;Via E. Artom;81;45.0112325;7.6498055;Abitazione;Dal 1961 al 1970;Nessuno;Patrimonio indisponibile;Utilizzato direttamente;Altro;;;;1;False
699055;L219;1488;77;60;81.0;FABBRICATO;Via E. Artom;81;45.0112325;7.6498055;Abitazione;Dal 1961 al 1970;Nessuno;Patrimonio indisponibile;Utilizzato direttamente;Altro;;;;1;False
699056;L219;1488;77;61;63.0;FABBRICATO;Via E. Artom;81;45.0112325;7.6498055;Abitazione;Dal 1961 al 1970;Nessuno;Patrimonio indisponibile;Utilizzato direttamente;Altro;;;;1;False
699057;L219;1488;77;62;79.0;FABBRICATO;Via E. Artom;81;45.0112325;7.6498055;Abitazione;Dal 1961 al 1970;Nessuno;Patrimonio indisponibile;Utilizzato direttamente;Altro;;;;1;False
699058;L219;1488;77;63;62.0;FABBRICATO;Via E. Artom;81;45.0112325;7.6498055;Abitazione;Dal 1961 al 1970;Nessuno;Patrimonio indisponibile;Utilizzato direttamente;Altro;;;;1;False
699059;L219;1488;77;64;79.0;FABBRICATO;Via E. Artom;81;45.0112325;7.6498055;Abitazione;Dal 1961 al 1970;Nessuno;Patrimonio indisponibile;Utilizzato direttamente;Altro;;;;1;False
699060;L219;1488;77;65;62.0;FABBRICATO;Via E. Artom;81;45.0112325;7.6498055;Abitazione;Dal 1961 al 1970;Nessuno;Patrimonio indisponibile;Utilizzato direttamente;Altro;;;;1;False
699061;L219;1488;77;66;78.0;FABBRICATO;Via E. Artom;81;45.0112325;7.6498055;Abitazione;Dal 1961 al 1970;Nessuno;Patrimonio indisponibile;Utilizzato direttamente;Altro;;;;1;False
699062;L219;1488;77;67;63.0;FABBRICATO;Via E. Artom;81;45.0112325;7.6498055;Abitazione;Dal 1961 al 1970;Nessuno;Patrimonio indisponibile;Utilizzato direttamente;Altro;;;;1;False
699063;L219;1488;77;68;79.0;FABBRICATO;Via E. Artom;81;45.0112325;7.6498055;Abitazione;Dal 1961 al 1970;Nessuno;Patrimonio indisponibile;Utilizzato direttamente;Altro;;;;1;False
699064;L219;1488;77;69;64.0;FABBRICATO;Via E. Artom;81;45.0112325;7.6498055;Abitazione;Dal 1961 al 1970;Nessuno;Patrimonio indisponibile;Utilizzato direttamente;Altro;;;;1;False
699065;L219;1488;77;7;62.0;FABBRICATO;Via E. Artom;81;45.0112325;7.6498055;Abitazione;Dal 1961 al 1970;Nessuno;Patrimonio indisponibile;Utilizzato direttamente;Altro;;;;1;False
699066;L219;1488;77;70;78.0;FABBRICATO;Via E. Artom;81;45.0112325;7.6498055;Abitazione;Dal 1961 al 1970;Nessuno;Patrimonio indisponibile;Utilizzato direttamente;Altro;;;;1;False
699067;L219;1488;77;71;63.0;FABBRICATO;Via E. Artom;81;45.0112325;7.6498055;Abitazione;Dal 1961 al 1970;Nessuno;Patrimonio indisponibile;Utilizzato direttamente;Altro;;;;1;False
699068;L219;1488;77;72;79.0;FABBRICATO;Via E. Artom;81;45.0112325;7.6498055;Abitazione;Dal 1961 al 1970;Nessuno;Patrimonio indisponibile;Utilizzato direttamente;Altro;;;;1;False
699069;L219;1488;77;73;65.0;FABBRICATO;Via E. Artom;81;45.0112325;7.6498055;Abitazione;Dal 1961 al 1970;Nessuno;Patrimonio indisponibile;Utilizzato direttamente;Altro;;;;1;False
699070;L219;1488;77;74;79.0;FABBRICATO;Via E. Artom;81;45.0112325;7.6498055;Abitazione;Dal 1961 al 1970;Nessuno;Patrimonio indisponibile;Utilizzato direttamente;Altro;;;;1;False
699071;L219;1488;77;76;79.0;FABBRICATO;Via E. Artom;81;45.0112325;7.6498055;Abitazione;Dal 1961 al 1970;Nessuno;Patrimonio indisponibile;Utilizzato direttamente;Altro;;;;1;False
699072;L219;1488;77;78;78.0;FABBRICATO;Via E. Artom;81;45.0112325;7.6498055;Abitazione;Dal 1961 al 1970;Nessuno;Patrimonio indisponibile;Utilizzato direttamente;Altro;;;;1;False
699073;L219;1488;77;8;79.0;FABBRICATO;Via E. Artom;81;45.0112325;7.6498055;Abitazione;Dal 1961 al 1970;Nessuno;Patrimonio indisponibile;Utilizzato direttamente;Altro;;;;1;False
699074;L219;1488;77;80;80.0;FABBRICATO;Via E. Artom;81;45.0112325;7.6498055;Abitazione;Dal 1961 al 1970;Nessuno;Patrimonio indisponibile;Utilizzato direttamente;Altro;;;;1;False
699075;L219;1488;77;81;64.0;FABBRICATO;Via E. Artom;81;45.0112325;7.6498055;Abitazione;Dal 1961 al 1970;Nessuno;Patrimonio indisponibile;Utilizzato direttamente;Altro;;;;1;False
699076;L219;1488;77;82;80.0;FABBRICATO;Via E. Artom;81;45.0112325;7.6498055;Abitazione;Dal 1961 al 1970;Nessuno;Patrimonio indisponibile;Utilizzato direttamente;Altro;;;;1;False
699077;L219;1488;77;83;62.0;FABBRICATO;Via E. Artom;81;45.0112325;7.6498055;Abitazione;Dal 1961 al 1970;Nessuno;Patrimonio indisponibile;Utilizzato direttamente;Altro;;;;1;False
699078;L219;1488;77;84;80.0;FABBRICATO;Via E. Artom;81;45.0112325;7.6498055;Abitazione;Dal 1961 al 1970;Nessuno;Patrimonio indisponibile;Utilizzato direttamente;Altro;;;;1;False
699079;L219;1488;77;85;63.0;FABBRICATO;Via E. Artom;81;45.0112325;7.6498055;Abitazione;Dal 1961 al 1970;Nessuno;Patrimonio indisponibile;Utilizzato direttamente;Altro;;;;1;False
699080;L219;1488;77;86;81.0;FABBRICATO;Via E. Artom;81;45.0112325;7.6498055;Abitazione;Dal 1961 al 1970;Nessuno;Patrimonio indisponibile;Utilizzato direttamente;Altro;;;;1;False
699081;L219;1488;77;88;79.0;FABBRICATO;Via E. Artom;81;45.0112325;7.6498055;Abitazione;Dal 1961 al 1970;Nessuno;Patrimonio indisponibile;Utilizzato direttamente;Altro;;;;1;False
699082;L219;1488;77;9;61.0;FABBRICATO;Via E. Artom;81;45.0112325;7.6498055;Abitazione;Dal 1961 al 1970;Nessuno;Patrimonio indisponibile;Utilizzato direttamente;Altro;;;;1;False
699083;L219;1488;77;90;80.0;FABBRICATO;Via E. Artom;81;45.0112325;7.6498055;Abitazione;Dal 1961 al 1970;Nessuno;Patrimonio indisponibile;Utilizzato direttamente;Altro;;;;1;False
699084;L219;1488;77;91;62.0;FABBRICATO;Via E. Artom;81;45.0112325;7.6498055;Abitazione;Dal 1961 al 1970;Nessuno;Patrimonio indisponibile;Utilizzato direttamente;Altro;;;;1;False
699085;L219;1488;77;92;79.0;FABBRICATO;Via E. Artom;81;45.0112325;7.6498055;Abitazione;Dal 1961 al 1970;Nessuno;Patrimonio indisponibile;Utilizzato direttamente;Altro;;;;1;False
699086;L219;1488;77;93;62.0;FABBRICATO;Via E. Artom;81;45.0112325;7.6498055;Abitazione;Dal 1961 al 1970;Nessuno;Patrimonio indisponibile;Utilizzato direttamente;Altro;;;;1;False
699087;L219;1488;77;94;79.0;FABBRICATO;Via E. Artom;81;45.0112325;7.6498055;Abitazione;Dal 1961 al 1970;Nessuno;Patrimonio indisponibile;Utilizzato direttamente;Altro;;;;1;False
699088;L219;1488;77;95;61.0;FABBRICATO;Via E. Artom;81;45.0112325;7.6498055;Abitazione;Dal 1961 al 1970;Nessuno;Patrimonio indisponibile;Utilizzato direttamente;Altro;;;;1;False
699089;L219;1488;77;96;81.0;FABBRICATO;Via E. Artom;81;45.0112325;7.6498055;Abitazione;Dal 1961 al 1970;Nessuno;Patrimonio indisponibile;Utilizzato direttamente;Altro;;;;1;False
699090;L219;1488;77;97;62.0;FABBRICATO;Via E. Artom;81;45.0112325;7.6498055;Abitazione;Dal 1961 al 1970;Nessuno;Patrimonio indisponibile;Utilizzato direttamente;Altro;;;;1;False
699091;L219;1488;77;98;80.0;FABBRICATO;Via E. Artom;81;45.0112325;7.6498055;Abitazione;Dal 1961 al 1970;Nessuno;Patrimonio indisponibile;Utilizzato direttamente;Altro;;;;1;False
699092;L219;1488;77;99;61.0;FABBRICATO;Via E. Artom;81;45.0112325;7.6498055;Abitazione;Dal 1961 al 1970;Nessuno;Patrimonio indisponibile;Utilizzato direttamente;Altro;;;;1;False
699093;L219;1488;78;1;62.0;FABBRICATO;Via Fratelli Garrone;61;45.0109034;7.650705;Abitazione;Dal 1961 al 1970;Nessuno;Patrimonio indisponibile;Utilizzato direttamente;Altro;;;;1;False
699094;L219;1488;78;10;80.0;FABBRICATO;Via Fratelli Garrone;61;45.0109034;7.650705;Abitazione;Dal 1961 al 1970;Nessuno;Patrimonio indisponibile;Utilizzato direttamente;Altro;;;;1;False
699095;L219;1488;78;101;62.0;FABBRICATO;Via Fratelli Garrone;61;45.0109034;7.650705;Abitazione;Dal 1961 al 1970;Nessuno;Patrimonio indisponibile;Utilizzato direttamente;Altro;;;;1;False
699096;L219;1488;78;102;87.0;FABBRICATO;Via Fratelli Garrone;61;45.0109034;7.650705;Abitazione;Dal 1961 al 1970;Nessuno;Patrimonio indisponibile;Utilizzato direttamente;Altro;;;;1;False
699097;L219;1488;78;103;61.0;FABBRICATO;Via Fratelli Garrone;61;45.0109034;7.650705;Abitazione;Dal 1961 al 1970;Nessuno;Patrimonio indisponibile;Utilizzato direttamente;Altro;;;;1;False
699098;L219;1488;78;104;86.0;FABBRICATO;Via Fratelli Garrone;61;45.0109034;7.650705;Abitazione;Dal 1961 al 1970;Nessuno;Patrimonio indisponibile;Utilizzato direttamente;Altro;;;;1;False
699099;L219;1488;78;105;62.0;FABBRICATO;Via Fratelli Garrone;61;45.0109034;7.650705;Abitazione;Dal 1961 al 1970;Nessuno;Patrimonio indisponibile;Utilizzato direttamente;Altro;;;;1;False
699100;L219;1488;78;106;87.0;FABBRICATO;Via Fratelli Garrone;61;45.0109034;7.650705;Abitazione;Dal 1961 al 1970;Nessuno;Patrimonio indisponibile;Utilizzato direttamente;Altro;;;;1;False
699101;L219;1488;78;108;87.0;FABBRICATO;Via Fratelli Garrone;61;45.0109034;7.650705;Abitazione;Dal 1961 al 1970;Nessuno;Patrimonio indisponibile;Utilizzato direttamente;Altro;;;;1;False
699102;L219;1488;78;109;61.0;FABBRICATO;Via Fratelli Garrone;61;45.0109034;7.650705;Abitazione;Dal 1961 al 1970;Nessuno;Patrimonio indisponibile;Utilizzato direttamente;Altro;;;;1;False
699103;L219;1488;78;111;61.0;FABBRICATO;Via Fratelli Garrone;61;45.0109034;7.650705;Abitazione;Dal 1961 al 1970;Nessuno;Patrimonio indisponibile;Utilizzato direttamente;Altro;;;;1;False
699104;L219;1488;78;112;87.0;FABBRICATO;Via Fratelli Garrone;61;45.0109034;7.650705;Abitazione;Dal 1961 al 1970;Nessuno;Patrimonio indisponibile;Utilizzato direttamente;Altro;;;;1;False
699105;L219;1488;78;113;62.0;FABBRICATO;Via Fratelli Garrone;61;45.0109034;7.650705;Abitazione;Dal 1961 al 1970;Nessuno;Patrimonio indisponibile;Utilizzato direttamente;Altro;;;;1;False
699106;L219;1488;78;114;87.0;FABBRICATO;Via Fratelli Garrone;61;45.0109034;7.650705;Abitazione;Dal 1961 al 1970;Nessuno;Patrimonio indisponibile;Utilizzato direttamente;Altro;;;;1;False
699107;L219;1488;78;115;62.0;FABBRICATO;Via Fratelli Garrone;61;45.0109034;7.650705;Abitazione;Dal 1961 al 1970;Nessuno;Patrimonio indisponibile;Utilizzato direttamente;Altro;;;;1;False
699108;L219;1488;78;116;87.0;FABBRICATO;Via Fratelli Garrone;61;45.0109034;7.650705;Abitazione;Dal 1961 al 1970;Nessuno;Patrimonio indisponibile;Utilizzato direttamente;Altro;;;;1;False
699109;L219;1488;78;117;61.0;FABBRICATO;Via Fratelli Garrone;61;45.0109034;7.650705;Abitazione;Dal 1961 al 1970;Nessuno;Patrimonio indisponibile;Utilizzato direttamente;Altro;;;;1;False
699110;L219;1488;78;118;85.0;FABBRICATO;Via Fratelli Garrone;61;45.0109034;7.650705;Abitazione;Dal 1961 al 1970;Nessuno;Patrimonio indisponibile;Utilizzato direttamente;Altro;;;;1;False
699111;L219;1488;78;119;61.0;FABBRICATO;Via Fratelli Garrone;61;45.0109034;7.650705;Abitazione;Dal 1961 al 1970;Nessuno;Patrimonio indisponibile;Utilizzato direttamente;Altro;;;;1;False
699112;L219;1488;78;12;81.0;FABBRICATO;Via Fratelli Garrone;61;45.0109034;7.650705;Abitazione;Dal 1961 al 1970;Nessuno;Patrimonio indisponibile;Utilizzato direttamente;Altro;;;;1;False
699113;L219;1488;78;120;88.0;FABBRICATO;Via Fratelli Garrone;61;45.0109034;7.650705;Abitazione;Dal 1961 al 1970;Nessuno;Patrimonio indisponibile;Utilizzato direttamente;Altro;;;;1;False
699114;L219;1488;78;13;60.0;FABBRICATO;Via Fratelli Garrone;61;45.0109034;7.650705;Abitazione;Dal 1961 al 1970;Nessuno;Patrimonio indisponibile;Utilizzato direttamente;Altro;;;;1;False
699115;L219;1488;78;14;81.0;FABBRICATO;Via Fratelli Garrone;61;45.0109034;7.650705;Abitazione;Dal 1961 al 1970;Nessuno;Patrimonio indisponibile;Utilizzato direttamente;Altro;;;;1;False
699116;L219;1488;78;15;60.0;FABBRICATO;Via Fratelli Garrone;61;45.0109034;7.650705;Abitazione;Dal 1961 al 1970;Nessuno;Patrimonio indisponibile;Utilizzato direttamente;Altro;;;;1;False
699117;L219;1488;78;16;81.0;FABBRICATO;Via Fratelli Garrone;61;45.0109034;7.650705;Abitazione;Dal 1961 al 1970;Nessuno;Patrimonio indisponibile;Utilizzato direttamente;Altro;;;;1;False
699118;L219;1488;78;17;59.0;FABBRICATO;Via Fratelli Garrone;61;45.0109034;7.650705;Abitazione;Dal 1961 al 1970;Nessuno;Patrimonio indisponibile;Utilizzato direttamente;Altro;;;;1;False
699119;L219;1488;78;18;82.0;FABBRICATO;Via Fratelli Garrone;61;45.0109034;7.650705;Abitazione;Dal 1961 al 1970;Nessuno;Patrimonio indisponibile;Utilizzato direttamente;Altro;;;;1;False
699120;L219;1488;78;19;60.0;FABBRICATO;Via Fratelli Garrone;61;45.0109034;7.650705;Abitazione;Dal 1961 al 1970;Nessuno;Patrimonio indisponibile;Utilizzato direttamente;Altro;;;;1;False
699121;L219;1488;78;2;81.0;FABBRICATO;Via Fratelli Garrone;61;45.0109034;7.650705;Abitazione;Dal 1961 al 1970;Nessuno;Patrimonio indisponibile;Utilizzato direttamente;Altro;;;;1;False
699122;L219;1488;78;20;81.0;FABBRICATO;Via Fratelli Garrone;61;45.0109034;7.650705;Abitazione;Dal 1961 al 1970;Nessuno;Patrimonio indisponibile;Utilizzato direttamente;Altro;;;;1;False
699123;L219;1488;78;21;61.0;FABBRICATO;Via Fratelli Garrone;61;45.0109034;7.650705;Abitazione;Dal 1961 al 1970;Nessuno;Patrimonio indisponibile;Utilizzato direttamente;Altro;;;;1;False
699124;L219;1488;78;22;80.0;FABBRICATO;Via Fratelli Garrone;61;45.0109034;7.650705;Abitazione;Dal 1961 al 1970;Nessuno;Patrimonio indisponibile;Utilizzato direttamente;Altro;;;;1;False
699125;L219;1488;78;222;83.0;FABBRICATO;Via Fratelli Garrone;61;45.0109034;7.650705;Abitazione;Dal 1961 al 1970;Nessuno;Patrimonio indisponibile;Utilizzato direttamente;Altro;;;;1;False
699126;L219;1488;78;223;86.0;FABBRICATO;Via Fratelli Garrone;61;45.0109034;7.650705;Abitazione;Dal 1961 al 1970;Nessuno;Patrimonio indisponibile;Utilizzato direttamente;Altro;;;;1;False
699127;L219;1488;78;224;87.0;FABBRICATO;Via Fratelli Garrone;61;45.0109034;7.650705;Abitazione;Dal 1961 al 1970;Nessuno;Patrimonio indisponibile;Utilizzato direttamente;Altro;;;;1;False
699128;L219;1488;78;225;64.0;FABBRICATO;Via Fratelli Garrone;61;45.0109034;7.650705;Abitazione;Dal 1961 al 1970;Nessuno;Patrimonio indisponibile;Utilizzato direttamente;Altro;;;;1;False
699129;L219;1488;78;226;88.0;FABBRICATO;Via Fratelli Garrone;61;45.0109034;7.650705;Abitazione;Dal 1961 al 1970;Nessuno;Patrimonio indisponibile;Utilizzato direttamente;Altro;;;;1;False
699130;L219;1488;78;228;67.0;FABBRICATO;Via Fratelli Garrone;61;45.0109034;7.650705;Abitazione;Dal 1961 al 1970;Nessuno;Patrimonio indisponibile;Utilizzato direttamente;Altro;;;;1;False
699131;L219;1488;78;23;63.0;FABBRICATO;Via Fratelli Garrone;61;45.0109034;7.650705;Abitazione;Dal 1961 al 1970;Nessuno;Patrimonio indisponibile;Utilizzato direttamente;Altro;;;;1;False
699132;L219;1488;78;233;87.0;FABBRICATO;Via Fratelli Garrone;61;45.0109034;7.650705;Abitazione;Dal 1961 al 1970;Nessuno;Patrimonio indisponibile;Utilizzato direttamente;Altro;;;;1;False
699133;L219;1488;78;234;82.0;FABBRICATO;Via Fratelli Garrone;61;45.0109034;7.650705;Abitazione;Dal 1961 al 1970;Nessuno;Patrimonio indisponibile;Utilizzato direttamente;Altro;;;;1;False
699134;L219;1488;78;236;66.0;FABBRICATO;Via Fratelli Garrone;61;45.0109034;7.650705;Abitazione;Dal 1961 al 1970;Nessuno;Patrimonio indisponibile;Utilizzato direttamente;Altro;;;;1;False
699135;L219;1488;78;24;83.0;FABBRICATO;Via Fratelli Garrone;61;45.0109034;7.650705;Abitazione;Dal 1961 al 1970;Nessuno;Patrimonio indisponibile;Utilizzato direttamente;Altro;;;;1;False
699136;L219;1488;78;25;63.0;FABBRICATO;Via Fratelli Garrone;61;45.0109034;7.650705;Abitazione;Dal 1961 al 1970;Nessuno;Patrimonio indisponibile;Utilizzato direttamente;Altro;;;;1;False
699137;L219;1488;78;26;81.0;FABBRICATO;Via Fratelli Garrone;61;45.0109034;7.650705;Abitazione;Dal 1961 al 1970;Nessuno;Patrimonio indisponibile;Utilizzato direttamente;Altro;;;;1;False
699138;L219;1488;78;27;61.0;FABBRICATO;Via Fratelli Garrone;61;45.0109034;7.650705;Abitazione;Dal 1961 al 1970;Nessuno;Patrimonio indisponibile;Utilizzato direttamente;Altro;;;;1;False
699139;L219;1488;78;29;64.0;FABBRICATO;Via Fratelli Garrone;61;45.0109034;7.650705;Abitazione;Dal 1961 al 1970;Nessuno;Patrimonio indisponibile;Utilizzato direttamente;Altro;;;;1;False
699140;L219;1488;78;30;81.0;FABBRICATO;Via Fratelli Garrone;61;45.0109034;7.650705;Abitazione;Dal 1961 al 1970;Nessuno;Patrimonio indisponibile;Utilizzato direttamente;Altro;;;;1;False
699141;L219;1488;78;31;62.0;FABBRICATO;Via Fratelli Garrone;61;45.0109034;7.650705;Abitazione;Dal 1961 al 1970;Nessuno;Patrimonio indisponibile;Utilizzato direttamente;Altro;;;;1;False
699142;L219;1488;78;32;80.0;FABBRICATO;Via Fratelli Garrone;61;45.0109034;7.650705;Abitazione;Dal 1961 al 1970;Nessuno;Patrimonio indisponibile;Utilizzato direttamente;Altro;;;;1;False
699143;L219;1488;78;33;62.0;FABBRICATO;Via Fratelli Garrone;61;45.0109034;7.650705;Abitazione;Dal 1961 al 1970;Nessuno;Patrimonio indisponibile;Utilizzato direttamente;Altro;;;;1;False
699144;L219;1488;78;34;81.0;FABBRICATO;Via Fratelli Garrone;61;45.0109034;7.650705;Abitazione;Dal 1961 al 1970;Nessuno;Patrimonio indisponibile;Utilizzato direttamente;Altro;;;;1;False
699145;L219;1488;78;35;61.0;FABBRICATO;Via Fratelli Garrone;61;45.0109034;7.650705;Abitazione;Dal 1961 al 1970;Nessuno;Patrimonio indisponibile;Utilizzato direttamente;Altro;;;;1;False
699146;L219;1488;78;37;63.0;FABBRICATO;Via Fratelli Garrone;61;45.0109034;7.650705;Abitazione;Dal 1961 al 1970;Nessuno;Patrimonio indisponibile;Utilizzato direttamente;Altro;;;;1;False
699147;L219;1488;78;38;81.0;FABBRICATO;Via Fratelli Garrone;61;45.0109034;7.650705;Abitazione;Dal 1961 al 1970;Nessuno;Patrimonio indisponibile;Utilizzato direttamente;Altro;;;;1;False
699148;L219;1488;78;39;64.0;FABBRICATO;Via Fratelli Garrone;61;45.0109034;7.650705;Abitazione;Dal 1961 al 1970;Nessuno;Patrimonio indisponibile;Utilizzato direttamente;Altro;;;;1;False
699149;L219;1488;78;4;80.0;FABBRICATO;Via Fratelli Garrone;61;45.0109034;7.650705;Abitazione;Dal 1961 al 1970;Nessuno;Patrimonio indisponibile;Utilizzato direttamente;Altro;;;;1;False
699150;L219;1488;78;40;80.0;FABBRICATO;Via Fratelli Garrone;61;45.0109034;7.650705;Abitazione;Dal 1961 al 1970;Nessuno;Patrimonio indisponibile;Utilizzato direttamente;Altro;;;;1;False
699151;L219;1488;78;41;61.0;FABBRICATO;Via Fratelli Garrone;61;45.0109034;7.650705;Abitazione;Dal 1961 al 1970;Nessuno;Patrimonio indisponibile;Utilizzato direttamente;Altro;;;;1;False
699152;L219;1488;78;42;83.0;FABBRICATO;Via Fratelli Garrone;61;45.0109034;7.650705;Abitazione;Dal 1961 al 1970;Nessuno;Patrimonio indisponibile;Utilizzato direttamente;Altro;;;;1;False
699153;L219;1488;78;43;64.0;FABBRICATO;Via Fratelli Garrone;61;45.0109034;7.650705;Abitazione;Dal 1961 al 1970;Nessuno;Patrimonio indisponibile;Utilizzato direttamente;Altro;;;;1;False
699154;L219;1488;78;44;82.0;FABBRICATO;Via Fratelli Garrone;61;45.0109034;7.650705;Abitazione;Dal 1961 al 1970;Nessuno;Patrimonio indisponibile;Utilizzato direttamente;Altro;;;;1;False
699155;L219;1488;78;45;63.0;FABBRICATO;Via Fratelli Garrone;61;45.0109034;7.650705;Abitazione;Dal 1961 al 1970;Nessuno;Patrimonio indisponibile;Utilizzato direttamente;Altro;;;;1;False
699156;L219;1488;78;46;83.0;FABBRICATO;Via Fratelli Garrone;61;45.0109034;7.650705;Abitazione;Dal 1961 al 1970;Nessuno;Patrimonio indisponibile;Utilizzato direttamente;Altro;;;;1;False
699157;L219;1488;78;47;62.0;FABBRICATO;Via Fratelli Garrone;61;45.0109034;7.650705;Abitazione;Dal 1961 al 1970;Nessuno;Patrimonio indisponibile;Utilizzato direttamente;Altro;;;;1;False
699158;L219;1488;78;48;81.0;FABBRICATO;Via Fratelli Garrone;61;45.0109034;7.650705;Abitazione;Dal 1961 al 1970;Nessuno;Patrimonio indisponibile;Utilizzato direttamente;Altro;;;;1;False
699159;L219;1488;78;49;64.0;FABBRICATO;Via Fratelli Garrone;61;45.0109034;7.650705;Abitazione;Dal 1961 al 1970;Nessuno;Patrimonio indisponibile;Utilizzato direttamente;Altro;;;;1;False
699160;L219;1488;78;5;61.0;FABBRICATO;Via Fratelli Garrone;61;45.0109034;7.650705;Abitazione;Dal 1961 al 1970;Nessuno;Patrimonio indisponibile;Utilizzato direttamente;Altro;;;;1;False
699161;L219;1488;78;50;81.0;FABBRICATO;Via Fratelli Garrone;61;45.0109034;7.650705;Abitazione;Dal 1961 al 1970;Nessuno;Patrimonio indisponibile;Utilizzato direttamente;Altro;;;;1;False
699162;L219;1488;78;51;62.0;FABBRICATO;Via Fratelli Garrone;61;45.0109034;7.650705;Abitazione;Dal 1961 al 1970;Nessuno;Patrimonio indisponibile;Utilizzato direttamente;Altro;;;;1;False
699163;L219;1488;78;52;82.0;FABBRICATO;Via Fratelli Garrone;61;45.0109034;7.650705;Abitazione;Dal 1961 al 1970;Nessuno;Patrimonio indisponibile;Utilizzato direttamente;Altro;;;;1;False
699164;L219;1488;78;53;64.0;FABBRICATO;Via Fratelli Garrone;61;45.0109034;7.650705;Abitazione;Dal 1961 al 1970;Nessuno;Patrimonio indisponibile;Utilizzato direttamente;Altro;;;;1;False
699165;L219;1488;78;54;82.0;FABBRICATO;Via Fratelli Garrone;61;45.0109034;7.650705;Abitazione;Dal 1961 al 1970;Nessuno;Patrimonio indisponibile;Utilizzato direttamente;Altro;;;;1;False
699166;L219;1488;78;55;62.0;FABBRICATO;Via Fratelli Garrone;61;45.0109034;7.650705;Abitazione;Dal 1961 al 1970;Nessuno;Patrimonio indisponibile;Utilizzato direttamente;Altro;;;;1;False
699167;L219;1488;78;56;82.0;FABBRICATO;Via Fratelli Garrone;61;45.0109034;7.650705;Abitazione;Dal 1961 al 1970;Nessuno;Patrimonio indisponibile;Utilizzato direttamente;Altro;;;;1;False
699168;L219;1488;78;57;62.0;FABBRICATO;Via Fratelli Garrone;61;45.0109034;7.650705;Abitazione;Dal 1961 al 1970;Nessuno;Patrimonio indisponibile;Utilizzato direttamente;Altro;;;;1;False
699169;L219;1488;78;58;83.0;FABBRICATO;Via Fratelli Garrone;61;45.0109034;7.650705;Abitazione;Dal 1961 al 1970;Nessuno;Patrimonio indisponibile;Utilizzato direttamente;Altro;;;;1;False
699170;L219;1488;78;59;63.0;FABBRICATO;Via Fratelli Garrone;61;45.0109034;7.650705;Abitazione;Dal 1961 al 1970;Nessuno;Patrimonio indisponibile;Utilizzato direttamente;Altro;;;;1;False
699171;L219;1488;78;6;82.0;FABBRICATO;Via Fratelli Garrone;61;45.0109034;7.650705;Abitazione;Dal 1961 al 1970;Nessuno;Patrimonio indisponibile;Utilizzato direttamente;Altro;;;;1;False
699172;L219;1488;78;60;83.0;FABBRICATO;Via Fratelli Garrone;61;45.0109034;7.650705;Abitazione;Dal 1961 al 1970;Nessuno;Patrimonio indisponibile;Utilizzato direttamente;Altro;;;;1;False
699173;L219;1488;78;61;61.0;FABBRICATO;Via Fratelli Garrone;61;45.0109034;7.650705;Abitazione;Dal 1961 al 1970;Nessuno;Patrimonio indisponibile;Utilizzato direttamente;Altro;;;;1;False
699174;L219;1488;78;62;86.0;FABBRICATO;Via Fratelli Garrone;61;45.0109034;7.650705;Abitazione;Dal 1961 al 1970;Nessuno;Patrimonio indisponibile;Utilizzato direttamente;Altro;;;;1;False
699175;L219;1488;78;63;62.0;FABBRICATO;Via Fratelli Garrone;61;45.0109034;7.650705;Abitazione;Dal 1961 al 1970;Nessuno;Patrimonio indisponibile;Utilizzato direttamente;Altro;;;;1;False
699176;L219;1488;78;64;87.0;FABBRICATO;Via Fratelli Garrone;61;45.0109034;7.650705;Abitazione;Dal 1961 al 1970;Nessuno;Patrimonio indisponibile;Utilizzato direttamente;Altro;;;;1;False
699177;L219;1488;78;65;61.0;FABBRICATO;Via Fratelli Garrone;61;45.0109034;7.650705;Abitazione;Dal 1961 al 1970;Nessuno;Patrimonio indisponibile;Utilizzato direttamente;Altro;;;;1;False
699178;L219;1488;78;66;86.0;FABBRICATO;Via Fratelli Garrone;61;45.0109034;7.650705;Abitazione;Dal 1961 al 1970;Nessuno;Patrimonio indisponibile;Utilizzato direttamente;Altro;;;;1;False
699179;L219;1488;78;67;61.0;FABBRICATO;Via Fratelli Garrone;61;45.0109034;7.650705;Abitazione;Dal 1961 al 1970;Nessuno;Patrimonio indisponibile;Utilizzato direttamente;Altro;;;;1;False
699180;L219;1488;78;68;86.0;FABBRICATO;Via Fratelli Garrone;61;45.0109034;7.650705;Abitazione;Dal 1961 al 1970;Nessuno;Patrimonio indisponibile;Utilizzato direttamente;Altro;;;;1;False
699181;L219;1488;78;69;62.0;FABBRICATO;Via Fratelli Garrone;61;45.0109034;7.650705;Abitazione;Dal 1961 al 1970;Nessuno;Patrimonio indisponibile;Utilizzato direttamente;Altro;;;;1;False
699182;L219;1488;78;7;61.0;FABBRICATO;Via Fratelli Garrone;61;45.0109034;7.650705;Abitazione;Dal 1961 al 1970;Nessuno;Patrimonio indisponibile;Utilizzato direttamente;Altro;;;;1;False
699183;L219;1488;78;70;86.0;FABBRICATO;Via Fratelli Garrone;61;45.0109034;7.650705;Abitazione;Dal 1961 al 1970;Nessuno;Patrimonio indisponibile;Utilizzato direttamente;Altro;;;;1;False
699184;L219;1488;78;71;60.0;FABBRICATO;Via Fratelli Garrone;61;45.0109034;7.650705;Abitazione;Dal 1961 al 1970;Nessuno;Patrimonio indisponibile;Utilizzato direttamente;Altro;;;;1;False
699185;L219;1488;78;72;86.0;FABBRICATO;Via Fratelli Garrone;61;45.0109034;7.650705;Abitazione;Dal 1961 al 1970;Nessuno;Patrimonio indisponibile;Utilizzato direttamente;Altro;;;;1;False
699186;L219;1488;78;73;62.0;FABBRICATO;Via Fratelli Garrone;61;45.0109034;7.650705;Abitazione;Dal 1961 al 1970;Nessuno;Patrimonio indisponibile;Utilizzato direttamente;Altro;;;;1;False
699187;L219;1488;78;74;86.0;FABBRICATO;Via Fratelli Garrone;61;45.0109034;7.650705;Abitazione;Dal 1961 al 1970;Nessuno;Patrimonio indisponibile;Utilizzato direttamente;Altro;;;;1;False
699188;L219;1488;78;75;63.0;FABBRICATO;Via Fratelli Garrone;61;45.0109034;7.650705;Abitazione;Dal 1961 al 1970;Nessuno;Patrimonio indisponibile;Utilizzato direttamente;Altro;;;;1;False
699189;L219;1488;78;76;86.0;FABBRICATO;Via Fratelli Garrone;61;45.0109034;7.650705;Abitazione;Dal 1961 al 1970;Nessuno;Patrimonio indisponibile;Utilizzato direttamente;Altro;;;;1;False
699190;L219;1488;78;77;62.0;FABBRICATO;Via Fratelli Garrone;61;45.0109034;7.650705;Abitazione;Dal 1961 al 1970;Nessuno;Patrimonio indisponibile;Utilizzato direttamente;Altro;;;;1;False
699191;L219;1488;78;78;86.0;FABBRICATO;Via Fratelli Garrone;61;45.0109034;7.650705;Abitazione;Dal 1961 al 1970;Nessuno;Patrimonio indisponibile;Utilizzato direttamente;Altro;;;;1;False
699192;L219;1488;78;79;63.0;FABBRICATO;Via Fratelli Garrone;61;45.0109034;7.650705;Abitazione;Dal 1961 al 1970;Nessuno;Patrimonio indisponibile;Utilizzato direttamente;Altro;;;;1;False
699193;L219;1488;78;8;81.0;FABBRICATO;Via Fratelli Garrone;61;45.0109034;7.650705;Abitazione;Dal 1961 al 1970;Nessuno;Patrimonio indisponibile;Utilizzato direttamente;Altro;;;;1;False
699194;L219;1488;78;80;87.0;FABBRICATO;Via Fratelli Garrone;61;45.0109034;7.650705;Abitazione;Dal 1961 al 1970;Nessuno;Patrimonio indisponibile;Utilizzato direttamente;Altro;;;;1;False
699195;L219;1488;78;81;63.0;FABBRICATO;Via Fratelli Garrone;61;45.0109034;7.650705;Abitazione;Dal 1961 al 1970;Nessuno;Patrimonio indisponibile;Utilizzato direttamente;Altro;;;;1;False
699196;L219;1488;78;83;63.0;FABBRICATO;Via Fratelli Garrone;61;45.0109034;7.650705;Abitazione;Dal 1961 al 1970;Nessuno;Patrimonio indisponibile;Utilizzato direttamente;Altro;;;;1;False
699197;L219;1488;78;84;86.0;FABBRICATO;Via Fratelli Garrone;61;45.0109034;7.650705;Abitazione;Dal 1961 al 1970;Nessuno;Patrimonio indisponibile;Utilizzato direttamente;Altro;;;;1;False
699198;L219;1488;78;85;62.0;FABBRICATO;Via Fratelli Garrone;61;45.0109034;7.650705;Abitazione;Dal 1961 al 1970;Nessuno;Patrimonio indisponibile;Utilizzato direttamente;Altro;;;;1;False
699199;L219;1488;78;86;87.0;FABBRICATO;Via Fratelli Garrone;61;45.0109034;7.650705;Abitazione;Dal 1961 al 1970;Nessuno;Patrimonio indisponibile;Utilizzato direttamente;Altro;;;;1;False
699200;L219;1488;78;87;62.0;FABBRICATO;Via Fratelli Garrone;61;45.0109034;7.650705;Abitazione;Dal 1961 al 1970;Nessuno;Patrimonio indisponibile;Utilizzato direttamente;Altro;;;;1;False
699201;L219;1488;78;88;85.0;FABBRICATO;Via Fratelli Garrone;61;45.0109034;7.650705;Abitazione;Dal 1961 al 1970;Nessuno;Patrimonio indisponibile;Utilizzato direttamente;Altro;;;;1;False
699202;L219;1488;78;89;62.0;FABBRICATO;Via Fratelli Garrone;61;45.0109034;7.650705;Abitazione;Dal 1961 al 1970;Nessuno;Patrimonio indisponibile;Utilizzato direttamente;Altro;;;;1;False
699203;L219;1488;78;9;62.0;FABBRICATO;Via Fratelli Garrone;61;45.0109034;7.650705;Abitazione;Dal 1961 al 1970;Nessuno;Patrimonio indisponibile;Utilizzato direttamente;Altro;;;;1;False
699204;L219;1488;78;90;86.0;FABBRICATO;Via Fratelli Garrone;61;45.0109034;7.650705;Abitazione;Dal 1961 al 1970;Nessuno;Patrimonio indisponibile;Utilizzato direttamente;Altro;;;;1;False
699205;L219;1488;78;91;62.0;FABBRICATO;Via Fratelli Garrone;61;45.0109034;7.650705;Abitazione;Dal 1961 al 1970;Nessuno;Patrimonio indisponibile;Utilizzato direttamente;Altro;;;;1;False
699206;L219;1488;78;93;63.0;FABBRICATO;Via Fratelli Garrone;61;45.0109034;7.650705;Abitazione;Dal 1961 al 1970;Nessuno;Patrimonio indisponibile;Utilizzato direttamente;Altro;;;;1;False
699207;L219;1488;78;94;87.0;FABBRICATO;Via Fratelli Garrone;61;45.0109034;7.650705;Abitazione;Dal 1961 al 1970;Nessuno;Patrimonio indisponibile;Utilizzato direttamente;Altro;;;;1;False
699208;L219;1488;78;95;64.0;FABBRICATO;Via Fratelli Garrone;61;45.0109034;7.650705;Abitazione;Dal 1961 al 1970;Nessuno;Patrimonio indisponibile;Utilizzato direttamente;Altro;;;;1;False
699209;L219;1488;78;96;86.0;FABBRICATO;Via Fratelli Garrone;61;45.0109034;7.650705;Abitazione;Dal 1961 al 1970;Nessuno;Patrimonio indisponibile;Utilizzato direttamente;Altro;;;;1;False
699210;L219;1488;78;97;62.0;FABBRICATO;Via Fratelli Garrone;61;45.0109034;7.650705;Abitazione;Dal 1961 al 1970;Nessuno;Patrimonio indisponibile;Utilizzato direttamente;Altro;;;;1;False
699211;L219;1488;78;98;86.0;FABBRICATO;Via Fratelli Garrone;61;45.0109034;7.650705;Abitazione;Dal 1961 al 1970;Nessuno;Patrimonio indisponibile;Utilizzato direttamente;Altro;;;;1;False
699212;L219;1488;78;99;61.0;FABBRICATO;Via Fratelli Garrone;61;45.0109034;7.650705;Abitazione;Dal 1961 al 1970;Nessuno;Patrimonio indisponibile;Utilizzato direttamente;Altro;;;;1;False
699213;L219;1488;95;4;1057.75;FABBRICATO;via garrone fratelli;61 80;45.0101954;7.6509241;Edificio scolastico (es.: scuola di ogni ordine e grado, università, scuola di formazione);Dal 1971 al 1980;Nessuno;Patrimonio indisponibile;Utilizzato direttamente;Attività didattica;;;;1;False
699214;L219;1488;95;5;110.0;FABBRICATO;via garrone fratelli;61 80;45.0101954;7.6509241;Abitazione;Dal 1971 al 1980;Nessuno;Patrimonio indisponibile;Utilizzato direttamente;Alloggio di servizio, foresterie;;;;1;False
699215;L219;1488;95;6;816.0;FABBRICATO;via garrone fratelli;61 80;45.0101954;7.6509241;Edificio scolastico (es.: scuola di ogni ordine e grado, università, scuola di formazione);Dal 1961 al 1970;Nessuno;Patrimonio indisponibile;Utilizzato direttamente;Attività didattica;;;;1;False
699216;L219;1488;95;7;119.0;FABBRICATO;via garrone fratelli;61 80;45.0101954;7.6509241;Abitazione;Dal 1961 al 1970;Nessuno;Patrimonio indisponibile;Utilizzato direttamente;Alloggio di servizio, foresterie;;;;1;False
699302;L219;209;106;14;31.0;FABBRICATO;Via Gian Francesco Bellezia;33;45.0756391;7.6813996;Abitazione;Prima del 1919;Nessuno;Patrimonio indisponibile;Utilizzato direttamente;Altro;;;;1;False
699303;L219;209;106;17;40.0;FABBRICATO;Via Gian Francesco Bellezia;33;45.0756391;7.6813996;Abitazione;Prima del 1919;Nessuno;Patrimonio indisponibile;Utilizzato direttamente;Altro;;;;1;False
699304;L219;209;106;20;31.0;FABBRICATO;Via Gian Francesco Bellezia;33;45.0756391;7.6813996;Abitazione;Prima del 1919;Nessuno;Patrimonio indisponibile;Utilizzato direttamente;Altro;;;;1;False
699305;L219;209;106;21;23.0;FABBRICATO;Via Gian Francesco Bellezia;33;45.0756391;7.6813996;Abitazione;Prima del 1919;Nessuno;Patrimonio indisponibile;Utilizzato direttamente;Altro;;;;1;False
699306;L219;209;106;22;33.0;FABBRICATO;Via Gian Francesco Bellezia;33;45.0756391;7.6813996;Abitazione;Prima del 1919;Nessuno;Patrimonio indisponibile;Utilizzato direttamente;Altro;;;;1;False
699307;L219;209;106;26;30.0;FABBRICATO;Via Gian Francesco Bellezia;33;45.0756391;7.6813996;Abitazione;Prima del 1919;Nessuno;Patrimonio indisponibile;Utilizzato direttamente;Altro;;;;1;False
699308;L219;209;106;27;23.0;FABBRICATO;Via Gian Francesco Bellezia;33;45.0756391;7.6813996;Abitazione;Prima del 1919;Nessuno;Patrimonio indisponibile;Utilizzato direttamente;Altro;;;;1;False
699309;L219;209;106;34;64.0;FABBRICATO;Via Gian Francesco Bellezia;33;45.0756391;7.6813996;Abitazione;Prima del 1919;Nessuno;Patrimonio indisponibile;Utilizzato direttamente;Altro;;;;1;False
699310;L219;209;106;35;23.0;FABBRICATO;Via Gian Francesco Bellezia;33;45.0756391;7.6813996;Abitazione;Prima del 1919;Nessuno;Patrimonio indisponibile;Utilizzato direttamente;Altro;;;;1;False
699311;L219;209;106;36;24.0;FABBRICATO;Via Gian Francesco Bellezia;33;45.0756391;7.6813996;Abitazione;Prima del 1919;Nessuno;Patrimonio indisponibile;Utilizzato direttamente;Altro;;;;1;False
699312;L219;209;106;37;56.0;FABBRICATO;Via Gian Francesco Bellezia;33;45.0756391;7.6813996;Abitazione;Prima del 1919;Nessuno;Patrimonio indisponibile;Utilizzato direttamente;Altro;;;;1;False
699313;L219;209;106;38;24.0;FABBRICATO;Via Gian Francesco Bellezia;33;45.0756391;7.6813996;Abitazione;Prima del 1919;Nessuno;Patrimonio indisponibile;Utilizzato direttamente;Altro;;;;1;False
699314;L219;209;106;39;56.0;FABBRICATO;Via Gian Francesco Bellezia;33;45.0756391;7.6813996;Abitazione;Prima del 1919;Nessuno;Patrimonio indisponibile;Utilizzato direttamente;Altro;;;;1;False
699315;L219;209;106;40;40.0;FABBRICATO;Via Gian Francesco Bellezia;33;45.0756391;7.6813996;Abitazione;Prima del 1919;Nessuno;Patrimonio indisponibile;Utilizzato direttamente;Altro;;;;1;False
699316;L219;209;106;41;40.0;FABBRICATO;Via Gian Francesco Bellezia;33;45.0756391;7.6813996;Abitazione;Prima del 1919;Nessuno;Patrimonio indisponibile;Utilizzato direttamente;Altro;;;;1;False
699317;L219;209;106;6;34.0;FABBRICATO;Via Gian Francesco Bellezia;33;45.0756391;7.6813996;Abitazione;Prima del 1919;Nessuno;Patrimonio indisponibile;Utilizzato direttamente;Altro;;;;1;False
699318;L219;209;113;16;44.0;FABBRICATO;Via Gian Francesco Bellezia;29;45.0756391;7.6813996;Abitazione;Prima del 1919;Nessuno;Patrimonio indisponibile;Utilizzato direttamente;Altro;;;;1;False
699319;L219;209;113;26;42.0;FABBRICATO;Via Gian Francesco Bellezia;29;45.0756391;7.6813996;Abitazione;Prima del 1919;Nessuno;Patrimonio indisponibile;Utilizzato direttamente;Altro;;;;1;False
699320;L219;209;113;27;64.0;FABBRICATO;Via Gian Francesco Bellezia;29;45.0756391;7.6813996;Abitazione;Prima del 1919;Nessuno;Patrimonio indisponibile;Utilizzato direttamente;Altro;;;;1;False
699321;L219;209;113;28;48.0;FABBRICATO;Via Gian Francesco Bellezia;29;45.0756391;7.6813996;Abitazione;Prima del 1919;Nessuno;Patrimonio indisponibile;Utilizzato direttamente;Altro;;;;1;False
699322;L219;209;113;29;64.0;FABBRICATO;Via Gian Francesco Bellezia;29;45.0756391;7.6813996;Abitazione;Prima del 1919;Nessuno;Patrimonio indisponibile;Utilizzato direttamente;Altro;;;;1;False
699323;L219;209;113;30;40.0;FABBRICATO;Via Gian Francesco Bellezia;29;45.0756391;7.6813996;Abitazione;Prima del 1919;Nessuno;Patrimonio indisponibile;Utilizzato direttamente;Altro;;;;1;False
699324;L219;209;113;31;40.0;FABBRICATO;Via Gian Francesco Bellezia;29;45.0756391;7.6813996;Abitazione;Prima del 1919;Nessuno;Patrimonio indisponibile;Utilizzato direttamente;Altro;;;;1;False
699325;L219;209;113;32;40.0;FABBRICATO;Via Gian Francesco Bellezia;29;45.0756391;7.6813996;Abitazione;Prima del 1919;Nessuno;Patrimonio indisponibile;Utilizzato direttamente;Altro;;;;1;False
699326;L219;209;113;5;48.0;FABBRICATO;Via Gian Francesco Bellezia;29;45.0756391;7.6813996;Abitazione;Prima del 1919;Nessuno;Patrimonio indisponibile;Utilizzato direttamente;Altro;;;;1;False
699327;L219;209;113;6;64.0;FABBRICATO;Via Gian Francesco Bellezia;29;45.0756391;7.6813996;Abitazione;Prima del 1919;Nessuno;Patrimonio indisponibile;Utilizzato direttamente;Altro;;;;1;False
699328;L219;209;118;11;38.0;FABBRICATO;via s. chiara;10;45.0756391;7.6813996;Abitazione;Prima del 1919;Nessuno;Patrimonio indisponibile;Utilizzato direttamente;Altro;;;;1;False
699329;L219;209;118;15;93.0;FABBRICATO;via s. chiara;10;45.0756391;7.6813996;Abitazione;Prima del 1919;Nessuno;Patrimonio indisponibile;Utilizzato direttamente;Altro;;;;1;False
699330;L219;209;118;5003;69.0;FABBRICATO;via s. chiara;10;45.0756391;7.6813996;Abitazione;Prima del 1919;Nessuno;Patrimonio indisponibile;Utilizzato direttamente;Altro;;;;1;False
699331;L219;209;118;5004;2.0;FABBRICATO;via s. chiara;10;45.0756391;7.6813996;Cantina, soffitta, rimessa, box, garage, posto auto aperto/scoperto,;Prima del 1919;Nessuno;Patrimonio indisponibile;Utilizzato direttamente;Altro;;;;1;False
699332;L219;209;118;5006;69.0;FABBRICATO;via s. chiara;10;45.0756391;7.6813996;Abitazione;Prima del 1919;Nessuno;Patrimonio indisponibile;Utilizzato direttamente;Altro;;;;1;False
699333;L219;209;118;5009;6.0;FABBRICATO;via s. chiara;10;45.0756391;7.6813996;Cantina, soffitta, rimessa, box, garage, posto auto aperto/scoperto,;Prima del 1919;Nessuno;Patrimonio indisponibile;Utilizzato direttamente;Altro;;;;1;False
699334;L219;209;118;5010;5.0;FABBRICATO;via s. chiara;10;45.0756391;7.6813996;Cantina, soffitta, rimessa, box, garage, posto auto aperto/scoperto,;Prima del 1919;Nessuno;Patrimonio indisponibile;Utilizzato direttamente;Altro;;;;1;False
699335;L219;209;118;5011;5.0;FABBRICATO;via s. chiara;10;45.0756391;7.6813996;Cantina, soffitta, rimessa, box, garage, posto auto aperto/scoperto,;Prima del 1919;Nessuno;Patrimonio indisponibile;Utilizzato direttamente;Altro;;;;1;False
699336;L219;209;118;5012;5.0;FABBRICATO;via s. chiara;10;45.0756391;7.6813996;Cantina, soffitta, rimessa, box, garage, posto auto aperto/scoperto,;Prima del 1919;Nessuno;Patrimonio indisponibile;Utilizzato direttamente;Altro;;;;1;False
699337;L219;209;118;5013;4.0;FABBRICATO;via s. chiara;10;45.0756391;7.6813996;Cantina, soffitta, rimessa, box, garage, posto auto aperto/scoperto,;Prima del 1919;Nessuno;Patrimonio indisponibile;Utilizzato direttamente;Altro;;;;1;False
699338;L219;209;118;5015;3.0;FABBRICATO;via s. chiara;10;45.0756391;7.6813996;Cantina, soffitta, rimessa, box, garage, posto auto aperto/scoperto,;Prima del 1919;Nessuno;Patrimonio indisponibile;Utilizzato direttamente;Altro;;;;1;False
699339;L219;209;118;5016;3.0;FABBRICATO;via s. chiara;10;45.0756391;7.6813996;Cantina, soffitta, rimessa, box, garage, posto auto aperto/scoperto,;Prima del 1919;Nessuno;Patrimonio indisponibile;Utilizzato direttamente;Altro;;;;1;False
699340;L219;209;118;5017;3.0;FABBRICATO;via s. chiara;10;45.0756391;7.6813996;Cantina, soffitta, rimessa, box, garage, posto auto aperto/scoperto,;Prima del 1919;Nessuno;Patrimonio indisponibile;Utilizzato direttamente;Altro;;;;1;False
699341;L219;209;118;5018;63.0;FABBRICATO;via s. chiara;10;45.0756391;7.6813996;Abitazione;Prima del 1919;Nessuno;Patrimonio indisponibile;Utilizzato direttamente;Altro;;;;1;False
699342;L219;209;118;5124;4.0;FABBRICATO;via s. chiara;10;45.0756391;7.6813996;Cantina, soffitta, rimessa, box, garage, posto auto aperto/scoperto,;Prima del 1919;Nessuno;Patrimonio indisponibile;Utilizzato direttamente;Altro;;;;1;False
699343;L219;209;118;5126;94.0;FABBRICATO;via s. chiara;10;45.0756391;7.6813996;Abitazione;Prima del 1919;Nessuno;Patrimonio indisponibile;Utilizzato direttamente;Altro;;;;1;False
699344;L219;209;118;5127;2.0;FABBRICATO;via s. chiara;10;45.0756391;7.6813996;Cantina, soffitta, rimessa, box, garage, posto auto aperto/scoperto,;Prima del 1919;Nessuno;Patrimonio indisponibile;Utilizzato direttamente;Altro;;;;1;False
699345;L219;209;118;5128;39.0;FABBRICATO;via s. chiara;10;45.0756391;7.6813996;Abitazione;Prima del 1919;Nessuno;Patrimonio indisponibile;Utilizzato direttamente;Altro;;;;1;False
699346;L219;209;118;5129;5.0;FABBRICATO;via s. chiara;10;45.0756391;7.6813996;Cantina, soffitta, rimessa, box, garage, posto auto aperto/scoperto,;Prima del 1919;Nessuno;Patrimonio indisponibile;Utilizzato direttamente;Altro;;;;1;False
699347;L219;209;118;5130;93.0;FABBRICATO;via s. chiara;10;45.0756391;7.6813996;Abitazione;Prima del 1919;Nessuno;Patrimonio indisponibile;Utilizzato direttamente;Altro;;;;1;False
699348;L219;209;118;5131;6.0;FABBRICATO;via s. chiara;10;45.0756391;7.6813996;Cantina, soffitta, rimessa, box, garage, posto auto aperto/scoperto,;Prima del 1919;Nessuno;Patrimonio indisponibile;Utilizzato direttamente;Altro;;;;1;False
699349;L219;209;118;5132;69.0;FABBRICATO;via s. chiara;10;45.0756391;7.6813996;Abitazione;Prima del 1919;Nessuno;Patrimonio indisponibile;Utilizzato direttamente;Altro;;;;1;False
699350;L219;209;118;5133;2.0;FABBRICATO;via s. chiara;10;45.0756391;7.6813996;Cantina, soffitta, rimessa, box, garage, posto auto aperto/scoperto,;Prima del 1919;Nessuno;Patrimonio indisponibile;Utilizzato direttamente;Altro;;;;1;False
699351;L219;209;128;10;72.0;FABBRICATO;via s. chiara;16;45.0756391;7.6813996;Abitazione;Prima del 1919;Nessuno;Patrimonio indisponibile;Utilizzato direttamente;Altro;;;;1;False
699352;L219;209;128;11;44.0;FABBRICATO;via s. chiara;16;45.0756391;7.6813996;Abitazione;Prima del 1919;Nessuno;Patrimonio indisponibile;Utilizzato direttamente;Altro;;;;1;False
699353;L219;209;128;12;44.0;FABBRICATO;via s. chiara;16;45.0756391;7.6813996;Abitazione;Prima del 1919;Nessuno;Patrimonio indisponibile;Utilizzato direttamente;Altro;;;;1;False
699354;L219;209;128;13;47.0;FABBRICATO;via s. chiara;16;45.0756391;7.6813996;Abitazione;Prima del 1919;Nessuno;Patrimonio indisponibile;Utilizzato direttamente;Altro;;;;1;False
699355;L219;209;128;14;66.0;FABBRICATO;via s. chiara;16;45.0756391;7.6813996;Abitazione;Prima del 1919;Nessuno;Patrimonio indisponibile;Utilizzato direttamente;Altro;;;;1;False
699356;L219;209;128;15;43.0;FABBRICATO;via s. chiara;16;45.0756391;7.6813996;Abitazione;Prima del 1919;Nessuno;Patrimonio indisponibile;Utilizzato direttamente;Altro;;;;1;False
699357;L219;209;128;16;36.0;FABBRICATO;via s. chiara;16;45.0756391;7.6813996;Abitazione;Prima del 1919;Nessuno;Patrimonio indisponibile;Utilizzato direttamente;Altro;;;;1;False
699358;L219;209;128;17;38.0;FABBRICATO;via s. chiara;16;45.0756391;7.6813996;Abitazione;Prima del 1919;Nessuno;Patrimonio indisponibile;Utilizzato direttamente;Altro;;;;1;False
699359;L219;209;128;18;37.0;FABBRICATO;via s. chiara;16;45.0756391;7.6813996;Abitazione;Prima del 1919;Nessuno;Patrimonio indisponibile;Utilizzato direttamente;Altro;;;;1;False
699360;L219;209;128;181;56.0;FABBRICATO;via s. chiara;10;45.0756391;7.6813996;Abitazione;Prima del 1919;Nessuno;Patrimonio indisponibile;Utilizzato direttamente;Altro;;;;1;False
699361;L219;209;128;184;1574.25;FABBRICATO;via s. chiara;12;45.0756391;7.6813996;Edificio scolastico (es.: scuola di ogni ordine e grado, università, scuola di formazione);Prima del 1919;Nessuno;Patrimonio indisponibile;Utilizzato direttamente;Attività didattica;;;;1;False
699362;L219;209;128;19;59.0;FABBRICATO;via s. chiara;16;45.0756391;7.6813996;Abitazione;Prima del 1919;Nessuno;Patrimonio indisponibile;Utilizzato direttamente;Altro;;;;1;False
699363;L219;209;128;20;96.0;FABBRICATO;via s. chiara;16;45.0756391;7.6813996;Abitazione;Prima del 1919;Nessuno;Patrimonio indisponibile;Utilizzato direttamente;Altro;;;;1;False
699364;L219;209;128;21;68.0;FABBRICATO;via s. chiara;16;45.0756391;7.6813996;Abitazione;Prima del 1919;Nessuno;Patrimonio indisponibile;Utilizzato direttamente;Altro;;;;1;False
699365;L219;209;128;24;41.0;FABBRICATO;Via Sant'Agostino;26;45.0756391;7.6813996;Abitazione;Prima del 1919;Nessuno;Patrimonio indisponibile;Utilizzato direttamente;Altro;;;;1;False
699366;L219;209;128;25;65.0;FABBRICATO;Via Sant'Agostino;26;45.0756391;7.6813996;Abitazione;Prima del 1919;Nessuno;Patrimonio indisponibile;Utilizzato direttamente;Altro;;;;1;False
699367;L219;209;128;26;84.0;FABBRICATO;Via Sant'Agostino;26;45.0756391;7.6813996;Abitazione;Prima del 1919;Nessuno;Patrimonio indisponibile;Utilizzato direttamente;Altro;;;;1;False
699368;L219;209;128;27;63.0;FABBRICATO;Via Sant'Agostino;26;45.0756391;7.6813996;Abitazione;Prima del 1919;Nessuno;Patrimonio indisponibile;Utilizzato direttamente;Altro;;;;1;False
699369;L219;209;128;28;68.0;FABBRICATO;Via Sant'Agostino;26;45.0756391;7.6813996;Abitazione;Prima del 1919;Nessuno;Patrimonio indisponibile;Utilizzato direttamente;Altro;;;;1;False
699370;L219;209;128;29;46.0;FABBRICATO;Via Sant'Agostino;26;45.0756391;7.6813996;Abitazione;Prima del 1919;Nessuno;Patrimonio indisponibile;Utilizzato direttamente;Altro;;;;1;False
699371;L219;209;128;30;41.0;FABBRICATO;Via Sant'Agostino;26;45.0756391;7.6813996;Abitazione;Prima del 1919;Nessuno;Patrimonio indisponibile;Utilizzato direttamente;Altro;;;;1;False
699372;L219;209;128;31;57.0;FABBRICATO;Via Sant'Agostino;26;45.0756391;7.6813996;Abitazione;Prima del 1919;Nessuno;Patrimonio indisponibile;Utilizzato direttamente;Altro;;;;1;False
699373;L219;209;128;32;54.0;FABBRICATO;Via Sant'Agostino;26;45.0756391;7.6813996;Abitazione;Prima del 1919;Nessuno;Patrimonio indisponibile;Utilizzato direttamente;Altro;;;;1;False
699374;L219;209;128;33;60.0;FABBRICATO;Via Sant'Agostino;26;45.0756391;7.6813996;Abitazione;Prima del 1919;Nessuno;Patrimonio indisponibile;Utilizzato direttamente;Altro;;;;1;False
699375;L219;209;128;34;46.0;FABBRICATO;Via Sant'Agostino;26;45.0756391;7.6813996;Abitazione;Prima del 1919;Nessuno;Patrimonio indisponibile;Utilizzato direttamente;Altro;;;;1;False
699376;L219;209;128;35;34.0;FABBRICATO;Via Sant'Agostino;26;45.0756391;7.6813996;Abitazione;Prima del 1919;Nessuno;Patrimonio indisponibile;Utilizzato direttamente;Altro;;;;1;False
699377;L219;209;128;36;46.0;FABBRICATO;Via Sant'Agostino;26;45.0756391;7.6813996;Abitazione;Prima del 1919;Nessuno;Patrimonio indisponibile;Utilizzato direttamente;Altro;;;;1;False
699378;L219;209;128;37;49.0;FABBRICATO;Via Sant'Agostino;26;45.0756391;7.6813996;Abitazione;Prima del 1919;Nessuno;Patrimonio indisponibile;Utilizzato direttamente;Altro;;;;1;False
699379;L219;209;128;38;63.0;FABBRICATO;Via Sant'Agostino;26;45.0756391;7.6813996;Abitazione;Prima del 1919;Nessuno;Patrimonio indisponibile;Utilizzato direttamente;Altro;;;;1;False
699380;L219;209;128;39;47.0;FABBRICATO;Via Sant'Agostino;26;45.0756391;7.6813996;Abitazione;Prima del 1919;Nessuno;Patrimonio indisponibile;Utilizzato direttamente;Altro;;;;1;False
699381;L219;209;128;4;79.0;FABBRICATO;via s. chiara;16;45.0756391;7.6813996;Abitazione;Prima del 1919;Nessuno;Patrimonio indisponibile;Utilizzato direttamente;Altro;;;;1;False
699382;L219;209;128;40;40.0;FABBRICATO;Via Sant'Agostino;26;45.0756391;7.6813996;Abitazione;Prima del 1919;Nessuno;Patrimonio indisponibile;Utilizzato direttamente;Altro;;;;1;False
699383;L219;209;128;41;79.0;FABBRICATO;Via Sant'Agostino;26;45.0756391;7.6813996;Abitazione;Prima del 1919;Nessuno;Patrimonio indisponibile;Utilizzato direttamente;Altro;;;;1;False
699384;L219;209;128;42;82.0;FABBRICATO;Via Sant'Agostino;26;45.0756391;7.6813996;Abitazione;Prima del 1919;Nessuno;Patrimonio indisponibile;Utilizzato direttamente;Altro;;;;1;False
699385;L219;209;128;47;48.0;FABBRICATO;Via Franco Bonelli;5;45.0756391;7.6813996;Abitazione;Prima del 1919;Nessuno;Patrimonio indisponibile;Utilizzato direttamente;Altro;;;;1;False
699386;L219;209;128;48;35.0;FABBRICATO;Via Franco Bonelli;5;45.0756391;7.6813996;Abitazione;Prima del 1919;Nessuno;Patrimonio indisponibile;Utilizzato direttamente;Altro;;;;1;False
699387;L219;209;128;49;47.0;FABBRICATO;Via Franco Bonelli;5;45.0756391;7.6813996;Abitazione;Prima del 1919;Nessuno;Patrimonio indisponibile;Utilizzato direttamente;Altro;;;;1;False
699388;L219;209;128;5;17.0;FABBRICATO;via s. chiara;16;45.0756391;7.6813996;Abitazione;Prima del 1919;Nessuno;Patrimonio indisponibile;Utilizzato direttamente;Altro;;;;1;False
699389;L219;209;128;50;41.0;FABBRICATO;Via Franco Bonelli;5;45.0756391;7.6813996;Abitazione;Prima del 1919;Nessuno;Patrimonio indisponibile;Utilizzato direttamente;Altro;;;;1;False
699390;L219;209;128;51;66.0;FABBRICATO;Via Franco Bonelli;5;45.0756391;7.6813996;Abitazione;Prima del 1919;Nessuno;Patrimonio indisponibile;Utilizzato direttamente;Altro;;;;1;False
699391;L219;209;128;52;46.0;FABBRICATO;Via Franco Bonelli;5;45.0756391;7.6813996;Abitazione;Prima del 1919;Nessuno;Patrimonio indisponibile;Utilizzato direttamente;Altro;;;;1;False
699392;L219;209;128;53;40.0;FABBRICATO;Via Franco Bonelli;5;45.0756391;7.6813996;Abitazione;Prima del 1919;Nessuno;Patrimonio indisponibile;Utilizzato direttamente;Altro;;;;1;False
699393;L219;209;128;54;47.0;FABBRICATO;Via Franco Bonelli;5;45.0756391;7.6813996;Abitazione;Prima del 1919;Nessuno;Patrimonio indisponibile;Utilizzato direttamente;Altro;;;;1;False
699394;L219;209;128;55;49.0;FABBRICATO;Via Franco Bonelli;5;45.0756391;7.6813996;Abitazione;Prima del 1919;Nessuno;Patrimonio indisponibile;Utilizzato direttamente;Altro;;;;1;False
699395;L219;209;128;56;40.0;FABBRICATO;Via Franco Bonelli;5;45.0756391;7.6813996;Abitazione;Prima del 1919;Nessuno;Patrimonio indisponibile;Utilizzato direttamente;Altro;;;;1;False
699396;L219;209;128;57;45.0;FABBRICATO;Via Franco Bonelli;5;45.0756391;7.6813996;Abitazione;Prima del 1919;Nessuno;Patrimonio indisponibile;Utilizzato direttamente;Altro;;;;1;False
699397;L219;209;128;58;53.0;FABBRICATO;Via Franco Bonelli;5;45.0756391;7.6813996;Abitazione;Prima del 1919;Nessuno;Patrimonio indisponibile;Utilizzato direttamente;Altro;;;;1;False
699398;L219;209;128;59;47.0;FABBRICATO;Via Franco Bonelli;5;45.0756391;7.6813996;Abitazione;Prima del 1919;Nessuno;Patrimonio indisponibile;Utilizzato direttamente;Altro;;;;1;False
699399;L219;209;128;6;45.0;FABBRICATO;via s. chiara;16;45.0756391;7.6813996;Abitazione;Prima del 1919;Nessuno;Patrimonio indisponibile;Utilizzato direttamente;Altro;;;;1;False
699400;L219;209;128;60;47.0;FABBRICATO;Via Franco Bonelli;5;45.0756391;7.6813996;Abitazione;Prima del 1919;Nessuno;Patrimonio indisponibile;Utilizzato direttamente;Altro;;;;1;False
699401;L219;209;128;61;48.0;FABBRICATO;Via Franco Bonelli;5;45.0756391;7.6813996;Abitazione;Prima del 1919;Nessuno;Patrimonio indisponibile;Utilizzato direttamente;Altro;;;;1;False
699402;L219;209;128;64;63.0;FABBRICATO;Via Franco Bonelli;3;45.0756391;7.6813996;Abitazione;Prima del 1919;Nessuno;Patrimonio indisponibile;Utilizzato direttamente;Altro;;;;1;False
699403;L219;209;128;65;44.0;FABBRICATO;Via Franco Bonelli;3;45.0756391;7.6813996;Abitazione;Prima del 1919;Nessuno;Patrimonio indisponibile;Utilizzato direttamente;Altro;;;;1;False
699404;L219;209;128;66;75.0;FABBRICATO;Via Franco Bonelli;3;45.0756391;7.6813996;Abitazione;Prima del 1919;Nessuno;Patrimonio indisponibile;Utilizzato direttamente;Altro;;;;1;False
699405;L219;209;128;67;66.0;FABBRICATO;Via Franco Bonelli;3;45.0756391;7.6813996;Abitazione;Prima del 1919;Nessuno;Patrimonio indisponibile;Utilizzato direttamente;Altro;;;;1;False
699406;L219;209;128;68;38.0;FABBRICATO;Via Franco Bonelli;3;45.0756391;7.6813996;Abitazione;Prima del 1919;Nessuno;Patrimonio indisponibile;Utilizzato direttamente;Altro;;;;1;False
699407;L219;209;128;69;58.0;FABBRICATO;Via Franco Bonelli;3;45.0756391;7.6813996;Abitazione;Prima del 1919;Nessuno;Patrimonio indisponibile;Utilizzato direttamente;Altro;;;;1;False
699408;L219;209;128;7;48.0;FABBRICATO;via s. chiara;16;45.0756391;7.6813996;Abitazione;Prima del 1919;Nessuno;Patrimonio indisponibile;Utilizzato direttamente;Altro;;;;1;False
699409;L219;209;128;70;73.0;FABBRICATO;Via Franco Bonelli;3;45.0756391;7.6813996;Abitazione;Prima del 1919;Nessuno;Patrimonio indisponibile;Utilizzato direttamente;Altro;;;;1;False
699410;L219;209;128;71;47.0;FABBRICATO;Via Franco Bonelli;3;45.0756391;7.6813996;Abitazione;Prima del 1919;Nessuno;Patrimonio indisponibile;Utilizzato direttamente;Altro;;;;1;False
699411;L219;209;128;72;80.0;FABBRICATO;Via Franco Bonelli;3;45.0756391;7.6813996;Abitazione;Prima del 1919;Nessuno;Patrimonio indisponibile;Utilizzato direttamente;Altro;;;;1;False
699412;L219;209;128;74;55.0;FABBRICATO;via s. chiara;10;45.0756391;7.6813996;Abitazione;Prima del 1919;Nessuno;Patrimonio indisponibile;Utilizzato direttamente;Altro;;;;1;False
699413;L219;209;128;75;47.0;FABBRICATO;via s. chiara;10;45.0756391;7.6813996;Abitazione;Prima del 1919;Nessuno;Patrimonio indisponibile;Utilizzato direttamente;Altro;;;;1;False
699414;L219;209;128;76;62.0;FABBRICATO;via s. chiara;10;45.0756391;7.6813996;Abitazione;Prima del 1919;Nessuno;Patrimonio indisponibile;Utilizzato direttamente;Altro;;;;1;False
699415;L219;209;128;77;46.0;FABBRICATO;via s. chiara;10;45.0756391;7.6813996;Abitazione;Prima del 1919;Nessuno;Patrimonio indisponibile;Utilizzato direttamente;Altro;;;;1;False
699416;L219;209;128;78;137.0;FABBRICATO;via s. chiara;10;45.0756391;7.6813996;Abitazione;Prima del 1919;Nessuno;Patrimonio indisponibile;Utilizzato direttamente;Altro;;;;1;False
699417;L219;209;128;8;46.0;FABBRICATO;via s. chiara;16;45.0756391;7.6813996;Abitazione;Prima del 1919;Nessuno;Patrimonio indisponibile;Utilizzato direttamente;Altro;;;;1;False
699418;L219;209;128;9;85.0;FABBRICATO;via s. chiara;16;45.0756391;7.6813996;Abitazione;Prima del 1919;Nessuno;Patrimonio indisponibile;Utilizzato direttamente;Altro;;;;1;False
699419;L219;209;54;86;98.0;FABBRICATO;Via Gian Francesco Bellezia;27;45.0756391;7.6813996;Abitazione;Prima del 1919;Nessuno;Patrimonio indisponibile;Utilizzato direttamente;Altro;;;;1;False
699420;L219;209;54;87;67.0;FABBRICATO;Via Gian Francesco Bellezia;27;45.0756391;7.6813996;Abitazione;Prima del 1919;Nessuno;Patrimonio indisponibile;Utilizzato direttamente;Altro;;;;1;False
699421;L219;209;54;88;102.0;FABBRICATO;Via Gian Francesco Bellezia;27;45.0756391;7.6813996;Abitazione;Prima del 1919;Nessuno;Patrimonio indisponibile;Utilizzato direttamente;Altro;;;;1;False
699422;L219;209;54;89;41.0;FABBRICATO;Via Gian Francesco Bellezia;27;45.0756391;7.6813996;Abitazione;Prima del 1919;Nessuno;Patrimonio indisponibile;Utilizzato direttamente;Altro;;;;1;False
699423;L219;209;54;90;47.0;FABBRICATO;Via Gian Francesco Bellezia;27;45.0756391;7.6813996;Abitazione;Prima del 1919;Nessuno;Patrimonio indisponibile;Utilizzato direttamente;Altro;;;;1;False
699424;L219;209;54;91;53.0;FABBRICATO;Via Gian Francesco Bellezia;27;45.0756391;7.6813996;Abitazione;Prima del 1919;Nessuno;Patrimonio indisponibile;Utilizzato direttamente;Altro;;;;1;False
699425;L219;209;54;92;98.0;FABBRICATO;Via Gian Francesco Bellezia;27;45.0756391;7.6813996;Abitazione;Prima del 1919;Nessuno;Patrimonio indisponibile;Utilizzato direttamente;Altro;;;;1;False
699426;L219;209;54;93;48.0;FABBRICATO;Via Gian Francesco Bellezia;27;45.0756391;7.6813996;Abitazione;Prima del 1919;Nessuno;Patrimonio indisponibile;Utilizzato direttamente;Altro;;;;1;False
699427;L219;209;54;94;79.0;FABBRICATO;Via Gian Francesco Bellezia;27;45.0756391;7.6813996;Abitazione;Prima del 1919;Nessuno;Patrimonio indisponibile;Utilizzato direttamente;Altro;;;;1;False
699431;L219;1059;5;12;26.0;FABBRICATO;Piazza Stampalia;87;45.11216912;7.65945722;Cantina, soffitta, rimessa, box, garage, posto auto aperto/scoperto,;Prima del 1919;Nessuno;Patrimonio indisponibile;Utilizzato direttamente;Altro;;;;1;False
699432;L219;1059;5;13;13.0;FABBRICATO;Piazza Stampalia;87;45.11216912;7.65945722;Cantina, soffitta, rimessa, box, garage, posto auto aperto/scoperto,;Prima del 1919;Nessuno;Patrimonio indisponibile;Utilizzato direttamente;Altro;;;;1;False
699433;L219;1059;5;7;348.75;FABBRICATO;piazza stampalia;85;45.11216912;7.65945722;Edificio scolastico (es.: scuola di ogni ordine e grado, università, scuola di formazione);Prima del 1919;Nessuno;Patrimonio indisponibile;Utilizzato direttamente;Altro;;;;1;False
699434;L219;1059;5;8;83.75;FABBRICATO;Piazza Stampalia;87;45.11216912;7.65945722;Edificio scolastico (es.: scuola di ogni ordine e grado, università, scuola di formazione);Prima del 1919;Nessuno;Patrimonio indisponibile;Utilizzato direttamente;Altro;;;;1;False
699435;L219;1059;5;9;13.0;FABBRICATO;Piazza Stampalia;87;45.11216912;7.65945722;Cantina, soffitta, rimessa, box, garage, posto auto aperto/scoperto,;Prima del 1919;Nessuno;Patrimonio indisponibile;Utilizzato direttamente;Altro;;;;1;False
699436;L219;41;203;2;76.0;FABBRICATO;Via alla Chiesa;5;45.0899784;7.7138434;Abitazione;Dal 1919 al 1945;Dichiarazione di interesse culturale;Demanio;Utilizzato direttamente;Alloggio di servizio, foresterie;;;;1;False
699437;L219;1132;86;10;64.0;FABBRICATO;via tartini giuseppe;26;45.0964395;7.7062348;Abitazione;Dal 1961 al 1970;Nessuno;Patrimonio indisponibile;Utilizzato direttamente;Altro;;;;1;False
699438;L219;1132;86;18;80.0;FABBRICATO;Via Giuseppe Tartini;28;45.0964395;7.7062348;Abitazione;Dal 1961 al 1970;Nessuno;Patrimonio indisponibile;Utilizzato direttamente;Altro;;;;1;False
699439;L219;1132;86;31;80.0;FABBRICATO;Via Giuseppe Tartini;30;45.0964395;7.7062348;Abitazione;Dal 1961 al 1970;Nessuno;Patrimonio indisponibile;Utilizzato direttamente;Altro;;;;1;False
699440;L219;1132;86;32;64.0;FABBRICATO;Via Giuseppe Tartini;30;45.0964395;7.7062348;Abitazione;Dal 1961 al 1970;Nessuno;Patrimonio indisponibile;Utilizzato direttamente;Altro;;;;1;False
699441;L219;1132;86;34;64.0;FABBRICATO;Via Giuseppe Tartini;30;45.0964395;7.7062348;Abitazione;Dal 1961 al 1970;Nessuno;Patrimonio indisponibile;Utilizzato direttamente;Altro;;;;1;False
699442;L219;1132;86;35;80.0;FABBRICATO;Via Giuseppe Tartini;30;45.0964395;7.7062348;Abitazione;Dal 1961 al 1970;Nessuno;Patrimonio indisponibile;Utilizzato direttamente;Altro;;;;1;False
699443;L219;1132;86;37;80.0;FABBRICATO;Via Giuseppe Tartini;30;45.0964395;7.7062348;Abitazione;Dal 1961 al 1970;Nessuno;Patrimonio indisponibile;Utilizzato direttamente;Altro;;;;1;False
699444;L219;1132;86;42;64.0;FABBRICATO;Via Giuseppe Tartini;30;45.0964395;7.7062348;Abitazione;Dal 1961 al 1970;Nessuno;Patrimonio indisponibile;Utilizzato direttamente;Altro;;;;1;False
699445;L219;1132;86;43;64.0;FABBRICATO;Via Giuseppe Tartini;32;45.0964395;7.7062348;Abitazione;Dal 1961 al 1970;Nessuno;Patrimonio indisponibile;Utilizzato direttamente;Altro;;;;1;False
699446;L219;1132;86;47;64.0;FABBRICATO;Via Giuseppe Tartini;32;45.0964395;7.7062348;Abitazione;Dal 1961 al 1970;Nessuno;Patrimonio indisponibile;Utilizzato direttamente;Altro;;;;1;False
699447;L219;1132;86;56;88.0;FABBRICATO;Via Giuseppe Tartini;32;45.0964395;7.7062348;Abitazione;Dal 1961 al 1970;Nessuno;Patrimonio indisponibile;Utilizzato direttamente;Altro;;;;1;False
699448;L219;1132;86;6;64.0;FABBRICATO;via tartini giuseppe;26;45.0964395;7.7062348;Abitazione;Dal 1961 al 1970;Nessuno;Patrimonio indisponibile;Utilizzato direttamente;Altro;;;;1;False
699460;L219;62;356;73;73.0;FABBRICATO;Corso Molise;32;45.1013175;7.6386759;Abitazione;Dal 1961 al 1970;Nessuno;Patrimonio indisponibile;Utilizzato direttamente;Altro;;;;1;False
699461;L219;69;306;2;2027.43;FABBRICATO;Via Valentino Carrera;81;45.0797181;7.6286034;Ufficio strutturato ed assimilabili;Prima del 1919;Nessuno;Patrimonio indisponibile;Utilizzato direttamente;Attività amministrativa/uffici pubblici;;;;1;False
699462;L219;69;306;3;206.0;FABBRICATO;Via Vittorio Asinari di Bernezzo;98;45.0797181;7.6286034;Fabbricato per attività produttiva (industriale, artigianale o agricola);Prima del 1919;Nessuno;Patrimonio indisponibile;Utilizzato direttamente;Attività amministrativa/uffici pubblici;;;;1;False
699463;L219;69;306;4;58.0;FABBRICATO;Via Vittorio Asinari di Bernezzo;98;45.0797181;7.6286034;Abitazione;Prima del 1919;Nessuno;Patrimonio indisponibile;Utilizzato direttamente;Alloggio di servizio, foresterie;;;;1;False
699464;L219;81;164;;217.0;FABBRICATO;via rio de janeiro;17;45.05859052;7.65111804;Magazzino e locali di deposito;Dal 1946 al 1960;Nessuno;Patrimonio indisponibile;Utilizzato direttamente;Attività amministrativa/uffici pubblici;;;;1;False
699465;L219;82;18;2;64.0;FABBRICATO;Corso Filippo Brunelleschi;183;45.059813;7.6304563;Abitazione;Dal 1961 al 1970;Nessuno;Patrimonio indisponibile;Utilizzato direttamente;Attività amministrativa/uffici pubblici;;;;1;False
699466;L219;82;18;3;94.0;FABBRICATO;Corso Filippo Brunelleschi;183;45.059813;7.6304563;Abitazione;Dal 1961 al 1970;Nessuno;Patrimonio indisponibile;Utilizzato direttamente;Attività amministrativa/uffici pubblici;;;;1;False
699467;L219;82;19;;55.0;FABBRICATO;Corso Filippo Brunelleschi;183;45.06139;7.62815;Magazzino e locali di deposito;Dal 1961 al 1970;Nessuno;Patrimonio indisponibile;Utilizzato direttamente;Attività amministrativa/uffici pubblici;;;;1;False
699468;L219;97;127;1;115.0;FABBRICATO;Via Ignazio Collino;23;45.03897;7.62383;Abitazione;Dal 1946 al 1960;Nessuno;Patrimonio indisponibile;Utilizzato direttamente;Altro;;;;1;False
699469;L219;97;127;11;112.0;FABBRICATO;Via Ignazio Collino;23;45.03897;7.62383;Abitazione;Dal 1946 al 1960;Nessuno;Patrimonio indisponibile;Utilizzato direttamente;Altro;;;;1;False
699470;L219;97;127;17;108.0;FABBRICATO;Via Ignazio Collino;23;45.03897;7.62383;Abitazione;Dal 1946 al 1960;Nessuno;Patrimonio indisponibile;Utilizzato direttamente;Altro;;;;1;False
699471;L219;97;127;18;104.0;FABBRICATO;Via Ignazio Collino;23;45.03897;7.62383;Abitazione;Dal 1946 al 1960;Nessuno;Patrimonio indisponibile;Utilizzato direttamente;Altro;;;;1;False
699472;L219;97;127;21;109.0;FABBRICATO;Via Ignazio Collino;23;45.03897;7.62383;Abitazione;Dal 1946 al 1960;Nessuno;Patrimonio indisponibile;Utilizzato direttamente;Altro;;;;1;False
699473;L219;97;127;6;113.0;FABBRICATO;Via Ignazio Collino;23;45.03897;7.62383;Abitazione;Dal 1946 al 1960;Nessuno;Patrimonio indisponibile;Utilizzato direttamente;Altro;;;;1;False
743918;L219;1244;6;;12400.0;FABBRICATO;Via Antonio Meucci;4;45.0696916;7.6756268;Ufficio strutturato ed assimilabili;ND;Nessuno;Patrimonio disponibile;Utilizzato direttamente;Attività amministrativa/uffici pubblici;;;;1;False
1169074;L219;35;;;4.0;TERRENO;via pietro cossa;SNC;45.0972412;7.6314429;Terreno urbano;ND;Nessuno;Patrimonio disponibile;Utilizzato direttamente;Attività agricola;;;;1;False
1862455;L219;5;;;920.0;TERRENO;STRADA NUOVA DEL VILLARETTO;SNC;45.1234072;7.678846;Terreno agricolo;ND;Nessuno;Patrimonio indisponibile;Utilizzato direttamente;Attività agricola;;;;1;False
1862456;L219;50;;;1160.0;TERRENO;STRADA NUOVA DEL VILLARETTO;SNC;45.1228555;7.6777548;Terreno agricolo;ND;Nessuno;Patrimonio indisponibile;Utilizzato direttamente;Attività agricola;;;;1;False
1862458;L219;60;;;340.0;TERRENO;STRADA NUOVA DEL VILLARETTO;SNC;45.1232422;7.6786813;Terreno agricolo;ND;Nessuno;Patrimonio indisponibile;Utilizzato direttamente;Attività agricola;;;;1;False
1862459;L219;61;;;114.0;TERRENO;STRADA NUOVA DEL VILLARETTO;SNC;45.1229501;7.6794397;Terreno agricolo;ND;Nessuno;Patrimonio indisponibile;Utilizzato direttamente;Attività agricola;;;;1;False
1862460;L219;62;;;170.0;TERRENO;STRADA NUOVA DEL VILLARETTO;SNC;45.1229955;7.6797142;Terreno agricolo;ND;Nessuno;Patrimonio indisponibile;Utilizzato direttamente;Attività agricola;;;;1;False
1862461;L219;63;;;1272.0;TERRENO;STRADA NUOVA DEL VILLARETTO;SNC;45.1234107;7.6800179;Terreno agricolo;ND;Nessuno;Patrimonio indisponibile;Utilizzato direttamente;Attività agricola;;;;1;False
1862463;L219;59;;;5765.0;TERRENO;STRADA BELLACOMBA;SNC;45.1234098;7.6674777;Terreno agricolo;ND;Nessuno;Patrimonio indisponibile;;Non Dichiarato;in locazione;4227.0;11/11/2022;1;False
1862464;L219;60;;;1255.0;TERRENO;STRADA BELLACOMBA;SNC;45.1236528;7.6681238;Terreno agricolo;ND;Nessuno;Patrimonio indisponibile;;Non Dichiarato;in locazione;4227.0;11/11/2022;1;False
1862465;L219;20;;;3651.0;TERRENO;STRADA DELL'AEROPORTO;SNC;45.1256122;7.6666085;Terreno agricolo;ND;Nessuno;Patrimonio indisponibile;Utilizzato direttamente;Attività agricola;;;;1;False
1862466;L219;22;;;8940.0;TERRENO;VIA STAMPINI ETTORE;SNC;45.1252258;7.6615374;Terreno agricolo;ND;Nessuno;Patrimonio indisponibile;;Non Dichiarato;in locazione;2566.0;11/11/2019;1;False
1862468;L219;1;;;18370.0;TERRENO;STRADA NUOVA DEL VILLARETTO;SNC;45.1226748;7.6818621;Terreno agricolo;ND;Nessuno;Patrimonio indisponibile;Utilizzato direttamente;Attività agricola;;;;1;False
1862469;L219;101;;;139.0;TERRENO;STRADA BASSE DI STURA;SNC;45.1174199;7.6921032;Pascolo;ND;Nessuno;Patrimonio indisponibile;Utilizzato direttamente;Attività agricola;;;;1;False
1862470;L219;102;;;78.0;TERRENO;STRADA BASSE DI STURA;SNC;45.1174633;7.6921475;Pascolo;ND;Nessuno;Patrimonio indisponibile;Utilizzato direttamente;Attività agricola;;;;1;False
1862471;L219;103;;;7.0;TERRENO;STRADA BASSE DI STURA;SNC;45.1174483;7.6922871;Pascolo;ND;Nessuno;Patrimonio indisponibile;Utilizzato direttamente;Attività agricola;;;;1;False
1862488;L219;67;;;8570.0;TERRENO;STRADA BASSE DI STURA;SNC;45.1156584;7.6942377;Terreno boscato o con vegetazione di vario tipo;ND;Nessuno;Patrimonio indisponibile;Utilizzato direttamente;Altro;;;;1;False
1862489;L219;69;;;4280.0;TERRENO;STRADA BASSE DI STURA;SNC;45.1156807;7.6955749;Terreno boscato o con vegetazione di vario tipo;ND;Nessuno;Patrimonio indisponibile;Utilizzato direttamente;Altro;;;;1;False
1862490;L219;7;;;1730.0;TERRENO;STRADA NUOVA DEL VILLARETTO;SNC;45.1209632;7.6810044;Pascolo;ND;Nessuno;Patrimonio indisponibile;Utilizzato direttamente;Attività agricola;;;;1;False
1862491;L219;8;;;2650.0;TERRENO;STRADA NUOVA DEL VILLARETTO;SNC;45.1210381;7.6836919;Terreno boscato o con vegetazione di vario tipo;ND;Nessuno;Patrimonio indisponibile;Utilizzato direttamente;Altro;;;;1;False
1863211;L219;15;;;19440.0;TERRENO;STRADA DELLA CAMPAGNA;SNC;45.1161699;7.6643952;Terreno agricolo;ND;Nessuno;Patrimonio indisponibile;Utilizzato direttamente;Attività agricola;;;;1;False
1863212;L219;16;;;3720.0;TERRENO;STRADA DELLA CAMPAGNA;SNC;45.1155795;7.6660429;Terreno agricolo;ND;Nessuno;Patrimonio indisponibile;Utilizzato direttamente;Attività agricola;;;;1;False
1863213;L219;14;;;705.0;TERRENO;STRADA DELLA CAMPAGNA;SNC;45.1148805;7.6742846;Terreno agricolo;ND;Nessuno;Patrimonio indisponibile;Utilizzato direttamente;Attività agricola;;;;1;False
1864485;L219;100;;;1713.0;TERRENO;STRADA DEL FRANCESE;SNC;45.1370901;7.6685274;Terreno agricolo;ND;Nessuno;Patrimonio indisponibile;Utilizzato direttamente;Altro;;;;1;False
1864486;L219;119;;;235.0;TERRENO;STRADA DEL FRANCESE;SNC;45.1375377;7.667047;Terreno agricolo;ND;Nessuno;Patrimonio indisponibile;Utilizzato direttamente;Attività agricola;;;;1;False
1864487;L219;122;;;436.0;TERRENO;STRADA DEL FRANCESE;SNC;45.1371713;7.6642635;Terreno agricolo;ND;Nessuno;Patrimonio indisponibile;Utilizzato direttamente;Attività agricola;;;;1;False
1864488;L219;127;;;607.0;TERRENO;STRADA DEL FRANCESE;SNC;45.1371727;7.6644282;Terreno agricolo;ND;Nessuno;Patrimonio indisponibile;Utilizzato direttamente;Attività agricola;;;;1;False
1864489;L219;75;;;893.0;TERRENO;STRADA DEL FRANCESE;SNC;45.1342591;7.668975;Terreno agricolo;ND;Nessuno;Patrimonio indisponibile;Utilizzato direttamente;Attività agricola;;;;1;False
1864490;L219;1;;;860.0;TERRENO;STRADA DEL VILLARETTO;SNC;45.1378346;7.6713549;Terreno boscato o con vegetazione di vario tipo;ND;Nessuno;Patrimonio indisponibile;Utilizzato direttamente;Altro;;;;1;False
1864491;L219;18;;;23480.0;TERRENO;STRADA DEL FRANCESE;SNC;45.1344305;7.6748863;Terreno agricolo;ND;Nessuno;Patrimonio indisponibile;;Non Dichiarato;in locazione;2287.0;11/11/2022;1;False
1864492;L219;19;;;13618.0;TERRENO;STRADA DEL FRANCESE;SNC;45.1347694;7.6760494;Terreno agricolo;ND;Nessuno;Patrimonio indisponibile;Utilizzato direttamente;Attività agricola;;;;1;False
1864493;L219;2;;;4410.0;TERRENO;STRADA DEL VILLARETTO;SNC;45.137695;7.6717484;Terreno boscato o con vegetazione di vario tipo;ND;Nessuno;Patrimonio indisponibile;;Non Dichiarato;in locazione;5191.0;11/11/2022;1;False
1864494;L219;20;;;19800.0;TERRENO;STRADA DEL FRANCESE;SNC;45.134714;7.6767848;Terreno agricolo;ND;Nessuno;Patrimonio indisponibile;Utilizzato direttamente;Attività agricola;;;;1;False
1864495;L219;25;;;320.0;TERRENO;STRADA DEL FRANCESE;SNC;45.1330292;7.6751568;Terreno boscato o con vegetazione di vario tipo;ND;Nessuno;Patrimonio indisponibile;;Non Dichiarato;in locazione;2287.0;11/11/2022;1;False
1864496;L219;3;;;26920.0;TERRENO;STRADA DEL VILLARETTO;SNC;45.1369826;7.6743563;Terreno agricolo;ND;Nessuno;Patrimonio indisponibile;;Non Dichiarato;in locazione;5191.0;11/11/2022;1;False
1864497;L219;5;;;1480.0;TERRENO;STRADA DEL VILLARETTO;SNC;45.1362724;7.6717319;Terreno boscato o con vegetazione di vario tipo;ND;Nessuno;Patrimonio indisponibile;;Non Dichiarato;in locazione;5191.0;11/11/2022;1;False
1864498;L219;6;;;41010.0;TERRENO;STRADA DEL VILLARETTO;SNC;45.1363639;7.6733191;Terreno agricolo;ND;Nessuno;Patrimonio indisponibile;;Non Dichiarato;in locazione;5191.0;11/11/2022;1;False
1864499;L219;61;;;695.0;TERRENO;STRADA DEL FRANCESE;SNC;45.134915;7.6714778;Terreno agricolo;ND;Nessuno;Patrimonio indisponibile;Utilizzato direttamente;Attività agricola;;;;1;False
1864500;L219;7;;;2880.0;TERRENO;STRADA DEL VILLARETTO;SNC;45.1361269;7.6725802;Terreno boscato o con vegetazione di vario tipo;ND;Nessuno;Patrimonio indisponibile;Utilizzato direttamente;Altro;;;;1;False
1864501;L219;89;;;2850.0;TERRENO;STRADA DEL FRANCESE;SNC;45.1337986;7.6741997;Terreno agricolo;ND;Nessuno;Patrimonio indisponibile;Utilizzato direttamente;Attività agricola;;;;1;False
1864502;L219;92;;;1459.0;TERRENO;STRADA DEL FRANCESE;SNC;45.1337614;7.6738957;Terreno agricolo;ND;Nessuno;Patrimonio indisponibile;Utilizzato direttamente;Attività agricola;;;;1;False
1864503;L219;1;;;6710.0;TERRENO;STRADA DEL VILLARETTO;SNC;45.1377157;7.6787042;Terreno boscato o con vegetazione di vario tipo;ND;Nessuno;Patrimonio indisponibile;Utilizzato direttamente;Altro;;;;1;False
1864504;L219;10;;;260.0;TERRENO;STRADA DEL VILLARETTO;SNC;45.1356328;7.6808113;Terreno boscato o con vegetazione di vario tipo;ND;Nessuno;Patrimonio indisponibile;Utilizzato direttamente;Altro;;;;1;False
1864505;L219;11;;;3140.0;TERRENO;STRADA DEL VILLARETTO;SNC;45.135349;7.679374;Terreno agricolo;ND;Nessuno;Patrimonio indisponibile;Utilizzato direttamente;Attività agricola;;;;1;False
1864506;L219;12;;;540.0;TERRENO;STRADA DEL VILLARETTO;SNC;45.1353992;7.6801761;Pascolo;ND;Nessuno;Patrimonio indisponibile;Utilizzato direttamente;Attività agricola;;;;1;False
1864507;L219;13;;;1990.0;TERRENO;STRADA DEL VILLARETTO;SNC;45.1354851;7.6807719;Terreno agricolo;ND;Nessuno;Patrimonio indisponibile;Utilizzato direttamente;Attività agricola;;;;1;False
1864508;L219;14;;;4570.0;TERRENO;STRADA DEL VILLARETTO;SNC;45.1351926;7.681113;Terreno agricolo;ND;Nessuno;Patrimonio indisponibile;Utilizzato direttamente;Attività agricola;;;;1;False
1864509;L219;15;;;27590.0;TERRENO;STRADA DEL VILLARETTO;SNC;45.1358131;7.6827531;Terreno agricolo;ND;Nessuno;Patrimonio indisponibile;Utilizzato direttamente;Attività agricola;;;;1;False
1864510;L219;2;;;35230.0;TERRENO;STRADA DEL VILLARETTO;SNC;45.1375226;7.6810349;Terreno agricolo;ND;Nessuno;Patrimonio indisponibile;Utilizzato direttamente;Attività agricola;;;;1;False
1864511;L219;3;;;180.0;TERRENO;STRADA DEL VILLARETTO;SNC;45.1371634;7.6833204;Terreno boscato o con vegetazione di vario tipo;ND;Nessuno;Patrimonio indisponibile;Utilizzato direttamente;Altro;;;;1;False
1864512;L219;4;;;68220.0;TERRENO;STRADA DEL VILLARETTO;SNC;45.1367639;7.6786626;Terreno agricolo;ND;Nessuno;Patrimonio indisponibile;Utilizzato direttamente;Attività agricola;;;;1;False
1864513;L219;6;;;1220.0;TERRENO;STRADA DEL VILLARETTO;SNC;45.1361439;7.6818946;Terreno agricolo;ND;Nessuno;Patrimonio indisponibile;Utilizzato direttamente;Attività agricola;;;;1;False
1864514;L219;7;;;92.0;TERRENO;STRADA DEL VILLARETTO;SNC;45.1359668;7.6817427;Terreno agricolo;ND;Nessuno;Patrimonio indisponibile;Utilizzato direttamente;Attività agricola;;;;1;False
1864515;L219;8;;;630.0;TERRENO;STRADA DEL VILLARETTO;SNC;45.1358968;7.6821616;Terreno agricolo;ND;Nessuno;Patrimonio indisponibile;Utilizzato direttamente;Attività agricola;;;;1;False
1864516;L219;9;;;1460.0;TERRENO;STRADA DEL VILLARETTO;SNC;45.135838;7.6807978;Terreno boscato o con vegetazione di vario tipo;ND;Nessuno;Patrimonio indisponibile;Utilizzato direttamente;Altro;;;;1;False
1864517;L219;10;;;740.0;TERRENO;STRADA DEL VILLARETTO;SNC;45.1331822;7.6802954;Terreno boscato o con vegetazione di vario tipo;ND;Nessuno;Patrimonio indisponibile;Utilizzato direttamente;Altro;;;;1;False
1864518;L219;114;;;93.0;TERRENO;STRADA DEL VILLARETTO;SNC;45.1352409;7.6851646;Terreno agricolo;ND;Nessuno;Patrimonio indisponibile;Utilizzato direttamente;Attività agricola;;;;1;False
1864519;L219;115;;;86.0;TERRENO;STRADA DEL VILLARETTO;SNC;45.1351851;7.6854062;Terreno agricolo;ND;Nessuno;Patrimonio indisponibile;Utilizzato direttamente;Attività agricola;;;;1;False
1864520;L219;12;;;1140.0;TERRENO;STRADA DEL VILLARETTO;SNC;45.1330631;7.6800034;Terreno boscato o con vegetazione di vario tipo;ND;Nessuno;Patrimonio indisponibile;Utilizzato direttamente;Altro;;;;1;False
1864521;L219;156;;;254.0;TERRENO;STRADA DEL VILLARETTO;SNC;45.1314714;7.6822143;Terreno agricolo;ND;Nessuno;Patrimonio indisponibile;Utilizzato direttamente;Altro;;;;1;False
1864522;L219;159;;;28227.0;TERRENO;STRADA DEL VILLARETTO;SNC;45.1333247;7.6819578;Terreno agricolo;ND;Nessuno;Patrimonio indisponibile;Utilizzato direttamente;Attività agricola;;;;1;False
1864523;L219;162;;;144.0;TERRENO;STRADA DEL VILLARETTO;SNC;45.1313244;7.6826785;Terreno agricolo;ND;Nessuno;Patrimonio indisponibile;Utilizzato direttamente;Altro;;;;1;False
1864524;L219;165;;;8478.0;TERRENO;STRADA DEL VILLARETTO;SNC;45.1332963;7.6826075;Terreno agricolo;ND;Nessuno;Patrimonio indisponibile;;Non Dichiarato;in locazione;2287.0;11/11/2022;1;False
1864525;L219;166;;;129.0;TERRENO;STRADA DEL VILLARETTO;SNC;45.1312533;7.6830064;Terreno agricolo;ND;Nessuno;Patrimonio indisponibile;Utilizzato direttamente;Altro;;;;1;False
1864526;L219;170;;;904.0;TERRENO;STRADA DEL VILLARETTO;SNC;45.131514;7.6834004;Terreno agricolo;ND;Nessuno;Patrimonio indisponibile;Utilizzato direttamente;Altro;;;;1;False
1864527;L219;173;;;1091.0;TERRENO;STRADA DEL VILLARETTO;SNC;45.1321279;7.6833889;Terreno agricolo;ND;Nessuno;Patrimonio indisponibile;Utilizzato direttamente;Altro;;;;1;False
1864528;L219;174;;;6133.0;TERRENO;STRADA DEL VILLARETTO;SNC;45.1333125;7.6832628;Terreno agricolo;ND;Nessuno;Patrimonio indisponibile;Utilizzato direttamente;Attività agricola;;;;1;False
1864529;L219;175;;;72.0;TERRENO;STRADA DEL VILLARETTO;SNC;45.1325827;7.6833736;Terreno agricolo;ND;Nessuno;Patrimonio indisponibile;Utilizzato direttamente;Altro;;;;1;False
1864530;L219;176;;;1439.0;TERRENO;STRADA DEL VILLARETTO;SNC;45.1321932;7.6841224;Terreno agricolo;ND;Nessuno;Patrimonio indisponibile;Utilizzato direttamente;Attività agricola;;;;1;False
1864532;L219;182;;;870.0;TERRENO;STRADA DEL VILLARETTO;SNC;45.1324098;7.6860932;Terreno agricolo;ND;Nessuno;Patrimonio indisponibile;Utilizzato direttamente;Attività agricola;;;;1;False
1864533;L219;183;;;1373.0;TERRENO;STRADA DEL VILLARETTO;SNC;45.1319904;7.6866882;Terreno agricolo;ND;Nessuno;Patrimonio indisponibile;Utilizzato direttamente;Attività agricola;;;;1;False
1864534;L219;186;;;395.0;TERRENO;STRADA DEL VILLARETTO;SNC;45.1318766;7.6836198;Terreno agricolo;ND;Nessuno;Patrimonio indisponibile;Utilizzato direttamente;Attività agricola;;;;1;False
1864535;L219;2;;;7120.0;TERRENO;STRADA DEL VILLARETTO;SNC;45.134842;7.6777298;Terreno agricolo;ND;Nessuno;Patrimonio indisponibile;;Non Dichiarato;in locazione;2287.0;11/11/2022;1;False
1864536;L219;205;;;17.0;TERRENO;STRADA DEL VILLARETTO;SNC;45.1319898;7.6842317;Terreno agricolo;ND;Nessuno;Patrimonio indisponibile;Utilizzato direttamente;Attività agricola;;;;1;False
1864538;L219;208;;;515.0;TERRENO;STRADA DEL VILLARETTO;SNC;45.1324589;7.6856022;Terreno agricolo;ND;Nessuno;Patrimonio indisponibile;Utilizzato direttamente;Altro;;;;1;False
1864539;L219;209;;;14.0;TERRENO;STRADA DEL VILLARETTO;SNC;45.1323672;7.6857358;Terreno agricolo;ND;Nessuno;Patrimonio indisponibile;Utilizzato direttamente;Attività agricola;;;;1;False
1864541;L219;212;;;452.0;TERRENO;STRADA DEL VILLARETTO;SNC;45.1325423;7.684332;Terreno agricolo;ND;Nessuno;Patrimonio indisponibile;Utilizzato direttamente;Altro;;;;1;False
1864542;L219;214;;;394.0;TERRENO;STRADA DEL VILLARETTO;SNC;45.1325241;7.6847697;Terreno agricolo;ND;Nessuno;Patrimonio indisponibile;Utilizzato direttamente;Altro;;;;1;False
1864543;L219;217;;;371.0;TERRENO;STRADA DEL VILLARETTO;SNC;45.1349631;7.6850505;Terreno agricolo;ND;Nessuno;Patrimonio indisponibile;Utilizzato direttamente;Attività agricola;;;;1;False
1864544;L219;229;;;53.0;TERRENO;STRADA DEL VILLARETTO;SNC;45.1324292;7.6850127;Terreno agricolo;ND;Nessuno;Patrimonio indisponibile;Utilizzato direttamente;Altro;;;;1;False
1864545;L219;3;;;15370.0;TERRENO;STRADA DEL VILLARETTO;SNC;45.1351916;7.6782777;Terreno agricolo;ND;Nessuno;Patrimonio indisponibile;;Non Dichiarato;in locazione;2287.0;11/11/2022;1;False
1864546;L219;30;;;11640.0;TERRENO;STRADA DEL VILLARETTO;SNC;45.1336177;7.6837134;Terreno agricolo;ND;Nessuno;Patrimonio indisponibile;Utilizzato direttamente;Attività agricola;;;;1;False
1864547;L219;38;;;920.0;TERRENO;STRADA DEL VILLARETTO;SNC;45.132259;7.6835635;Terreno agricolo;ND;Nessuno;Patrimonio indisponibile;Utilizzato direttamente;Attività agricola;;;;1;False
1864548;L219;39;;;1540.0;TERRENO;STRADA DEL VILLARETTO;SNC;45.1322254;7.683816;Terreno agricolo;ND;Nessuno;Patrimonio indisponibile;Utilizzato direttamente;Attività agricola;;;;1;False
1864549;L219;59;;;1160.0;TERRENO;STRADA DEL VILLARETTO;SNC;45.1321468;7.6860474;Terreno agricolo;ND;Nessuno;Patrimonio indisponibile;Utilizzato direttamente;Attività agricola;;;;1;False
1864550;L219;7;;;15510.0;TERRENO;STRADA DEL VILLARETTO;SNC;45.1343709;7.6802153;Terreno agricolo;ND;Nessuno;Patrimonio indisponibile;Utilizzato direttamente;Attività agricola;;;;1;False
1864551;L219;8;;;10660.0;TERRENO;STRADA DEL VILLARETTO;SNC;45.1331426;7.6772346;Terreno agricolo;ND;Nessuno;Patrimonio indisponibile;Utilizzato direttamente;Attività agricola;;;;1;False
1864552;L219;10;;;10790.0;TERRENO;STRADA DEL VILLARETTO;SNC;45.1323421;7.6929233;Terreno agricolo;ND;Nessuno;Patrimonio indisponibile;Utilizzato direttamente;Attività agricola;;;;1;False
1864553;L219;108;;;7281.0;TERRENO;STRADA DEL VILLARETTO;SNC;45.1315321;7.6933516;Terreno agricolo;ND;Nessuno;Patrimonio indisponibile;Utilizzato direttamente;Attività agricola;;;;1;False
1864554;L219;109;;;139.0;TERRENO;STRADA DEL VILLARETTO;SNC;45.1313725;7.6929354;Terreno agricolo;ND;Nessuno;Patrimonio indisponibile;Utilizzato direttamente;Attività agricola;;;;1;False
1864555;L219;12;;;2700.0;TERRENO;STRADA DEL VILLARETTO;SNC;45.132292;7.6936118;Terreno agricolo;ND;Nessuno;Patrimonio indisponibile;Utilizzato direttamente;Attività agricola;;;;1;False
1864556;L219;1;;;2080.0;TERRENO;STRADA SANTA MARGHERITA;SNC;45.1347629;7.6535061;Terreno boscato o con vegetazione di vario tipo;ND;Nessuno;Patrimonio indisponibile;Utilizzato direttamente;Altro;;;;1;False
1864557;L219;132;;;29961.0;TERRENO;STRADA DELL'AEROPORTO;SNC;45.1338805;7.66159;Terreno agricolo;ND;Nessuno;Patrimonio indisponibile;Utilizzato direttamente;Attività agricola;;;;1;False
1864558;L219;137;;;986.0;TERRENO;STRADA DEL FRANCESE;SNC;45.131201;7.6708435;Terreno agricolo;ND;Nessuno;Patrimonio indisponibile;Utilizzato direttamente;Attività agricola;;;;1;False
1864559;L219;269;;;1000.0;TERRENO;VIA PASTRONE GIOVANNI;SNC;45.09406218;7.70274525;Terreno agricolo;ND;Nessuno;Patrimonio indisponibile;Utilizzato direttamente;Attività agricola;;;;1;False
1864560;L219;209;;;1713.0;TERRENO;STRADA DELL'AEROPORTO;SNC;45.1346576;7.6557327;Terreno agricolo;ND;Nessuno;Patrimonio indisponibile;;Non Dichiarato;in concessione a titolo oneroso;55.0;01/03/2021;1;False
1864561;L219;21;;;4674.0;TERRENO;STRADA SANTA MARGHERITA;SNC;45.1272625;7.6569085;Terreno agricolo;ND;Nessuno;Patrimonio indisponibile;Utilizzato direttamente;Attività agricola;;;;1;False
1864562;L219;26;;;4670.0;TERRENO;STRADA SANTA MARGHERITA;SNC;45.1348535;7.6593377;Terreno boscato o con vegetazione di vario tipo;ND;Nessuno;Patrimonio indisponibile;Utilizzato direttamente;Altro;;;;1;False
1864563;L219;27;;;4100.0;TERRENO;STRADA SANTA MARGHERITA;SNC;45.1344228;7.6579441;Terreno agricolo;ND;Nessuno;Patrimonio indisponibile;Utilizzato direttamente;Attività agricola;;;;1;False
1864564;L219;301;;;489.0;TERRENO;VIA CIMAROSA DOMENICO;SNC;45.09289364;7.70545592;Terreno agricolo;ND;Nessuno;Patrimonio indisponibile;Utilizzato direttamente;Attività agricola;;;;1;False
1864565;L219;29;;;5450.0;TERRENO;STRADA SANTA MARGHERITA;SNC;45.1341955;7.6589949;Terreno agricolo;ND;Nessuno;Patrimonio indisponibile;Utilizzato direttamente;Attività agricola;;;;1;False
1864566;L219;302;;;51.0;TERRENO;VIA CIMAROSA DOMENICO;SNC;45.09289855;7.70517255;Terreno agricolo;ND;Nessuno;Patrimonio indisponibile;Utilizzato direttamente;Attività agricola;;;;1;False
1864567;L219;31;;;3270.0;TERRENO;STRADA SANTA MARGHERITA;SNC;45.1337526;7.6583852;Terreno agricolo;ND;Nessuno;Patrimonio indisponibile;Utilizzato direttamente;Attività agricola;;;;1;False
1864568;L219;307;;;1271.0;TERRENO;VIA CIMAROSA DOMENICO;SNC;45.09263653;7.70541878;Terreno agricolo;ND;Nessuno;Patrimonio indisponibile;Utilizzato direttamente;Attività agricola;;;;1;False
1864569;L219;308;;;860.0;TERRENO;VIA CIMAROSA DOMENICO;SNC;45.09262242;7.70490707;Terreno agricolo;ND;Nessuno;Patrimonio indisponibile;Utilizzato direttamente;Attività agricola;;;;1;False
1864570;L219;309;;;1114.0;TERRENO;VIA CIMAROSA DOMENICO;SNC;45.09260814;7.70510157;Terreno agricolo;ND;Nessuno;Patrimonio indisponibile;Utilizzato direttamente;Attività agricola;;;;1;False
1864571;L219;34;;;15144.0;TERRENO;STRADA DELL'AEROPORTO;SNC;45.1331468;7.6582532;Terreno agricolo;ND;Nessuno;Patrimonio indisponibile;;Non Dichiarato;in locazione;4227.0;11/11/2022;1;False
1864572;L219;415;;;231.0;TERRENO;STRADA LANZO;SNC;45.131711;7.654603;Terreno boscato o con vegetazione di vario tipo;ND;Nessuno;Patrimonio indisponibile;Utilizzato direttamente;Altro;;;;1;False
1864573;L219;421;;;6886.0;TERRENO;STRADA LANZO;SNC;45.1308215;7.655589;Terreno agricolo;ND;Nessuno;Patrimonio indisponibile;Utilizzato direttamente;Attività agricola;;;;1;False
1864574;L219;427;;;350.0;TERRENO;STRADA DELL'AEROPORTO;SNC;45.1293982;7.6584404;Terreno agricolo;ND;Nessuno;Patrimonio indisponibile;Utilizzato direttamente;Attività agricola;;;;1;False
1864575;L219;431;;;6175.0;TERRENO;STRADA LANZO;SNC;45.1313584;7.6549784;Terreno agricolo;ND;Nessuno;Patrimonio indisponibile;Utilizzato direttamente;Attività agricola;;;;1;False
1864576;L219;433;;;1155.0;TERRENO;STRADA DELL'AEROPORTO;SNC;45.1291032;7.6586801;Terreno agricolo;ND;Nessuno;Patrimonio indisponibile;Utilizzato direttamente;Attività agricola;;;;1;False
1864577;L219;453;;;1292.0;TERRENO;STRADA DELL'AEROPORTO;SNC;45.1276754;7.6616617;Terreno agricolo;ND;Nessuno;Patrimonio indisponibile;Utilizzato direttamente;Attività agricola;;;;1;False
1864578;L219;46;;;170057.0;TERRENO;STRADA DELL'AEROPORTO;SNC;45.130541;7.6626257;Terreno agricolo;ND;Nessuno;Patrimonio indisponibile;;Non Dichiarato;in locazione;4227.0;11/11/2022;1;False
1864579;L219;463;;;10469.0;TERRENO;STRADA DELL'AEROPORTO;SNC;45.1284003;7.6592889;Terreno agricolo;ND;Nessuno;Patrimonio indisponibile;Utilizzato direttamente;Attività agricola;;;;1;False
1864580;L219;492;;;73299.0;TERRENO;STRADA DELL'AEROPORTO;SNC;45.130155;7.6605442;Terreno agricolo;ND;Nessuno;Patrimonio indisponibile;Utilizzato direttamente;Attività agricola;;;;1;False
1864581;L219;504;;;1685.0;TERRENO;STRADA DELL'AEROPORTO;SNC;45.1302428;7.6596252;Pascolo;ND;Nessuno;Patrimonio indisponibile;Utilizzato direttamente;Attività agricola;;;;1;False
1864582;L219;506;;;30.0;TERRENO;STRADA DELL'AEROPORTO;SNC;45.1306291;7.6587874;Terreno agricolo;ND;Nessuno;Patrimonio indisponibile;Utilizzato direttamente;Attività agricola;;;;1;False
1864583;L219;508;;;420.0;TERRENO;STRADA DELL'AEROPORTO;SNC;45.1307837;7.6586753;Terreno agricolo;ND;Nessuno;Patrimonio indisponibile;Utilizzato direttamente;Attività agricola;;;;1;False
1864584;L219;373;;;5012.0;TERRENO;VIA PASTRONE GIOVANNI;SNC;45.09450416;7.70304187;Terreno agricolo;ND;Nessuno;Patrimonio indisponibile;Utilizzato direttamente;Attività agricola;;;;1;False
1864585;L219;62;;;1060.0;TERRENO;STRADA SANTA MARGHERITA;SNC;45.1347754;7.6598011;Terreno agricolo;ND;Nessuno;Patrimonio indisponibile;Utilizzato direttamente;Attività agricola;;;;1;False
1864586;L219;63;;;1310.0;TERRENO;STRADA SANTA MARGHERITA;SNC;45.134371;7.6596543;Terreno boscato o con vegetazione di vario tipo;ND;Nessuno;Patrimonio indisponibile;Utilizzato direttamente;Altro;;;;1;False
1864587;L219;64;;;3150.0;TERRENO;STRADA SANTA MARGHERITA;SNC;45.1344139;7.6599711;Terreno boscato o con vegetazione di vario tipo;ND;Nessuno;Patrimonio indisponibile;Utilizzato direttamente;Altro;;;;1;False
1864588;L219;66;;;2190.0;TERRENO;STRADA DELL'AEROPORTO;SNC;45.1332743;7.6616191;Terreno boscato o con vegetazione di vario tipo;ND;Nessuno;Patrimonio indisponibile;Utilizzato direttamente;Altro;;;;1;False
1864589;L219;206;;;1267.0;TERRENO;VIA PETRELLA ERRICO;SNC;45.0883435;7.6991929;Terreno agricolo;ND;Nessuno;Patrimonio indisponibile;Utilizzato direttamente;Attività agricola;;;;1;False
1864590;L219;70;;;370.0;TERRENO;STRADA DEL FRANCESE;SNC;45.1340818;7.6690711;Terreno boscato o con vegetazione di vario tipo;ND;Nessuno;Patrimonio indisponibile;Utilizzato direttamente;Altro;;;;1;False
1864591;L219;17;;;14023.0;TERRENO;STRADA NUOVA DEL VILLARETTO;SNC;45.1271162;7.6752419;Terreno agricolo;ND;Nessuno;Patrimonio indisponibile;Utilizzato direttamente;Attività agricola;;;;1;False
1864592;L219;18;;;6480.0;TERRENO;STRADA NUOVA DEL VILLARETTO;SNC;45.1268722;7.6747009;Terreno agricolo;ND;Nessuno;Patrimonio indisponibile;Utilizzato direttamente;Attività agricola;;;;1;False
1864593;L219;19;;;17469.0;TERRENO;STRADA NUOVA DEL VILLARETTO;SNC;45.1264909;7.6747091;Terreno agricolo;ND;Nessuno;Patrimonio indisponibile;Utilizzato direttamente;Attività agricola;;;;1;False
1864594;L219;20;;;21380.0;TERRENO;STRADA NUOVA DEL VILLARETTO;SNC;45.1258892;7.6743425;Terreno agricolo;ND;Nessuno;Patrimonio indisponibile;Utilizzato direttamente;Attività agricola;;;;1;False
1864595;L219;21;;;24087.0;TERRENO;STRADA NUOVA DEL VILLARETTO;SNC;45.1249699;7.673956;Terreno agricolo;ND;Nessuno;Patrimonio indisponibile;Utilizzato direttamente;Attività agricola;;;;1;False
1864596;L219;22;;;13820.0;TERRENO;STRADA NUOVA DEL VILLARETTO;SNC;45.1245079;7.6759065;Terreno agricolo;ND;Nessuno;Patrimonio indisponibile;Utilizzato direttamente;Attività agricola;;;;1;False
1864597;L219;27;;;350.0;TERRENO;STRADA NUOVA DEL VILLARETTO;SNC;45.1240002;7.6755967;Terreno boscato o con vegetazione di vario tipo;ND;Nessuno;Patrimonio indisponibile;Utilizzato direttamente;Altro;;;;1;False
1864598;L219;28;;;527.0;TERRENO;STRADA NUOVA DEL VILLARETTO;SNC;45.1239828;7.6754879;Terreno boscato o con vegetazione di vario tipo;ND;Nessuno;Patrimonio indisponibile;Utilizzato direttamente;Altro;;;;1;False
1864599;L219;32;;;4489.0;TERRENO;STRADA NUOVA DEL VILLARETTO;SNC;45.1274353;7.6758919;Terreno agricolo;ND;Nessuno;Patrimonio indisponibile;Utilizzato direttamente;Attività agricola;;;;1;False
1864600;L219;33;;;1790.0;TERRENO;STRADA NUOVA DEL VILLARETTO;SNC;45.1274132;7.6766739;Terreno agricolo;ND;Nessuno;Patrimonio indisponibile;Utilizzato direttamente;Attività agricola;;;;1;False
1864601;L219;34;;;250.0;TERRENO;STRADA NUOVA DEL VILLARETTO;SNC;45.1274519;7.6765668;Terreno agricolo;ND;Nessuno;Patrimonio indisponibile;Utilizzato direttamente;Attività agricola;;;;1;False
1864602;L219;35;;;241.0;TERRENO;STRADA NUOVA DEL VILLARETTO;SNC;45.1276135;7.6764353;Terreno agricolo;ND;Nessuno;Patrimonio indisponibile;Utilizzato direttamente;Attività agricola;;;;1;False
1864603;L219;36;;;173.0;TERRENO;STRADA NUOVA DEL VILLARETTO;SNC;45.1273393;7.6764441;Terreno agricolo;ND;Nessuno;Patrimonio indisponibile;Utilizzato direttamente;Attività agricola;;;;1;False
1864604;L219;37;;;510.0;TERRENO;STRADA DEL FRANCESE;SNC;45.1285078;7.6770191;Terreno agricolo;ND;Nessuno;Patrimonio indisponibile;Utilizzato direttamente;Attività agricola;;;;1;False
1864605;L219;47;;;8231.0;TERRENO;STRADA DEL FRANCESE;SNC;45.1291411;7.6752452;Terreno agricolo;ND;Nessuno;Patrimonio indisponibile;Utilizzato direttamente;Attività agricola;;;;1;False
1864606;L219;48;;;8477.0;TERRENO;STRADA DEL FRANCESE;SNC;45.1289983;7.6757918;Terreno agricolo;ND;Nessuno;Patrimonio indisponibile;Utilizzato direttamente;Attività agricola;;;;1;False
1864607;L219;49;;;129.0;TERRENO;STRADA DEL FRANCESE;SNC;45.1283237;7.6747625;Terreno agricolo;ND;Nessuno;Patrimonio indisponibile;Utilizzato direttamente;Attività agricola;;;;1;False
1864608;L219;50;;;141.0;TERRENO;STRADA DEL FRANCESE;SNC;45.1282567;7.6753605;Terreno agricolo;ND;Nessuno;Patrimonio indisponibile;Utilizzato direttamente;Attività agricola;;;;1;False
1864609;L219;51;;;559.0;TERRENO;STRADA DEL FRANCESE;SNC;45.1283992;7.6741253;Terreno agricolo;ND;Nessuno;Patrimonio indisponibile;Utilizzato direttamente;Attività agricola;;;;1;False
1864610;L219;53;;;5280.0;TERRENO;STRADA DEL FRANCESE;SNC;45.1281972;7.6740344;Terreno agricolo;ND;Nessuno;Patrimonio indisponibile;Utilizzato direttamente;Attività agricola;;;;1;False
1864611;L219;54;;;990.0;TERRENO;STRADA DEL FRANCESE;SNC;45.1281524;7.6753592;Terreno agricolo;ND;Nessuno;Patrimonio indisponibile;Utilizzato direttamente;Attività agricola;;;;1;False
1864612;L219;55;;;5137.0;TERRENO;STRADA DEL FRANCESE;SNC;45.1289084;7.67627;Terreno agricolo;ND;Nessuno;Patrimonio indisponibile;Utilizzato direttamente;Attività agricola;;;;1;False
1864613;L219;56;;;7863.0;TERRENO;STRADA DEL FRANCESE;SNC;45.128738;7.6767351;Terreno agricolo;ND;Nessuno;Patrimonio indisponibile;Utilizzato direttamente;Attività agricola;;;;1;False
1864614;L219;57;;;255.0;TERRENO;STRADA DEL FRANCESE;SNC;45.1281778;7.6758352;Terreno agricolo;ND;Nessuno;Patrimonio indisponibile;Utilizzato direttamente;Attività agricola;;;;1;False
1864615;L219;58;;;6.0;TERRENO;STRADA DEL FRANCESE;SNC;45.1281402;7.6760455;Terreno agricolo;ND;Nessuno;Patrimonio indisponibile;Utilizzato direttamente;Attività agricola;;;;1;False
1864616;L219;7;;;17801.0;TERRENO;STRADA DEL FRANCESE;SNC;45.1292576;7.6744208;Terreno agricolo;ND;Nessuno;Patrimonio indisponibile;Utilizzato direttamente;Attività agricola;;;;1;False
1864617;L219;100;;;915.0;TERRENO;STRADA DEL VILLARETTO;SNC;45.1300095;7.6846577;Terreno agricolo;ND;Nessuno;Patrimonio indisponibile;Utilizzato direttamente;Attività agricola;;;;1;False
1864618;L219;101;;;258.0;TERRENO;STRADA DEL VILLARETTO;SNC;45.1298981;7.6846661;Terreno agricolo;ND;Nessuno;Patrimonio indisponibile;Utilizzato direttamente;Attività agricola;;;;1;False
1864619;L219;102;;;307.0;TERRENO;STRADA DEL VILLARETTO;SNC;45.1310206;7.6851295;Terreno agricolo;ND;Nessuno;Patrimonio indisponibile;Utilizzato direttamente;Attività agricola;;;;1;False
1864620;L219;107;;;145.0;TERRENO;STRADA DEL VILLARETTO;SNC;45.1307562;7.6828404;Terreno agricolo;ND;Nessuno;Patrimonio indisponibile;Utilizzato direttamente;Attività agricola;;;;1;False
1864621;L219;108;;;107.0;TERRENO;STRADA DEL VILLARETTO;SNC;45.1298159;7.6842583;Terreno agricolo;ND;Nessuno;Patrimonio indisponibile;Utilizzato direttamente;Attività agricola;;;;1;False
1864622;L219;109;;;851.0;TERRENO;STRADA DEL VILLARETTO;SNC;45.129822;7.6846927;Terreno agricolo;ND;Nessuno;Patrimonio indisponibile;Utilizzato direttamente;Attività agricola;;;;1;False
1864623;L219;114;;;154.0;TERRENO;STRADA DEL VILLARETTO;SNC;45.1309175;7.6846445;Terreno agricolo;ND;Nessuno;Patrimonio indisponibile;Utilizzato direttamente;Attività agricola;;;;1;False
1864624;L219;116;;;188.0;TERRENO;STRADA DEL VILLARETTO;SNC;45.1305338;7.6846486;Terreno agricolo;ND;Nessuno;Patrimonio disponibile;Non utilizzato;Non Dichiarato;;;;1;False
1864625;L219;117;;;919.0;TERRENO;STRADA DEL VILLARETTO;SNC;45.1304385;7.6847578;Terreno agricolo;ND;Nessuno;Patrimonio disponibile;Non utilizzato;Non Dichiarato;;;;1;False
1864626;L219;118;;;272.0;TERRENO;STRADA DEL VILLARETTO;SNC;45.1302991;7.684659;Terreno agricolo;ND;Nessuno;Patrimonio disponibile;Non utilizzato;Non Dichiarato;;;;1;False
1864627;L219;119;;;1212.0;TERRENO;STRADA DEL VILLARETTO;SNC;45.130168;7.6847451;Terreno agricolo;ND;Nessuno;Patrimonio indisponibile;Utilizzato direttamente;Attività agricola;;;;1;False
1864628;L219;120;;;68.0;TERRENO;STRADA DEL VILLARETTO;SNC;45.1309103;7.6849938;Terreno agricolo;ND;Nessuno;Patrimonio indisponibile;Utilizzato direttamente;Attività agricola;;;;1;False
1864629;L219;127;;;14.0;TERRENO;STRADA DEL VILLARETTO;SNC;45.129756;7.6842602;Terreno agricolo;ND;Nessuno;Patrimonio indisponibile;Utilizzato direttamente;Attività agricola;;;;1;False
1864630;L219;128;;;20.0;TERRENO;STRADA DEL VILLARETTO;SNC;45.1297246;7.6842668;Terreno agricolo;ND;Nessuno;Patrimonio indisponibile;Utilizzato direttamente;Attività agricola;;;;1;False
1864631;L219;129;;;474.0;TERRENO;STRADA DEL VILLARETTO;SNC;45.1297161;7.6846853;Terreno agricolo;ND;Nessuno;Patrimonio indisponibile;Utilizzato direttamente;Attività agricola;;;;1;False
1864632;L219;130;;;158.0;TERRENO;STRADA DEL VILLARETTO;SNC;45.1296443;7.6844922;Terreno agricolo;ND;Nessuno;Patrimonio indisponibile;Utilizzato direttamente;Attività agricola;;;;1;False
1864633;L219;132;;;150.0;TERRENO;STRADA DEL VILLARETTO;SNC;45.1294888;7.6844601;Terreno agricolo;ND;Nessuno;Patrimonio indisponibile;Utilizzato direttamente;Attività agricola;;;;1;False
1864634;L219;134;;;11.0;TERRENO;STRADA DEL VILLARETTO;SNC;45.1304033;7.6827739;Terreno agricolo;ND;Nessuno;Patrimonio indisponibile;Utilizzato direttamente;Attività agricola;;;;1;False
1864635;L219;135;;;27.0;TERRENO;STRADA DEL VILLARETTO;SNC;45.130315;7.6826856;Terreno agricolo;ND;Nessuno;Patrimonio indisponibile;Utilizzato direttamente;Attività agricola;;;;1;False
1864636;L219;137;;;28.0;TERRENO;STRADA DEL VILLARETTO;SNC;45.1301977;7.6825871;Terreno agricolo;ND;Nessuno;Patrimonio indisponibile;Utilizzato direttamente;Attività agricola;;;;1;False
1864637;L219;139;;;39.0;TERRENO;STRADA DEL VILLARETTO;SNC;45.1306558;7.6827866;Terreno agricolo;ND;Nessuno;Patrimonio indisponibile;Utilizzato direttamente;Attività agricola;;;;1;False
1864638;L219;141;;;1624.0;TERRENO;STRADA DEL VILLARETTO;SNC;45.1299251;7.682985;Terreno agricolo;ND;Nessuno;Patrimonio indisponibile;Utilizzato direttamente;Attività agricola;;;;1;False
1864639;L219;142;;;92.0;TERRENO;STRADA DEL VILLARETTO;SNC;45.1299065;7.6828411;Terreno agricolo;ND;Nessuno;Patrimonio indisponibile;Utilizzato direttamente;Attività agricola;;;;1;False
1864640;L219;143;;;2.0;TERRENO;STRADA DEL VILLARETTO;SNC;45.1299809;7.6823829;Terreno agricolo;ND;Nessuno;Patrimonio indisponibile;Utilizzato direttamente;Attività agricola;;;;1;False
1864641;L219;144;;;5.0;TERRENO;STRADA DEL VILLARETTO;SNC;45.1299587;7.6823771;Terreno agricolo;ND;Nessuno;Patrimonio indisponibile;Utilizzato direttamente;Attività agricola;;;;1;False
1864642;L219;145;;;14.0;TERRENO;STRADA DEL VILLARETTO;SNC;45.1299369;7.682394;Terreno agricolo;ND;Nessuno;Patrimonio indisponibile;Utilizzato direttamente;Attività agricola;;;;1;False
1864643;L219;147;;;7.0;TERRENO;STRADA DEL VILLARETTO;SNC;45.1296389;7.6835212;Terreno agricolo;ND;Nessuno;Patrimonio indisponibile;Utilizzato direttamente;Attività agricola;;;;1;False
1864644;L219;148;;;357.0;TERRENO;STRADA DEL VILLARETTO;SNC;45.1297271;7.683991;Terreno agricolo;ND;Nessuno;Patrimonio indisponibile;Utilizzato direttamente;Attività agricola;;;;1;False
1864645;L219;149;;;16.0;TERRENO;STRADA DEL VILLARETTO;SNC;45.1296959;7.6841892;Terreno agricolo;ND;Nessuno;Patrimonio indisponibile;Utilizzato direttamente;Attività agricola;;;;1;False
1864646;L219;150;;;73.0;TERRENO;STRADA DEL VILLARETTO;SNC;45.1296913;7.6838691;Terreno agricolo;ND;Nessuno;Patrimonio indisponibile;Utilizzato direttamente;Attività agricola;;;;1;False
1864647;L219;151;;;722.0;TERRENO;STRADA DEL VILLARETTO;SNC;45.1296094;7.6839211;Terreno agricolo;ND;Nessuno;Patrimonio indisponibile;Utilizzato direttamente;Attività agricola;;;;1;False
1864648;L219;152;;;4.0;TERRENO;STRADA DEL VILLARETTO;SNC;45.1297287;7.6842392;Terreno agricolo;ND;Nessuno;Patrimonio indisponibile;Utilizzato direttamente;Attività agricola;;;;1;False
1864649;L219;153;;;42.0;TERRENO;STRADA DEL VILLARETTO;SNC;45.1295437;7.6838527;Terreno agricolo;ND;Nessuno;Patrimonio indisponibile;Utilizzato direttamente;Attività agricola;;;;1;False
1864650;L219;155;;;103.0;TERRENO;STRADA DEL VILLARETTO;SNC;45.1296274;7.6843119;Terreno agricolo;ND;Nessuno;Patrimonio indisponibile;Utilizzato direttamente;Attività agricola;;;;1;False
1864651;L219;156;;;107.0;TERRENO;STRADA DEL VILLARETTO;SNC;45.1296512;7.684808;Terreno agricolo;ND;Nessuno;Patrimonio indisponibile;Utilizzato direttamente;Attività agricola;;;;1;False
1864652;L219;157;;;801.0;TERRENO;STRADA DEL VILLARETTO;SNC;45.1295698;7.6846224;Terreno agricolo;ND;Nessuno;Patrimonio indisponibile;Utilizzato direttamente;Attività agricola;;;;1;False
1864653;L219;158;;;125.0;TERRENO;STRADA DEL VILLARETTO;SNC;45.1294976;7.6848306;Terreno agricolo;ND;Nessuno;Patrimonio indisponibile;Utilizzato direttamente;Attività agricola;;;;1;False
1864654;L219;17;;;5070.0;TERRENO;STRADA DEL VILLARETTO;SNC;45.1293503;7.6800114;Terreno agricolo;ND;Nessuno;Patrimonio indisponibile;Utilizzato direttamente;Attività agricola;;;;1;False
1864655;L219;172;;;132.0;TERRENO;STRADA DEL VILLARETTO;SNC;45.130115;7.6823355;Terreno agricolo;ND;Nessuno;Patrimonio indisponibile;Utilizzato direttamente;Attività agricola;;;;1;False
1864656;L219;173;;;3083.0;TERRENO;STRADA DEL VILLARETTO;SNC;45.1291255;7.6836532;Terreno agricolo;ND;Nessuno;Patrimonio indisponibile;Utilizzato direttamente;Attività agricola;;;;1;False
1864657;L219;174;;;336.0;TERRENO;STRADA DEL VILLARETTO;SNC;45.1294905;7.6838217;Terreno agricolo;ND;Nessuno;Patrimonio indisponibile;Utilizzato direttamente;Attività agricola;;;;1;False
1864658;L219;175;;;2305.0;TERRENO;STRADA DEL VILLARETTO;SNC;45.1292948;7.6846228;Terreno agricolo;ND;Nessuno;Patrimonio indisponibile;Utilizzato direttamente;Attività agricola;;;;1;False
1864659;L219;176;;;126.0;TERRENO;STRADA DEL VILLARETTO;SNC;45.129459;7.6844392;Terreno agricolo;ND;Nessuno;Patrimonio indisponibile;Utilizzato direttamente;Attività agricola;;;;1;False
1864660;L219;178;;;655.0;TERRENO;STRADA DEL VILLARETTO;SNC;45.1297595;7.6830708;Terreno agricolo;ND;Nessuno;Patrimonio indisponibile;Utilizzato direttamente;Attività agricola;;;;1;False
1864666;L219;30;;;789.0;TERRENO;STRADA DEL VILLARETTO;SNC;45.1301809;7.6814291;Terreno boscato o con vegetazione di vario tipo;ND;Nessuno;Patrimonio indisponibile;Utilizzato direttamente;Altro;;;;1;False
1864667;L219;39;;;190.0;TERRENO;STRADA DEL VILLARETTO;SNC;45.1312047;7.6849211;Terreno agricolo;ND;Nessuno;Patrimonio indisponibile;Utilizzato direttamente;Attività agricola;;;;1;False
1864668;L219;4;;;8340.0;TERRENO;STRADA DEL FRANCESE;SNC;45.1315139;7.6770416;Terreno agricolo;ND;Nessuno;Patrimonio indisponibile;Utilizzato direttamente;Attività agricola;;;;1;False
1864669;L219;40;;;190.0;TERRENO;STRADA DEL VILLARETTO;SNC;45.1312041;7.6850392;Terreno agricolo;ND;Nessuno;Patrimonio indisponibile;Utilizzato direttamente;Attività agricola;;;;1;False
1864670;L219;41;;;110.0;TERRENO;STRADA DEL VILLARETTO;SNC;45.1311781;7.6851738;Terreno agricolo;ND;Nessuno;Patrimonio indisponibile;Utilizzato direttamente;Attività agricola;;;;1;False
1864681;L219;42;;;270.0;TERRENO;STRADA DEL VILLARETTO;SNC;45.1310548;7.6849739;Terreno agricolo;ND;Nessuno;Patrimonio indisponibile;Utilizzato direttamente;Attività agricola;;;;1;False
1864682;L219;52;;;620.0;TERRENO;STRADA DEL VILLARETTO;SNC;45.1305601;7.6840065;Terreno agricolo;ND;Nessuno;Patrimonio indisponibile;Utilizzato direttamente;Attività agricola;;;;1;False
1864683;L219;69;;;3184.0;TERRENO;STRADA DEL VILLARETTO;SNC;45.1303296;7.6838381;Terreno agricolo;ND;Nessuno;Patrimonio indisponibile;;Non Dichiarato;in locazione;1267.0;01/03/2014;1;False
1864684;L219;70;;;27.0;TERRENO;STRADA DEL VILLARETTO;SNC;45.130347;7.6842717;Terreno agricolo;ND;Nessuno;Patrimonio indisponibile;Utilizzato direttamente;Attività agricola;;;;1;False
1864685;L219;71;;;1014.0;TERRENO;STRADA DEL VILLARETTO;SNC;45.1300259;7.6839947;Terreno agricolo;ND;Nessuno;Patrimonio indisponibile;Utilizzato direttamente;Attività agricola;;;;1;False
1864686;L219;72;;;59.0;TERRENO;STRADA DEL VILLARETTO;SNC;45.129996;7.6842407;Terreno agricolo;ND;Nessuno;Patrimonio indisponibile;Utilizzato direttamente;Attività agricola;;;;1;False
1864687;L219;73;;;653.0;TERRENO;STRADA DEL VILLARETTO;SNC;45.1298387;7.6839671;Terreno agricolo;ND;Nessuno;Patrimonio indisponibile;Utilizzato direttamente;Attività agricola;;;;1;False
1864688;L219;75;;;1187.0;TERRENO;STRADA DEL VILLARETTO;SNC;45.13081;7.6844048;Terreno agricolo;ND;Nessuno;Patrimonio indisponibile;Utilizzato direttamente;Attività agricola;;;;1;False
1864689;L219;96;;;274.0;TERRENO;STRADA DEL VILLARETTO;SNC;45.1303352;7.6847447;Terreno agricolo;ND;Nessuno;Patrimonio disponibile;Non utilizzato;Non Dichiarato;;;;1;False
1864690;L219;98;;;215.0;TERRENO;STRADA DEL VILLARETTO;SNC;45.1300752;7.6842961;Terreno agricolo;ND;Nessuno;Patrimonio indisponibile;Utilizzato direttamente;Attività agricola;;;;1;False
1864696;L219;99;;;33.0;TERRENO;STRADA DEL VILLARETTO;SNC;45.1299067;7.6842799;Terreno agricolo;ND;Nessuno;Patrimonio indisponibile;Utilizzato direttamente;Attività agricola;;;;1;False
1864697;L219;10;;;510.0;TERRENO;STRADA DEL VILLARETTO;SNC;45.1311537;7.6860813;Terreno agricolo;ND;Nessuno;Patrimonio indisponibile;Utilizzato direttamente;Attività agricola;;;;1;False
1864698;L219;104;;;102.0;TERRENO;STRADA DEL VILLARETTO;SNC;45.1306677;7.6857999;Terreno agricolo;ND;Nessuno;Patrimonio indisponibile;Utilizzato direttamente;Attività agricola;;;;1;False
1864699;L219;109;;;22706.0;TERRENO;STRADA DEL VILLARETTO;SNC;45.1304524;7.6882958;Terreno agricolo;ND;Nessuno;Patrimonio indisponibile;Utilizzato direttamente;Attività agricola;in locazione;4500.0;11/11/2022;1;False
1864700;L219;110;;;22.0;TERRENO;STRADA DEL VILLARETTO;SNC;45.1300959;7.6877955;Terreno agricolo;ND;Nessuno;Patrimonio indisponibile;Utilizzato direttamente;Attività agricola;;;;1;False
1864706;L219;114;;;156.0;TERRENO;STRADA DEL VILLARETTO;SNC;45.1302735;7.6875164;Terreno agricolo;ND;Nessuno;Patrimonio indisponibile;Utilizzato direttamente;Attività agricola;;;;1;False
1864707;L219;115;;;56.0;TERRENO;STRADA DEL VILLARETTO;SNC;45.1301592;7.6875479;Terreno agricolo;ND;Nessuno;Patrimonio indisponibile;Utilizzato direttamente;Attività agricola;;;;1;False
1864708;L219;116;;;1010.0;TERRENO;STRADA DEL VILLARETTO;SNC;45.1298617;7.6852983;Terreno agricolo;ND;Nessuno;Patrimonio indisponibile;Utilizzato direttamente;Attività agricola;;;;1;False
1864709;L219;117;;;214.0;TERRENO;STRADA DEL VILLARETTO;SNC;45.1297189;7.6853236;Terreno agricolo;ND;Nessuno;Patrimonio indisponibile;Utilizzato direttamente;Attività agricola;;;;1;False
1864710;L219;118;;;59.0;TERRENO;STRADA DEL VILLARETTO;SNC;45.129878;7.6855384;Terreno agricolo;ND;Nessuno;Patrimonio indisponibile;Utilizzato direttamente;Attività agricola;;;;1;False
1864721;L219;119;;;735.0;TERRENO;STRADA DEL VILLARETTO;SNC;45.1296382;7.6853143;Terreno agricolo;ND;Nessuno;Patrimonio indisponibile;Utilizzato direttamente;Attività agricola;;;;1;False
1864722;L219;121;;;97.0;TERRENO;STRADA DEL VILLARETTO;SNC;45.1295638;7.6852889;Terreno agricolo;ND;Nessuno;Patrimonio indisponibile;Utilizzato direttamente;Attività agricola;;;;1;False
1864723;L219;16;;;10950.0;TERRENO;STRADA NUOVA DEL VILLARETTO;SNC;45.1282702;7.6873896;Terreno agricolo;ND;Nessuno;Patrimonio indisponibile;Utilizzato direttamente;Attività agricola;;;;1;False
1864724;L219;17;;;29560.0;TERRENO;STRADA NUOVA DEL VILLARETTO;SNC;45.1274555;7.6859661;Terreno agricolo;ND;Nessuno;Patrimonio indisponibile;Utilizzato direttamente;Attività agricola;;;;1;False
1864725;L219;19;;;16510.0;TERRENO;STRADA NUOVA DEL VILLARETTO;SNC;45.1270079;7.688423;Terreno agricolo;ND;Nessuno;Patrimonio indisponibile;Utilizzato direttamente;Attività agricola;;;;1;False
1864726;L219;20;;;1640.0;TERRENO;STRADA NUOVA DEL VILLARETTO;SNC;45.1269824;7.6895285;Terreno boscato o con vegetazione di vario tipo;ND;Nessuno;Patrimonio indisponibile;Utilizzato direttamente;Altro;;;;1;False
1864727;L219;21;;;4590.0;TERRENO;STRADA NUOVA DEL VILLARETTO;SNC;45.1265807;7.6894453;Terreno boscato o con vegetazione di vario tipo;ND;Nessuno;Patrimonio indisponibile;Utilizzato direttamente;Altro;;;;1;False
1864728;L219;22;;;8610.0;TERRENO;STRADA NUOVA DEL VILLARETTO;SNC;45.1263862;7.6860373;Terreno boscato o con vegetazione di vario tipo;ND;Nessuno;Patrimonio indisponibile;Utilizzato direttamente;Altro;;;;1;False
1864729;L219;23;;;2290.0;TERRENO;STRADA NUOVA DEL VILLARETTO;SNC;45.1263104;7.6888638;Terreno boscato o con vegetazione di vario tipo;ND;Nessuno;Patrimonio indisponibile;Utilizzato direttamente;Altro;;;;1;False
1864730;L219;24;;;360.0;TERRENO;STRADA NUOVA DEL VILLARETTO;SNC;45.1258992;7.6858351;Terreno boscato o con vegetazione di vario tipo;ND;Nessuno;Patrimonio indisponibile;Utilizzato direttamente;Altro;;;;1;False
1864736;L219;25;;;400.0;TERRENO;STRADA NUOVA DEL VILLARETTO;SNC;45.1260316;7.6864279;Terreno boscato o con vegetazione di vario tipo;ND;Nessuno;Patrimonio indisponibile;Utilizzato direttamente;Altro;;;;1;False
1864737;L219;26;;;250.0;TERRENO;STRADA NUOVA DEL VILLARETTO;SNC;45.1260515;7.6865012;Terreno boscato o con vegetazione di vario tipo;ND;Nessuno;Patrimonio indisponibile;Utilizzato direttamente;Altro;;;;1;False
1864738;L219;27;;;8060.0;TERRENO;STRADA NUOVA DEL VILLARETTO;SNC;45.125719;7.68729;Terreno agricolo;ND;Nessuno;Patrimonio indisponibile;Utilizzato direttamente;Attività agricola;;;;1;False
1864739;L219;28;;;36220.0;TERRENO;STRADA NUOVA DEL VILLARETTO;SNC;45.1253024;7.6887727;Terreno agricolo;ND;Nessuno;Patrimonio indisponibile;Utilizzato direttamente;Attività agricola;;;;1;False
1864740;L219;29;;;907.0;TERRENO;STRADA DEL VILLARETTO;SNC;45.1312367;7.6854845;Terreno agricolo;ND;Nessuno;Patrimonio indisponibile;Utilizzato direttamente;Attività agricola;;;;1;False
1864746;L219;30;;;12060.0;TERRENO;STRADA NUOVA DEL VILLARETTO;SNC;45.1278439;7.6877459;Terreno agricolo;ND;Nessuno;Patrimonio indisponibile;Utilizzato direttamente;Attività agricola;;;;1;False
1864747;L219;31;;;5.0;TERRENO;STRADA NUOVA DEL VILLARETTO;SNC;45.12799;7.6887832;Terreno agricolo;ND;Nessuno;Patrimonio indisponibile;Utilizzato direttamente;Attività agricola;;;;1;False
1864748;L219;33;;;850.0;TERRENO;STRADA NUOVA DEL VILLARETTO;SNC;45.1265689;7.6899904;Terreno agricolo;ND;Nessuno;Patrimonio indisponibile;Utilizzato direttamente;Attività agricola;;;;1;False
1864749;L219;38;;;840.0;TERRENO;STRADA NUOVA DEL VILLARETTO;SNC;45.1269886;7.6908823;Terreno agricolo;ND;Nessuno;Patrimonio indisponibile;Utilizzato direttamente;Attività agricola;;;;1;False
1864750;L219;48;;;600.0;TERRENO;STRADA NUOVA DEL VILLARETTO;SNC;45.1284248;7.6858128;Terreno agricolo;ND;Nessuno;Patrimonio indisponibile;Utilizzato direttamente;Attività agricola;;;;1;False
1864756;L219;50;;;2000.0;TERRENO;STRADA NUOVA DEL VILLARETTO;SNC;45.1241861;7.6896629;Terreno agricolo;ND;Nessuno;Patrimonio indisponibile;Utilizzato direttamente;Attività agricola;;;;1;False
1864757;L219;65;;;10781.0;TERRENO;STRADA DEL VILLARETTO;SNC;45.1293707;7.6865416;Terreno agricolo;ND;Nessuno;Patrimonio indisponibile;Utilizzato direttamente;Attività agricola;;;;1;False
1864758;L219;68;;;1313.0;TERRENO;STRADA DEL VILLARETTO;SNC;45.1312957;7.6867018;Terreno agricolo;ND;Nessuno;Patrimonio indisponibile;Utilizzato direttamente;Attività agricola;;;;1;False
1864759;L219;69;;;1884.0;TERRENO;STRADA DEL VILLARETTO;SNC;45.131005;7.6862594;Terreno agricolo;ND;Nessuno;Patrimonio indisponibile;Utilizzato direttamente;Attività agricola;;;;1;False
1864760;L219;70;;;2064.0;TERRENO;STRADA DEL VILLARETTO;SNC;45.1306489;7.6867299;Terreno agricolo;ND;Nessuno;Patrimonio indisponibile;Utilizzato direttamente;Attività agricola;;;;1;False
1864766;L219;72;;;831.0;TERRENO;STRADA DEL VILLARETTO;SNC;45.1314598;7.6859482;Terreno agricolo;ND;Nessuno;Patrimonio indisponibile;Utilizzato direttamente;Attività agricola;;;;1;False
1864767;L219;73;;;286.0;TERRENO;STRADA DEL VILLARETTO;SNC;45.1314118;7.6865566;Terreno agricolo;ND;Nessuno;Patrimonio indisponibile;Utilizzato direttamente;Attività agricola;;;;1;False
1864768;L219;74;;;197.0;TERRENO;STRADA DEL VILLARETTO;SNC;45.1300793;7.6857021;Terreno agricolo;ND;Nessuno;Patrimonio indisponibile;Utilizzato direttamente;Attività agricola;;;;1;False
1864769;L219;75;;;124.0;TERRENO;STRADA DEL VILLARETTO;SNC;45.1304923;7.6858333;Terreno agricolo;ND;Nessuno;Patrimonio indisponibile;Utilizzato direttamente;Attività agricola;;;;1;False
1864770;L219;77;;;7.0;TERRENO;STRADA DEL VILLARETTO;SNC;45.129707;7.686923;Terreno agricolo;ND;Nessuno;Patrimonio indisponibile;Utilizzato direttamente;Attività agricola;;;;1;False
1864776;L219;78;;;1258.0;TERRENO;STRADA DEL VILLARETTO;SNC;45.1310212;7.6854726;Terreno agricolo;ND;Nessuno;Patrimonio indisponibile;Utilizzato direttamente;Attività agricola;;;;1;False
1864777;L219;81;;;207.0;TERRENO;STRADA DEL VILLARETTO;SNC;45.1303825;7.686986;Terreno agricolo;ND;Nessuno;Patrimonio indisponibile;Utilizzato direttamente;Attività agricola;;;;1;False
1864778;L219;82;;;7.0;TERRENO;STRADA DEL VILLARETTO;SNC;45.1302888;7.6870721;Terreno agricolo;ND;Nessuno;Patrimonio indisponibile;Utilizzato direttamente;Attività agricola;;;;1;False
1864779;L219;83;;;16.0;TERRENO;STRADA DEL VILLARETTO;SNC;45.1309052;7.6858116;Terreno agricolo;ND;Nessuno;Patrimonio indisponibile;Utilizzato direttamente;Attività agricola;;;;1;False
1864780;L219;85;;;3592.0;TERRENO;STRADA DEL VILLARETTO;SNC;45.1301296;7.6863139;Terreno agricolo;ND;Nessuno;Patrimonio indisponibile;Utilizzato direttamente;Attività agricola;;;;1;False
1864786;L219;86;;;448.0;TERRENO;STRADA DEL VILLARETTO;SNC;45.1301089;7.6869037;Terreno agricolo;ND;Nessuno;Patrimonio indisponibile;Utilizzato direttamente;Attività agricola;;;;1;False
1864787;L219;88;;;176.0;TERRENO;STRADA DEL VILLARETTO;SNC;45.129895;7.6860319;Terreno agricolo;ND;Nessuno;Patrimonio indisponibile;Utilizzato direttamente;Attività agricola;;;;1;False
1864788;L219;89;;;516.0;TERRENO;STRADA DEL VILLARETTO;SNC;45.1299523;7.6865462;Terreno agricolo;ND;Nessuno;Patrimonio indisponibile;Utilizzato direttamente;Attività agricola;;;;1;False
1864789;L219;90;;;657.0;TERRENO;STRADA DEL VILLARETTO;SNC;45.1299332;7.68686;Terreno agricolo;ND;Nessuno;Patrimonio indisponibile;Utilizzato direttamente;Attività agricola;;;;1;False
1864790;L219;91;;;257.0;TERRENO;STRADA DEL VILLARETTO;SNC;45.1298836;7.6870715;Terreno agricolo;ND;Nessuno;Patrimonio indisponibile;Utilizzato direttamente;Attività agricola;;;;1;False
1864796;L219;92;;;234.0;TERRENO;STRADA DEL VILLARETTO;SNC;45.1298296;7.6857988;Terreno agricolo;ND;Nessuno;Patrimonio indisponibile;Utilizzato direttamente;Attività agricola;;;;1;False
1864797;L219;93;;;344.0;TERRENO;STRADA DEL VILLARETTO;SNC;45.1297965;7.685971;Terreno agricolo;ND;Nessuno;Patrimonio indisponibile;Utilizzato direttamente;Attività agricola;;;;1;False
1864798;L219;94;;;577.0;TERRENO;STRADA DEL VILLARETTO;SNC;45.1297869;7.6863364;Terreno agricolo;ND;Nessuno;Patrimonio indisponibile;Utilizzato direttamente;Attività agricola;;;;1;False
1864799;L219;95;;;213.0;TERRENO;STRADA DEL VILLARETTO;SNC;45.1297897;7.6867124;Terreno agricolo;ND;Nessuno;Patrimonio indisponibile;Utilizzato direttamente;Attività agricola;;;;1;False
1864800;L219;96;;;610.0;TERRENO;STRADA DEL VILLARETTO;SNC;45.1297621;7.6869975;Terreno agricolo;ND;Nessuno;Patrimonio indisponibile;Utilizzato direttamente;Attività agricola;;;;1;False
1864806;L219;13;;;8360.0;TERRENO;STRADA DEL VILLARETTO;SNC;45.1266782;7.6920583;Terreno agricolo;ND;Nessuno;Patrimonio indisponibile;Utilizzato direttamente;Attività agricola;;;;1;False
1864807;L219;14;;;16383.0;TERRENO;STRADA DEL VILLARETTO;SNC;45.1262203;7.6930331;Terreno agricolo;ND;Nessuno;Patrimonio indisponibile;;Non Dichiarato;in locazione;3475.0;11/11/2022;1;False
1864808;L219;15;;;330.0;TERRENO;STRADA NUOVA DEL VILLARETTO;SNC;45.1255866;7.6903494;Terreno boscato o con vegetazione di vario tipo;ND;Nessuno;Patrimonio indisponibile;Utilizzato direttamente;Altro;;;;1;False
1864809;L219;2;;;7856.0;TERRENO;STRADA DEL VILLARETTO;SNC;45.1300673;7.6927848;Terreno agricolo;ND;Nessuno;Patrimonio indisponibile;Utilizzato direttamente;Attività agricola;;;;1;False
1864810;L219;20;;;6760.0;TERRENO;STRADA DEL VILLARETTO;SNC;45.1254554;7.6948111;Terreno agricolo;ND;Nessuno;Patrimonio indisponibile;;Non Dichiarato;in locazione;3475.0;11/11/2022;1;False
1864816;L219;22;;;260.0;TERRENO;STRADA NUOVA DEL VILLARETTO;SNC;45.1252545;7.6905265;Terreno boscato o con vegetazione di vario tipo;ND;Nessuno;Patrimonio indisponibile;Utilizzato direttamente;Altro;;;;1;False
1864817;L219;3;;;6800.0;TERRENO;STRADA DEL VILLARETTO;SNC;45.1298184;7.6931346;Terreno agricolo;ND;Nessuno;Patrimonio indisponibile;Utilizzato direttamente;Attività agricola;;;;1;False
1864818;L219;4;;;3899.0;TERRENO;STRADA DEL VILLARETTO;SNC;45.1300761;7.6938798;Terreno agricolo;ND;Nessuno;Patrimonio indisponibile;Utilizzato direttamente;Attività agricola;;;;1;False
1864819;L219;41;;;5830.0;TERRENO;STRADA DEL VILLARETTO;SNC;45.124066;7.6932766;Terreno agricolo;ND;Nessuno;Patrimonio indisponibile;;Non Dichiarato;in locazione;3475.0;11/11/2022;1;False
1864820;L219;42;;;890.0;TERRENO;STRADA DEL VILLARETTO;SNC;45.1240572;7.6926832;Terreno boscato o con vegetazione di vario tipo;ND;Nessuno;Patrimonio indisponibile;Utilizzato direttamente;Altro;;;;1;False
1864826;L219;45;;;2812.0;TERRENO;STRADA DEL VILLARETTO;SNC;45.1286851;7.6926929;Terreno agricolo;ND;Nessuno;Patrimonio indisponibile;;Non Dichiarato;in locazione;4500.0;11/11/2022;1;False
1864827;L219;54;;;2451.0;TERRENO;STRADA NUOVA DEL VILLARETTO;SNC;45.1255721;7.6909319;Terreno agricolo;ND;Nessuno;Patrimonio indisponibile;Utilizzato direttamente;Attività agricola;;;;1;False
1864828;L219;55;;;2500.0;TERRENO;STRADA NUOVA DEL VILLARETTO;SNC;45.125809;7.6906171;Terreno agricolo;ND;Nessuno;Patrimonio indisponibile;Utilizzato direttamente;Attività agricola;;;;1;False
1864829;L219;56;;;2310.0;TERRENO;STRADA NUOVA DEL VILLARETTO;SNC;45.1261095;7.6902299;Terreno agricolo;ND;Nessuno;Patrimonio indisponibile;Utilizzato direttamente;Attività agricola;;;;1;False
1864830;L219;62;;;7600.0;TERRENO;STRADA DEL VILLARETTO;SNC;45.1247041;7.6941831;Terreno agricolo;ND;Nessuno;Patrimonio indisponibile;;Non Dichiarato;in locazione;3475.0;11/11/2022;1;False
1864836;L219;63;;;3320.0;TERRENO;STRADA DEL VILLARETTO;SNC;45.124385;7.6937183;Terreno agricolo;ND;Nessuno;Patrimonio indisponibile;;Non Dichiarato;in locazione;3475.0;11/11/2022;1;False
1864837;L219;1;;;11565.0;TERRENO;STRADA DEL VILLARETTO;SNC;45.1306089;7.6957025;Terreno agricolo;ND;Nessuno;Patrimonio indisponibile;;Non Dichiarato;in locazione;5191.0;11/11/2022;1;False
1864838;L219;29;;;1620.0;TERRENO;STRADA DEL VILLARETTO;SNC;45.1295187;7.6966104;Terreno agricolo;ND;Nessuno;Patrimonio indisponibile;Utilizzato direttamente;Attività agricola;;;;1;False
1864839;L219;30;;;14360.0;TERRENO;STRADA DEL VILLARETTO;SNC;45.1291986;7.6975264;Terreno agricolo;ND;Nessuno;Patrimonio indisponibile;Utilizzato direttamente;Attività agricola;;;;1;False
1864840;L219;35;;;31320.0;TERRENO;STRADA DEL VILLARETTO;SNC;45.1280009;7.7016256;Terreno agricolo;ND;Nessuno;Patrimonio indisponibile;Utilizzato direttamente;Attività agricola;;;;1;False
1864851;L219;138;;;3015.0;TERRENO;VIA DEGLI ULIVI;SNC;45.1320895;7.7147095;Terreno agricolo;ND;Nessuno;Patrimonio indisponibile;Utilizzato direttamente;Attività agricola;;;;1;False
1864852;L219;58;;;3057.0;TERRENO;VIALE FALCHERA;SNC;45.1304805;7.7131757;Terreno agricolo;ND;Nessuno;Patrimonio indisponibile;Utilizzato direttamente;Attività agricola;;;;1;False
1864853;L219;63;;;2433.0;TERRENO;VIALE FALCHERA;SNC;45.1304909;7.7079779;Terreno agricolo;ND;Nessuno;Patrimonio indisponibile;Utilizzato direttamente;Attività agricola;;;;1;False
1864854;L219;70;;;397.0;TERRENO;VIALE FALCHERA;SNC;45.1289228;7.7074472;Terreno agricolo;ND;Nessuno;Patrimonio indisponibile;Utilizzato direttamente;Attività agricola;;;;1;False
1864855;L219;81;;;10115.0;TERRENO;VIALE FALCHERA;SNC;45.1297979;7.7134359;Terreno agricolo;ND;Nessuno;Patrimonio indisponibile;Utilizzato direttamente;Attività agricola;;;;1;False
1864876;L219;86;;;265.0;TERRENO;Via degli Abeti;10;45.1302503;7.7112191;Terreno agricolo;ND;Nessuno;Patrimonio indisponibile;Non utilizzato;Non Dichiarato;;;;1;False
1864877;L219;95;;;4799.0;TERRENO;VIALE FALCHERA;SNC;45.1303515;7.7086747;Terreno agricolo;ND;Nessuno;Patrimonio indisponibile;Utilizzato direttamente;Attività agricola;;;;1;False
1864878;L219;16;;;3222.0;TERRENO;VIA DEGLI ULIVI;SNC;45.1327765;7.7150575;Terreno agricolo;ND;Nessuno;Patrimonio indisponibile;Utilizzato direttamente;Attività agricola;;;;1;False
1864879;L219;31;;;4687.0;TERRENO;VIA DEGLI ULIVI;SNC;45.1325507;7.7144873;Terreno agricolo;ND;Nessuno;Patrimonio indisponibile;Utilizzato direttamente;Attività agricola;;;;1;False
1864880;L219;10;;;15299.0;TERRENO;VIA DEGLI ULIVI;SNC;45.1364438;7.7237626;Terreno agricolo;ND;Nessuno;Patrimonio indisponibile;Utilizzato direttamente;Attività agricola;;;;1;False
1864886;L219;12;;;25750.0;TERRENO;VIA DEGLI ULIVI;SNC;45.1357176;7.7195108;Terreno agricolo;ND;Nessuno;Patrimonio indisponibile;Utilizzato direttamente;Attività agricola;;;;1;False
1864887;L219;13;;;31720.0;TERRENO;VIA DEGLI ULIVI;SNC;45.1355906;7.721303;Terreno agricolo;ND;Nessuno;Patrimonio indisponibile;Utilizzato direttamente;Attività agricola;;;;1;False
1864888;L219;14;;;29870.0;TERRENO;VIA DEGLI ULIVI;SNC;45.1351605;7.7232446;Terreno agricolo;ND;Nessuno;Patrimonio indisponibile;Utilizzato direttamente;Attività agricola;;;;1;False
1864889;L219;36;;;6540.0;TERRENO;VIA DEGLI ULIVI;SNC;45.13374949;7.71743725;Terreno agricolo;ND;Nessuno;Patrimonio indisponibile;Utilizzato direttamente;Attività agricola;;;;1;False
1864890;L219;16;;;21880.0;TERRENO;VIA DEGLI ULIVI;SNC;45.1342343;7.7186734;Terreno agricolo;ND;Nessuno;Patrimonio indisponibile;Utilizzato direttamente;Attività agricola;;;;1;False
1864896;L219;17;;;15450.0;TERRENO;VIA DEGLI ULIVI;SNC;45.1340923;7.7208866;Terreno agricolo;ND;Nessuno;Patrimonio indisponibile;Utilizzato direttamente;Attività agricola;;;;1;False
1864897;L219;18;;;13810.0;TERRENO;VIA DEGLI ULIVI;SNC;45.1338337;7.7227827;Terreno agricolo;ND;Nessuno;Patrimonio indisponibile;Utilizzato direttamente;Attività agricola;;;;1;False
1864898;L219;19;;;9590.0;TERRENO;VIA DEGLI ULIVI;SNC;45.1334708;7.7190209;Terreno agricolo;ND;Nessuno;Patrimonio indisponibile;Utilizzato direttamente;Attività agricola;;;;1;False
1864899;L219;21;;;3210.0;TERRENO;VIA DEGLI ULIVI;SNC;45.1352586;7.7178368;Terreno agricolo;ND;Nessuno;Patrimonio indisponibile;Utilizzato direttamente;Attività agricola;;;;1;False
1864900;L219;22;;;760.0;TERRENO;VIA DEGLI ULIVI;SNC;45.1365553;7.7204027;Terreno agricolo;ND;Nessuno;Patrimonio indisponibile;Utilizzato direttamente;Attività agricola;;;;1;False
1864906;L219;23;;;4240.0;TERRENO;VIA DEGLI ULIVI;SNC;45.1335911;7.7167585;Terreno agricolo;ND;Nessuno;Patrimonio indisponibile;Utilizzato direttamente;Attività agricola;;;;1;False
1864907;L219;24;;;280.0;TERRENO;VIA DEGLI ULIVI;SNC;45.1368678;7.7232501;Terreno boscato o con vegetazione di vario tipo;ND;Nessuno;Patrimonio indisponibile;Utilizzato direttamente;Altro;;;;1;False
1864908;L219;26;;;1500.0;TERRENO;VIA DEGLI ULIVI;SNC;45.1368688;7.7241011;Terreno agricolo;ND;Nessuno;Patrimonio indisponibile;Utilizzato direttamente;Attività agricola;;;;1;False
1864909;L219;7;;;10546.0;TERRENO;VIA DEGLI ULIVI;SNC;45.1366114;7.7216223;Terreno agricolo;ND;Nessuno;Patrimonio indisponibile;Utilizzato direttamente;Attività agricola;;;;1;False
1864910;L219;8;;;300.0;TERRENO;VIA DEGLI ULIVI;SNC;45.1369215;7.7224386;Terreno boscato o con vegetazione di vario tipo;ND;Nessuno;Patrimonio indisponibile;Utilizzato direttamente;Altro;;;;1;False
1864916;L219;9;;;590.0;TERRENO;VIA DEGLI ULIVI;SNC;45.1370482;7.7239234;Terreno boscato o con vegetazione di vario tipo;ND;Nessuno;Patrimonio indisponibile;Utilizzato direttamente;Altro;;;;1;False
1864917;L219;1;;;16120.0;TERRENO;VIA DEGLI ULIVI;SNC;45.1331788;7.7206319;Terreno agricolo;ND;Nessuno;Patrimonio indisponibile;Utilizzato direttamente;Attività agricola;;;;1;False
1864918;L219;12;;;150.0;TERRENO;VIA DEGLI ULIVI;SNC;45.131447;7.7155443;Terreno agricolo;ND;Nessuno;Patrimonio indisponibile;Utilizzato direttamente;Attività agricola;;;;1;False
1864924;L219;13;;;180.0;TERRENO;VIA DEGLI ULIVI;SNC;45.1311594;7.7169227;Pascolo;ND;Nessuno;Patrimonio indisponibile;Utilizzato direttamente;Attività agricola;;;;1;False
1864925;L219;14;;;19010.0;TERRENO;VIA DEGLI ULIVI;SNC;45.1307973;7.7187882;Terreno agricolo;ND;Nessuno;Patrimonio indisponibile;Utilizzato direttamente;Attività agricola;;;;1;False
1864926;L219;43;;;16525.0;TERRENO;VIA DEGLI ULIVI;SNC;45.1320326;7.7165022;Terreno agricolo;ND;Nessuno;Patrimonio indisponibile;Utilizzato direttamente;Attività agricola;;;;1;False
1864927;L219;40;;;16538.0;TERRENO;VIA DEGLI ULIVI;SNC;45.1328372;7.7160739;Terreno agricolo;ND;Nessuno;Patrimonio indisponibile;Utilizzato direttamente;Attività agricola;;;;1;False
1864928;L219;2;;;13910.0;TERRENO;VIA DEGLI ULIVI;SNC;45.1329544;7.7224424;Terreno agricolo;ND;Nessuno;Patrimonio indisponibile;Utilizzato direttamente;Attività agricola;;;;1;False
1864934;L219;21;;;2830.0;TERRENO;VIA DEGLI ULIVI;SNC;45.131254;7.7163725;Terreno agricolo;ND;Nessuno;Patrimonio indisponibile;Utilizzato direttamente;Attività agricola;;;;1;False
1864935;L219;3;;;230.0;TERRENO;VIA DEGLI ULIVI;SNC;45.1325508;7.7228054;Terreno boscato o con vegetazione di vario tipo;ND;Nessuno;Patrimonio indisponibile;Utilizzato direttamente;Altro;;;;1;False
1864936;L219;38;;;21323.0;TERRENO;VIA DEGLI ULIVI;SNC;45.1298324;7.7173457;Terreno agricolo;ND;Nessuno;Patrimonio indisponibile;Utilizzato direttamente;Attività agricola;;;;1;False
1864937;L219;5;;;6590.0;TERRENO;VIA DEGLI ULIVI;SNC;45.1322768;7.7174133;Terreno agricolo;ND;Nessuno;Patrimonio indisponibile;Utilizzato direttamente;Attività agricola;;;;1;False
1864938;L219;6;;;26800.0;TERRENO;VIA DEGLI ULIVI;SNC;45.1321265;7.7184308;Terreno agricolo;ND;Nessuno;Patrimonio indisponibile;Utilizzato direttamente;Attività agricola;;;;1;False
1864944;L219;7;;;31920.0;TERRENO;VIA DEGLI ULIVI;SNC;45.131925;7.7201556;Terreno agricolo;ND;Nessuno;Patrimonio indisponibile;Utilizzato direttamente;Attività agricola;;;;1;False
1864945;L219;8;;;14620.0;TERRENO;VIA DEGLI ULIVI;SNC;45.13189;7.7220129;Terreno agricolo;ND;Nessuno;Patrimonio indisponibile;Utilizzato direttamente;Attività agricola;;;;1;False
1864946;L219;9;;;520.0;TERRENO;VIA DEGLI ULIVI;SNC;45.1320582;7.7227854;Terreno boscato o con vegetazione di vario tipo;ND;Nessuno;Patrimonio indisponibile;Utilizzato direttamente;Altro;;;;1;False
1864947;L219;10;;;1170.0;TERRENO;VIA DEGLI ULIVI;SNC;45.1284383;7.7163006;Terreno agricolo;ND;Nessuno;Patrimonio indisponibile;Utilizzato direttamente;Attività agricola;;;;1;False
1864948;L219;100;;;30.0;TERRENO;VIA SANT'ELIA ANTONIO;SNC;45.1268601;7.7153922;Terreno agricolo;ND;Nessuno;Patrimonio indisponibile;Utilizzato direttamente;Attività agricola;;;;1;False
1864954;L219;102;;;3.0;TERRENO;VIA SANT'ELIA ANTONIO;SNC;45.126763;7.7156723;Terreno agricolo;ND;Nessuno;Patrimonio indisponibile;Utilizzato direttamente;Attività agricola;;;;1;False
1864955;L219;103;;;352.0;TERRENO;VIA SANT'ELIA ANTONIO;SNC;45.1263689;7.7156788;Terreno agricolo;ND;Nessuno;Patrimonio indisponibile;Utilizzato direttamente;Attività agricola;;;;1;False
1864956;L219;11;;;15060.0;TERRENO;VIA DEGLI ULIVI;SNC;45.1282028;7.7169298;Terreno agricolo;ND;Nessuno;Patrimonio indisponibile;Utilizzato direttamente;Attività agricola;;;;1;False
1864957;L219;17;;;210.0;TERRENO;VIA DEGLI ULIVI;SNC;45.1278539;7.7164457;Terreno boscato o con vegetazione di vario tipo;ND;Nessuno;Patrimonio indisponibile;Utilizzato direttamente;Altro;;;;1;False
1864958;L219;70;;;637.0;TERRENO;VIA DELLE QUERCE;SNC;45.1270908;7.7139745;Terreno agricolo;ND;Nessuno;Patrimonio indisponibile;Utilizzato direttamente;Attività agricola;;;;1;False
1864959;L219;73;;;922.0;TERRENO;VIA DELLE QUERCE;SNC;45.1270033;7.7147328;Terreno agricolo;ND;Nessuno;Patrimonio indisponibile;Utilizzato direttamente;Attività agricola;;;;1;False
1864960;L219;79;;;2230.0;TERRENO;VIA DEGLI ULIVI;SNC;45.1275339;7.7165781;Terreno boscato o con vegetazione di vario tipo;ND;Nessuno;Patrimonio indisponibile;Utilizzato direttamente;Altro;;;;1;False
1864961;L219;81;;;1080.0;TERRENO;VIA DEGLI ULIVI;SNC;45.1272284;7.7174634;Terreno boscato o con vegetazione di vario tipo;ND;Nessuno;Patrimonio indisponibile;Utilizzato direttamente;Altro;;;;1;False
1864962;L219;83;;;13320.0;TERRENO;VIA DEGLI ULIVI;SNC;45.1268756;7.7168075;Terreno agricolo;ND;Nessuno;Patrimonio indisponibile;Utilizzato direttamente;Attività agricola;;;;1;False
1864963;L219;93;;;83.0;TERRENO;VIA SANT'ELIA ANTONIO;SNC;45.1269153;7.7151566;Terreno agricolo;ND;Nessuno;Patrimonio indisponibile;Utilizzato direttamente;Attività agricola;;;;1;False
1864969;L219;94;;;41.0;TERRENO;VIA SANT'ELIA ANTONIO;SNC;45.1269087;7.715371;Terreno agricolo;ND;Nessuno;Patrimonio indisponibile;Utilizzato direttamente;Attività agricola;;;;1;False
1864970;L219;96;;;49.0;TERRENO;VIA SANT'ELIA ANTONIO;SNC;45.1268459;7.7156964;Terreno agricolo;ND;Nessuno;Patrimonio indisponibile;Utilizzato direttamente;Attività agricola;;;;1;False
1864971;L219;97;;;9.0;TERRENO;VIA SANT'ELIA ANTONIO;SNC;45.1268012;7.7157152;Terreno agricolo;ND;Nessuno;Patrimonio indisponibile;Utilizzato direttamente;Attività agricola;;;;1;False
1864972;L219;99;;;1540.0;TERRENO;VIA SANT'ELIA ANTONIO;SNC;45.1261677;7.7151926;Terreno agricolo;ND;Nessuno;Patrimonio indisponibile;Utilizzato direttamente;Attività agricola;;;;1;False
1864973;L219;100;;;1831.0;TERRENO;STRADA DELLA CEBROSA;SNC;45.1226847;7.7305146;Terreno agricolo;ND;Nessuno;Patrimonio indisponibile;Utilizzato direttamente;Attività agricola;;;;1;False
1864979;L219;49;;;2456.0;TERRENO;STRADA DELLA CEBROSA;SNC;45.1188482;7.7326147;Terreno agricolo;ND;Nessuno;Patrimonio indisponibile;Utilizzato direttamente;Attività agricola;;;;1;False
1864980;L219;51;;;4.0;TERRENO;STRADA DELLA CEBROSA;SNC;45.1181141;7.7330145;Terreno agricolo;ND;Nessuno;Patrimonio indisponibile;Utilizzato direttamente;Attività agricola;;;;1;False
1864981;L219;56;;;4574.0;TERRENO;STRADA DELLA CEBROSA;SNC;45.1217796;7.7308796;Terreno agricolo;ND;Nessuno;Patrimonio indisponibile;;Non Dichiarato;in locazione;5826.0;01/04/2022;1;False
1864982;L219;6;;;1646.0;TERRENO;CORSO VERCELLI;SNC;45.122702;7.7238236;Terreno agricolo;ND;Nessuno;Patrimonio indisponibile;Utilizzato direttamente;Attività agricola;;;;1;False
1864983;L219;92;;;852.0;TERRENO;STRADA DELLA CEBROSA;SNC;45.1235008;7.7303654;Terreno agricolo;ND;Nessuno;Patrimonio indisponibile;Utilizzato direttamente;Attività agricola;;;;1;False
1864989;L219;93;;;144.0;TERRENO;STRADA DELLA CEBROSA;SNC;45.1233791;7.7301297;Terreno agricolo;ND;Nessuno;Patrimonio indisponibile;Utilizzato direttamente;Attività agricola;;;;1;False
1864990;L219;95;;;566.0;TERRENO;STRADA DELLA CEBROSA;SNC;45.123688;7.7313184;Terreno agricolo;ND;Nessuno;Patrimonio indisponibile;Utilizzato direttamente;Attività agricola;;;;1;False
1864991;L219;97;;;473.0;TERRENO;STRADA DELLA CEBROSA;SNC;45.1232733;7.7302058;Terreno agricolo;ND;Nessuno;Patrimonio indisponibile;Utilizzato direttamente;Attività agricola;;;;1;False
1864992;L219;98;;;172.0;TERRENO;STRADA DELLA CEBROSA;SNC;45.1232592;7.7299604;Terreno agricolo;ND;Nessuno;Patrimonio indisponibile;Utilizzato direttamente;Attività agricola;;;;1;False
1864993;L219;40;;;712.0;TERRENO;CORSO ROMANIA;SNC;45.1244937;7.7156842;Terreno agricolo;ND;Nessuno;Patrimonio indisponibile;Utilizzato direttamente;Attività agricola;;;;1;False
1864999;L219;49;;;195.0;TERRENO;CORSO ROMANIA;SNC;45.1244201;7.7159153;Terreno agricolo;ND;Nessuno;Patrimonio indisponibile;Utilizzato direttamente;Attività agricola;;;;1;False
1865000;L219;51;;;1574.0;TERRENO;CORSO ROMANIA;SNC;45.1237063;7.7158458;Terreno agricolo;ND;Nessuno;Patrimonio indisponibile;Utilizzato direttamente;Attività agricola;;;;1;False
1865001;L219;134;;;390.0;TERRENO;CORSO VERCELLI;SNC;45.1202255;7.7110842;Terreno agricolo;ND;Nessuno;Demanio;Utilizzato direttamente;Attività agricola;;;;1;False
1865002;L219;135;;;130.0;TERRENO;CORSO VERCELLI;SNC;45.1201483;7.7110446;Terreno agricolo;ND;Nessuno;Patrimonio indisponibile;Utilizzato direttamente;Attività agricola;;;;1;False
1865003;L219;136;;;110.0;TERRENO;CORSO VERCELLI;SNC;45.120153;7.7113298;Pascolo;ND;Nessuno;Demanio;Utilizzato direttamente;Attività agricola;;;;1;False
1865009;L219;137;;;84.0;TERRENO;CORSO VERCELLI;SNC;45.1201528;7.7114294;Terreno agricolo;ND;Nessuno;Demanio;Utilizzato direttamente;Attività agricola;;;;1;False
1865010;L219;138;;;51.0;TERRENO;CORSO VERCELLI;SNC;45.1200404;7.7114199;Terreno agricolo;ND;Nessuno;Patrimonio indisponibile;Utilizzato direttamente;Attività agricola;;;;1;False
1865011;L219;140;;;5200.0;TERRENO;CORSO VERCELLI;SNC;45.1198008;7.7109817;Pascolo;ND;Nessuno;Patrimonio indisponibile;Utilizzato direttamente;Attività agricola;;;;1;False
1865012;L219;145;;;180.0;TERRENO;CORSO VERCELLI;SNC;45.1201522;7.7124077;Pascolo;ND;Nessuno;Demanio;Utilizzato direttamente;Attività agricola;;;;1;False
1865013;L219;147;;;400.0;TERRENO;CORSO VERCELLI;SNC;45.1200093;7.713083;Pascolo;ND;Nessuno;Demanio;Utilizzato direttamente;Attività agricola;;;;1;False
1865019;L219;211;;;11015.0;TERRENO;VIA SANT'ELIA ANTONIO;SNC;45.1246426;7.7125667;Pascolo;ND;Nessuno;Patrimonio indisponibile;Utilizzato direttamente;Attività agricola;;;;1;False
1865020;L219;212;;;361.0;TERRENO;VIA SANT'ELIA ANTONIO;SNC;45.1260131;7.7127267;Pascolo;ND;Nessuno;Patrimonio indisponibile;Utilizzato direttamente;Attività agricola;;;;1;False
1865021;L219;213;;;172.0;TERRENO;VIA SANT'ELIA ANTONIO;SNC;45.1241823;7.7103121;Pascolo;ND;Nessuno;Patrimonio indisponibile;Utilizzato direttamente;Attività agricola;;;;1;False
1865022;L219;232;;;13.0;TERRENO;CORSO VERCELLI;SNC;45.1203212;7.7108965;Pascolo;ND;Nessuno;Patrimonio indisponibile;Utilizzato direttamente;Attività agricola;;;;1;False
1865023;L219;234;;;3127.0;TERRENO;CORSO VERCELLI;SNC;45.120352;7.711338;Terreno agricolo;ND;Nessuno;Patrimonio indisponibile;Utilizzato direttamente;Attività agricola;;;;1;False
1865029;L219;235;;;440.0;TERRENO;CORSO VERCELLI;SNC;45.1202538;7.7105948;Pascolo;ND;Nessuno;Demanio;Utilizzato direttamente;Attività agricola;;;;1;False
1865030;L219;247;;;520.0;TERRENO;CORSO ROMANIA;SNC;45.122676;7.7139771;Pascolo;ND;Nessuno;Patrimonio indisponibile;Utilizzato direttamente;Attività agricola;;;;1;False
1865031;L219;279;;;1302.0;TERRENO;CORSO VERCELLI;SNC;45.1207575;7.7103503;Pascolo;ND;Nessuno;Patrimonio indisponibile;Utilizzato direttamente;Attività agricola;;;;1;False
1865033;L219;308;;;900.0;TERRENO;VIA SANT'ELIA ANTONIO;SNC;45.1237831;7.7136222;Terreno agricolo;ND;Nessuno;Patrimonio indisponibile;Utilizzato direttamente;Attività agricola;;;;1;False
1865039;L219;315;;;965.0;TERRENO;VIA SANT'ELIA ANTONIO;SNC;45.124975;7.7144077;Terreno agricolo;ND;Nessuno;Patrimonio indisponibile;Utilizzato direttamente;Attività agricola;;;;1;False
1865040;L219;319;;;13743.0;TERRENO;CORSO ROMANIA;SNC;45.1235226;7.7152143;Terreno agricolo;ND;Nessuno;Patrimonio indisponibile;Utilizzato direttamente;Attività agricola;;;;1;False
1865041;L219;100;;;1071.0;TERRENO;VIA DELLE QUERCE;SNC;45.1289737;7.7081764;Pascolo;ND;Nessuno;Patrimonio indisponibile;Utilizzato direttamente;Attività agricola;;;;1;False
1865042;L219;101;;;6136.0;TERRENO;VIA DELLE QUERCE;SNC;45.128494;7.7105644;Pascolo;ND;Nessuno;Patrimonio indisponibile;Utilizzato direttamente;Attività agricola;;;;1;False
1865043;L219;103;;;1878.0;TERRENO;VIA DELLE QUERCE;SNC;45.1272983;7.7130374;Pascolo;ND;Nessuno;Patrimonio indisponibile;Utilizzato direttamente;Attività agricola;;;;1;False
1865049;L219;106;;;4746.0;TERRENO;VIA DELLE QUERCE;SNC;45.1292449;7.7135964;Pascolo;ND;Nessuno;Patrimonio indisponibile;Utilizzato direttamente;Attività agricola;;;;1;False
1865050;L219;108;;;3379.0;TERRENO;VIA DELLE QUERCE;SNC;45.1288664;7.7133598;Pascolo;ND;Nessuno;Patrimonio indisponibile;Utilizzato direttamente;Attività agricola;;;;1;False
1865051;L219;117;;;984.0;TERRENO;VIA DELLE QUERCE;SNC;45.1286209;7.713449;Pascolo;ND;Nessuno;Patrimonio indisponibile;Utilizzato direttamente;Attività agricola;;;;1;False
1865052;L219;123;;;621.0;TERRENO;VIA DELLE QUERCE;SNC;45.1285295;7.7138721;Pascolo;ND;Nessuno;Patrimonio indisponibile;Utilizzato direttamente;Attività agricola;;;;1;False
1865053;L219;26;;;570.0;TERRENO;VIA DELLE QUERCE;SNC;45.1288586;7.707888;Pascolo;ND;Nessuno;Patrimonio indisponibile;Utilizzato direttamente;Attività agricola;;;;1;False
1865074;L219;4;;;4270.0;TERRENO;VIA DELLE QUERCE;SNC;45.1289646;7.7048639;Terreno agricolo;ND;Nessuno;Patrimonio indisponibile;Utilizzato direttamente;Attività agricola;;;;1;False
1865075;L219;5;;;3632.0;TERRENO;VIA DELLE QUERCE;SNC;45.1287012;7.7047709;Terreno agricolo;ND;Nessuno;Patrimonio indisponibile;Utilizzato direttamente;Attività agricola;;;;1;False
1865076;L219;60;;;120.0;TERRENO;VIA SANT'ELIA ANTONIO;SNC;45.12703;7.7135961;Pascolo;ND;Nessuno;Patrimonio indisponibile;Utilizzato direttamente;Attività agricola;;;;1;False
1865077;L219;141;;;6518.0;TERRENO;VIA DELLE QUERCE;SNC;45.1286647;7.7063167;Pascolo;ND;Nessuno;Patrimonio indisponibile;Utilizzato direttamente;Attività agricola;;;;1;False
1865078;L219;93;;;3022.0;TERRENO;VIA DELLE QUERCE;SNC;45.1287909;7.7075186;Pascolo;ND;Nessuno;Patrimonio indisponibile;Utilizzato direttamente;Attività agricola;;;;1;False
1865079;L219;95;;;1476.0;TERRENO;VIA DELLE QUERCE;SNC;45.1287776;7.7092264;Pascolo;ND;Nessuno;Patrimonio indisponibile;Utilizzato direttamente;Attività agricola;;;;1;False
1865080;L219;1;;;29390.0;TERRENO;STRADA CUORGNE';SNC;45.1278173;7.6966208;Terreno agricolo;ND;Nessuno;Patrimonio indisponibile;Utilizzato direttamente;Attività agricola;;;;1;False
1865081;L219;12;;;450.0;TERRENO;STRADA CUORGNE';SNC;45.1255319;7.7007005;Terreno agricolo;ND;Nessuno;Patrimonio indisponibile;Utilizzato direttamente;Attività agricola;;;;1;False
1865082;L219;14;;;9570.0;TERRENO;STRADA CUORGNE';SNC;45.1253031;7.7024319;Terreno agricolo;ND;Nessuno;Patrimonio indisponibile;Utilizzato direttamente;Attività agricola;;;;1;False
1865083;L219;15;;;7640.0;TERRENO;STRADA CUORGNE';SNC;45.1250185;7.7031472;Terreno agricolo;ND;Nessuno;Patrimonio indisponibile;Utilizzato direttamente;Attività agricola;;;;1;False
1865084;L219;38;;;18897.0;TERRENO;STRADA CUORGNE';SNC;45.12621453;7.69908533;Terreno agricolo;ND;Nessuno;Patrimonio indisponibile;Utilizzato direttamente;Attività agricola;;;;1;False
1865085;L219;17;;;6380.0;TERRENO;STRADA CUORGNE';SNC;45.1281671;7.6978497;Terreno agricolo;ND;Nessuno;Patrimonio indisponibile;Utilizzato direttamente;Attività agricola;;;;1;False
1865086;L219;19;;;2310.0;TERRENO;STRADA CUORGNE';SNC;45.1256633;7.7004946;Terreno agricolo;ND;Nessuno;Patrimonio indisponibile;Utilizzato direttamente;Attività agricola;;;;1;False
1865087;L219;20;;;19740.0;TERRENO;STRADA CUORGNE';SNC;45.1269819;7.7003309;Terreno agricolo;ND;Nessuno;Patrimonio indisponibile;Utilizzato direttamente;Attività agricola;;;;1;False
1865088;L219;3;;;660.0;TERRENO;STRADA CUORGNE';SNC;45.1270415;7.7009402;Terreno agricolo;ND;Nessuno;Patrimonio indisponibile;Utilizzato direttamente;Attività agricola;;;;1;False
1865089;L219;9;;;760.0;TERRENO;STRADA CUORGNE';SNC;45.1257089;7.702555;Terreno agricolo;ND;Nessuno;Patrimonio indisponibile;Utilizzato direttamente;Attività agricola;;;;1;False
1865090;L219;1;;;43422.0;TERRENO;STRADA DEL VILLARETTO;SNC;45.1239694;7.6972296;Terreno agricolo;ND;Nessuno;Patrimonio indisponibile;;Non Dichiarato;in locazione;5191.0;11/11/2022;1;False
1865091;L219;141;;;29000.0;TERRENO;STRADA DEL VILLARETTO;SNC;45.1236648;7.7011604;Terreno agricolo;ND;Nessuno;Patrimonio indisponibile;;Non Dichiarato;in locazione;5191.0;11/11/2022;1;False
1865092;L219;142;;;5170.0;TERRENO;STRADA DEL VILLARETTO;SNC;45.1243836;7.7019368;Terreno agricolo;ND;Nessuno;Patrimonio indisponibile;;Non Dichiarato;in locazione;5191.0;11/11/2022;1;False
1865093;L219;147;;;72.0;TERRENO;STRADA DEL VILLARETTO;SNC;45.1231302;7.6948631;Terreno agricolo;ND;Nessuno;Patrimonio indisponibile;Utilizzato direttamente;Attività agricola;;;;1;False
1865094;L219;18;;;773.0;TERRENO;STRADA DEL VILLARETTO;SNC;45.122715;7.6967827;Terreno agricolo;ND;Nessuno;Patrimonio indisponibile;;Non Dichiarato;in locazione;5191.0;11/11/2022;1;False
1865095;L219;1;;;1440.0;TERRENO;STRADA NUOVA DEL VILLARETTO;SNC;45.123991;7.683898;Terreno boscato o con vegetazione di vario tipo;ND;Nessuno;Patrimonio indisponibile;Utilizzato direttamente;Altro;;;;1;False
1865096;L219;2;;;2360.0;TERRENO;STRADA NUOVA DEL VILLARETTO;SNC;45.1250158;7.685892;Terreno agricolo;ND;Nessuno;Patrimonio indisponibile;Utilizzato direttamente;Attività agricola;;;;1;False
1865097;L219;25;;;23320.0;TERRENO;STRADA DEL MOLINO DEL VILLARETTO;SNC;45.1229641;7.6929245;Terreno agricolo;ND;Nessuno;Patrimonio indisponibile;;Non Dichiarato;in locazione;3475.0;11/11/2022;1;False
1865098;L219;26;;;810.0;TERRENO;STRADA DEL MOLINO DEL VILLARETTO;SNC;45.1233802;7.6934562;Terreno boscato o con vegetazione di vario tipo;ND;Nessuno;Patrimonio indisponibile;Utilizzato direttamente;Altro;;;;1;False
1865099;L219;28;;;16060.0;TERRENO;STRADA NUOVA DEL VILLARETTO;SNC;45.1229561;7.6871125;Terreno agricolo;ND;Nessuno;Patrimonio indisponibile;Utilizzato direttamente;Attività agricola;;;;1;False
1865100;L219;29;;;3790.0;TERRENO;STRADA NUOVA DEL VILLARETTO;SNC;45.1242957;7.6873565;Terreno agricolo;ND;Nessuno;Patrimonio indisponibile;Utilizzato direttamente;Attività agricola;;;;1;False
1865101;L219;3;;;3690.0;TERRENO;STRADA NUOVA DEL VILLARETTO;SNC;45.125019;7.6861334;Terreno agricolo;ND;Nessuno;Patrimonio indisponibile;Utilizzato direttamente;Attività agricola;;;;1;False
1865102;L219;4;;;6230.0;TERRENO;STRADA NUOVA DEL VILLARETTO;SNC;45.1248362;7.6863958;Terreno agricolo;ND;Nessuno;Patrimonio indisponibile;Utilizzato direttamente;Attività agricola;;;;1;False
1865103;L219;5;;;3680.0;TERRENO;STRADA NUOVA DEL VILLARETTO;SNC;45.1247368;7.686707;Terreno agricolo;ND;Nessuno;Patrimonio indisponibile;Utilizzato direttamente;Attività agricola;;;;1;False
1865104;L219;6;;;8020.0;TERRENO;STRADA NUOVA DEL VILLARETTO;SNC;45.1244904;7.6869973;Terreno agricolo;ND;Nessuno;Patrimonio indisponibile;Utilizzato direttamente;Attività agricola;;;;1;False
1865106;L219;7;;;16350.0;TERRENO;STRADA NUOVA DEL VILLARETTO;SNC;45.1240187;7.6882277;Terreno agricolo;ND;Nessuno;Patrimonio indisponibile;Utilizzato direttamente;Attività agricola;;;;1;False
1865107;L219;8;;;58270.0;TERRENO;STRADA NUOVA DEL VILLARETTO;SNC;45.1237666;7.6851486;Terreno agricolo;ND;Nessuno;Patrimonio indisponibile;Utilizzato direttamente;Attività agricola;;;;1;False
1865108;L219;1;;;16961.0;TERRENO;STRADA BELLACOMBA;SNC;45.1291306;7.6810358;Terreno agricolo;ND;Nessuno;Patrimonio indisponibile;Utilizzato direttamente;Attività agricola;;;;1;False
1865109;L219;10;;;65.0;TERRENO;STRADA BELLACOMBA;SNC;45.1290577;7.6794718;Pascolo;ND;Nessuno;Patrimonio indisponibile;Utilizzato direttamente;Attività agricola;;;;1;False
1865110;L219;16;;;73101.0;TERRENO;STRADA NUOVA DEL VILLARETTO;SNC;45.1266663;7.6801128;Terreno agricolo;ND;Nessuno;Patrimonio indisponibile;Utilizzato direttamente;Attività agricola;;;;1;False
1865111;L219;17;;;168.0;TERRENO;STRADA NUOVA DEL VILLARETTO;SNC;45.1281499;7.6827426;Terreno boscato o con vegetazione di vario tipo;ND;Nessuno;Patrimonio indisponibile;Utilizzato direttamente;Altro;;;;1;False
1865112;L219;18;;;160.0;TERRENO;STRADA NUOVA DEL VILLARETTO;SNC;45.127952;7.6829079;Terreno boscato o con vegetazione di vario tipo;ND;Nessuno;Patrimonio indisponibile;Utilizzato direttamente;Altro;;;;1;False
1865113;L219;19;;;3230.0;TERRENO;STRADA NUOVA DEL VILLARETTO;SNC;45.1273525;7.6823412;Terreno agricolo;ND;Nessuno;Patrimonio indisponibile;Utilizzato direttamente;Attività agricola;;;;1;False
1865114;L219;20;;;450.0;TERRENO;STRADA NUOVA DEL VILLARETTO;SNC;45.1277101;7.6832003;Terreno boscato o con vegetazione di vario tipo;ND;Nessuno;Patrimonio indisponibile;Utilizzato direttamente;Altro;;;;1;False
1865115;L219;22;;;20710.0;TERRENO;STRADA NUOVA DEL VILLARETTO;SNC;45.1281258;7.684459;Terreno agricolo;ND;Nessuno;Patrimonio indisponibile;Utilizzato direttamente;Attività agricola;;;;1;False
1865116;L219;23;;;6640.0;TERRENO;STRADA NUOVA DEL VILLARETTO;SNC;45.1274578;7.6844628;Terreno agricolo;ND;Nessuno;Patrimonio indisponibile;Utilizzato direttamente;Attività agricola;;;;1;False
1865117;L219;26;;;8350.0;TERRENO;STRADA NUOVA DEL VILLARETTO;SNC;45.1273978;7.6812449;Terreno agricolo;ND;Nessuno;Patrimonio indisponibile;Utilizzato direttamente;Attività agricola;;;;1;False
1865119;L219;27;;;320.0;TERRENO;STRADA NUOVA DEL VILLARETTO;SNC;45.1280625;7.6813957;Terreno agricolo;ND;Nessuno;Patrimonio indisponibile;Utilizzato direttamente;Attività agricola;;;;1;False
1865120;L219;32;;;580.0;TERRENO;STRADA NUOVA DEL VILLARETTO;SNC;45.1277686;7.6782605;Terreno agricolo;ND;Nessuno;Patrimonio indisponibile;Utilizzato direttamente;Attività agricola;;;;1;False
1865121;L219;33;;;995.0;TERRENO;STRADA NUOVA DEL VILLARETTO;SNC;45.1277075;7.6785497;Terreno agricolo;ND;Nessuno;Patrimonio indisponibile;Utilizzato direttamente;Attività agricola;;;;1;False
1865122;L219;34;;;1095.0;TERRENO;STRADA NUOVA DEL VILLARETTO;SNC;45.1276845;7.6788326;Terreno agricolo;ND;Nessuno;Patrimonio indisponibile;Utilizzato direttamente;Attività agricola;;;;1;False
1865123;L219;35;;;3850.0;TERRENO;STRADA NUOVA DEL VILLARETTO;SNC;45.1276178;7.6792498;Terreno agricolo;ND;Nessuno;Patrimonio indisponibile;Utilizzato direttamente;Attività agricola;;;;1;False
1865124;L219;36;;;350.0;TERRENO;STRADA NUOVA DEL VILLARETTO;SNC;45.1284295;7.6854345;Terreno agricolo;ND;Nessuno;Patrimonio indisponibile;Utilizzato direttamente;Attività agricola;;;;1;False
1865125;L219;41;;;34.0;TERRENO;STRADA DEL VILLARETTO;SNC;45.1294468;7.6841414;Terreno agricolo;ND;Nessuno;Patrimonio indisponibile;Utilizzato direttamente;Attività agricola;;;;1;False
1865126;L219;5;;;24760.0;TERRENO;STRADA NUOVA DEL VILLARETTO;SNC;45.1271175;7.6779201;Terreno agricolo;ND;Nessuno;Patrimonio indisponibile;Utilizzato direttamente;Attività agricola;;;;1;False
1865127;L219;1;;;850.0;TERRENO;STRADA NUOVA DEL VILLARETTO;SNC;45.1266952;7.683953;Terreno urbano;ND;Nessuno;Patrimonio indisponibile;Utilizzato direttamente;Attività agricola;;;;1;False
1865128;L219;10;;;550.0;TERRENO;STRADA NUOVA DEL VILLARETTO;SNC;45.12345;7.6818092;Terreno boscato o con vegetazione di vario tipo;ND;Nessuno;Patrimonio indisponibile;Utilizzato direttamente;Altro;;;;1;False
1865129;L219;2;;;81700.0;TERRENO;STRADA NUOVA DEL VILLARETTO;SNC;45.1248522;7.678244;Terreno agricolo;ND;Nessuno;Patrimonio indisponibile;Utilizzato direttamente;Attività agricola;;;;1;False
1865130;L219;3;;;1600.0;TERRENO;STRADA NUOVA DEL VILLARETTO;SNC;45.1247002;7.6844144;Terreno urbano;ND;Nessuno;Patrimonio indisponibile;Utilizzato direttamente;Attività agricola;;;;1;False
1865132;L219;4;;;1530.0;TERRENO;STRADA NUOVA DEL VILLARETTO;SNC;45.123696;7.6784789;Terreno urbano;ND;Nessuno;Patrimonio indisponibile;Utilizzato direttamente;Attività agricola;;;;1;False
1865133;L219;5;;;570.0;TERRENO;STRADA NUOVA DEL VILLARETTO;SNC;45.1236412;7.6771369;Terreno boscato o con vegetazione di vario tipo;ND;Nessuno;Patrimonio indisponibile;Utilizzato direttamente;Altro;;;;1;False
1865134;L219;6;;;320.0;TERRENO;STRADA NUOVA DEL VILLARETTO;SNC;45.1236435;7.6784487;Terreno boscato o con vegetazione di vario tipo;ND;Nessuno;Patrimonio indisponibile;Utilizzato direttamente;Altro;;;;1;False
1865135;L219;7;;;600.0;TERRENO;STRADA NUOVA DEL VILLARETTO;SNC;45.1241643;7.6803473;Terreno boscato o con vegetazione di vario tipo;ND;Nessuno;Patrimonio indisponibile;Utilizzato direttamente;Altro;;;;1;False
1865136;L219;8;;;960.0;TERRENO;STRADA NUOVA DEL VILLARETTO;SNC;45.1263381;7.6852781;Terreno agricolo;ND;Nessuno;Patrimonio indisponibile;Utilizzato direttamente;Attività agricola;;;;1;False
1865137;L219;9;;;87450.0;TERRENO;STRADA NUOVA DEL VILLARETTO;SNC;45.1245833;7.6818808;Terreno agricolo;ND;Nessuno;Patrimonio indisponibile;Utilizzato direttamente;Attività agricola;;;;1;False
1865138;L219;1;;;315.0;TERRENO;STRADA NUOVA DEL VILLARETTO;SNC;45.1234867;7.6746018;Pascolo;ND;Nessuno;Patrimonio indisponibile;Utilizzato direttamente;Attività agricola;;;;1;False
1865139;L219;11;;;250.0;TERRENO;STRADA NUOVA DEL VILLARETTO;SNC;45.1232631;7.6794602;Terreno agricolo;ND;Nessuno;Patrimonio indisponibile;Utilizzato direttamente;Attività agricola;;;;1;False
1865140;L219;12;;;310.0;TERRENO;STRADA NUOVA DEL VILLARETTO;SNC;45.1232659;7.6796499;Terreno agricolo;ND;Nessuno;Patrimonio indisponibile;Utilizzato direttamente;Attività agricola;;;;1;False
1865141;L219;13;;;1058.0;TERRENO;STRADA NUOVA DEL VILLARETTO;SNC;45.1231129;7.6800782;Terreno agricolo;ND;Nessuno;Patrimonio indisponibile;Utilizzato direttamente;Attività agricola;;;;1;False
1865142;L219;16;;;475.0;TERRENO;STRADA NUOVA DEL VILLARETTO;SNC;45.1230922;7.6791878;Terreno agricolo;ND;Nessuno;Patrimonio indisponibile;Utilizzato direttamente;Attività agricola;;;;1;False
1865144;L219;17;;;230.0;TERRENO;STRADA NUOVA DEL VILLARETTO;SNC;45.123096;7.6794232;Terreno agricolo;ND;Nessuno;Patrimonio indisponibile;Utilizzato direttamente;Attività agricola;;;;1;False
1865145;L219;18;;;280.0;TERRENO;STRADA NUOVA DEL VILLARETTO;SNC;45.1230966;7.6796819;Terreno agricolo;ND;Nessuno;Patrimonio indisponibile;Utilizzato direttamente;Attività agricola;;;;1;False
1865146;L219;19;;;238.0;TERRENO;STRADA NUOVA DEL VILLARETTO;SNC;45.122974;7.6790009;Terreno agricolo;ND;Nessuno;Patrimonio indisponibile;Utilizzato direttamente;Attività agricola;;;;1;False
1865147;L219;2;;;10200.0;TERRENO;STRADA NUOVA DEL VILLARETTO;SNC;45.1233501;7.6753783;Terreno agricolo;ND;Nessuno;Patrimonio indisponibile;Utilizzato direttamente;Attività agricola;;;;1;False
1865148;L219;20;;;122.0;TERRENO;STRADA NUOVA DEL VILLARETTO;SNC;45.1230049;7.6795016;Terreno agricolo;ND;Nessuno;Patrimonio indisponibile;Utilizzato direttamente;Attività agricola;;;;1;False
1865149;L219;21;;;2280.0;TERRENO;STRADA NUOVA DEL VILLARETTO;SNC;45.1226234;7.6777827;Terreno agricolo;ND;Nessuno;Patrimonio indisponibile;Utilizzato direttamente;Attività agricola;;;;1;False
1865150;L219;22;;;910.0;TERRENO;STRADA NUOVA DEL VILLARETTO;SNC;45.1224632;7.6781382;Terreno agricolo;ND;Nessuno;Patrimonio indisponibile;Utilizzato direttamente;Attività agricola;;;;1;False
1865151;L219;23;;;5480.0;TERRENO;STRADA NUOVA DEL VILLARETTO;SNC;45.1223241;7.6787021;Terreno agricolo;ND;Nessuno;Patrimonio indisponibile;Utilizzato direttamente;Attività agricola;;;;1;False
1865152;L219;24;;;816.0;TERRENO;STRADA NUOVA DEL VILLARETTO;SNC;45.1222696;7.6793201;Terreno agricolo;ND;Nessuno;Patrimonio indisponibile;Utilizzato direttamente;Attività agricola;;;;1;False
1865153;L219;25;;;5155.0;TERRENO;STRADA NUOVA DEL VILLARETTO;SNC;45.1226575;7.6799902;Terreno agricolo;ND;Nessuno;Patrimonio indisponibile;Utilizzato direttamente;Attività agricola;;;;1;False
1865154;L219;26;;;810.0;TERRENO;STRADA NUOVA DEL VILLARETTO;SNC;45.122514;7.680548;Terreno agricolo;ND;Nessuno;Patrimonio indisponibile;Utilizzato direttamente;Attività agricola;;;;1;False
1865156;L219;27;;;5500.0;TERRENO;STRADA NUOVA DEL VILLARETTO;SNC;45.1227833;7.6808256;Terreno boscato o con vegetazione di vario tipo;ND;Nessuno;Patrimonio indisponibile;Utilizzato direttamente;Altro;;;;1;False
1865157;L219;28;;;3720.0;TERRENO;STRADA NUOVA DEL VILLARETTO;SNC;45.1224002;7.6750507;Terreno agricolo;ND;Nessuno;Patrimonio indisponibile;Utilizzato direttamente;Attività agricola;;;;1;False
1865158;L219;29;;;1040.0;TERRENO;STRADA NUOVA DEL VILLARETTO;SNC;45.1223839;7.6763496;Pascolo;ND;Nessuno;Patrimonio indisponibile;Utilizzato direttamente;Attività agricola;;;;1;False
1865159;L219;3;;;8420.0;TERRENO;STRADA NUOVA DEL VILLARETTO;SNC;45.122982;7.6768834;Terreno agricolo;ND;Nessuno;Patrimonio indisponibile;Utilizzato direttamente;Attività agricola;;;;1;False
1865160;L219;30;;;6830.0;TERRENO;STRADA NUOVA DEL VILLARETTO;SNC;45.1221362;7.6746566;Pascolo;ND;Nessuno;Patrimonio indisponibile;Utilizzato direttamente;Attività agricola;;;;1;False
1865161;L219;31;;;2740.0;TERRENO;STRADA NUOVA DEL VILLARETTO;SNC;45.1221689;7.6756267;Pascolo;ND;Nessuno;Patrimonio indisponibile;Utilizzato direttamente;Attività agricola;;;;1;False
1865162;L219;32;;;710.0;TERRENO;STRADA NUOVA DEL VILLARETTO;SNC;45.1220999;7.6774964;Terreno boscato o con vegetazione di vario tipo;ND;Nessuno;Patrimonio indisponibile;Utilizzato direttamente;Altro;;;;1;False
1865163;L219;33;;;2130.0;TERRENO;STRADA NUOVA DEL VILLARETTO;SNC;45.1218689;7.6784888;Terreno boscato o con vegetazione di vario tipo;ND;Nessuno;Patrimonio indisponibile;Utilizzato direttamente;Altro;;;;1;False
1865164;L219;34;;;220.0;TERRENO;STRADA NUOVA DEL VILLARETTO;SNC;45.1219098;7.6794925;Terreno boscato o con vegetazione di vario tipo;ND;Nessuno;Patrimonio indisponibile;Utilizzato direttamente;Altro;;;;1;False
1865165;L219;35;;;9920.0;TERRENO;STRADA NUOVA DEL VILLARETTO;SNC;45.1217762;7.6760501;Terreno agricolo;ND;Nessuno;Patrimonio indisponibile;Utilizzato direttamente;Attività agricola;;;;1;False
1865166;L219;36;;;3040.0;TERRENO;STRADA NUOVA DEL VILLARETTO;SNC;45.1216568;7.6765746;Terreno agricolo;ND;Nessuno;Patrimonio indisponibile;Utilizzato direttamente;Attività agricola;;;;1;False
1865167;L219;37;;;15980.0;TERRENO;STRADA NUOVA DEL VILLARETTO;SNC;45.1214507;7.6773199;Pascolo;ND;Nessuno;Patrimonio indisponibile;Utilizzato direttamente;Attività agricola;;;;1;False
1865168;L219;38;;;1630.0;TERRENO;STRADA NUOVA DEL VILLARETTO;SNC;45.1216525;7.6791842;Pascolo;ND;Nessuno;Patrimonio indisponibile;Utilizzato direttamente;Attività agricola;;;;1;False
1865170;L219;39;;;2830.0;TERRENO;STRADA NUOVA DEL VILLARETTO;SNC;45.1216615;7.6796012;Pascolo;ND;Nessuno;Patrimonio indisponibile;Utilizzato direttamente;Attività agricola;;;;1;False
1865171;L219;4;;;2220.0;TERRENO;STRADA NUOVA DEL VILLARETTO;SNC;45.1234483;7.6782926;Terreno agricolo;ND;Nessuno;Patrimonio indisponibile;Utilizzato direttamente;Attività agricola;;;;1;False
1865172;L219;40;;;5780.0;TERRENO;STRADA NUOVA DEL VILLARETTO;SNC;45.1212397;7.6755663;Pascolo;ND;Nessuno;Patrimonio indisponibile;Utilizzato direttamente;Attività agricola;;;;1;False
1865173;L219;41;;;15060.0;TERRENO;STRADA NUOVA DEL VILLARETTO;SNC;45.1211565;7.6786673;Pascolo;ND;Nessuno;Patrimonio indisponibile;Utilizzato direttamente;Attività agricola;;;;1;False
1865174;L219;43;;;20100.0;TERRENO;STRADA NUOVA DEL VILLARETTO;SNC;45.1202102;7.6774393;Pascolo;ND;Nessuno;Patrimonio indisponibile;Utilizzato direttamente;Attività agricola;;;;1;False
1865175;L219;44;;;12360.0;TERRENO;STRADA NUOVA DEL VILLARETTO;SNC;45.1199951;7.6788968;Pascolo;ND;Nessuno;Patrimonio indisponibile;Utilizzato direttamente;Attività agricola;;;;1;False
1865176;L219;45;;;1490.0;TERRENO;STRADA NUOVA DEL VILLARETTO;SNC;45.1219712;7.6779413;Terreno boscato o con vegetazione di vario tipo;ND;Nessuno;Patrimonio indisponibile;Utilizzato direttamente;Altro;;;;1;False
1865177;L219;46;;;6500.0;TERRENO;STRADA NUOVA DEL VILLARETTO;SNC;45.1229597;7.6752408;Terreno agricolo;ND;Nessuno;Patrimonio indisponibile;Utilizzato direttamente;Attività agricola;;;;1;False
1865178;L219;47;;;6800.0;TERRENO;STRADA NUOVA DEL VILLARETTO;SNC;45.1226916;7.6768404;Terreno agricolo;ND;Nessuno;Patrimonio indisponibile;Utilizzato direttamente;Attività agricola;;;;1;False
1865179;L219;48;;;370.0;TERRENO;STRADA NUOVA DEL VILLARETTO;SNC;45.1228121;7.6781301;Terreno agricolo;ND;Nessuno;Patrimonio indisponibile;Utilizzato direttamente;Attività agricola;;;;1;False
1865180;L219;49;;;2960.0;TERRENO;STRADA NUOVA DEL VILLARETTO;SNC;45.1227492;7.6787857;Terreno agricolo;ND;Nessuno;Patrimonio indisponibile;Utilizzato direttamente;Attività agricola;;;;1;False
1865182;L219;51;;;554.0;TERRENO;STRADA NUOVA DEL VILLARETTO;SNC;45.1227466;7.679309;Terreno agricolo;ND;Nessuno;Patrimonio indisponibile;Utilizzato direttamente;Attività agricola;;;;1;False
1865183;L219;52;;;4625.0;TERRENO;STRADA NUOVA DEL VILLARETTO;SNC;45.1221751;7.6799141;Terreno agricolo;ND;Nessuno;Patrimonio indisponibile;Utilizzato direttamente;Attività agricola;;;;1;False
1865184;L219;53;;;480.0;TERRENO;STRADA NUOVA DEL VILLARETTO;SNC;45.1221251;7.6805383;Terreno agricolo;ND;Nessuno;Patrimonio indisponibile;Utilizzato direttamente;Attività agricola;;;;1;False
1865185;L219;54;;;1165.0;TERRENO;STRADA NUOVA DEL VILLARETTO;SNC;45.1221065;7.6808253;Terreno agricolo;ND;Nessuno;Patrimonio indisponibile;Utilizzato direttamente;Attività agricola;;;;1;False
1865186;L219;55;;;205.0;TERRENO;STRADA NUOVA DEL VILLARETTO;SNC;45.1231557;7.6744954;Terreno agricolo;ND;Nessuno;Patrimonio indisponibile;Utilizzato direttamente;Attività agricola;;;;1;False
1865187;L219;56;;;4.0;TERRENO;STRADA NUOVA DEL VILLARETTO;SNC;45.1229874;7.6793958;Terreno agricolo;ND;Nessuno;Patrimonio indisponibile;Utilizzato direttamente;Attività agricola;;;;1;False
1865188;L219;57;;;145.0;TERRENO;STRADA NUOVA DEL VILLARETTO;SNC;45.1230817;7.6789918;Terreno agricolo;ND;Nessuno;Patrimonio indisponibile;Utilizzato direttamente;Attività agricola;;;;1;False
1865189;L219;58;;;82.0;TERRENO;STRADA NUOVA DEL VILLARETTO;SNC;45.1229975;7.6792778;Terreno agricolo;ND;Nessuno;Patrimonio indisponibile;Utilizzato direttamente;Attività agricola;;;;1;False
1865190;L219;59;;;3190.0;TERRENO;STRADA NUOVA DEL VILLARETTO;SNC;45.1231118;7.6782849;Terreno agricolo;ND;Nessuno;Patrimonio indisponibile;Utilizzato direttamente;Attività agricola;;;;1;False
1865191;L219;6;;;190.0;TERRENO;STRADA NUOVA DEL VILLARETTO;SNC;45.1234542;7.679272;Terreno agricolo;ND;Nessuno;Patrimonio indisponibile;Utilizzato direttamente;Attività agricola;;;;1;False
1865192;L219;64;;;745.0;TERRENO;STRADA NUOVA DEL VILLARETTO;SNC;45.1233689;7.6804951;Terreno boscato o con vegetazione di vario tipo;ND;Nessuno;Patrimonio indisponibile;Utilizzato direttamente;Altro;;;;1;False
1865193;L219;8;;;440.0;TERRENO;STRADA NUOVA DEL VILLARETTO;SNC;45.1234193;7.6794547;Terreno agricolo;ND;Nessuno;Patrimonio indisponibile;Utilizzato direttamente;Attività agricola;;;;1;False
1865194;L219;9;;;570.0;TERRENO;STRADA NUOVA DEL VILLARETTO;SNC;45.1234174;7.6796547;Terreno agricolo;ND;Nessuno;Patrimonio indisponibile;Utilizzato direttamente;Attività agricola;;;;1;False
1865195;L219;1;;;640.0;TERRENO;STRADA NUOVA DEL VILLARETTO;SNC;45.12449045;7.67255606;Pascolo;ND;Nessuno;Patrimonio indisponibile;Utilizzato direttamente;Attività agricola;;;;1;False
1865196;L219;2;;;1196.0;TERRENO;STRADA NUOVA DEL VILLARETTO;SNC;45.12395074;7.67238773;Terreno agricolo;ND;Nessuno;Patrimonio indisponibile;Utilizzato direttamente;Attività agricola;;;;1;False
1865197;L219;23;;;8270.0;TERRENO;STRADA NUOVA DEL VILLARETTO;SNC;45.12336558;7.67328456;Terreno agricolo;ND;Nessuno;Patrimonio indisponibile;Utilizzato direttamente;Attività agricola;;;;1;False
1865199;L219;3;;;15560.0;TERRENO;STRADA NUOVA DEL VILLARETTO;SNC;45.12375079;7.67343735;Terreno agricolo;ND;Nessuno;Patrimonio indisponibile;Utilizzato direttamente;Attività agricola;;;;1;False
1865200;L219;4;;;300.0;TERRENO;STRADA NUOVA DEL VILLARETTO;SNC;45.12345609;7.67453092;Pascolo;ND;Nessuno;Patrimonio indisponibile;Utilizzato direttamente;Attività agricola;;;;1;False
1865202;L219;59;;;3225.0;TERRENO;CORSO MORTARA;SNC;45.0905016;7.6698516;Pascolo;ND;Nessuno;Patrimonio indisponibile;Utilizzato direttamente;Attività agricola;;;;1;False
1865203;L219;5;;;849.0;TERRENO;STRADA NUOVA DEL VILLARETTO;SNC;45.12327044;7.67254323;Pascolo;ND;Nessuno;Patrimonio indisponibile;Utilizzato direttamente;Attività agricola;;;;1;False
1865204;L219;6;;;1510.0;TERRENO;STRADA NUOVA DEL VILLARETTO;SNC;45.12310156;7.67251178;Terreno agricolo;ND;Nessuno;Patrimonio indisponibile;Utilizzato direttamente;Attività agricola;;;;1;False
1865205;L219;AP;;;21552.0;TERRENO;VIA VAL DELLA TORRE;SNC;45.09573;7.65224;Terreno agricolo;ND;Nessuno;Demanio;Utilizzato direttamente;Attività agricola;;;;1;False
1865206;L219;7;;;820.0;TERRENO;STRADA NUOVA DEL VILLARETTO;SNC;45.12294558;7.67247446;Pascolo;ND;Nessuno;Patrimonio indisponibile;Utilizzato direttamente;Attività agricola;;;;1;False
1865207;L219;8;;;1050.0;TERRENO;STRADA NUOVA DEL VILLARETTO;SNC;45.12292521;7.67315274;Terreno agricolo;ND;Nessuno;Patrimonio indisponibile;Utilizzato direttamente;Attività agricola;;;;1;False
1865208;L219;9;;;4600.0;TERRENO;STRADA NUOVA DEL VILLARETTO;SNC;45.12272639;7.67371026;Pascolo;ND;Nessuno;Patrimonio indisponibile;Utilizzato direttamente;Attività agricola;;;;1;False
1865209;L219;66;;;470.0;TERRENO;CORSO SVIZZERA;SNC;45.0874382;7.6651685;Terreno agricolo;ND;Nessuno;Patrimonio indisponibile;Utilizzato direttamente;Attività agricola;;;;1;False
1865210;L219;79;;;2389.0;TERRENO;CORSO SVIZZERA;SNC;45.0896662;7.6610496;Pascolo;ND;Nessuno;Patrimonio indisponibile;Utilizzato direttamente;Attività agricola;;;;1;False
1865211;L219;84;;;13849.0;TERRENO;CORSO SVIZZERA;SNC;45.0881167;7.6639871;Terreno boscato o con vegetazione di vario tipo;ND;Nessuno;Patrimonio indisponibile;Utilizzato direttamente;Altro;;;;1;False
1865212;L219;24;;;5390.0;TERRENO;STRADA DELL'AEROPORTO;SNC;45.1249712;7.6664988;Terreno agricolo;ND;Nessuno;Patrimonio indisponibile;Utilizzato direttamente;Attività agricola;;;;1;False
1865213;L219;25;;;6930.0;TERRENO;STRADA DELL'AEROPORTO;SNC;45.1250617;7.6605155;Terreno agricolo;ND;Nessuno;Patrimonio indisponibile;;Non Dichiarato;in locazione;2566.0;11/11/2019;1;False
1865214;L219;26;;;930.0;TERRENO;STRADA DELL'AEROPORTO;SNC;45.1251256;7.6609646;Terreno boscato o con vegetazione di vario tipo;ND;Nessuno;Patrimonio indisponibile;;Non Dichiarato;in locazione;2566.0;11/11/2019;1;False
1865216;L219;45;;;4123.0;TERRENO;STRADA DELL'AEROPORTO;SNC;45.1242277;7.6622964;Terreno agricolo;ND;Nessuno;Patrimonio indisponibile;;Non Dichiarato;in locazione;4227.0;11/11/2022;1;False
1865217;L219;48;;;310.0;TERRENO;STRADA DELL'AEROPORTO;SNC;45.1252183;7.6622777;Terreno agricolo;ND;Nessuno;Patrimonio indisponibile;;Non Dichiarato;in locazione;2566.0;11/11/2019;1;False
1865218;L219;1;;;560.0;TERRENO;STRADA SANTA MARGHERITA;SNC;45.1271236;7.6580078;Pascolo;ND;Nessuno;Patrimonio indisponibile;Utilizzato direttamente;Attività agricola;;;;1;False
1865219;L219;12;;;290.0;TERRENO;STRADA LANZO;SNC;45.1261391;7.6599244;Terreno boscato o con vegetazione di vario tipo;ND;Nessuno;Patrimonio indisponibile;Utilizzato direttamente;Altro;;;;1;False
1865220;L219;13;;;2490.0;TERRENO;STRADA LANZO;SNC;45.1257475;7.6599173;Terreno agricolo;ND;Nessuno;Patrimonio indisponibile;Utilizzato direttamente;Attività agricola;;;;1;False
1865221;L219;14;;;3943.0;TERRENO;VIA STAMPINI ETTORE;SNC;45.1247643;7.6564057;Terreno agricolo;ND;Nessuno;Patrimonio indisponibile;Utilizzato direttamente;Attività agricola;;;;1;False
1865222;L219;15;;;6685.0;TERRENO;STRADA LANZO;SNC;45.1249217;7.6589918;Terreno agricolo;ND;Nessuno;Patrimonio indisponibile;Utilizzato direttamente;Attività agricola;;;;1;False
1865223;L219;16;;;390.0;TERRENO;VIA STAMPINI ETTORE;SNC;45.1240471;7.6560039;Pascolo;ND;Nessuno;Patrimonio indisponibile;Utilizzato direttamente;Attività agricola;;;;1;False
1865224;L219;17;;;35356.0;TERRENO;VIA STAMPINI ETTORE;SNC;45.1240105;7.6573854;Terreno agricolo;ND;Nessuno;Patrimonio indisponibile;Utilizzato direttamente;Attività agricola;;;;1;False
1865225;L219;18;;;1080.0;TERRENO;VIA STAMPINI ETTORE;SNC;45.1244201;7.6584833;Terreno boscato o con vegetazione di vario tipo;ND;Nessuno;Patrimonio indisponibile;Utilizzato direttamente;Altro;;;;1;False
1865228;L219;405;;;68.0;TERRENO;CORSO POTENZA;SNC;45.0927576;7.654712;Terreno urbano;ND;Nessuno;Patrimonio indisponibile;;Non Dichiarato;in concessione a titolo oneroso;191.0;01/02/2022;1;False
1865229;L219;21;;;700.0;TERRENO;VIA STAMPINI ETTORE;SNC;45.1236452;7.6592384;Terreno boscato o con vegetazione di vario tipo;ND;Nessuno;Patrimonio indisponibile;Utilizzato direttamente;Altro;;;;1;False
1865230;L219;432;;;576.0;TERRENO;CORSO POTENZA;SNC;45.092;7.6556688;Terreno agricolo;ND;Nessuno;Patrimonio indisponibile;Utilizzato direttamente;Attività agricola;;;;1;False
1865231;L219;22;;;6760.0;TERRENO;VIA STAMPINI ETTORE;SNC;45.1233263;7.6565932;Pascolo;ND;Nessuno;Patrimonio indisponibile;Utilizzato direttamente;Attività agricola;;;;1;False
1865232;L219;433;;;923.0;TERRENO;CORSO POTENZA;SNC;45.0922271;7.6555384;Terreno agricolo;ND;Nessuno;Patrimonio indisponibile;Utilizzato direttamente;Attività agricola;;;;1;False
1865233;L219;3;;;5550.0;TERRENO;STRADA SANTA MARGHERITA;SNC;45.1268382;7.6577579;Terreno agricolo;ND;Nessuno;Patrimonio indisponibile;Utilizzato direttamente;Attività agricola;;;;1;False
1865234;L219;434;;;21.0;TERRENO;CORSO POTENZA;SNC;45.0924401;7.6554286;Terreno agricolo;ND;Nessuno;Patrimonio indisponibile;Utilizzato direttamente;Attività agricola;;;;1;False
1865235;L219;5;;;7576.0;TERRENO;STRADA SANTA MARGHERITA;SNC;45.1264178;7.657046;Terreno agricolo;ND;Nessuno;Patrimonio indisponibile;Utilizzato direttamente;Attività agricola;;;;1;False
1865236;L219;525;;;733.0;TERRENO;CORSO POTENZA;SNC;45.09304062;7.65294997;Terreno agricolo;ND;Nessuno;Patrimonio indisponibile;Utilizzato direttamente;Attività agricola;;;;1;False
1865237;L219;78;;;200.0;TERRENO;VIA NOLE;SNC;45.0922568;7.6543567;Terreno agricolo;ND;Nessuno;Patrimonio disponibile;Utilizzato direttamente;Attività agricola;;;;1;False
1865238;L219;55;;;4050.0;TERRENO;STRADA LANZO;SNC;45.124861;7.6559561;Terreno agricolo;ND;Nessuno;Patrimonio indisponibile;Utilizzato direttamente;Attività agricola;;;;1;False
1865240;L219;89;;;80.0;TERRENO;VIA NOLE;SNC;45.0919835;7.6542038;Terreno agricolo;ND;Nessuno;Patrimonio disponibile;Utilizzato direttamente;Attività agricola;;;;1;False
1865241;L219;56;;;95.0;TERRENO;STRADA LANZO;SNC;45.1255117;7.6551826;Pascolo;ND;Nessuno;Patrimonio indisponibile;Utilizzato direttamente;Attività agricola;;;;1;False
1865242;L219;114;;;565.0;TERRENO;STRADA DELLE GHIACCIAIE;SNC;45.0875921;7.6558505;Terreno boscato o con vegetazione di vario tipo;ND;Nessuno;Patrimonio indisponibile;Utilizzato direttamente;Altro;;;;1;False
1865243;L219;61;;;68.0;TERRENO;STRADA SANTA MARGHERITA;SNC;45.1256783;7.6576488;Terreno boscato o con vegetazione di vario tipo;ND;Nessuno;Patrimonio indisponibile;Utilizzato direttamente;Altro;;;;1;False
1865244;L219;71;;;314.0;TERRENO;STRADA DELL'AEROPORTO;SNC;45.1269666;7.6584388;Pascolo;ND;Nessuno;Patrimonio indisponibile;Utilizzato direttamente;Attività agricola;;;;1;False
1865245;L219;72;;;550.0;TERRENO;STRADA DELL'AEROPORTO;SNC;45.1267673;7.6588012;Pascolo;ND;Nessuno;Patrimonio indisponibile;Utilizzato direttamente;Attività agricola;;;;1;False
1865246;L219;74;;;252.0;TERRENO;CORSO REGINA MARGHERITA;SNC;45.0876452;7.6523988;Terreno agricolo;ND;Nessuno;Patrimonio disponibile;;Non Dichiarato;in locazione;1222.0;01/06/2017;1;False
1865247;L219;73;;;1300.0;TERRENO;STRADA DELL'AEROPORTO;SNC;45.1267072;7.6584464;Terreno boscato o con vegetazione di vario tipo;ND;Nessuno;Patrimonio indisponibile;Utilizzato direttamente;Altro;;;;1;False
1865248;L219;AP;;;4428.0;TERRENO;STRADA DELLA PELLERINA;SNC;45.08813;7.62314;Terreno urbano;ND;Nessuno;Demanio;Utilizzato direttamente;Altro;;;;1;False
1865249;L219;74;;;186.0;TERRENO;STRADA DELL'AEROPORTO;SNC;45.1266667;7.6587138;Terreno agricolo;ND;Nessuno;Patrimonio indisponibile;Utilizzato direttamente;Attività agricola;;;;1;False
1865251;L219;252;;;1372.0;TERRENO;STRADA LANZO;SNC;45.1188218;7.6559849;Terreno urbano;ND;Nessuno;Patrimonio indisponibile;Utilizzato direttamente;Altro;;;;1;False
1865253;L219;56;;;2724.0;TERRENO;STRADA DEL BRAMAFAME;SNC;45.1183964;7.6599975;Terreno boscato o con vegetazione di vario tipo;ND;Nessuno;Patrimonio indisponibile;Utilizzato direttamente;Altro;;;;1;False
1865254;L219;1;;;17390.0;TERRENO;STRADA BELLACOMBA;SNC;45.1238312;7.6638965;Terreno agricolo;ND;Nessuno;Patrimonio indisponibile;Utilizzato direttamente;Attività agricola;;;;1;False
1865256;L219;12;;;2170.0;TERRENO;STRADA BELLACOMBA;SNC;45.1229681;7.6627361;Terreno agricolo;ND;Nessuno;Patrimonio indisponibile;Utilizzato direttamente;Attività agricola;;;;1;False
1865257;L219;13;;;3200.0;TERRENO;STRADA BELLACOMBA;SNC;45.1229546;7.6630553;Terreno agricolo;ND;Nessuno;Patrimonio indisponibile;Utilizzato direttamente;Attività agricola;;;;1;False
1865258;L219;14;;;3210.0;TERRENO;STRADA BELLACOMBA;SNC;45.1228702;7.6634962;Terreno agricolo;ND;Nessuno;Patrimonio indisponibile;Utilizzato direttamente;Attività agricola;;;;1;False
1865259;L219;15;;;10370.0;TERRENO;STRADA BELLACOMBA;SNC;45.1239844;7.6669763;Terreno agricolo;ND;Nessuno;Patrimonio indisponibile;Utilizzato direttamente;Attività agricola;;;;1;False
1865260;L219;16;;;11280.0;TERRENO;STRADA BELLACOMBA;SNC;45.123648;7.6660212;Terreno agricolo;ND;Nessuno;Patrimonio indisponibile;;Non Dichiarato;in locazione;4227.0;11/11/2022;1;False
1865261;L219;146;;;11818.0;TERRENO;CORSO POTENZA;SNC;45.0892944;7.6480976;Terreno agricolo;ND;Nessuno;Patrimonio indisponibile;Utilizzato direttamente;Attività agricola;;;;1;False
1865262;L219;17;;;840.0;TERRENO;STRADA BELLACOMBA;SNC;45.1232284;7.6667946;Terreno boscato o con vegetazione di vario tipo;ND;Nessuno;Patrimonio indisponibile;;Non Dichiarato;in locazione;4227.0;11/11/2022;1;False
1865263;L219;14;;;16360.0;TERRENO;CORSO D'AZEGLIO MASSIMO;SNC;45.0476811;7.6841279;Terreno agricolo;ND;Nessuno;Patrimonio indisponibile;Utilizzato direttamente;Attività agricola;;;;1;False
1865264;L219;2;;;1030.0;TERRENO;STRADA BELLACOMBA;SNC;45.1237435;7.6649257;Terreno agricolo;ND;Nessuno;Patrimonio indisponibile;Utilizzato direttamente;Attività agricola;;;;1;False
1865265;L219;15;;;6450.0;TERRENO;CORSO D'AZEGLIO MASSIMO;SNC;45.0479936;7.68482;Terreno agricolo;ND;Nessuno;Patrimonio indisponibile;Utilizzato direttamente;Attività agricola;;;;1;False
1865266;L219;14;;;1682.0;TERRENO;STRADA DELLA CAMPAGNA;SNC;45.1150232;7.6627292;Terreno agricolo;ND;Nessuno;Patrimonio indisponibile;Utilizzato direttamente;Attività agricola;;;;1;False
1865267;L219;11;;;188.0;TERRENO;STRADA NUOVA DEL VILLARETTO;SNC;45.1205106;7.6847401;Pascolo;ND;Nessuno;Patrimonio indisponibile;Utilizzato direttamente;Attività agricola;;;;1;False
1865268;L219;112;;;430.0;TERRENO;STRADA BASSE DI STURA;SNC;45.1177591;7.692394;Pascolo;ND;Nessuno;Patrimonio indisponibile;Utilizzato direttamente;Attività agricola;;;;1;False
1865269;L219;116;;;12065.0;TERRENO;STRADA NUOVA DEL VILLARETTO;SNC;45.1202249;7.686689;Pascolo;ND;Nessuno;Patrimonio indisponibile;Utilizzato direttamente;Attività agricola;;;;1;False
1865270;L219;121;;;15131.0;TERRENO;STRADA NUOVA DEL VILLARETTO;SNC;45.1215089;7.6833181;Terreno agricolo;ND;Nessuno;Patrimonio indisponibile;Utilizzato direttamente;Attività agricola;;;;1;False
1865271;L219;123;;;11818.0;TERRENO;STRADA NUOVA DEL VILLARETTO;SNC;45.1210507;7.6864248;Terreno agricolo;ND;Nessuno;Patrimonio indisponibile;Utilizzato direttamente;Attività agricola;;;;1;False
1865272;L219;125;;;2157.0;TERRENO;RACCORDO AUTOSTRADA TORINO - AEROPORTO DI CASELLE;SNC;45.1176759;7.6960348;Terreno agricolo;ND;Nessuno;Patrimonio indisponibile;;Non Dichiarato;in locazione;4500.0;11/11/2022;1;False
1865273;L219;128;;;422.0;TERRENO;RACCORDO AUTOSTRADA TORINO - AEROPORTO DI CASELLE;SNC;45.1196208;7.6955163;Terreno agricolo;ND;Nessuno;Patrimonio indisponibile;;Non Dichiarato;in locazione;4500.0;11/11/2022;1;False
1865275;L219;13;;;41231.0;TERRENO;STRADA COMUNALE DEL VILLARETTO;SNC;45.1200709;7.6823337;Pascolo;ND;Nessuno;Patrimonio indisponibile;Utilizzato direttamente;Attività agricola;;;;1;False
1865276;L219;130;;;3300.0;TERRENO;RACCORDO AUTOSTRADA TORINO - AEROPORTO DI CASELLE;SNC;45.1194766;7.6964157;Terreno agricolo;ND;Nessuno;Patrimonio indisponibile;;Non Dichiarato;in locazione;4500.0;11/11/2022;1;False
1865277;L219;132;;;22086.0;TERRENO;RACCORDO AUTOSTRADA TORINO - AEROPORTO DI CASELLE;SNC;45.1216019;7.696417;Terreno agricolo;ND;Nessuno;Patrimonio indisponibile;;Non Dichiarato;in locazione;4500.0;11/11/2022;1;False
1865278;L219;148;;;1827.0;TERRENO;CORSO POTENZA;SNC;45.0899737;7.648863;Terreno agricolo;ND;Nessuno;Patrimonio indisponibile;Utilizzato direttamente;Attività agricola;;;;1;False
1865279;L219;135;;;105.0;TERRENO;STRADA DEL VILLARETTO;SNC;45.1230581;7.6948341;Terreno agricolo;ND;Nessuno;Patrimonio indisponibile;Utilizzato direttamente;Attività agricola;;;;1;False
1865280;L219;15;;;380.0;TERRENO;CORSO APPIO CLAUDIO;SNC;45.088781;7.6450876;Terreno agricolo;ND;Nessuno;Patrimonio indisponibile;Utilizzato direttamente;Attività agricola;;;;1;False
1865281;L219;14;;;860.0;TERRENO;STRADA NUOVA DEL VILLARETTO;SNC;45.1202885;7.6853421;Pascolo;ND;Nessuno;Patrimonio indisponibile;Utilizzato direttamente;Attività agricola;;;;1;False
1865282;L219;15;;;8200.0;TERRENO;STRADA NUOVA DEL VILLARETTO;SNC;45.1198938;7.6855214;Pascolo;ND;Nessuno;Patrimonio indisponibile;Utilizzato direttamente;Attività agricola;;;;1;False
1865283;L219;2;;;3480.0;TERRENO;STRADA NUOVA DEL VILLARETTO;SNC;45.1216339;7.681227;Terreno boscato o con vegetazione di vario tipo;ND;Nessuno;Patrimonio indisponibile;Utilizzato direttamente;Altro;;;;1;False
1865284;L219;3;;;8770.0;TERRENO;STRADA NUOVA DEL VILLARETTO;SNC;45.1218684;7.6856218;Terreno agricolo;ND;Nessuno;Patrimonio indisponibile;Utilizzato direttamente;Attività agricola;;;;1;False
1865285;L219;50;;;19450.0;TERRENO;RACCORDO AUTOSTRADA TORINO - AEROPORTO DI CASELLE;SNC;45.1186486;7.6966257;Terreno agricolo;ND;Nessuno;Patrimonio indisponibile;;Non Dichiarato;in locazione;4500.0;11/11/2022;1;False
1865286;L219;54;;;19340.0;TERRENO;RACCORDO AUTOSTRADA TORINO - AEROPORTO DI CASELLE;SNC;45.1179335;7.6969848;Terreno agricolo;ND;Nessuno;Patrimonio indisponibile;;Non Dichiarato;in locazione;4500.0;11/11/2022;1;False
1865287;L219;80;;;11440.0;TERRENO;STRADA NUOVA DEL VILLARETTO;SNC;45.1235139;7.6808609;Terreno agricolo;ND;Nessuno;Patrimonio indisponibile;Utilizzato direttamente;Attività agricola;;;;1;False
1865288;L219;81;;;400.0;TERRENO;STRADA NUOVA DEL VILLARETTO;SNC;45.1230312;7.6833443;Terreno agricolo;ND;Nessuno;Patrimonio indisponibile;Utilizzato direttamente;Attività agricola;;;;1;False
1865289;L219;82;;;12580.0;TERRENO;STRADA NUOVA DEL VILLARETTO;SNC;45.1223418;7.6836266;Terreno agricolo;ND;Nessuno;Patrimonio indisponibile;Utilizzato direttamente;Attività agricola;;;;1;False
1865290;L219;84;;;76.0;TERRENO;STRADA NUOVA DEL VILLARETTO;SNC;45.1218899;7.6844676;Terreno agricolo;ND;Nessuno;Patrimonio indisponibile;Utilizzato direttamente;Attività agricola;;;;1;False
1865291;L219;85;;;4350.0;TERRENO;STRADA NUOVA DEL VILLARETTO;SNC;45.1219225;7.6815014;Terreno agricolo;ND;Nessuno;Patrimonio indisponibile;Utilizzato direttamente;Attività agricola;;;;1;False
1865292;L219;98;;;3.0;TERRENO;STRADA BASSE DI STURA;SNC;45.1175165;7.69231;Pascolo;ND;Nessuno;Patrimonio indisponibile;Utilizzato direttamente;Attività agricola;;;;1;False
1865293;L219;140;;;3920.0;TERRENO;STRADA CUORGNE';SNC;45.1195289;7.7039462;Terreno agricolo;ND;Nessuno;Patrimonio indisponibile;Utilizzato direttamente;Attività agricola;;;;1;False
1865295;L219;150;;;768.0;TERRENO;CORSO POTENZA;SNC;45.0902167;7.6489881;Terreno agricolo;ND;Nessuno;Patrimonio indisponibile;Utilizzato direttamente;Attività agricola;;;;1;False
1865296;L219;141;;;4100.0;TERRENO;STRADA CUORGNE';SNC;45.1192029;7.6962785;Terreno agricolo;ND;Nessuno;Patrimonio indisponibile;;Non Dichiarato;in locazione;4500.0;11/11/2022;1;False
1865297;L219;142;;;20740.0;TERRENO;STRADA CUORGNE';SNC;45.1191818;7.6983834;Terreno agricolo;ND;Nessuno;Patrimonio indisponibile;;Non Dichiarato;in locazione;4500.0;11/11/2022;1;False
1865298;L219;151;;;1810.0;TERRENO;STRADA CUORGNE';SNC;45.1185644;7.6982679;Terreno boscato o con vegetazione di vario tipo;ND;Nessuno;Patrimonio indisponibile;;Non Dichiarato;in locazione;4500.0;11/11/2022;1;False
1865299;L219;157;;;995.0;TERRENO;STRADA CUORGNE';SNC;45.1178803;7.6998496;Terreno boscato o con vegetazione di vario tipo;ND;Nessuno;Patrimonio indisponibile;;Non Dichiarato;in locazione;4500.0;11/11/2022;1;False
1865301;L219;154;;;274.0;TERRENO;CORSO POTENZA;SNC;45.0911;7.65406;Terreno agricolo;ND;Nessuno;Patrimonio indisponibile;Utilizzato direttamente;Attività agricola;;;;1;False
1865302;L219;165;;;30959.0;TERRENO;CORSO APPIO CLAUDIO;SNC;45.0862535;7.6496561;Terreno agricolo;ND;Nessuno;Patrimonio indisponibile;Utilizzato direttamente;Attività agricola;;;;1;False
1865304;L219;121;;;2060.0;TERRENO;CORSO VERCELLI;SNC;45.1163757;7.7091006;Terreno agricolo;ND;Nessuno;Patrimonio indisponibile;Utilizzato direttamente;Attività agricola;;;;1;False
1865305;L219;122;;;4000.0;TERRENO;CORSO VERCELLI;SNC;45.1174153;7.7090219;Pascolo;ND;Nessuno;Patrimonio indisponibile;Utilizzato direttamente;Attività agricola;;;;1;False
1865306;L219;180;;;71927.0;TERRENO;CORSO APPIO CLAUDIO;SNC;45.0873545;7.6466169;Terreno agricolo;ND;Nessuno;Patrimonio indisponibile;Utilizzato direttamente;Attività agricola;;;;1;False
1865343;L219;16;;;2920.0;TERRENO;CORSO APPIO CLAUDIO;SNC;45.088685;7.6452743;Terreno agricolo;ND;Nessuno;Patrimonio indisponibile;Utilizzato direttamente;Attività agricola;;;;1;False
1865344;L219;160;;;16036.0;TERRENO;CORSO APPIO CLAUDIO;SNC;45.0867149;7.6483118;Terreno agricolo;ND;Nessuno;Patrimonio indisponibile;Utilizzato direttamente;Attività agricola;;;;1;False
1865345;L219;162;;;1599.0;TERRENO;CORSO APPIO CLAUDIO;SNC;45.0875045;7.6487973;Pascolo;ND;Nessuno;Patrimonio indisponibile;Utilizzato direttamente;Attività agricola;;;;1;False
1865346;L219;164;;;2639.0;TERRENO;CORSO APPIO CLAUDIO;SNC;45.0862128;7.6487628;Pascolo;ND;Nessuno;Patrimonio indisponibile;Utilizzato direttamente;Attività agricola;;;;1;False
1865407;L219;123;;;168.0;TERRENO;CORSO VERCELLI;SNC;45.1179586;7.7057343;Terreno agricolo;ND;Nessuno;Demanio;Utilizzato direttamente;Attività agricola;;;;1;False
1865408;L219;5;;;970.0;TERRENO;CORSO POTENZA;SNC;45.0909607;7.6488557;Terreno boscato o con vegetazione di vario tipo;ND;Nessuno;Patrimonio indisponibile;Utilizzato direttamente;Altro;;;;1;False
1865409;L219;125;;;50.0;TERRENO;CORSO VERCELLI;SNC;45.1180393;7.7063674;Terreno agricolo;ND;Nessuno;Demanio;Utilizzato direttamente;Attività agricola;;;;1;False
1865411;L219;6;;;2950.0;TERRENO;CORSO POTENZA;SNC;45.0892614;7.6469928;Terreno agricolo;ND;Nessuno;Patrimonio indisponibile;Utilizzato direttamente;Attività agricola;;;;1;False
1865412;L219;7;;;1035.0;TERRENO;CORSO POTENZA;SNC;45.0895317;7.6474194;Terreno boscato o con vegetazione di vario tipo;ND;Nessuno;Patrimonio indisponibile;Utilizzato direttamente;Altro;;;;1;False
1865413;L219;AP;;;4429.0;TERRENO;STRADA DELLA PELLERINA;SNC;45.08813;7.62314;Terreno urbano;ND;Nessuno;Demanio;Utilizzato direttamente;Altro;;;;1;False
1865414;L219;1;;;720.0;TERRENO;CORSO APPIO CLAUDIO;SNC;45.0879104;7.6418734;Terreno boscato o con vegetazione di vario tipo;ND;Nessuno;Patrimonio indisponibile;Utilizzato direttamente;Altro;;;;1;False
1865415;L219;119;;;43511.0;TERRENO;CORSO APPIO CLAUDIO;SNC;45.086154;7.6418856;Terreno agricolo;ND;Nessuno;Patrimonio indisponibile;Utilizzato direttamente;Attività agricola;;;;1;False
1865416;L219;121;;;3428.0;TERRENO;CORSO APPIO CLAUDIO;SNC;45.0881063;7.6436868;Terreno agricolo;ND;Nessuno;Patrimonio indisponibile;Utilizzato direttamente;Attività agricola;;;;1;False
1865417;L219;123;;;10344.0;TERRENO;CORSO APPIO CLAUDIO;SNC;45.087418;7.6422472;Terreno agricolo;ND;Nessuno;Patrimonio indisponibile;Utilizzato direttamente;Attività agricola;;;;1;False
1865418;L219;126;;;14192.0;TERRENO;CORSO APPIO CLAUDIO;SNC;45.0876417;7.6435114;Terreno agricolo;ND;Nessuno;Patrimonio indisponibile;Utilizzato direttamente;Attività agricola;;;;1;False
1865419;L219;129;;;455.0;TERRENO;CORSO APPIO CLAUDIO;SNC;45.0852737;7.6435223;Terreno agricolo;ND;Nessuno;Patrimonio indisponibile;Utilizzato direttamente;Attività agricola;;;;1;False
1865421;L219;148;;;1252.0;TERRENO;CORSO APPIO CLAUDIO;SNC;45.0843662;7.6401378;Terreno agricolo;ND;Nessuno;Patrimonio indisponibile;Utilizzato direttamente;Attività agricola;;;;1;False
1865422;L219;158;;;210.0;TERRENO;CORSO APPIO CLAUDIO;SNC;45.0843614;7.6424056;Terreno agricolo;ND;Nessuno;Patrimonio indisponibile;Utilizzato direttamente;Attività agricola;;;;1;False
1865423;L219;160;;;3886.0;TERRENO;CORSO APPIO CLAUDIO;SNC;45.0844656;7.642594;Terreno agricolo;ND;Nessuno;Patrimonio indisponibile;Utilizzato direttamente;Attività agricola;;;;1;False
1865424;L219;2;;;830.0;TERRENO;CORSO APPIO CLAUDIO;SNC;45.0881737;7.6437012;Terreno boscato o con vegetazione di vario tipo;ND;Nessuno;Patrimonio indisponibile;Utilizzato direttamente;Altro;;;;1;False
1865425;L219;33;;;2980.0;TERRENO;CORSO APPIO CLAUDIO;SNC;45.0845582;7.642195;Terreno agricolo;ND;Nessuno;Patrimonio indisponibile;Utilizzato direttamente;Attività agricola;;;;1;False
1865426;L219;34;;;2861.0;TERRENO;CORSO APPIO CLAUDIO;SNC;45.0846062;7.6440648;Terreno agricolo;ND;Nessuno;Patrimonio indisponibile;Utilizzato direttamente;Attività agricola;;;;1;False
1865427;L219;111P;;;366.0;TERRENO;CORSO APPIO CLAUDIO;SNC;45.08492;7.63771;Terreno agricolo;ND;Nessuno;Patrimonio indisponibile;Utilizzato direttamente;Attività agricola;;;;1;False
1865429;L219;112;;;840.0;TERRENO;CORSO APPIO CLAUDIO;SNC;45.084631;7.6357728;Terreno agricolo;ND;Nessuno;Patrimonio indisponibile;Utilizzato direttamente;Attività agricola;;;;1;False
1865430;L219;124;;;1070.0;TERRENO;CORSO APPIO CLAUDIO;SNC;45.0847883;7.6366157;Terreno agricolo;ND;Nessuno;Patrimonio indisponibile;Utilizzato direttamente;Attività agricola;;;;1;False
1865431;L219;16;;;1190.0;TERRENO;CORSO APPIO CLAUDIO;SNC;45.0874902;7.6341998;Terreno boscato o con vegetazione di vario tipo;ND;Nessuno;Patrimonio indisponibile;Utilizzato direttamente;Altro;;;;1;False
1865432;L219;17;;;480.0;TERRENO;CORSO APPIO CLAUDIO;SNC;45.0874252;7.6360904;Terreno boscato o con vegetazione di vario tipo;ND;Nessuno;Patrimonio indisponibile;Utilizzato direttamente;Altro;;;;1;False
1865433;L219;18;;;320.0;TERRENO;CORSO APPIO CLAUDIO;SNC;45.0873294;7.6361963;Terreno boscato o con vegetazione di vario tipo;ND;Nessuno;Patrimonio indisponibile;Utilizzato direttamente;Altro;;;;1;False
1865434;L219;2;;;1680.0;TERRENO;CORSO APPIO CLAUDIO;SNC;45.0880176;7.6382642;Terreno boscato o con vegetazione di vario tipo;ND;Nessuno;Patrimonio indisponibile;Utilizzato direttamente;Altro;;;;1;False
1865435;L219;20;;;575.0;TERRENO;CORSO APPIO CLAUDIO;SNC;45.0868139;7.6354785;Terreno boscato o con vegetazione di vario tipo;ND;Nessuno;Patrimonio indisponibile;Utilizzato direttamente;Altro;;;;1;False
1865436;L219;21;;;350.0;TERRENO;CORSO APPIO CLAUDIO;SNC;45.0866163;7.6352008;Terreno boscato o con vegetazione di vario tipo;ND;Nessuno;Patrimonio indisponibile;Utilizzato direttamente;Altro;;;;1;False
1865437;L219;214;;;2309.0;TERRENO;VIA BOSELLI PAOLO;SNC;45.0845189;7.6382575;Terreno agricolo;ND;Nessuno;Patrimonio indisponibile;Utilizzato direttamente;Attività agricola;;;;1;False
1865438;L219;216;;;3909.0;TERRENO;VIA BOSELLI PAOLO;SNC;45.0843849;7.6389933;Terreno agricolo;ND;Nessuno;Patrimonio indisponibile;Utilizzato direttamente;Attività agricola;;;;1;False
1865439;L219;22;;;1740.0;TERRENO;CORSO APPIO CLAUDIO;SNC;45.0864935;7.6348622;Terreno boscato o con vegetazione di vario tipo;ND;Nessuno;Patrimonio indisponibile;Utilizzato direttamente;Altro;;;;1;False
1865441;L219;233;;;2580.0;TERRENO;CORSO APPIO CLAUDIO;SNC;45.0848508;7.6360417;Terreno agricolo;ND;Nessuno;Patrimonio indisponibile;Utilizzato direttamente;Attività agricola;;;;1;False
1865442;L219;234;;;795.0;TERRENO;CORSO APPIO CLAUDIO;SNC;45.08503;7.636161;Terreno agricolo;ND;Nessuno;Patrimonio indisponibile;Utilizzato direttamente;Attività agricola;;;;1;False
1865443;L219;15;;;8133.0;TERRENO;CORSO VERCELLI;SNC;45.1185482;7.7060226;Terreno agricolo;ND;Nessuno;Patrimonio indisponibile;Utilizzato direttamente;Attività agricola;;;;1;False
1865445;L219;253;;;333.0;TERRENO;CORSO APPIO CLAUDIO;SNC;45.0880113;7.6358655;Terreno boscato o con vegetazione di vario tipo;ND;Nessuno;Patrimonio indisponibile;Utilizzato direttamente;Altro;;;;1;False
1865446;L219;255;;;202.0;TERRENO;CORSO APPIO CLAUDIO;SNC;45.087861;7.6364503;Terreno boscato o con vegetazione di vario tipo;ND;Nessuno;Patrimonio indisponibile;Utilizzato direttamente;Altro;;;;1;False
1865447;L219;256;;;12679.0;TERRENO;CORSO APPIO CLAUDIO;SNC;45.0871822;7.6344435;Parco/Villa Comunale/Giardino Pubblico;ND;Nessuno;Patrimonio indisponibile;Utilizzato direttamente;Altro;;;;1;False
1865448;L219;258;;;8277.0;TERRENO;CORSO APPIO CLAUDIO;SNC;45.0872172;7.6354776;Parco/Villa Comunale/Giardino Pubblico;ND;Nessuno;Patrimonio indisponibile;Utilizzato direttamente;Altro;;;;1;False
1865449;L219;26;;;420.0;TERRENO;CORSO APPIO CLAUDIO;SNC;45.0859794;7.6340171;Terreno boscato o con vegetazione di vario tipo;ND;Nessuno;Patrimonio indisponibile;Utilizzato direttamente;Altro;;;;1;False
1865450;L219;260;;;184.0;TERRENO;CORSO APPIO CLAUDIO;SNC;45.0862625;7.6334484;Parco/Villa Comunale/Giardino Pubblico;ND;Nessuno;Patrimonio indisponibile;Utilizzato direttamente;Altro;;;;1;False
1865451;L219;261;;;833.0;TERRENO;CORSO APPIO CLAUDIO;SNC;45.0864001;7.6338845;Terreno boscato o con vegetazione di vario tipo;ND;Nessuno;Patrimonio indisponibile;Utilizzato direttamente;Altro;;;;1;False
1865453;L219;58;;;4492.0;TERRENO;CORSO APPIO CLAUDIO;SNC;45.0849382;7.6326716;Terreno agricolo;ND;Nessuno;Patrimonio indisponibile;Utilizzato direttamente;Attività agricola;;;;1;False
1865454;L219;68;;;1590.0;TERRENO;CORSO APPIO CLAUDIO;SNC;45.085295;7.6324884;Terreno agricolo;ND;Nessuno;Patrimonio indisponibile;Utilizzato direttamente;Attività agricola;;;;1;False
1865456;L219;90;;;3744.0;TERRENO;CORSO APPIO CLAUDIO;SNC;45.0849606;7.6346384;Terreno agricolo;ND;Nessuno;Patrimonio indisponibile;Utilizzato direttamente;Attività agricola;;;;1;False
1865457;L219;102;;;5022.0;TERRENO;VIA COSSA PIETRO;SNC;45.0852219;7.6303895;Terreno urbano;ND;Nessuno;Patrimonio indisponibile;Utilizzato direttamente;Altro;;;;1;False
1865458;L219;103;;;192.0;TERRENO;VIA COSSA PIETRO;SNC;45.0856085;7.6285319;Terreno urbano;ND;Nessuno;Patrimonio indisponibile;Utilizzato direttamente;Altro;;;;1;False
1865459;L219;106;;;2748.0;TERRENO;VIA COSSA PIETRO;SNC;45.0842381;7.6299041;Terreno agricolo;ND;Nessuno;Patrimonio indisponibile;Utilizzato direttamente;Attività agricola;;;;1;False
1865461;L219;75;;;2120.0;TERRENO;CORSO GALILEI GALILEO;SNC;45.0446142;7.6829166;Terreno agricolo;ND;Nessuno;Patrimonio indisponibile;Utilizzato direttamente;Attività agricola;;;;1;False
1865462;L219;122;;;29.0;TERRENO;VIA COSSA PIETRO;SNC;45.0839249;7.6276513;Terreno agricolo;ND;Nessuno;Patrimonio indisponibile;Utilizzato direttamente;Attività agricola;;;;1;False
1865463;L219;124;;;84.0;TERRENO;VIA COSSA PIETRO;SNC;45.0839696;7.6276924;Terreno agricolo;ND;Nessuno;Patrimonio indisponibile;Utilizzato direttamente;Attività agricola;;;;1;False
1865464;L219;145;;;1197.0;TERRENO;VIA COSSA PIETRO;SNC;45.0854837;7.6265375;Terreno agricolo;ND;Nessuno;Patrimonio indisponibile;Utilizzato direttamente;Attività agricola;;;;1;False
1865465;L219;147;;;2418.0;TERRENO;VIA COSSA PIETRO;SNC;45.0845399;7.6273504;Terreno agricolo;ND;Nessuno;Patrimonio indisponibile;Utilizzato direttamente;Attività agricola;;;;1;False
1865466;L219;149;;;5621.0;TERRENO;VIA COSSA PIETRO;SNC;45.0856484;7.6280721;Terreno agricolo;ND;Nessuno;Patrimonio indisponibile;Utilizzato direttamente;Attività agricola;;;;1;False
1865467;L219;151;;;40.0;TERRENO;VIA COSSA PIETRO;SNC;45.0860124;7.6275873;Terreno agricolo;ND;Nessuno;Patrimonio indisponibile;Utilizzato direttamente;Attività agricola;;;;1;False
1865468;L219;16;;;5800.0;TERRENO;CORSO APPIO CLAUDIO;SNC;45.0872159;7.626886;Terreno agricolo;ND;Nessuno;Patrimonio indisponibile;Utilizzato direttamente;Attività agricola;;;;1;False
1865470;L219;17;;;510.0;TERRENO;CORSO APPIO CLAUDIO;SNC;45.0876342;7.6285549;Terreno boscato o con vegetazione di vario tipo;ND;Nessuno;Patrimonio indisponibile;Utilizzato direttamente;Altro;;;;1;False
1865471;L219;174;;;1492.0;TERRENO;CORSO APPIO CLAUDIO;SNC;45.0842369;7.63045;Terreno agricolo;ND;Nessuno;Patrimonio indisponibile;Utilizzato direttamente;Attività agricola;;;;1;False
1865472;L219;175;;;798.0;TERRENO;CORSO APPIO CLAUDIO;SNC;45.0847046;7.6307905;Terreno agricolo;ND;Nessuno;Patrimonio indisponibile;Utilizzato direttamente;Attività agricola;;;;1;False
1865473;L219;177;;;1129.0;TERRENO;CORSO APPIO CLAUDIO;SNC;45.0850053;7.6310516;Terreno agricolo;ND;Nessuno;Patrimonio indisponibile;Utilizzato direttamente;Attività agricola;;;;1;False
1865474;L219;18;;;8530.0;TERRENO;CORSO APPIO CLAUDIO;SNC;45.0869466;7.6279662;Terreno agricolo;ND;Nessuno;Patrimonio indisponibile;Utilizzato direttamente;Attività agricola;;;;1;False
1865475;L219;23;;;7580.0;TERRENO;CORSO APPIO CLAUDIO;SNC;45.0865729;7.6287557;Terreno agricolo;ND;Nessuno;Patrimonio indisponibile;Utilizzato direttamente;Attività agricola;;;;1;False
1865476;L219;24;;;330.0;TERRENO;CORSO APPIO CLAUDIO;SNC;45.086268;7.6298663;Terreno boscato o con vegetazione di vario tipo;ND;Nessuno;Patrimonio indisponibile;Utilizzato direttamente;Altro;;;;1;False
1865477;L219;52;;;1550.0;TERRENO;VIA COSSA PIETRO;SNC;45.0855951;7.6262902;Terreno agricolo;ND;Nessuno;Patrimonio indisponibile;Utilizzato direttamente;Attività agricola;;;;1;False
1865478;L219;69;;;420.0;TERRENO;VIA COSSA PIETRO;SNC;45.0840616;7.6278097;Terreno agricolo;ND;Nessuno;Patrimonio indisponibile;Utilizzato direttamente;Attività agricola;;;;1;False
1865480;L219;87;;;188.0;TERRENO;VIA COSSA PIETRO;SNC;45.084636;7.6278206;Terreno agricolo;ND;Nessuno;Patrimonio indisponibile;Utilizzato direttamente;Attività agricola;;;;1;False
1865481;L219;88;;;280.0;TERRENO;CORSO APPIO CLAUDIO;SNC;45.0868221;7.6292439;Terreno boscato o con vegetazione di vario tipo;ND;Nessuno;Patrimonio indisponibile;Utilizzato direttamente;Altro;;;;1;False
1865482;L219;AP;;;500.0;TERRENO;VIA CARRERA VALENTINO;SNC;45.08008;7.62962;Terreno agricolo;ND;Nessuno;Demanio;Utilizzato direttamente;Attività agricola;;;;1;False
1865483;L219;10;;;3030.0;TERRENO;VIA SERVAIS GIOVANNI;SNC;45.0864519;7.6235261;Terreno agricolo;ND;Nessuno;Patrimonio indisponibile;;Non Dichiarato;in locazione;349.0;11/11/2022;1;False
1865484;L219;11;;;1590.0;TERRENO;VIA SERVAIS GIOVANNI;SNC;45.0862271;7.6240016;Terreno agricolo;ND;Nessuno;Patrimonio indisponibile;Utilizzato direttamente;Attività agricola;;;;1;False
1865485;L219;15;;;420.0;TERRENO;VIA SERVAIS GIOVANNI;SNC;45.0857342;7.6249492;Terreno agricolo;ND;Nessuno;Patrimonio indisponibile;Utilizzato direttamente;Attività agricola;;;;1;False
1865486;L219;156;;;1840.0;TERRENO;VIA SERVAIS GIOVANNI;SNC;45.0860266;7.6234794;Terreno agricolo;ND;Nessuno;Patrimonio indisponibile;Utilizzato direttamente;Attività agricola;;;;1;False
1865487;L219;173;;;17199.0;TERRENO;VIA SERVAIS GIOVANNI;SNC;45.0868645;7.621516;Terreno agricolo;ND;Nessuno;Patrimonio indisponibile;;Non Dichiarato;in locazione;349.0;11/11/2022;1;False
1865489;L219;174;;;14151.0;TERRENO;VIA SERVAIS GIOVANNI;SNC;45.0860959;7.622225;Terreno agricolo;ND;Nessuno;Patrimonio indisponibile;;Non Dichiarato;in locazione;349.0;11/11/2022;1;False
1865490;L219;175;;;54.0;TERRENO;VIA SERVAIS GIOVANNI;SNC;45.0854833;7.6211368;Terreno agricolo;ND;Nessuno;Patrimonio indisponibile;Utilizzato direttamente;Attività agricola;;;;1;False
1865491;L219;178;;;5693.0;TERRENO;VIA SERVAIS GIOVANNI;SNC;45.0855823;7.6221907;Terreno agricolo;ND;Nessuno;Patrimonio indisponibile;Utilizzato direttamente;Attività agricola;;;;1;False
1865492;L219;179;;;102.0;TERRENO;VIA SERVAIS GIOVANNI;SNC;45.0855853;7.6233071;Terreno agricolo;ND;Nessuno;Patrimonio indisponibile;Utilizzato direttamente;Attività agricola;;;;1;False
1865493;L219;182;;;614.0;TERRENO;VIA SERVAIS GIOVANNI;SNC;45.0843541;7.6198569;Terreno agricolo;ND;Nessuno;Patrimonio indisponibile;Utilizzato direttamente;Attività agricola;;;;1;False
1865494;L219;183;;;2148.0;TERRENO;VIA SERVAIS GIOVANNI;SNC;45.0854386;7.6206914;Terreno urbano;ND;Nessuno;Patrimonio indisponibile;Utilizzato direttamente;Altro;;;;1;False
1865495;L219;184;;;650.0;TERRENO;VIA SERVAIS GIOVANNI;SNC;45.0852388;7.6202213;Terreno urbano;ND;Nessuno;Patrimonio indisponibile;Utilizzato direttamente;Altro;;;;1;False
1865496;L219;185;;;245.0;TERRENO;VIA SERVAIS GIOVANNI;SNC;45.0856623;7.6209839;Terreno urbano;ND;Nessuno;Patrimonio indisponibile;Utilizzato direttamente;Altro;;;;1;False
1865497;L219;188;;;1442.0;TERRENO;VIA SERVAIS GIOVANNI;SNC;45.0861387;7.6208631;Terreno urbano;ND;Nessuno;Patrimonio indisponibile;Utilizzato direttamente;Altro;;;;1;False
1865498;L219;191;;;10482.0;TERRENO;VIA SERVAIS GIOVANNI;SNC;45.0850688;7.6196693;Terreno agricolo;ND;Nessuno;Patrimonio indisponibile;Utilizzato direttamente;Attività agricola;;;;1;False
1865499;L219;192;;;198.0;TERRENO;VIA SERVAIS GIOVANNI;SNC;45.0848628;7.6202404;Terreno agricolo;ND;Nessuno;Patrimonio indisponibile;Utilizzato direttamente;Attività agricola;;;;1;False
1865500;L219;194;;;661.0;TERRENO;VIA SERVAIS GIOVANNI;SNC;45.0842997;7.6205311;Terreno agricolo;ND;Nessuno;Patrimonio indisponibile;Utilizzato direttamente;Attività agricola;;;;1;False
1865502;L219;196;;;1143.0;TERRENO;VIA SERVAIS GIOVANNI;SNC;45.0845275;7.620229;Terreno agricolo;ND;Nessuno;Patrimonio indisponibile;Utilizzato direttamente;Attività agricola;;;;1;False
1865503;L219;50;;;27650.0;TERRENO;CORSO MONCALIERI;SNC;45.0495771;7.687448;Terreno agricolo;ND;Nessuno;Patrimonio indisponibile;Utilizzato direttamente;Attività agricola;;;;1;False
1865504;L219;99;;;58.0;TERRENO;VIA SERVAIS GIOVANNI;SNC;45.08418;7.6206952;Terreno agricolo;ND;Nessuno;Patrimonio indisponibile;Utilizzato direttamente;Attività agricola;;;;1;False
1865505;L219;22;;;150.0;TERRENO;STRADA DI SAN VITO REVIGLIASCO;SNC;45.052745;7.6916913;Pascolo;ND;Nessuno;Patrimonio indisponibile;Utilizzato direttamente;Attività agricola;;;;1;False
1865506;L219;AP;;;926.0;TERRENO;VIA CARRERA VALENTINO;SNC;45.08008;7.62962;Terreno agricolo;ND;Nessuno;Demanio;Utilizzato direttamente;Attività agricola;;;;1;False
1865508;L219;263;;;2119.0;TERRENO;CORSO APPIO CLAUDIO;SNC;45.0863076;7.6341428;Terreno boscato o con vegetazione di vario tipo;ND;Nessuno;Patrimonio indisponibile;Utilizzato direttamente;Altro;;;;1;False
1865509;L219;264;;;676.0;TERRENO;CORSO APPIO CLAUDIO;SNC;45.0860221;7.6334825;Terreno boscato o con vegetazione di vario tipo;ND;Nessuno;Patrimonio indisponibile;Utilizzato direttamente;Altro;;;;1;False
1865510;L219;265;;;62.0;TERRENO;CORSO APPIO CLAUDIO;SNC;45.0858415;7.6333481;Terreno boscato o con vegetazione di vario tipo;ND;Nessuno;Patrimonio indisponibile;Utilizzato direttamente;Altro;;;;1;False
1865511;L219;27;;;3325.0;TERRENO;CORSO APPIO CLAUDIO;SNC;45.0857517;7.6341001;Terreno agricolo;ND;Nessuno;Patrimonio indisponibile;Utilizzato direttamente;Attività agricola;;;;1;False
1865519;L219;2;;;2240.0;TERRENO;CORSO VERCELLI;SNC;45.1191159;7.7062049;Terreno agricolo;ND;Nessuno;Patrimonio indisponibile;Utilizzato direttamente;Attività agricola;;;;1;False
1865521;L219;219;;;7954.0;TERRENO;CORSO VERCELLI;SNC;45.1161504;7.7084033;Terreno agricolo;ND;Nessuno;Patrimonio indisponibile;Utilizzato direttamente;Attività agricola;;;;1;False
1865538;L219;224;;;495.0;TERRENO;CORSO VERCELLI;SNC;45.1178908;7.7061065;Terreno agricolo;ND;Nessuno;Patrimonio indisponibile;Utilizzato direttamente;Attività agricola;;;;1;False
1865539;L219;24;;;357.0;TERRENO;CORSO VERCELLI;SNC;45.1179906;7.7059724;Terreno agricolo;ND;Nessuno;Demanio;Utilizzato direttamente;Attività agricola;;;;1;False
1865540;L219;35;;;8794.0;TERRENO;CORSO VERCELLI;SNC;45.1190083;7.708709;Terreno agricolo;ND;Nessuno;Patrimonio indisponibile;Utilizzato direttamente;Attività agricola;;;;1;False
1865558;L219;258;;;1459.0;TERRENO;STRADA DEL NOBILE;SNC;45.0486022;7.71563;Terreno agricolo;ND;Nessuno;Patrimonio indisponibile;Utilizzato direttamente;Attività agricola;;;;1;False
1865559;L219;509;;;4007.0;TERRENO;CORSO MARCHE;SNC;45.08015991;7.61530073;Terreno agricolo;ND;Nessuno;Patrimonio indisponibile;;Non Dichiarato;in locazione;4764.0;01/03/2017;1;False
1865560;L219;259;;;2693.0;TERRENO;STRADA DEL NOBILE;SNC;45.0488709;7.7156359;Terreno agricolo;ND;Nessuno;Patrimonio indisponibile;Utilizzato direttamente;Attività agricola;;;;1;False
1865561;L219;513;;;54.0;TERRENO;CORSO MARCHE;SNC;45.07977792;7.61618109;Terreno agricolo;ND;Nessuno;Patrimonio indisponibile;Utilizzato direttamente;Attività agricola;;;;1;False
1865563;L219;16;;;8436.0;TERRENO;STRADA ANTICA DI REVIGLIASCO;SNC;45.0438341;7.7043684;Terreno boscato o con vegetazione di vario tipo;ND;Nessuno;Patrimonio indisponibile;Utilizzato direttamente;Altro;;;;1;False
1865564;L219;24;;;13232.0;TERRENO;STRADA ANTICA DI REVIGLIASCO;SNC;45.0429269;7.7049421;Terreno agricolo;ND;Nessuno;Patrimonio indisponibile;Utilizzato direttamente;Attività agricola;;;;1;False
1865565;L219;25;;;11525.0;TERRENO;STRADA ANTICA DI REVIGLIASCO;SNC;45.0422207;7.7061727;Terreno boscato o con vegetazione di vario tipo;ND;Nessuno;Patrimonio indisponibile;Utilizzato direttamente;Altro;;;;1;False
1865566;L219;40;;;1160.0;TERRENO;STRADA ANTICA DI REVIGLIASCO;SNC;45.0413949;7.7064396;Terreno boscato o con vegetazione di vario tipo;ND;Nessuno;Patrimonio indisponibile;Utilizzato direttamente;Altro;;;;1;False
1865568;L219;485;;;4590.0;TERRENO;VIA ZUMAGLIA;SNC;45.078944;7.6442351;Terreno urbano;ND;Nessuno;Patrimonio indisponibile;Utilizzato direttamente;Altro;;;;1;False
1865570;L219;5;;;14480.0;TERRENO;CORSO ROMANIA;SNC;45.1179573;7.7109729;Terreno agricolo;ND;Nessuno;Patrimonio indisponibile;Utilizzato direttamente;Attività agricola;;;;1;False
1865571;L219;65;;;1763.0;TERRENO;CORSO GIULIO CESARE;SNC;45.1159365;7.7108416;Terreno agricolo;ND;Nessuno;Patrimonio indisponibile;Utilizzato direttamente;Attività agricola;;;;1;False
1865573;L219;151;;;8080.0;TERRENO;CORSO VERCELLI;SNC;45.1131187;7.7067407;Pascolo;ND;Nessuno;Patrimonio indisponibile;Utilizzato direttamente;Attività agricola;;;;1;False
1865574;L219;158;;;860.0;TERRENO;CORSO GIULIO CESARE;SNC;45.1170204;7.7052425;Pascolo;ND;Nessuno;Patrimonio indisponibile;Utilizzato direttamente;Attività agricola;;;;1;False
1865575;L219;193;;;1410.0;TERRENO;CORSO VERCELLI;SNC;45.1134139;7.7058589;Terreno agricolo;ND;Nessuno;Patrimonio indisponibile;Utilizzato direttamente;Attività agricola;;;;1;False
1865576;L219;200;;;30.0;TERRENO;CORSO VERCELLI;SNC;45.1137659;7.7062807;Pascolo;ND;Nessuno;Patrimonio indisponibile;Utilizzato direttamente;Attività agricola;;;;1;False
1865579;L219;218;;;2389.0;TERRENO;VIA GERMAGNANO;SNC;45.1168906;7.6978673;Terreno boscato o con vegetazione di vario tipo;ND;Nessuno;Patrimonio indisponibile;;Non Dichiarato;in concessione a titolo oneroso;725.0;01/07/2011;1;False
1865580;L219;220;;;1742.0;TERRENO;VIA GERMAGNANO;SNC;45.1168467;7.696751;Pascolo;ND;Nessuno;Patrimonio indisponibile;Utilizzato direttamente;Attività agricola;;;;1;False
1865583;L219;4;;;8650.0;TERRENO;STRADA DELLA CAMPAGNA;SNC;45.1120624;7.6669545;Pascolo;ND;Nessuno;Patrimonio indisponibile;Utilizzato direttamente;Attività agricola;;;;1;False
1865584;L219;5;;;370.0;TERRENO;STRADA DELLA CAMPAGNA;SNC;45.1122538;7.6680903;Terreno agricolo;ND;Nessuno;Patrimonio indisponibile;Utilizzato direttamente;Attività agricola;;;;1;False
1865585;L219;90;;;733.0;TERRENO;VIA REISS ROMOLI GUGLIELMO;SNC;45.1115686;7.6661009;Terreno boscato o con vegetazione di vario tipo;ND;Nessuno;Patrimonio indisponibile;Utilizzato direttamente;Altro;;;;1;False
1865586;L219;92;;;798.0;TERRENO;VIA REISS ROMOLI GUGLIELMO;SNC;45.1113201;7.6659512;Terreno agricolo;ND;Nessuno;Patrimonio indisponibile;Utilizzato direttamente;Attività agricola;;;;1;False
1865590;L219;410;;;477.0;TERRENO;STRADA DI ALTESSANO;SNC;45.111697;7.6471237;Terreno agricolo;ND;Nessuno;Patrimonio indisponibile;Utilizzato direttamente;Attività agricola;;;;1;False
1865593;L219;418;;;1512.0;TERRENO;STRADA DI ALTESSANO;SNC;45.110738;7.6464412;Terreno agricolo;ND;Nessuno;Patrimonio indisponibile;Utilizzato direttamente;Attività agricola;;;;1;False
1865596;L219;424;;;507.0;TERRENO;STRADA DI ALTESSANO;SNC;45.1101424;7.6462566;Terreno agricolo;ND;Nessuno;Patrimonio indisponibile;Utilizzato direttamente;Attività agricola;;;;1;False
1865598;L219;471;;;2168.0;TERRENO;STRADA DI ALTESSANO;SNC;45.109172;7.6463012;Terreno agricolo;ND;Nessuno;Patrimonio indisponibile;Utilizzato direttamente;Attività agricola;;;;1;False
1865599;L219;477;;;211.0;TERRENO;STRADA DI ALTESSANO;SNC;45.1097639;7.6460473;Terreno agricolo;ND;Nessuno;Patrimonio indisponibile;Utilizzato direttamente;Attività agricola;;;;1;False
1865600;L219;542;;;3230.0;TERRENO;CORSO CINCINNATO LUCIO QUINZIO;SNC;45.1049902;7.6466097;Terreno agricolo;ND;Nessuno;Patrimonio indisponibile;Utilizzato direttamente;Attività agricola;;;;1;False
1865601;L219;555;;;66.0;TERRENO;CORSO CINCINNATO LUCIO QUINZIO;SNC;45.1053819;7.6497211;Terreno agricolo;ND;Nessuno;Patrimonio indisponibile;Utilizzato direttamente;Attività agricola;;;;1;False
1865604;L219;56;;;1420.0;TERRENO;CORSO ALLAMANO GIUSEPPE CANONICO;SNC;45.0489103;7.6215076;Terreno agricolo;ND;Nessuno;Patrimonio indisponibile;Utilizzato direttamente;Attività agricola;;;;1;False
1865605;L219;7;;;290.0;TERRENO;CORSO ALLAMANO GIUSEPPE CANONICO;SNC;45.0518829;7.6231218;Terreno agricolo;ND;Nessuno;Patrimonio indisponibile;Utilizzato direttamente;Attività agricola;;;;1;False
1865606;L219;154;;;237.0;TERRENO;CORSO ALLAMANO GIUSEPPE CANONICO;SNC;45.0510014;7.6240964;Terreno agricolo;ND;Nessuno;Patrimonio indisponibile;Utilizzato direttamente;Attività agricola;;;;1;False
1865607;L219;38;;;16.0;TERRENO;corso regina margherita;snc;45.0882858;7.6150467;Terreno boscato o con vegetazione di vario tipo;ND;Nessuno;Patrimonio indisponibile;Utilizzato direttamente;Altro;;;;1;False
1865608;L219;60;;;1600.0;TERRENO;STRADA DI SAN VITO REVIGLIASCO;SNC;45.0508034;7.6943711;Terreno agricolo;ND;Nessuno;Patrimonio indisponibile;Utilizzato direttamente;Attività agricola;;;;1;False
1865609;L219;39;;;380.0;TERRENO;corso regina margherita;snc;45.0884428;7.6153975;Terreno boscato o con vegetazione di vario tipo;ND;Nessuno;Patrimonio indisponibile;Utilizzato direttamente;Altro;;;;1;False
1865610;L219;64;;;870.0;TERRENO;STRADA DI SAN VITO REVIGLIASCO;SNC;45.0498904;7.693115;Terreno boscato o con vegetazione di vario tipo;ND;Nessuno;Patrimonio indisponibile;Utilizzato direttamente;Altro;;;;1;False
1865611;L219;43;;;11723.0;TERRENO;corso regina margherita;snc;45.0865735;7.6135494;Terreno agricolo;ND;Nessuno;Patrimonio indisponibile;;Non Dichiarato;in locazione;4190.0;11/11/2019;1;False
1865612;L219;54;;;3360.0;TERRENO;corso regina margherita;snc;45.0885564;7.6146074;Terreno agricolo;ND;Nessuno;Patrimonio indisponibile;Utilizzato direttamente;Attività agricola;;;;1;False
1865614;L219;AP;;;500.0;TERRENO;VIA CARRERA VALENTINO;SNC;45.08008;7.62962;Terreno agricolo;ND;Nessuno;Demanio;Utilizzato direttamente;Attività agricola;;;;1;False
1865615;L219;1;;;1420.0;TERRENO;VIA SERVAIS GIOVANNI;SNC;45.0884376;7.6157797;Terreno boscato o con vegetazione di vario tipo;ND;Nessuno;Patrimonio indisponibile;Utilizzato direttamente;Altro;;;;1;False
1865616;L219;147;;;10486.0;TERRENO;VIA SERVAIS GIOVANNI;SNC;45.0857006;7.6157213;Terreno agricolo;ND;Nessuno;Patrimonio indisponibile;Utilizzato direttamente;Attività agricola;;;;1;False
1865617;L219;38;;;810.0;TERRENO;CORSO MARCHE;SNC;45.0824788;7.6160042;Terreno agricolo;ND;Nessuno;Patrimonio indisponibile;Utilizzato direttamente;Attività agricola;;;;1;False
1865618;L219;161;;;7478.0;TERRENO;STRADA DEL NOBILE;SNC;45.0494599;7.7139023;Terreno agricolo;ND;Nessuno;Patrimonio indisponibile;Utilizzato direttamente;Attività agricola;;;;1;False
1865619;L219;39;;;320.0;TERRENO;CORSO MARCHE;SNC;45.0824723;7.6162267;Terreno agricolo;ND;Nessuno;Patrimonio indisponibile;Utilizzato direttamente;Attività agricola;;;;1;False
1865620;L219;171;;;5930.0;TERRENO;STRADA DEL NOBILE;SNC;45.0499469;7.7150226;Terreno boscato o con vegetazione di vario tipo;ND;Nessuno;Patrimonio indisponibile;Utilizzato direttamente;Altro;;;;1;False
1865621;L219;41;;;12370.0;TERRENO;CORSO SACCO E VANZETTI;SNC;45.0833975;7.6127318;Terreno agricolo;ND;Nessuno;Patrimonio indisponibile;Utilizzato direttamente;Attività agricola;;;;1;False
1865622;L219;7;;;255.0;TERRENO;CORSO MARCHE;SNC;45.0857704;7.6138436;Terreno agricolo;ND;Nessuno;Patrimonio indisponibile;Utilizzato direttamente;Attività agricola;;;;1;False
1865623;L219;223;;;864.0;TERRENO;STRADA DEL NOBILE;SNC;45.0497602;7.7138523;Terreno agricolo;ND;Nessuno;Patrimonio indisponibile;Utilizzato direttamente;Attività agricola;;;;1;False
1865624;L219;9;;;4170.0;TERRENO;CORSO MARCHE;SNC;45.085208;7.6137191;Terreno agricolo;ND;Nessuno;Patrimonio indisponibile;;Non Dichiarato;in locazione;4190.0;11/11/2019;1;False
1865625;L219;224;;;425.0;TERRENO;STRADA DEL NOBILE;SNC;45.0494378;7.7149962;Terreno agricolo;ND;Nessuno;Patrimonio indisponibile;Utilizzato direttamente;Attività agricola;;;;1;False
1865626;L219;225;;;1138.0;TERRENO;STRADA DEL NOBILE;SNC;45.0509876;7.7144297;Terreno agricolo;ND;Nessuno;Patrimonio indisponibile;Utilizzato direttamente;Attività agricola;;;;1;False
1865627;L219;696;;;860.0;TERRENO;STRADA ANTICA DI COLLEGNO;SNC;45.081898;7.6217948;Terreno agricolo;ND;Nessuno;Patrimonio indisponibile;Utilizzato direttamente;Attività agricola;;;;1;False
1865628;L219;41;;;343.0;TERRENO;STRADA ALLA VETTA DELLA MADDALENA;SNC;45.0411398;7.7068121;Terreno boscato o con vegetazione di vario tipo;ND;Nessuno;Patrimonio indisponibile;Utilizzato direttamente;Altro;;;;1;False
1865629;L219;698;;;314.0;TERRENO;STRADA ANTICA DI COLLEGNO;SNC;45.0822655;7.6227703;Terreno agricolo;ND;Nessuno;Patrimonio indisponibile;Utilizzato direttamente;Attività agricola;;;;1;False
1865630;L219;43;;;2515.0;TERRENO;STRADA ALLA VETTA DELLA MADDALENA;SNC;45.0415423;7.7080079;Terreno boscato o con vegetazione di vario tipo;ND;Nessuno;Patrimonio indisponibile;Utilizzato direttamente;Altro;;;;1;False
1865631;L219;719;;;38.0;TERRENO;VIA CARRERA VALENTINO;SNC;45.0801038;7.6312909;Terreno agricolo;ND;Nessuno;Patrimonio indisponibile;Utilizzato direttamente;Attività agricola;;;;1;False
1865632;L219;726;;;32.0;TERRENO;VIA CARRERA VALENTINO;SNC;45.0802434;7.6313167;Terreno agricolo;ND;Nessuno;Patrimonio indisponibile;Utilizzato direttamente;Attività agricola;;;;1;False
1865633;L219;63;;;1682.0;TERRENO;STRADA ANTICA DI REVIGLIASCO;SNC;45.0423039;7.7045988;Terreno agricolo;ND;Nessuno;Patrimonio indisponibile;Utilizzato direttamente;Attività agricola;;;;1;False
1865634;L219;729;;;73.0;TERRENO;STRADA ANTICA DI COLLEGNO;SNC;45.0821633;7.622156;Terreno agricolo;ND;Nessuno;Patrimonio indisponibile;Utilizzato direttamente;Attività agricola;;;;1;False
1865635;L219;64;;;1273.0;TERRENO;STRADA ANTICA DI REVIGLIASCO;SNC;45.0415875;7.7070213;Terreno boscato o con vegetazione di vario tipo;ND;Nessuno;Patrimonio indisponibile;Utilizzato direttamente;Altro;;;;1;False
1865636;L219;731;;;457.0;TERRENO;STRADA ANTICA DI COLLEGNO;SNC;45.0821243;7.6225986;Terreno agricolo;ND;Nessuno;Patrimonio indisponibile;Utilizzato direttamente;Attività agricola;;;;1;False
1865637;L219;66;;;30.0;TERRENO;CORSO GIULIO CESARE;SNC;45.1154515;7.7119043;Terreno agricolo;ND;Nessuno;Patrimonio indisponibile;Utilizzato direttamente;Altro;;;;1;False
1865638;L219;75;;;1368.0;TERRENO;CORSO ROMANIA;SNC;45.1205496;7.7164695;Terreno agricolo;ND;Nessuno;Patrimonio indisponibile;Utilizzato direttamente;Attività agricola;;;;1;False
1865639;L219;76;;;1070.0;TERRENO;CORSO ROMANIA;SNC;45.1205255;7.7165843;Terreno agricolo;ND;Nessuno;Patrimonio indisponibile;Utilizzato direttamente;Attività agricola;;;;1;False
1865640;L219;94;;;152.0;TERRENO;CORSO GIULIO CESARE;SNC;45.1160325;7.7112011;Terreno agricolo;ND;Nessuno;Patrimonio indisponibile;Utilizzato direttamente;Altro;;;;1;False
1865642;L219;96;;;27.0;TERRENO;CORSO GIULIO CESARE;SNC;45.1155252;7.7116334;Terreno agricolo;ND;Nessuno;Patrimonio indisponibile;Utilizzato direttamente;Altro;;;;1;False
1865643;L219;44;;;5990.0;TERRENO;VIA CHIESA DAMIANO;SNC;45.1081066;7.7293727;Terreno agricolo;ND;Nessuno;Patrimonio indisponibile;Utilizzato direttamente;Attività agricola;;;;1;False
1865644;L219;54;;;2017.0;TERRENO;STRADA DI SETTIMO;SNC;45.1112131;7.7297537;Terreno agricolo;ND;Nessuno;Patrimonio disponibile;Utilizzato direttamente;Altro;;;;1;False
1865645;L219;23;;;8874.0;TERRENO;STRADA DI SETTIMO;SNC;45.1161624;7.7363446;Terreno agricolo;ND;Nessuno;Patrimonio indisponibile;Utilizzato direttamente;Attività agricola;;;;1;False
1865646;L219;25;;;1233.0;TERRENO;STRADA DI SETTIMO;SNC;45.1156151;7.7359287;Terreno agricolo;ND;Nessuno;Patrimonio indisponibile;Utilizzato direttamente;Attività agricola;;;;1;False
1865647;L219;101;;;291.0;TERRENO;LUNGO STURA LAZIO;SNC;45.1079742;7.7131773;Terreno agricolo;ND;Nessuno;Patrimonio indisponibile;Utilizzato direttamente;Attività agricola;;;;1;False
1865648;L219;103;;;15.0;TERRENO;LUNGO STURA LAZIO;SNC;45.1077918;7.7134519;Terreno agricolo;ND;Nessuno;Patrimonio indisponibile;Utilizzato direttamente;Attività agricola;;;;1;False
1865649;L219;104;;;162.0;TERRENO;LUNGO STURA LAZIO;SNC;45.1078302;7.7136325;Terreno agricolo;ND;Nessuno;Patrimonio indisponibile;Utilizzato direttamente;Attività agricola;;;;1;False
1865650;L219;105;;;194.0;TERRENO;LUNGO STURA LAZIO;SNC;45.1081422;7.7140291;Terreno agricolo;ND;Nessuno;Patrimonio indisponibile;Utilizzato direttamente;Attività agricola;;;;1;False
1865651;L219;106;;;301.0;TERRENO;LUNGO STURA LAZIO;SNC;45.1084306;7.7135494;Terreno agricolo;ND;Nessuno;Patrimonio indisponibile;Utilizzato direttamente;Attività agricola;;;;1;False
1865652;L219;114;;;186.0;TERRENO;LUNGO STURA LAZIO;SNC;45.1084557;7.7126775;Terreno agricolo;ND;Nessuno;Patrimonio indisponibile;Utilizzato direttamente;Attività agricola;;;;1;False
1865653;L219;118;;;328.0;TERRENO;LUNGO STURA LAZIO;SNC;45.1075492;7.7141448;Terreno agricolo;ND;Nessuno;Patrimonio indisponibile;Utilizzato direttamente;Attività agricola;;;;1;False
1865654;L219;119;;;511.0;TERRENO;LUNGO STURA LAZIO;SNC;45.1076752;7.714245;Terreno agricolo;ND;Nessuno;Patrimonio indisponibile;Utilizzato direttamente;Attività agricola;;;;1;False
1865656;L219;120;;;21.0;TERRENO;LUNGO STURA LAZIO;SNC;45.1078526;7.7143679;Terreno agricolo;ND;Nessuno;Patrimonio indisponibile;Utilizzato direttamente;Attività agricola;;;;1;False
1865657;L219;121;;;5.0;TERRENO;LUNGO STURA LAZIO;SNC;45.1078836;7.7143882;Terreno agricolo;ND;Nessuno;Patrimonio indisponibile;Utilizzato direttamente;Attività agricola;;;;1;False
1865658;L219;138;;;1095.0;TERRENO;VIA ZINI ZINO GIACOMO;SNC;45.0388436;7.6620534;Terreno agricolo;ND;Nessuno;Patrimonio indisponibile;Utilizzato direttamente;Attività agricola;;;;1;False
1865659;L219;125;;;1772.0;TERRENO;LUNGO STURA LAZIO;SNC;45.1079312;7.7149798;Terreno urbano;ND;Nessuno;Patrimonio indisponibile;Utilizzato direttamente;Altro;;;;1;False
1865660;L219;140;;;430.0;TERRENO;VIA ZINI ZINO GIACOMO;SNC;45.0408528;7.6632105;Terreno agricolo;ND;Nessuno;Patrimonio indisponibile;Utilizzato direttamente;Attività agricola;;;;1;False
1865661;L219;127;;;1433.0;TERRENO;LUNGO STURA LAZIO;SNC;45.1090676;7.7129374;Terreno urbano;ND;Nessuno;Patrimonio indisponibile;Utilizzato direttamente;Altro;;;;1;False
1865662;L219;132;;;2034.0;TERRENO;LUNGO STURA LAZIO;SNC;45.1099587;7.7094582;Terreno agricolo;ND;Nessuno;Patrimonio indisponibile;Utilizzato direttamente;Attività agricola;;;;1;False
1865665;L219;37;;;214.0;TERRENO;LUNGO STURA LAZIO;SNC;45.1120009;7.7074978;Terreno agricolo;ND;Nessuno;Patrimonio indisponibile;Utilizzato direttamente;Altro;;;;1;False
1865666;L219;85;;;6.0;TERRENO;LUNGO STURA LAZIO;SNC;45.1085974;7.7115185;Terreno agricolo;ND;Nessuno;Patrimonio indisponibile;Utilizzato direttamente;Attività agricola;;;;1;False
1865667;L219;88;;;70.0;TERRENO;LUNGO STURA LAZIO;SNC;45.1084144;7.7119794;Terreno agricolo;ND;Nessuno;Patrimonio indisponibile;Utilizzato direttamente;Attività agricola;;;;1;False
1865668;L219;93;;;3232.0;TERRENO;LUNGO STURA LAZIO;SNC;45.1082455;7.7136319;Terreno agricolo;ND;Nessuno;Patrimonio indisponibile;Utilizzato direttamente;Attività agricola;;;;1;False
1865669;L219;95;;;71.0;TERRENO;LUNGO STURA LAZIO;SNC;45.1082653;7.7124417;Terreno agricolo;ND;Nessuno;Patrimonio indisponibile;Utilizzato direttamente;Attività agricola;;;;1;False
1865670;L219;99;;;3.0;TERRENO;LUNGO STURA LAZIO;SNC;45.1080175;7.7128494;Terreno agricolo;ND;Nessuno;Patrimonio indisponibile;Utilizzato direttamente;Attività agricola;;;;1;False
1865671;L219;117;;;440.0;TERRENO;VIA CAVAGNOLO;SNC;45.1159644;7.7038224;Terreno agricolo;ND;Nessuno;Patrimonio indisponibile;Utilizzato direttamente;Attività agricola;;;;1;False
1865672;L219;202;;;1130.0;TERRENO;CORSO VERCELLI;SNC;45.1124031;7.7054916;Pascolo;ND;Nessuno;Patrimonio indisponibile;Utilizzato direttamente;Attività agricola;;;;1;False
1865673;L219;206;;;2175.0;TERRENO;VIA IVREA;SNC;45.11409;7.70606;Terreno agricolo;ND;Nessuno;Patrimonio disponibile;Non utilizzato;Non Dichiarato;;;;1;False
1865674;L219;1258;;;1569.0;TERRENO;VIA BELLOTTI BON LUIGI;SNC;45.0870484;7.6640712;Pascolo;ND;Nessuno;Patrimonio indisponibile;;Non Dichiarato;in concessione a titolo oneroso;616.0;01/03/2021;1;False
1865675;L219;212;;;55.0;TERRENO;CORSO VERCELLI;SNC;45.1158697;7.7009337;Terreno agricolo;ND;Nessuno;Patrimonio indisponibile;Utilizzato direttamente;Attività agricola;;;;1;False
1865676;L219;214;;;9615.0;TERRENO;CORSO VERCELLI;SNC;45.1139111;7.7032056;Pascolo;ND;Nessuno;Patrimonio indisponibile;Utilizzato direttamente;Attività agricola;;;;1;False
1865677;L219;217;;;4558.0;TERRENO;CORSO VERCELLI;SNC;45.115326;7.7014637;Terreno agricolo;ND;Nessuno;Patrimonio indisponibile;Utilizzato direttamente;Attività agricola;;;;1;False
1865678;L219;219;;;769.0;TERRENO;CORSO VERCELLI;SNC;45.114938;7.7029855;Terreno agricolo;ND;Nessuno;Patrimonio indisponibile;Utilizzato direttamente;Attività agricola;;;;1;False
1865679;L219;220;;;375.0;TERRENO;CORSO VERCELLI;SNC;45.1147646;7.7014321;Terreno agricolo;ND;Nessuno;Patrimonio indisponibile;Utilizzato direttamente;Attività agricola;;;;1;False
1865681;L219;221;;;785.0;TERRENO;CORSO VERCELLI;SNC;45.1142533;7.702947;Terreno agricolo;ND;Nessuno;Patrimonio indisponibile;Utilizzato direttamente;Attività agricola;;;;1;False
1865682;L219;225;;;366.0;TERRENO;CORSO VERCELLI;SNC;45.1143767;7.7014717;Terreno boscato o con vegetazione di vario tipo;ND;Nessuno;Patrimonio indisponibile;Utilizzato direttamente;Altro;;;;1;False
1865683;L219;226;;;238.0;TERRENO;CORSO VERCELLI;SNC;45.1146311;7.7013728;Terreno boscato o con vegetazione di vario tipo;ND;Nessuno;Patrimonio indisponibile;Utilizzato direttamente;Altro;;;;1;False
1865684;L219;233;;;8890.0;TERRENO;CORSO VERCELLI;SNC;45.1133702;7.704386;Pascolo;ND;Nessuno;Patrimonio indisponibile;Utilizzato direttamente;Attività agricola;;;;1;False
1865685;L219;234;;;885.0;TERRENO;CORSO VERCELLI;SNC;45.1125184;7.7051647;Pascolo;ND;Nessuno;Patrimonio indisponibile;Utilizzato direttamente;Attività agricola;;;;1;False
1865686;L219;236;;;2190.0;TERRENO;CORSO VERCELLI;SNC;45.1142307;7.7045188;Terreno agricolo;ND;Nessuno;Patrimonio indisponibile;Utilizzato direttamente;Attività agricola;;;;1;False
1865687;L219;250;;;4511.0;TERRENO;VIA CAVAGNOLO;SNC;45.1155343;7.7030441;Terreno agricolo;ND;Nessuno;Patrimonio indisponibile;Utilizzato direttamente;Attività agricola;;;;1;False
1865688;L219;254;;;3185.0;TERRENO;VIA CAVAGNOLO;SNC;45.1151218;7.7039867;Terreno agricolo;ND;Nessuno;Patrimonio indisponibile;Utilizzato direttamente;Attività agricola;;;;1;False
1865689;L219;258;;;3.0;TERRENO;CORSO VERCELLI;SNC;45.1165135;7.703787;Terreno agricolo;ND;Nessuno;Patrimonio indisponibile;Utilizzato direttamente;Attività agricola;;;;1;False
1865690;L219;259;;;5686.0;TERRENO;VIA CAVAGNOLO;SNC;45.1149767;7.7046533;Terreno agricolo;ND;Nessuno;Patrimonio indisponibile;Utilizzato direttamente;Attività agricola;;;;1;False
1865691;L219;303;;;106.0;TERRENO;VIA CAVAGNOLO;SNC;45.1164381;7.7037217;Terreno agricolo;ND;Nessuno;Patrimonio indisponibile;Utilizzato direttamente;Attività agricola;;;;1;False
1865692;L219;304;;;90.0;TERRENO;VIA CAVAGNOLO;SNC;45.1163928;7.7037398;Terreno agricolo;ND;Nessuno;Patrimonio indisponibile;Utilizzato direttamente;Attività agricola;;;;1;False
1865694;L219;306;;;36.0;TERRENO;VIA CAVAGNOLO;SNC;45.1164628;7.7035872;Terreno agricolo;ND;Nessuno;Patrimonio indisponibile;Utilizzato direttamente;Attività agricola;;;;1;False
1865695;L219;307;;;10.0;TERRENO;VIA CAVAGNOLO;SNC;45.116457;7.7038809;Terreno agricolo;ND;Nessuno;Patrimonio indisponibile;Utilizzato direttamente;Attività agricola;;;;1;False
1865696;L219;317;;;4067.0;TERRENO;CORSO VERCELLI;SNC;45.1132402;7.7050191;Pascolo;ND;Nessuno;Patrimonio indisponibile;Utilizzato direttamente;Attività agricola;;;;1;False
1865697;L219;333;;;851.0;TERRENO;CORSO VERCELLI;SNC;45.1135774;7.7056452;Terreno agricolo;ND;Nessuno;Patrimonio indisponibile;Utilizzato direttamente;Attività agricola;;;;1;False
1865698;L219;363;;;330.0;TERRENO;VIA CAVAGNOLO;SNC;45.1163275;7.7037899;Terreno agricolo;ND;Nessuno;Patrimonio indisponibile;Utilizzato direttamente;Attività agricola;;;;1;False
1865699;L219;372;;;190.0;TERRENO;VIA CAVAGNOLO;SNC;45.1165404;7.7036161;Terreno agricolo;ND;Nessuno;Patrimonio indisponibile;Utilizzato direttamente;Attività agricola;;;;1;False
1865700;L219;373;;;33.0;TERRENO;VIA CAVAGNOLO;SNC;45.1165998;7.7036667;Terreno agricolo;ND;Nessuno;Patrimonio indisponibile;Utilizzato direttamente;Attività agricola;;;;1;False
1865701;L219;49;;;2870.0;TERRENO;CORSO VERCELLI;SNC;45.1130445;7.7053909;Pascolo;ND;Nessuno;Patrimonio indisponibile;Utilizzato direttamente;Attività agricola;;;;1;False
1865702;L219;52;;;1200.0;TERRENO;CORSO VERCELLI;SNC;45.1126542;7.7059583;Pascolo;ND;Nessuno;Patrimonio indisponibile;Utilizzato direttamente;Attività agricola;;;;1;False
1865704;L219;73;;;4733.0;TERRENO;CORSO VERCELLI;SNC;45.1137092;7.7027576;Pascolo;ND;Nessuno;Patrimonio indisponibile;Utilizzato direttamente;Attività agricola;;;;1;False
1865705;L219;80;;;780.0;TERRENO;CORSO VERCELLI;SNC;45.113632;7.7026215;Terreno agricolo;ND;Nessuno;Patrimonio indisponibile;Utilizzato direttamente;Attività agricola;;;;1;False
1865706;L219;85;;;3200.0;TERRENO;CORSO VERCELLI;SNC;45.1129334;7.7057103;Pascolo;ND;Nessuno;Patrimonio indisponibile;Utilizzato direttamente;Attività agricola;;;;1;False
1865707;L219;54;;;17334.0;TERRENO;STRADA ALLA VETTA DELLA MADDALENA;SNC;45.0392185;7.7118351;Terreno boscato o con vegetazione di vario tipo;ND;Nessuno;Patrimonio indisponibile;Utilizzato direttamente;Altro;;;;1;False
1865709;L219;57;;;7250.0;TERRENO;STRADA ALLA VETTA DELLA MADDALENA;SNC;45.0393263;7.7134322;Terreno boscato o con vegetazione di vario tipo;ND;Nessuno;Patrimonio indisponibile;Utilizzato direttamente;Altro;;;;1;False
1865710;L219;58;;;4158.0;TERRENO;STRADA ALLA VETTA DELLA MADDALENA;SNC;45.0391291;7.7139692;Terreno boscato o con vegetazione di vario tipo;ND;Nessuno;Patrimonio indisponibile;Utilizzato direttamente;Altro;;;;1;False
1865711;L219;61;;;4050.0;TERRENO;STRADA ALLA VETTA DELLA MADDALENA;SNC;45.0384304;7.713134;Terreno boscato o con vegetazione di vario tipo;ND;Nessuno;Patrimonio indisponibile;Utilizzato direttamente;Altro;;;;1;False
1865712;L219;62;;;3690.0;TERRENO;STRADA ALLA VETTA DELLA MADDALENA;SNC;45.0387647;7.7142814;Terreno boscato o con vegetazione di vario tipo;ND;Nessuno;Patrimonio indisponibile;Utilizzato direttamente;Altro;;;;1;False
1865713;L219;65;;;1230.0;TERRENO;STRADA ALLA VETTA DELLA MADDALENA;SNC;45.0376139;7.7142733;Terreno boscato o con vegetazione di vario tipo;ND;Nessuno;Patrimonio indisponibile;Utilizzato direttamente;Altro;;;;1;False
1865714;L219;317;;;960.0;TERRENO;VIA VALGIOIE;SNC;45.0769545;7.6225344;Terreno agricolo;ND;Nessuno;Patrimonio indisponibile;Utilizzato direttamente;Attività agricola;;;;1;False
1865715;L219;66;;;11180.0;TERRENO;STRADA ALLA VETTA DELLA MADDALENA;SNC;45.037427;7.7153737;Terreno boscato o con vegetazione di vario tipo;ND;Nessuno;Patrimonio indisponibile;Utilizzato direttamente;Altro;;;;1;False
1865716;L219;79;;;1290.0;TERRENO;STRADA ALLA VETTA DELLA MADDALENA;SNC;45.0385585;7.711612;Terreno boscato o con vegetazione di vario tipo;ND;Nessuno;Patrimonio indisponibile;Utilizzato direttamente;Altro;;;;1;False
1865717;L219;80;;;4140.0;TERRENO;STRADA ALLA VETTA DELLA MADDALENA;SNC;45.0384076;7.712198;Terreno boscato o con vegetazione di vario tipo;ND;Nessuno;Patrimonio indisponibile;Utilizzato direttamente;Altro;;;;1;False
1865718;L219;89;;;450.0;TERRENO;VIA COSSA PIETRO;SNC;45.0811614;7.6233441;Terreno agricolo;ND;Nessuno;Patrimonio indisponibile;Utilizzato direttamente;Attività agricola;;;;1;False
1865719;L219;81;;;8101.0;TERRENO;STRADA ALLA VETTA DELLA MADDALENA;SNC;45.038094;7.7139086;Terreno boscato o con vegetazione di vario tipo;ND;Nessuno;Patrimonio indisponibile;Utilizzato direttamente;Altro;;;;1;False
1865720;L219;149;;;603.0;TERRENO;STRADA VAL SALICE;SNC;45.0446295;7.712868;Terreno agricolo;ND;Nessuno;Patrimonio indisponibile;Utilizzato direttamente;Attività agricola;;;;1;False
1865721;L219;152;;;16.0;TERRENO;STRADA VAL SALICE;SNC;45.0437809;7.7160503;Terreno boscato o con vegetazione di vario tipo;ND;Nessuno;Patrimonio indisponibile;Utilizzato direttamente;Altro;;;;1;False
1865722;L219;56;;;11013.0;TERRENO;STRADA ALLA VETTA DELLA MADDALENA;SNC;45.0410503;7.7084364;Terreno boscato o con vegetazione di vario tipo;ND;Nessuno;Patrimonio indisponibile;Utilizzato direttamente;Altro;;;;1;False
1865723;L219;721;;;81.0;TERRENO;VIA CARRERA VALENTINO;SNC;45.0801756;7.6313087;Terreno agricolo;ND;Nessuno;Patrimonio indisponibile;Utilizzato direttamente;Attività agricola;;;;1;False
1865724;L219;57;;;1702.0;TERRENO;STRADA ALLA VETTA DELLA MADDALENA;SNC;45.0404349;7.7084852;Terreno boscato o con vegetazione di vario tipo;ND;Nessuno;Patrimonio indisponibile;Utilizzato direttamente;Altro;;;;1;False
1865725;L219;724;;;46.0;TERRENO;VIA CARRERA VALENTINO;SNC;45.0806662;7.6313024;Terreno agricolo;ND;Nessuno;Patrimonio indisponibile;Utilizzato direttamente;Attività agricola;;;;1;False
1865726;L219;58;;;494.0;TERRENO;STRADA ALLA VETTA DELLA MADDALENA;SNC;45.0406597;7.709249;Terreno boscato o con vegetazione di vario tipo;ND;Nessuno;Patrimonio indisponibile;Utilizzato direttamente;Altro;;;;1;False
1865727;L219;66;;;1430.0;TERRENO;STRADA ANTICA DI REVIGLIASCO;SNC;45.0441906;7.7031182;Terreno boscato o con vegetazione di vario tipo;ND;Nessuno;Patrimonio indisponibile;Utilizzato direttamente;Altro;;;;1;False
1865729;L219;1173;;;203.0;TERRENO;VIA CARRERA VALENTINO;SNC;45.0804912;7.6314799;Terreno agricolo;ND;Nessuno;Patrimonio indisponibile;Utilizzato direttamente;Attività agricola;;;;1;False
1865730;L219;67;;;1160.0;TERRENO;STRADA ANTICA DI REVIGLIASCO;SNC;45.0440826;7.7033579;Terreno boscato o con vegetazione di vario tipo;ND;Nessuno;Patrimonio indisponibile;Utilizzato direttamente;Altro;;;;1;False
1865731;L219;AP;;;500.0;TERRENO;VIA CARRERA VALENTINO;SNC;45.08008;7.62962;Terreno agricolo;ND;Nessuno;Demanio;Utilizzato direttamente;Attività agricola;;;;1;False
1865732;L219;68;;;8673.0;TERRENO;STRADA ANTICA DI REVIGLIASCO;SNC;45.0432369;7.7036432;Terreno agricolo;ND;Nessuno;Patrimonio indisponibile;Utilizzato direttamente;Attività agricola;;;;1;False
1865733;L219;AP;;;500.0;TERRENO;VIA CARRERA VALENTINO;SNC;45.08008;7.62962;Terreno agricolo;ND;Nessuno;Demanio;Utilizzato direttamente;Attività agricola;;;;1;False
1865734;L219;91;;;435.0;TERRENO;STRADA ALLA VETTA DELLA MADDALENA;SNC;45.0409267;7.707469;Terreno boscato o con vegetazione di vario tipo;ND;Nessuno;Patrimonio indisponibile;Utilizzato direttamente;Altro;;;;1;False
1865735;L219;92;;;540.0;TERRENO;STRADA ALLA VETTA DELLA MADDALENA;SNC;45.0405088;7.7081422;Terreno boscato o con vegetazione di vario tipo;ND;Nessuno;Patrimonio indisponibile;Utilizzato direttamente;Altro;;;;1;False
1865736;L219;24;;;300.0;TERRENO;VIALE SETTIMIO SEVERO;SNC;45.0472476;7.6973706;Terreno agricolo;ND;Nessuno;Patrimonio indisponibile;;Non Dichiarato;in locazione;803.0;01/03/2019;1;False
1865737;L219;36;;;7050.0;TERRENO;VIALE SETTIMIO SEVERO;SNC;45.0458892;7.701372;Terreno boscato o con vegetazione di vario tipo;ND;Nessuno;Patrimonio indisponibile;Utilizzato direttamente;Altro;;;;1;False
1865739;L219;61;;;2430.0;TERRENO;VIALE SETTIMIO SEVERO;SNC;45.0434675;7.6971614;Terreno agricolo;ND;Nessuno;Patrimonio indisponibile;Utilizzato direttamente;Attività agricola;;;;1;False
1865740;L219;83;;;83.0;TERRENO;VIALE SETTIMIO SEVERO;SNC;45.0437068;7.6973005;Terreno boscato o con vegetazione di vario tipo;ND;Nessuno;Patrimonio indisponibile;Utilizzato direttamente;Altro;;;;1;False
1865741;L219;1;;;500.0;TERRENO;STRADA DI SAN VITO REVIGLIASCO;SNC;45.0482045;7.6912202;Terreno boscato o con vegetazione di vario tipo;ND;Nessuno;Patrimonio indisponibile;Utilizzato direttamente;Altro;;;;1;False
1865742;L219;23;;;6770.0;TERRENO;VIALE SETTIMIO SEVERO;SNC;45.0469642;7.6956347;Terreno agricolo;ND;Nessuno;Patrimonio indisponibile;Utilizzato direttamente;Attività agricola;;;;1;False
1865743;L219;28;;;4670.0;TERRENO;VIALE SETTIMIO SEVERO;SNC;45.0463757;7.6945173;Terreno agricolo;ND;Nessuno;Patrimonio indisponibile;Utilizzato direttamente;Attività agricola;;;;1;False
1865744;L219;29;;;32780.0;TERRENO;VIALE SETTIMIO SEVERO;SNC;45.0463133;7.6962374;Terreno agricolo;ND;Nessuno;Patrimonio indisponibile;Utilizzato direttamente;Attività agricola;;;;1;False
1865745;L219;215;;;10178.0;TERRENO;VIALE SETTIMIO SEVERO;SNC;45.0443282;7.6969119;Terreno agricolo;ND;Nessuno;Patrimonio indisponibile;Utilizzato direttamente;Attività agricola;;;;1;False
1865746;L219;7;;;1260.0;TERRENO;STRADA DI SAN VITO REVIGLIASCO;SNC;45.0479334;7.6937686;Terreno agricolo;ND;Nessuno;Patrimonio indisponibile;Utilizzato direttamente;Attività agricola;;;;1;False
1865747;L219;72;;;610.0;TERRENO;STRADA DI SAN VITO REVIGLIASCO;SNC;45.0438993;7.6961781;Pascolo;ND;Nessuno;Patrimonio indisponibile;Utilizzato direttamente;Attività agricola;;;;1;False
1865748;L219;79;;;1350.0;TERRENO;STRADA DI SAN VITO REVIGLIASCO;SNC;45.0432401;7.6932046;Terreno agricolo;ND;Nessuno;Patrimonio indisponibile;Utilizzato direttamente;Attività agricola;;;;1;False
1865749;L219;86;;;1032.0;TERRENO;VIALE SETTIMIO SEVERO;SNC;45.043033;7.6965619;Terreno boscato o con vegetazione di vario tipo;ND;Nessuno;Patrimonio indisponibile;Utilizzato direttamente;Altro;;;;1;False
1865750;L219;88;;;2630.0;TERRENO;STRADA DI SAN VITO REVIGLIASCO;SNC;45.0431122;7.6933524;Terreno agricolo;ND;Nessuno;Patrimonio indisponibile;Utilizzato direttamente;Attività agricola;;;;1;False
1865752;L219;10;;;15580.0;TERRENO;corso moncalieri;147;45.0454999;7.6876404;Terreno agricolo;ND;Nessuno;Patrimonio indisponibile;Utilizzato direttamente;Attività agricola;;;;1;False
1865753;L219;12;;;2200.0;TERRENO;corso moncalieri;147;45.0452355;7.6887344;Terreno agricolo;ND;Nessuno;Patrimonio indisponibile;Utilizzato direttamente;Attività agricola;;;;1;False
1865754;L219;3;;;9860.0;TERRENO;corso moncalieri;147;45.0461286;7.6889837;Terreno boscato o con vegetazione di vario tipo;ND;Nessuno;Patrimonio indisponibile;Utilizzato direttamente;Altro;;;;1;False
1865755;L219;41;;;4780.0;TERRENO;corso moncalieri;147;45.0459141;7.6911556;Terreno boscato o con vegetazione di vario tipo;ND;Nessuno;Patrimonio indisponibile;Utilizzato direttamente;Altro;;;;1;False
1865756;L219;42;;;400.0;TERRENO;corso moncalieri;147;45.0458703;7.6917872;Terreno boscato o con vegetazione di vario tipo;ND;Nessuno;Patrimonio indisponibile;Utilizzato direttamente;Altro;;;;1;False
1865757;L219;8;;;3060.0;TERRENO;CORSO MONCALIERI;SNC;45.0456982;7.6861929;Terreno boscato o con vegetazione di vario tipo;ND;Nessuno;Patrimonio indisponibile;Utilizzato direttamente;Altro;;;;1;False
1865762;L219;142;;;1380.0;TERRENO;VIA ZINI ZINO GIACOMO;SNC;45.0375151;7.6613299;Terreno agricolo;ND;Nessuno;Patrimonio indisponibile;Utilizzato direttamente;Attività agricola;;;;1;False
1865763;L219;129;;;1156.0;TERRENO;LUNGO STURA LAZIO;SNC;45.1066776;7.7167386;Terreno urbano;ND;Nessuno;Patrimonio indisponibile;Utilizzato direttamente;Altro;;;;1;False
1865764;L219;144;;;10.0;TERRENO;VIA ZINI ZINO GIACOMO;SNC;45.04064;7.6631341;Terreno agricolo;ND;Nessuno;Patrimonio indisponibile;Utilizzato direttamente;Attività agricola;;;;1;False
1865765;L219;130;;;768.0;TERRENO;LUNGO STURA LAZIO;SNC;45.1056788;7.7181283;Terreno urbano;ND;Nessuno;Patrimonio indisponibile;Utilizzato direttamente;Altro;;;;1;False
1865767;L219;1;;;89440.0;TERRENO;CORSO IV NOVEMBRE;SNC;45.0459286;7.6544651;Terreno agricolo;ND;Nessuno;Patrimonio indisponibile;Utilizzato direttamente;Attività agricola;;;;1;False
1865769;L219;435;;;387.0;TERRENO;STRADA DI ALTESSANO;SNC;45.1088611;7.6455514;Terreno agricolo;ND;Nessuno;Patrimonio indisponibile;Utilizzato direttamente;Attività agricola;;;;1;False
1865775;L219;447;;;967.0;TERRENO;STRADA DI ALTESSANO;SNC;45.1104802;7.6463071;Terreno agricolo;ND;Nessuno;Patrimonio indisponibile;Utilizzato direttamente;Attività agricola;;;;1;False
1865777;L219;11;;;666.0;TERRENO;CORSO ALLAMANO GIUSEPPE CANONICO;SNC;45.0511898;7.6212771;Terreno agricolo;ND;Nessuno;Patrimonio indisponibile;Utilizzato direttamente;Attività agricola;;;;1;False
1865778;L219;124;;;1290.0;TERRENO;CORSO ALLAMANO GIUSEPPE CANONICO;SNC;45.0467909;7.6181168;Terreno agricolo;ND;Nessuno;Patrimonio indisponibile;Utilizzato direttamente;Attività agricola;;;;1;False
1865780;L219;149;;;305.0;TERRENO;CORSO ALLAMANO GIUSEPPE CANONICO;SNC;45.0517462;7.623536;Terreno agricolo;ND;Nessuno;Patrimonio indisponibile;Utilizzato direttamente;Attività agricola;;;;1;False
1865781;L219;150;;;22.0;TERRENO;CORSO ALLAMANO GIUSEPPE CANONICO;SNC;45.0513026;7.6233994;Terreno agricolo;ND;Nessuno;Patrimonio indisponibile;Utilizzato direttamente;Attività agricola;;;;1;False
1865782;L219;152;;;1075.0;TERRENO;CORSO ALLAMANO GIUSEPPE CANONICO;SNC;45.051274;7.6241681;Terreno agricolo;ND;Nessuno;Patrimonio indisponibile;Utilizzato direttamente;Attività agricola;;;;1;False
1865784;L219;464;;;334.0;TERRENO;STRADA DI ALTESSANO;SNC;45.1091613;7.6457721;Terreno agricolo;ND;Nessuno;Patrimonio indisponibile;Utilizzato direttamente;Attività agricola;;;;1;False
1865786;L219;465;;;557.0;TERRENO;STRADA DI ALTESSANO;SNC;45.1088519;7.6457579;Terreno agricolo;ND;Nessuno;Patrimonio indisponibile;Utilizzato direttamente;Attività agricola;;;;1;False
1865787;L219;157;;;10960.0;TERRENO;CORSO ALLAMANO GIUSEPPE CANONICO;SNC;45.0502033;7.6214651;Terreno agricolo;ND;Nessuno;Patrimonio indisponibile;Utilizzato direttamente;Attività agricola;;;;1;False
1865788;L219;27;;;338.0;TERRENO;STRADA AI DRUENTO;SNC;45.1072066;7.6357674;Terreno agricolo;ND;Nessuno;Patrimonio indisponibile;Utilizzato direttamente;Attività agricola;;;;1;False
1865789;L219;159;;;1482.0;TERRENO;CORSO ALLAMANO GIUSEPPE CANONICO;SNC;45.0487229;7.619542;Terreno agricolo;ND;Nessuno;Patrimonio indisponibile;Utilizzato direttamente;Attività agricola;;;;1;False
1865790;L219;31;;;640.0;TERRENO;STRADA AI DRUENTO;SNC;45.1071921;7.636208;Terreno agricolo;ND;Nessuno;Patrimonio indisponibile;Utilizzato direttamente;Attività agricola;;;;1;False
1865791;L219;34;;;590.0;TERRENO;STRADA AI DRUENTO;SNC;45.1071617;7.6367424;Terreno agricolo;ND;Nessuno;Patrimonio indisponibile;Utilizzato direttamente;Attività agricola;;;;1;False
1865792;L219;161;;;142.0;TERRENO;CORSO ALLAMANO GIUSEPPE CANONICO;SNC;45.0480601;7.6202174;Terreno agricolo;ND;Nessuno;Patrimonio indisponibile;Utilizzato direttamente;Attività agricola;;;;1;False
1865794;L219;35;;;490.0;TERRENO;STRADA AI DRUENTO;SNC;45.1071387;7.6371859;Terreno agricolo;ND;Nessuno;Patrimonio indisponibile;Utilizzato direttamente;Attività agricola;;;;1;False
1865795;L219;162;;;8800.0;TERRENO;CORSO ALLAMANO GIUSEPPE CANONICO;SNC;45.0471565;7.6190294;Terreno agricolo;ND;Nessuno;Patrimonio indisponibile;Utilizzato direttamente;Attività agricola;;;;1;False
1865796;L219;38;;;140.0;TERRENO;CORSO GROSSETO;SNC;45.1048351;7.6396497;Terreno agricolo;ND;Nessuno;Patrimonio indisponibile;Utilizzato direttamente;Attività agricola;;;;1;False
1865797;L219;22;;;1580.0;TERRENO;CORSO ALLAMANO GIUSEPPE CANONICO;SNC;45.0504211;7.6223337;Terreno agricolo;ND;Nessuno;Patrimonio indisponibile;Utilizzato direttamente;Attività agricola;;;;1;False
1865798;L219;23;;;2550.0;TERRENO;CORSO ALLAMANO GIUSEPPE CANONICO;SNC;45.0499538;7.6220386;Terreno agricolo;ND;Nessuno;Patrimonio indisponibile;Utilizzato direttamente;Attività agricola;;;;1;False
1865800;L219;25;;;2090.0;TERRENO;CORSO ALLAMANO GIUSEPPE CANONICO;SNC;45.0500523;7.6225933;Terreno agricolo;ND;Nessuno;Patrimonio indisponibile;Utilizzato direttamente;Attività agricola;;;;1;False
1865802;L219;27;;;5097.0;TERRENO;CORSO ALLAMANO GIUSEPPE CANONICO;SNC;45.0499685;7.623173;Terreno agricolo;ND;Nessuno;Patrimonio indisponibile;Utilizzato direttamente;Attività agricola;;;;1;False
1865805;L219;115;;;404.0;TERRENO;corso vercelli;306;45.1126016;7.6986794;Terreno agricolo;ND;Nessuno;Patrimonio indisponibile;Utilizzato direttamente;Attività agricola;;;;1;False
1865806;L219;116;;;6760.0;TERRENO;CORSO VERCELLI;SNC;45.1124661;7.6977248;Terreno boscato o con vegetazione di vario tipo;ND;Nessuno;Patrimonio indisponibile;Utilizzato direttamente;Altro;;;;1;False
1865807;L219;119;;;4862.0;TERRENO;corso vercelli;306;45.1119511;7.6992222;Terreno agricolo;ND;Nessuno;Patrimonio indisponibile;Utilizzato direttamente;Attività agricola;;;;1;False
1865808;L219;144;;;1030.0;TERRENO;CORSO VERCELLI;SNC;45.1146117;7.6983819;Terreno agricolo;ND;Nessuno;Patrimonio indisponibile;Utilizzato direttamente;Attività agricola;;;;1;False
1865809;L219;148;;;1045.0;TERRENO;Via Germagnano;9;45.114843;7.6961332;Terreno agricolo;ND;Nessuno;Patrimonio disponibile;Utilizzato direttamente;Attività agricola;;;;1;False
1865810;L219;152;;;2770.0;TERRENO;corso vercelli;306;45.112681;7.7002935;Terreno agricolo;ND;Nessuno;Patrimonio indisponibile;Utilizzato direttamente;Attività agricola;;;;1;False
1865811;L219;153;;;1330.0;TERRENO;corso vercelli;306;45.1125645;7.7006443;Terreno agricolo;ND;Nessuno;Patrimonio indisponibile;Utilizzato direttamente;Attività agricola;;;;1;False
1865812;L219;154;;;2500.0;TERRENO;corso vercelli;306;45.1124094;7.7009847;Terreno agricolo;ND;Nessuno;Patrimonio indisponibile;Utilizzato direttamente;Attività agricola;;;;1;False
1865813;L219;155;;;640.0;TERRENO;corso vercelli;306;45.1123957;7.7000118;Terreno agricolo;ND;Nessuno;Patrimonio indisponibile;Utilizzato direttamente;Attività agricola;;;;1;False
1865814;L219;156;;;660.0;TERRENO;corso vercelli;306;45.1122658;7.7003397;Terreno agricolo;ND;Nessuno;Patrimonio indisponibile;Utilizzato direttamente;Attività agricola;;;;1;False
1865815;L219;174;;;1090.0;TERRENO;Via Germagnano;9;45.1149044;7.6958455;Terreno boscato o con vegetazione di vario tipo;ND;Nessuno;Patrimonio disponibile;Utilizzato direttamente;Altro;;;;1;False
1865817;L219;175;;;730.0;TERRENO;corso vercelli;306;45.113116;7.699561;Terreno agricolo;ND;Nessuno;Patrimonio indisponibile;Utilizzato direttamente;Attività agricola;;;;1;False
1865818;L219;176;;;115.0;TERRENO;CORSO VERCELLI;SNC;45.1144535;7.6993033;Terreno agricolo;ND;Nessuno;Patrimonio indisponibile;Utilizzato direttamente;Attività agricola;;;;1;False
1865819;L219;179;;;616.0;TERRENO;CORSO VERCELLI;SNC;45.1121438;7.6954624;Terreno agricolo;ND;Nessuno;Patrimonio indisponibile;Utilizzato direttamente;Attività agricola;;;;1;False
1865820;L219;184;;;1340.0;TERRENO;corso vercelli;306;45.1120852;7.7007809;Terreno agricolo;ND;Nessuno;Patrimonio indisponibile;Utilizzato direttamente;Attività agricola;;;;1;False
1865821;L219;186;;;360.0;TERRENO;VIA GERMAGNANO;SNC;45.117399;7.6994413;Terreno boscato o con vegetazione di vario tipo;ND;Nessuno;Patrimonio indisponibile;;Non Dichiarato;in concessione a titolo oneroso;123.0;01/05/2012;1;False
1865822;L219;196;;;97.0;TERRENO;VIA GERMAGNANO;SNC;45.1155297;7.698656;Terreno boscato o con vegetazione di vario tipo;ND;Nessuno;Patrimonio indisponibile;Utilizzato direttamente;Altro;;;;1;False
1865823;L219;198;;;204.0;TERRENO;VIA GERMAGNANO;SNC;45.1150911;7.6987885;Terreno agricolo;ND;Nessuno;Patrimonio indisponibile;Utilizzato direttamente;Attività agricola;;;;1;False
1865825;L219;2;;;1170.0;TERRENO;VIA GERMAGNANO;SNC;45.1176577;7.6996395;Terreno boscato o con vegetazione di vario tipo;ND;Nessuno;Patrimonio indisponibile;Utilizzato direttamente;Altro;;;;1;False
1865826;L219;209;;;332.0;TERRENO;VIA GERMAGNANO;SNC;45.1169417;7.6969811;Terreno agricolo;ND;Nessuno;Patrimonio indisponibile;Utilizzato direttamente;Attività agricola;;;;1;False
1865827;L219;215;;;9146.0;TERRENO;VIA GERMAGNANO;SNC;45.1172304;7.6982179;Terreno agricolo;ND;Nessuno;Patrimonio indisponibile;;Non Dichiarato;in concessione a titolo oneroso;725.0;01/07/2011;1;False
1865829;L219;AP;;;208.0;TERRENO;VIA GALVANI LUIGI;SNC;45.08107;7.66122;Terreno urbano;ND;Nessuno;Demanio;Utilizzato direttamente;Attività agricola;;;;1;False
1865830;L219;222;;;9042.0;TERRENO;VIA GERMAGNANO;SNC;45.1167122;7.6959818;Terreno agricolo;ND;Nessuno;Patrimonio indisponibile;Utilizzato direttamente;Attività agricola;;;;1;False
1865831;L219;224;;;1890.0;TERRENO;VIA GERMAGNANO;SNC;45.1161961;7.6960033;Pascolo;ND;Nessuno;Patrimonio indisponibile;Utilizzato direttamente;Attività agricola;;;;1;False
1865832;L219;27;;;4330.0;TERRENO;Via Germagnano;9;45.1152663;7.6971298;Terreno agricolo;ND;Nessuno;Patrimonio disponibile;Utilizzato direttamente;Attività agricola;;;;1;False
1865833;L219;4;;;460.0;TERRENO;VIA GERMAGNANO;SNC;45.117457;7.6995836;Terreno boscato o con vegetazione di vario tipo;ND;Nessuno;Patrimonio indisponibile;;Non Dichiarato;in concessione a titolo oneroso;123.0;01/05/2012;1;False
1865834;L219;43;;;1300.0;TERRENO;CORSO VERCELLI;SNC;45.1160629;7.7003882;Terreno agricolo;ND;Nessuno;Patrimonio indisponibile;Utilizzato direttamente;Attività agricola;;;;1;False
1865835;L219;5;;;110.0;TERRENO;VIA GERMAGNANO;SNC;45.1174513;7.6997355;Terreno agricolo;ND;Nessuno;Patrimonio indisponibile;;Non Dichiarato;in concessione a titolo oneroso;123.0;01/05/2012;1;False
1865836;L219;63;;;330.0;TERRENO;CORSO VERCELLI;SNC;45.1147803;7.699261;Terreno agricolo;ND;Nessuno;Patrimonio indisponibile;Utilizzato direttamente;Attività agricola;;;;1;False
1865837;L219;64;;;470.0;TERRENO;CORSO VERCELLI;SNC;45.1147045;7.6994705;Terreno agricolo;ND;Nessuno;Patrimonio indisponibile;Utilizzato direttamente;Attività agricola;;;;1;False
1865838;L219;65;;;600.0;TERRENO;CORSO VERCELLI;SNC;45.1145142;7.6992685;Terreno agricolo;ND;Nessuno;Patrimonio indisponibile;Utilizzato direttamente;Attività agricola;;;;1;False
1865839;L219;70;;;5144.0;TERRENO;CORSO VERCELLI;SNC;45.1148158;7.6998224;Terreno agricolo;ND;Nessuno;Patrimonio indisponibile;Utilizzato direttamente;Attività agricola;;;;1;False
1865840;L219;78;;;36.0;TERRENO;CORSO VERCELLI;SNC;45.11461;7.7004704;Terreno agricolo;ND;Nessuno;Patrimonio indisponibile;Utilizzato direttamente;Attività agricola;;;;1;False
1865841;L219;80;;;910.0;TERRENO;CORSO VERCELLI;SNC;45.1142947;7.6998938;Terreno agricolo;ND;Nessuno;Patrimonio indisponibile;Utilizzato direttamente;Attività agricola;;;;1;False
1865843;L219;82;;;450.0;TERRENO;CORSO VERCELLI;SNC;45.1156155;7.7004006;Terreno agricolo;ND;Nessuno;Patrimonio indisponibile;Utilizzato direttamente;Attività agricola;;;;1;False
1865844;L219;84;;;920.0;TERRENO;CORSO VERCELLI;SNC;45.1156662;7.7006978;Terreno agricolo;ND;Nessuno;Patrimonio indisponibile;Utilizzato direttamente;Attività agricola;;;;1;False
1865845;L219;85;;;200.0;TERRENO;CORSO VERCELLI;SNC;45.1154553;7.7003203;Terreno agricolo;ND;Nessuno;Patrimonio indisponibile;Utilizzato direttamente;Attività agricola;;;;1;False
1865846;L219;87;;;810.0;TERRENO;CORSO VERCELLI;SNC;45.1154464;7.7007793;Terreno agricolo;ND;Nessuno;Patrimonio indisponibile;Utilizzato direttamente;Attività agricola;;;;1;False
1865847;L219;89;;;1260.0;TERRENO;CORSO VERCELLI;SNC;45.1152251;7.7009543;Terreno agricolo;ND;Nessuno;Patrimonio indisponibile;Utilizzato direttamente;Attività agricola;;;;1;False
1865848;L219;90;;;360.0;TERRENO;CORSO VERCELLI;SNC;45.1150909;7.7005715;Terreno agricolo;ND;Nessuno;Patrimonio indisponibile;Utilizzato direttamente;Attività agricola;;;;1;False
1865849;L219;95;;;760.0;TERRENO;CORSO VERCELLI;SNC;45.1148648;7.7007669;Terreno agricolo;ND;Nessuno;Patrimonio indisponibile;Utilizzato direttamente;Attività agricola;;;;1;False
1865850;L219;96;;;1060.0;TERRENO;CORSO VERCELLI;SNC;45.114857;7.7012018;Terreno agricolo;ND;Nessuno;Patrimonio indisponibile;Utilizzato direttamente;Attività agricola;;;;1;False
1865851;L219;97;;;930.0;TERRENO;CORSO VERCELLI;SNC;45.114612;7.7008987;Terreno agricolo;ND;Nessuno;Patrimonio indisponibile;Utilizzato direttamente;Attività agricola;;;;1;False
1865852;L219;98;;;2700.0;TERRENO;CORSO VERCELLI;SNC;45.1142019;7.7010893;Terreno agricolo;ND;Nessuno;Patrimonio indisponibile;Utilizzato direttamente;Attività agricola;;;;1;False
1865853;L219;156;;;680.0;TERRENO;VIA REISS ROMOLI GUGLIELMO;SNC;45.1109003;7.6854686;Terreno agricolo;ND;Nessuno;Patrimonio indisponibile;Utilizzato direttamente;Attività agricola;;;;1;False
1865854;L219;167;;;420.0;TERRENO;VIA REISS ROMOLI GUGLIELMO;SNC;45.1108497;7.6853864;Pascolo;ND;Nessuno;Patrimonio indisponibile;Utilizzato direttamente;Attività agricola;;;;1;False
1865855;L219;192;;;273.0;TERRENO;VIA REISS ROMOLI GUGLIELMO;SNC;45.1096985;7.6852456;Terreno boscato o con vegetazione di vario tipo;ND;Nessuno;Patrimonio indisponibile;Utilizzato direttamente;Altro;;;;1;False
1865856;L219;194;;;1803.0;TERRENO;VIA REISS ROMOLI GUGLIELMO;SNC;45.1099312;7.6854895;Terreno boscato o con vegetazione di vario tipo;ND;Nessuno;Patrimonio indisponibile;Utilizzato direttamente;Altro;;;;1;False
1865858;L219;217;;;1219.0;TERRENO;VIA REISS ROMOLI GUGLIELMO;SNC;45.1102592;7.6855097;Terreno agricolo;ND;Nessuno;Patrimonio indisponibile;Utilizzato direttamente;Attività agricola;;;;1;False
1865859;L219;107;;;325.0;TERRENO;VIA REISS ROMOLI GUGLIELMO;SNC;45.1107711;7.6755328;Pascolo;ND;Nessuno;Patrimonio indisponibile;Utilizzato direttamente;Attività agricola;;;;1;False
1865860;L219;116;;;113.0;TERRENO;VIA REISS ROMOLI GUGLIELMO;SNC;45.1108121;7.6751827;Pascolo;ND;Nessuno;Patrimonio indisponibile;Utilizzato direttamente;Attività agricola;;;;1;False
1865861;L219;117;;;124.0;TERRENO;VIA REISS ROMOLI GUGLIELMO;SNC;45.1107903;7.6753009;Pascolo;ND;Nessuno;Patrimonio indisponibile;Utilizzato direttamente;Attività agricola;;;;1;False
1865862;L219;118;;;43.0;TERRENO;VIA REISS ROMOLI GUGLIELMO;SNC;45.1107546;7.6754283;Pascolo;ND;Nessuno;Patrimonio indisponibile;Utilizzato direttamente;Attività agricola;;;;1;False
1865863;L219;123;;;161.0;TERRENO;VIA REISS ROMOLI GUGLIELMO;SNC;45.1107456;7.6758751;Pascolo;ND;Nessuno;Patrimonio indisponibile;Utilizzato direttamente;Attività agricola;;;;1;False
1865864;L219;125;;;1954.0;TERRENO;VIA REISS ROMOLI GUGLIELMO;SNC;45.1106879;7.6763511;Pascolo;ND;Nessuno;Patrimonio indisponibile;Utilizzato direttamente;Attività agricola;;;;1;False
1865865;L219;129;;;2774.0;TERRENO;VIA DE MARCHI EMILIO;SNC;45.1079314;7.6739687;Terreno agricolo;ND;Nessuno;Patrimonio indisponibile;Utilizzato direttamente;Attività agricola;;;;1;False
1865866;L219;237;;;1176.0;TERRENO;VIA DE MARCHI EMILIO;SNC;45.1080598;7.6744978;Terreno agricolo;ND;Nessuno;Patrimonio indisponibile;Utilizzato direttamente;Attività agricola;;;;1;False
1865867;L219;238;;;114.0;TERRENO;VIA DE MARCHI EMILIO;SNC;45.1081013;7.674613;Terreno agricolo;ND;Nessuno;Patrimonio indisponibile;Utilizzato direttamente;Attività agricola;;;;1;False
1865868;L219;15;;;5120.0;TERRENO;VIA VERONESE PAOLO;SNC;45.1116782;7.6697145;Terreno agricolo;ND;Nessuno;Patrimonio indisponibile;Utilizzato direttamente;Attività agricola;;;;1;False
1865869;L219;3;;;10740.0;TERRENO;STRADA DELLA CAMPAGNA;SNC;45.1121633;7.6656887;Pascolo;ND;Nessuno;Patrimonio indisponibile;Utilizzato direttamente;Attività agricola;;;;1;False
1865870;L219;28;;;66870.0;TERRENO;STRADA DELLA CAMPAGNA;SNC;45.1159174;7.6710832;Pascolo;ND;Nessuno;Patrimonio indisponibile;Utilizzato direttamente;Attività agricola;;;;1;False
1865871;L219;30;;;51420.0;TERRENO;STRADA DELLA CAMPAGNA;SNC;45.1140173;7.6671423;Pascolo;ND;Nessuno;Patrimonio indisponibile;Utilizzato direttamente;Attività agricola;;;;1;False
1865872;L219;31;;;1520.0;TERRENO;STRADA DELLA CAMPAGNA;SNC;45.1124923;7.6670568;Terreno boscato o con vegetazione di vario tipo;ND;Nessuno;Patrimonio indisponibile;Utilizzato direttamente;Altro;;;;1;False
1865873;L219;42;;;7480.0;TERRENO;STRADA DELLA CAMPAGNA;SNC;45.1163951;7.6716985;Pascolo;ND;Nessuno;Patrimonio indisponibile;Utilizzato direttamente;Attività agricola;;;;1;False
1865874;L219;49;;;2525.0;TERRENO;VIA SCHIAPPARELLI GIOVANNI VIRGILIO;SNC;45.1133713;7.6729895;Terreno agricolo;ND;Nessuno;Patrimonio indisponibile;Utilizzato direttamente;Attività agricola;;;;1;False
1865876;L219;373;;;1312.0;TERRENO;STRADA DELLA CAMPAGNA;SNC;45.1123871;7.6619631;Terreno agricolo;ND;Nessuno;Patrimonio indisponibile;Utilizzato direttamente;Attività agricola;;;;1;False
1865877;L219;626;;;1479.0;TERRENO;STRADA DELLA CAMPAGNA;SNC;45.1117383;7.6648719;Terreno agricolo;ND;Nessuno;Patrimonio indisponibile;Utilizzato direttamente;Attività agricola;;;;1;False
1865883;L219;70;;;1820.0;TERRENO;VIA VENARIA;SNC;45.11043348;7.65916375;Terreno agricolo;ND;Nessuno;Patrimonio indisponibile;Utilizzato direttamente;Attività agricola;;;;1;False
1865884;L219;365;;;2520.0;TERRENO;VIA CUNIBERTI VITTORIO;SNC;45.1077268;7.6569777;Terreno agricolo;ND;Nessuno;Patrimonio indisponibile;Utilizzato direttamente;Attività agricola;;;;1;False
1865885;L219;387;;;3300.0;TERRENO;VIA CUNIBERTI VITTORIO;SNC;45.1070697;7.6561062;Terreno agricolo;ND;Nessuno;Patrimonio indisponibile;Utilizzato direttamente;Attività agricola;;;;1;False
1865886;L219;491;;;2011.0;TERRENO;VIA BADINI CONFALONIERI ALFONSO;SNC;45.1120298;7.6521537;Terreno agricolo;ND;Nessuno;Patrimonio indisponibile;Utilizzato direttamente;Attività agricola;;;;1;False
1865887;L219;427;;;1580.0;TERRENO;VIA BADINI CONFALONIERI ALFONSO;SNC;45.1120102;7.6538801;Terreno urbano;ND;Nessuno;Patrimonio indisponibile;;Non Dichiarato;in concessione a titolo oneroso;4607.0;01/11/2020;1;False
1865889;L219;454;;;1694.0;TERRENO;VIA BADINI CONFALONIERI ALFONSO;SNC;45.1086541;7.6572435;Terreno agricolo;ND;Nessuno;Patrimonio indisponibile;Utilizzato direttamente;Attività agricola;;;;1;False
1865890;L219;476;;;1280.0;TERRENO;VIA CUNIBERTI VITTORIO;SNC;45.1067856;7.656107;Terreno agricolo;ND;Nessuno;Patrimonio indisponibile;Utilizzato direttamente;Attività agricola;;;;1;False
1865891;L219;258;;;1233.0;TERRENO;STRADA DI ALTESSANO;SNC;45.1077185;7.6474832;Terreno agricolo;ND;Nessuno;Patrimonio indisponibile;Utilizzato direttamente;Attività agricola;;;;1;False
1865892;L219;260;;;1565.0;TERRENO;STRADA DI ALTESSANO;SNC;45.1074259;7.6473935;Terreno agricolo;ND;Nessuno;Patrimonio indisponibile;Utilizzato direttamente;Attività agricola;;;;1;False
1865893;L219;400;;;14.0;TERRENO;Strada Altessano;216;45.106789;7.6462858;Terreno agricolo;ND;Nessuno;Patrimonio indisponibile;;Non Dichiarato;in concessione a titolo oneroso;1746.0;01/07/2019;1;False
1865895;L219;432;;;619.0;TERRENO;STRADA DI ALTESSANO;SNC;45.1093653;7.6466846;Terreno agricolo;ND;Nessuno;Patrimonio indisponibile;Utilizzato direttamente;Attività agricola;;;;1;False
1865897;L219;433;;;241.0;TERRENO;STRADA DI ALTESSANO;SNC;45.1091655;7.6455708;Terreno agricolo;ND;Nessuno;Patrimonio indisponibile;Utilizzato direttamente;Attività agricola;;;;1;False
1865899;L219;1;;;97715.0;TERRENO;CORSO IV NOVEMBRE;SNC;45.044016;7.6529652;Terreno agricolo;ND;Nessuno;Patrimonio indisponibile;Utilizzato direttamente;Attività agricola;;;;1;False
1865901;L219;124;;;2180.0;TERRENO;VIA NUORO;SNC;45.045703;7.6314895;Terreno urbano;ND;Nessuno;Patrimonio indisponibile;Utilizzato direttamente;Altro;;;;1;False
1865904;L219;458;;;538.0;TERRENO;STRADA DI ALTESSANO;SNC;45.1103053;7.6462837;Terreno agricolo;ND;Nessuno;Patrimonio indisponibile;Utilizzato direttamente;Attività agricola;;;;1;False
1865905;L219;563;;;10.0;TERRENO;CORSO CINCINNATO LUCIO QUINZIO;SNC;45.1053662;7.6496402;Terreno agricolo;ND;Nessuno;Patrimonio indisponibile;Utilizzato direttamente;Attività agricola;;;;1;False
1865906;L219;603;;;116.0;TERRENO;CORSO CINCINNATO L. QUINZIO;SNC;45.1050958;7.6492611;Terreno agricolo;ND;Nessuno;Patrimonio indisponibile;Utilizzato direttamente;Attività agricola;;;;1;False
1865907;L219;50;;;7560.0;TERRENO;CORSO GROSSETO;SNC;45.1050577;7.642261;Terreno agricolo;ND;Nessuno;Patrimonio indisponibile;Utilizzato direttamente;Attività agricola;;;;1;False
1865909;L219;51;;;190.0;TERRENO;CORSO GROSSETO;SNC;45.1049206;7.6428545;Terreno agricolo;ND;Nessuno;Patrimonio indisponibile;Utilizzato direttamente;Attività agricola;;;;1;False
1865910;L219;64;;;230.0;TERRENO;CORSO GROSSETO;SNC;45.1053477;7.6429954;Terreno agricolo;ND;Nessuno;Patrimonio indisponibile;Utilizzato direttamente;Attività agricola;;;;1;False
1865911;L219;67;;;3340.0;TERRENO;CORSO GROSSETO;SNC;45.1058174;7.6424126;Terreno agricolo;ND;Nessuno;Patrimonio indisponibile;Utilizzato direttamente;Attività agricola;;;;1;False
1865912;L219;68;;;1164.0;TERRENO;CORSO GROSSETO;SNC;45.1055308;7.6427951;Terreno agricolo;ND;Nessuno;Patrimonio indisponibile;Utilizzato direttamente;Attività agricola;;;;1;False
1865913;L219;75;;;1964.0;TERRENO;CORSO GROSSETO;SNC;45.1048944;7.6430568;Terreno agricolo;ND;Nessuno;Patrimonio indisponibile;Utilizzato direttamente;Attività agricola;;;;1;False
1865914;L219;77;;;1900.0;TERRENO;CORSO GROSSETO;SNC;45.1051614;7.6434308;Terreno agricolo;ND;Nessuno;Patrimonio indisponibile;Utilizzato direttamente;Attività agricola;;;;1;False
1865915;L219;82;;;100.0;TERRENO;CORSO GROSSETO;SNC;45.1047568;7.6413031;Terreno agricolo;ND;Nessuno;Patrimonio indisponibile;Utilizzato direttamente;Attività agricola;;;;1;False
1865916;L219;84;;;437.0;TERRENO;CORSO GROSSETO;SNC;45.1060351;7.6404317;Terreno agricolo;ND;Nessuno;Patrimonio indisponibile;Utilizzato direttamente;Attività agricola;;;;1;False
1865917;L219;85;;;3020.0;TERRENO;CORSO GROSSETO;SNC;45.1060072;7.6401913;Terreno agricolo;ND;Nessuno;Patrimonio indisponibile;Utilizzato direttamente;Attività agricola;;;;1;False
1865918;L219;AP;;;865.0;TERRENO;CORSO FERRARA;SNC;45.10697;7.63574;Terreno agricolo;ND;Nessuno;Demanio;Utilizzato direttamente;Attività agricola;;;;1;False
1865919;L219;25;;;900.0;TERRENO;STRADA AI DRUENTO;SNC;45.1072302;7.6351758;Terreno agricolo;ND;Nessuno;Patrimonio indisponibile;Utilizzato direttamente;Attività agricola;;;;1;False
1865920;L219;55;;;125.0;TERRENO;STRADA AI DRUENTO;SNC;45.1072706;7.6348179;Terreno agricolo;ND;Nessuno;Patrimonio indisponibile;Utilizzato direttamente;Attività agricola;;;;1;False
1865921;L219;62;;;3922.0;TERRENO;CORSO GROSSETO;SNC;45.1055386;7.639363;Terreno agricolo;ND;Nessuno;Patrimonio indisponibile;Utilizzato direttamente;Attività agricola;;;;1;False
1865922;L219;75;;;1588.0;TERRENO;STRADA AI DRUENTO;SNC;45.1071097;7.6380747;Terreno agricolo;ND;Nessuno;Patrimonio indisponibile;Utilizzato direttamente;Attività agricola;;;;1;False
1865923;L219;19;;;284.0;TERRENO;VIA DELLE PERVINCHE;SNC;45.1064757;7.6340417;Terreno agricolo;ND;Nessuno;Patrimonio indisponibile;Utilizzato direttamente;Attività agricola;;;;1;False
1865924;L219;144;;;880.0;TERRENO;CORSO ALLAMANO GIUSEPPE CANONICO;SNC;45.0517537;7.6237209;Terreno agricolo;ND;Nessuno;Patrimonio indisponibile;Utilizzato direttamente;Attività agricola;;;;1;False
1865925;L219;24;;;45.0;TERRENO;STRADA AI DRUENTO;SNC;45.1075003;7.6292936;Terreno agricolo;ND;Nessuno;Patrimonio indisponibile;Utilizzato direttamente;Altro;;;;1;False
1865926;L219;176;;;540.0;TERRENO;STRADA BAROCCHIO;SNC;45.0488535;7.6184911;Terreno agricolo;ND;Nessuno;Patrimonio indisponibile;Utilizzato direttamente;Attività agricola;;;;1;False
1865927;L219;177;;;930.0;TERRENO;STRADA BAROCCHIO;SNC;45.0487721;7.6184471;Terreno agricolo;ND;Nessuno;Patrimonio indisponibile;Utilizzato direttamente;Attività agricola;;;;1;False
1865928;L219;29;;;1582.0;TERRENO;STRADA AI DRUENTO;SNC;45.1073926;7.6317285;Terreno agricolo;ND;Nessuno;Patrimonio indisponibile;Utilizzato direttamente;Attività agricola;;;;1;False
1865929;L219;178;;;1880.0;TERRENO;STRADA BAROCCHIO;SNC;45.0485943;7.6184578;Terreno agricolo;ND;Nessuno;Patrimonio indisponibile;Utilizzato direttamente;Attività agricola;;;;1;False
1865930;L219;48;;;543.0;TERRENO;STRADA AI DRUENTO;SNC;45.1074671;7.6300012;Terreno agricolo;ND;Nessuno;Patrimonio indisponibile;Utilizzato direttamente;Attività agricola;;;;1;False
1865931;L219;190;;;2177.0;TERRENO;STRADA BAROCCHIO;SNC;45.0491631;7.6186681;Terreno agricolo;ND;Nessuno;Patrimonio indisponibile;Utilizzato direttamente;Attività agricola;;;;1;False
1865932;L219;49;;;67.0;TERRENO;VIA TRAVES;SNC;45.1074735;7.6302696;Terreno agricolo;ND;Nessuno;Patrimonio indisponibile;Utilizzato direttamente;Attività agricola;;;;1;False
1865933;L219;191;;;1450.0;TERRENO;STRADA BAROCCHIO;SNC;45.0489635;7.6185529;Terreno agricolo;ND;Nessuno;Patrimonio indisponibile;Utilizzato direttamente;Attività agricola;;;;1;False
1865934;L219;50;;;1082.0;TERRENO;STRADA AI DRUENTO;SNC;45.1096393;7.6295278;Terreno agricolo;ND;Nessuno;Patrimonio indisponibile;Utilizzato direttamente;Altro;;;;1;False
1865935;L219;51;;;335.0;TERRENO;VIA TRAVES;SNC;45.1087899;7.6295041;Terreno agricolo;ND;Nessuno;Patrimonio indisponibile;Utilizzato direttamente;Attività agricola;;;;1;False
1865937;L219;57;;;2095.0;TERRENO;VIA DELLE PERVINCHE;SNC;45.1065365;7.6338195;Terreno agricolo;ND;Nessuno;Patrimonio indisponibile;Utilizzato direttamente;Attività agricola;;;;1;False
1865938;L219;59;;;27960.0;TERRENO;STRADA AI DRUENTO;SNC;45.1083618;7.6312404;Terreno agricolo;ND;Nessuno;Patrimonio indisponibile;Utilizzato direttamente;Attività agricola;;;;1;False
1865939;L219;61;;;11625.0;TERRENO;VIA TRAVES;SNC;45.1084194;7.6299486;Terreno agricolo;ND;Nessuno;Patrimonio indisponibile;Utilizzato direttamente;Attività agricola;;;;1;False
1865940;L219;10;;;12010.0;TERRENO;STRADA AI DRUENTO;SNC;45.1105806;7.6288798;Terreno agricolo;ND;Nessuno;Patrimonio indisponibile;Utilizzato direttamente;Attività agricola;;;;1;False
1865941;L219;11;;;800.0;TERRENO;CORSO FERRARA;SNC;45.1085441;7.6235025;Terreno boscato o con vegetazione di vario tipo;ND;Nessuno;Patrimonio indisponibile;Utilizzato direttamente;Altro;;;;1;False
1865942;L219;2;;;2920.0;TERRENO;STRADA AI DRUENTO;SNC;45.1120125;7.6226293;Terreno boscato o con vegetazione di vario tipo;ND;Nessuno;Patrimonio indisponibile;Utilizzato direttamente;Altro;;;;1;False
1865944;L219;21;;;977.0;TERRENO;CORSO ALLAMANO GIUSEPPE CANONICO;SNC;45.0504787;7.6233338;Terreno agricolo;ND;Nessuno;Patrimonio indisponibile;Utilizzato direttamente;Attività agricola;;;;1;False
1865945;L219;30;;;110.0;TERRENO;STRADA AI DRUENTO;SNC;45.1075569;7.6284003;Terreno agricolo;ND;Nessuno;Patrimonio indisponibile;Utilizzato direttamente;Attività agricola;;;;1;False
1865946;L219;44;;;31520.0;TERRENO;STRADA AI DRUENTO;SNC;45.1078655;7.6262879;Terreno agricolo;ND;Nessuno;Patrimonio indisponibile;Utilizzato direttamente;Attività agricola;;;;1;False
1865948;L219;24;;;460.0;TERRENO;CORSO ALLAMANO GIUSEPPE CANONICO;SNC;45.0503482;7.6227335;Terreno agricolo;ND;Nessuno;Patrimonio indisponibile;Utilizzato direttamente;Attività agricola;;;;1;False
1865949;L219;2;;;98.0;TERRENO;CORSO FERRARA;SNC;45.1075885;7.6235769;Terreno agricolo;ND;Nessuno;Patrimonio indisponibile;Utilizzato direttamente;Attività agricola;;;;1;False
1865950;L219;33;;;18353.0;TERRENO;VIA DELLE PRIMULE;SNC;45.1042375;7.623622;Terreno agricolo;ND;Nessuno;Patrimonio indisponibile;Utilizzato direttamente;Attività agricola;;;;1;False
1865951;L219;21;;;8720.0;TERRENO;VIA DELLE PRIMULE;SNC;45.1032527;7.6236552;Terreno agricolo;ND;Nessuno;Patrimonio indisponibile;Utilizzato direttamente;Attività agricola;;;;1;False
1865952;L219;1;;;3386.0;TERRENO;STRADA AI DRUENTO;SNC;45.1074606;7.6239827;Terreno agricolo;ND;Nessuno;Patrimonio indisponibile;Utilizzato direttamente;Attività agricola;;;;1;False
1865956;L219;78;;;14.0;TERRENO;VIA RUBINO EDOARDO;SNC;45.0443803;7.6224209;Terreno boscato o con vegetazione di vario tipo;ND;Nessuno;Patrimonio indisponibile;Utilizzato direttamente;Altro;;;;1;False
1865957;L219;79;;;55.0;TERRENO;VIA RUBINO EDOARDO;SNC;45.0443742;7.6225404;Terreno boscato o con vegetazione di vario tipo;ND;Nessuno;Patrimonio indisponibile;Utilizzato direttamente;Altro;;;;1;False
1865958;L219;97;;;6485.0;TERRENO;VIA RUBINO EDOARDO;SNC;45.043205;7.6201802;Terreno agricolo;ND;Nessuno;Patrimonio indisponibile;Utilizzato direttamente;Attività agricola;;;;1;False
1865959;L219;99;;;10.73;TERRENO;VIA RUBINO EDOARDO;SNC;45.0438044;7.6195979;Terreno agricolo;ND;Nessuno;Patrimonio indisponibile;Utilizzato direttamente;Attività agricola;;;;1;False
1865960;L219;116;;;264.0;TERRENO;CORSO GROSSETO;SNC;45.1049347;7.6391128;Terreno agricolo;ND;Nessuno;Patrimonio indisponibile;Utilizzato direttamente;Attività agricola;;;;1;False
1865961;L219;117;;;333.0;TERRENO;CORSO GROSSETO;SNC;45.1049317;7.638835;Terreno agricolo;ND;Nessuno;Patrimonio indisponibile;Utilizzato direttamente;Attività agricola;;;;1;False
1865962;L219;118;;;337.0;TERRENO;CORSO GROSSETO;SNC;45.1048399;7.6388565;Terreno agricolo;ND;Nessuno;Patrimonio indisponibile;Utilizzato direttamente;Attività agricola;;;;1;False
1865963;L219;130;;;71.0;TERRENO;CORSO GROSSETO;SNC;45.105001;7.6387708;Terreno agricolo;ND;Nessuno;Patrimonio indisponibile;Utilizzato direttamente;Attività agricola;;;;1;False
1865964;L219;133;;;11977.0;TERRENO;CORSO GROSSETO;SNC;45.1041379;7.6418102;Terreno agricolo;ND;Nessuno;Patrimonio indisponibile;Utilizzato direttamente;Attività agricola;;;;1;False
1865968;L219;54P;;;1296.0;TERRENO;CORSO TOSCANA;SNC;45.10137;7.64132;Terreno agricolo;ND;Nessuno;Patrimonio indisponibile;Utilizzato direttamente;Attività agricola;;;;1;False
1865969;L219;74;;;710.0;TERRENO;CORSO TOSCANA;SNC;45.101915;7.6385685;Terreno agricolo;ND;Nessuno;Patrimonio disponibile;Utilizzato direttamente;Attività agricola;;;;1;False
1865970;L219;95;;;50.0;TERRENO;CORSO GROSSETO;SNC;45.1055747;7.6387184;Terreno agricolo;ND;Nessuno;Patrimonio indisponibile;Utilizzato direttamente;Attività agricola;;;;1;False
1865971;L219;27;;;8495.0;TERRENO;VIA RENI GUIDO;SNC;45.0384722;7.6278005;Terreno agricolo;ND;Nessuno;Patrimonio indisponibile;Utilizzato direttamente;Attività agricola;;;;1;False
1865975;L219;243;;;644.0;TERRENO;CORSO TOSCANA;SNC;45.0994111;7.647871;Terreno agricolo;ND;Nessuno;Patrimonio indisponibile;Utilizzato direttamente;Attività agricola;;;;1;False
1865979;L219;59;;;320.0;TERRENO;CORSO CINCINNATO LUCIO QUINZIO;SNC;45.1035305;7.6467551;Terreno agricolo;ND;Nessuno;Patrimonio indisponibile;Utilizzato direttamente;Attività agricola;;;;1;False
1865980;L219;78;;;3745.0;TERRENO;CORSO CINCINNATO LUCIO QUINZIO;SNC;45.1039557;7.6467694;Terreno agricolo;ND;Nessuno;Patrimonio indisponibile;Utilizzato direttamente;Attività agricola;;;;1;False
1865985;L219;108;;;2130.0;TERRENO;PIAZZA SAURO NAZARIO;SNC;45.1021813;7.655802;Terreno agricolo;ND;Nessuno;Patrimonio indisponibile;Utilizzato direttamente;Attività agricola;;;;1;False
1865987;L219;109;;;520.0;TERRENO;PIAZZA SAURO NAZARIO;SNC;45.1019895;7.6555944;Terreno agricolo;ND;Nessuno;Patrimonio indisponibile;Utilizzato direttamente;Attività agricola;;;;1;False
1865988;L219;179;;;1230.0;TERRENO;PIAZZA SAURO NAZARIO;SNC;45.1017768;7.6550979;Terreno agricolo;ND;Nessuno;Patrimonio indisponibile;Utilizzato direttamente;Attività agricola;;;;1;False
1865989;L219;21;;;310.0;TERRENO;PIAZZA MANNO GIUSEPPE;SNC;45.1064375;7.656242;Terreno agricolo;ND;Nessuno;Patrimonio indisponibile;Utilizzato direttamente;Attività agricola;;;;1;False
1865990;L219;329;;;280.0;TERRENO;PIAZZA MANNO GIUSEPPE;SNC;45.1064687;7.6558885;Terreno agricolo;ND;Nessuno;Patrimonio indisponibile;Utilizzato direttamente;Attività agricola;;;;1;False
1865993;L219;377;;;812.0;TERRENO;VIA TEMPIO PAUSANIA;SNC;45.0427231;7.6329071;Terreno agricolo;ND;Nessuno;Patrimonio indisponibile;Utilizzato direttamente;Attività agricola;;;;1;False
1865995;L219;346;;;934.0;TERRENO;CORSO POTENZA;SNC;45.1034767;7.6635054;Terreno agricolo;ND;Nessuno;Patrimonio indisponibile;Utilizzato direttamente;Attività agricola;;;;1;False
1865996;L219;167;;;17.0;TERRENO;VIA SOSPELLO;SNC;45.10283962;7.67075707;Terreno agricolo;ND;Nessuno;Patrimonio indisponibile;Utilizzato direttamente;Attività agricola;;;;1;False
1865998;L219;199;;;530.0;TERRENO;CORSO GROSSETO;SNC;45.1057607;7.6666325;Terreno agricolo;ND;Nessuno;Patrimonio indisponibile;Utilizzato direttamente;Attività agricola;;;;1;False
1865999;L219;223;;;1430.0;TERRENO;CORSO GROSSETO;SNC;45.1055235;7.6667931;Terreno agricolo;ND;Nessuno;Patrimonio indisponibile;Utilizzato direttamente;Attività agricola;;;;1;False
1866000;L219;235;;;1255.0;TERRENO;VIA SOSPELLO;SNC;45.10265061;7.67054267;Terreno agricolo;ND;Nessuno;Patrimonio indisponibile;Utilizzato direttamente;Attività agricola;;;;1;False
1866004;L219;88;;;6068.0;TERRENO;CORSO UNIONE SOVIETICA;SNC;45.0374557;7.652342;Pascolo;ND;Nessuno;Patrimonio indisponibile;Utilizzato direttamente;Attività agricola;;;;1;False
1866005;L219;1;;;9750.0;TERRENO;CORSO SALVEMINI GAETANO;SNC;45.0461692;7.6215376;Terreno agricolo;ND;Nessuno;Patrimonio indisponibile;Utilizzato direttamente;Attività agricola;;;;1;False
1866006;L219;100;;;134.0;TERRENO;VIA RUBINO EDOARDO;SNC;45.0438119;7.6200983;Terreno agricolo;ND;Nessuno;Patrimonio indisponibile;Utilizzato direttamente;Attività agricola;;;;1;False
1866007;L219;101;;;213.0;TERRENO;VIA RUBINO EDOARDO;SNC;45.0439098;7.6208908;Terreno agricolo;ND;Nessuno;Patrimonio indisponibile;Utilizzato direttamente;Attività agricola;;;;1;False
1866008;L219;103;;;42.0;TERRENO;VIA RUBINO EDOARDO;SNC;45.0442296;7.6214077;Terreno agricolo;ND;Nessuno;Patrimonio indisponibile;Utilizzato direttamente;Attività agricola;;;;1;False
1866009;L219;104;;;191.0;TERRENO;VIA RUBINO EDOARDO;SNC;45.0444626;7.6216373;Terreno agricolo;ND;Nessuno;Patrimonio indisponibile;Utilizzato direttamente;Attività agricola;;;;1;False
1866010;L219;105;;;740.0;TERRENO;VIA RUBINO EDOARDO;SNC;45.0439468;7.6216574;Terreno agricolo;ND;Nessuno;Patrimonio indisponibile;Utilizzato direttamente;Attività agricola;;;;1;False
1866011;L219;109;;;688.0;TERRENO;VIA RUBINO EDOARDO;SNC;45.0432755;7.6216218;Terreno agricolo;ND;Nessuno;Patrimonio indisponibile;Utilizzato direttamente;Attività agricola;;;;1;False
1866013;L219;110;;;189.0;TERRENO;VIA RUBINO EDOARDO;SNC;45.0431712;7.6217485;Terreno agricolo;ND;Nessuno;Patrimonio indisponibile;Utilizzato direttamente;Attività agricola;;;;1;False
1866014;L219;111;;;252.0;TERRENO;VIA RUBINO EDOARDO;SNC;45.0437386;7.6216026;Terreno agricolo;ND;Nessuno;Patrimonio indisponibile;Utilizzato direttamente;Attività agricola;;;;1;False
1866015;L219;113;;;141.0;TERRENO;VIA RUBINO EDOARDO;SNC;45.0445332;7.6217532;Terreno agricolo;ND;Nessuno;Patrimonio indisponibile;Utilizzato direttamente;Attività agricola;;;;1;False
1866016;L219;115;;;1481.0;TERRENO;VIA RUBINO EDOARDO;SNC;45.0442171;7.622002;Terreno agricolo;ND;Nessuno;Patrimonio indisponibile;Utilizzato direttamente;Attività agricola;;;;1;False
1866017;L219;119;;;691.0;TERRENO;VIA RUBINO EDOARDO;SNC;45.0428627;7.6224813;Terreno agricolo;ND;Nessuno;Patrimonio indisponibile;Utilizzato direttamente;Attività agricola;;;;1;False
1866018;L219;120;;;538.0;TERRENO;VIA RUBINO EDOARDO;SNC;45.0427753;7.622537;Terreno agricolo;ND;Nessuno;Patrimonio indisponibile;Utilizzato direttamente;Attività agricola;;;;1;False
1866019;L219;136;;;846.0;TERRENO;VIA RUBINO EDOARDO;SNC;45.042367;7.6242679;Terreno agricolo;ND;Nessuno;Patrimonio indisponibile;Utilizzato direttamente;Attività agricola;;;;1;False
1866020;L219;137;;;6747.0;TERRENO;VIA RUBINO EDOARDO;SNC;45.0419917;7.6235671;Terreno agricolo;ND;Nessuno;Patrimonio indisponibile;Utilizzato direttamente;Attività agricola;;;;1;False
1866021;L219;142;;;161.0;TERRENO;VIA RUBINO EDOARDO;SNC;45.0420367;7.6218592;Terreno agricolo;ND;Nessuno;Patrimonio indisponibile;Utilizzato direttamente;Attività agricola;;;;1;False
1866022;L219;144;;;2248.0;TERRENO;VIA RUBINO EDOARDO;SNC;45.0423548;7.6234889;Terreno agricolo;ND;Nessuno;Patrimonio indisponibile;Utilizzato direttamente;Attività agricola;;;;1;False
1866023;L219;173;;;2715.0;TERRENO;VIA RUBINO EDOARDO;SNC;45.0418996;7.6224273;Terreno agricolo;ND;Nessuno;Patrimonio indisponibile;Utilizzato direttamente;Attività agricola;;;;1;False
1866024;L219;53;;;9615.0;TERRENO;VIA RENI GUIDO;SNC;45.0415372;7.6247914;Terreno agricolo;ND;Nessuno;Patrimonio indisponibile;Utilizzato direttamente;Attività agricola;;;;1;False
1866025;L219;58;;;890.0;TERRENO;VIA RENI GUIDO;SNC;45.0419458;7.6249322;Terreno agricolo;ND;Nessuno;Patrimonio indisponibile;Utilizzato direttamente;Attività agricola;;;;1;False
1866027;L219;194;;;32992.0;TERRENO;CORSO SALVEMINI GAETANO;SNC;45.04530058;7.62346738;Terreno agricolo;ND;Nessuno;Patrimonio indisponibile;Utilizzato direttamente;Attività agricola;;;;1;False
1866029;L219;76;;;75.0;TERRENO;VIA RUBINO EDOARDO;SNC;45.0444441;7.6222405;Terreno boscato o con vegetazione di vario tipo;ND;Nessuno;Patrimonio indisponibile;Utilizzato direttamente;Altro;;;;1;False
1866030;L219;379;;;4570.0;TERRENO;VIA TEMPIO PAUSANIA;SNC;45.0432395;7.6326214;Terreno agricolo;ND;Nessuno;Patrimonio indisponibile;Utilizzato direttamente;Attività agricola;;;;1;False
1866031;L219;115;;;6850.0;TERRENO;CORSO POTENZA;SNC;45.1039334;7.6613403;Terreno agricolo;ND;Nessuno;Patrimonio indisponibile;Utilizzato direttamente;Attività agricola;;;;1;False
1866034;L219;116;;;2670.0;TERRENO;CORSO POTENZA;SNC;45.1039345;7.662095;Terreno agricolo;ND;Nessuno;Patrimonio indisponibile;Utilizzato direttamente;Attività agricola;;;;1;False
1866048;L219;180;;;5970.0;TERRENO;VIA ZINI ZINO GIACOMO;SNC;45.0360767;7.6605132;Terreno agricolo;ND;Nessuno;Patrimonio indisponibile;Utilizzato direttamente;Attività agricola;;;;1;False
1866050;L219;99;;;13690.0;TERRENO;CORSO CAIO PLINIO;SNC;45.0262687;7.6555747;Terreno agricolo;ND;Nessuno;Patrimonio indisponibile;Utilizzato direttamente;Attività agricola;;;;1;False
1866052;L219;176;;;7883.0;TERRENO;VIA ALA DI STURA;SNC;45.1056169;7.6878525;Terreno agricolo;ND;Nessuno;Patrimonio indisponibile;Utilizzato direttamente;Attività agricola;;;;1;False
1866053;L219;177;;;387.0;TERRENO;VIA ALA DI STURA;SNC;45.1053874;7.6877227;Terreno agricolo;ND;Nessuno;Patrimonio indisponibile;Utilizzato direttamente;Attività agricola;;;;1;False
1866054;L219;178;;;3544.0;TERRENO;VIA ALA DI STURA;SNC;45.1059209;7.689433;Terreno agricolo;ND;Nessuno;Patrimonio indisponibile;Utilizzato direttamente;Attività agricola;;;;1;False
1866055;L219;196;;;640.0;TERRENO;VIALE XXV APRILE;SNC;45.0342338;7.6891345;Pascolo;ND;Nessuno;Patrimonio indisponibile;Utilizzato direttamente;Attività agricola;;;;1;False
1866057;L219;27;;;1155.0;TERRENO;STRADA ALLA VETTA DELLA MADDALENA;SNC;45.0377485;7.71165993;Terreno boscato o con vegetazione di vario tipo;ND;Nessuno;Patrimonio indisponibile;Utilizzato direttamente;Altro;;;;1;False
1866058;L219;66;;;1618.0;TERRENO;STRADA DI SAN VITO REVIGLIASCO;SNC;45.03439524;7.70856428;Terreno boscato o con vegetazione di vario tipo;ND;Nessuno;Patrimonio indisponibile;Utilizzato direttamente;Altro;;;;1;False
1866059;L219;73;;;1725.0;TERRENO;STRADA ALLA VETTA DELLA MADDALENA;SNC;45.03372266;7.71154818;Terreno boscato o con vegetazione di vario tipo;ND;Nessuno;Patrimonio indisponibile;Utilizzato direttamente;Altro;;;;1;False
1866061;L219;1;;;2717.0;TERRENO;STRADA ALLA VETTA DELLA MADDALENA;SNC;45.0382777;7.7112713;Terreno boscato o con vegetazione di vario tipo;ND;Nessuno;Patrimonio indisponibile;Utilizzato direttamente;Altro;;;;1;False
1866062;L219;10;;;6205.0;TERRENO;STRADA ALLA VETTA DELLA MADDALENA;SNC;45.0365748;7.7154476;Terreno boscato o con vegetazione di vario tipo;ND;Nessuno;Patrimonio indisponibile;Utilizzato direttamente;Altro;;;;1;False
1866063;L219;100;;;13813.0;TERRENO;STRADA ALLA VETTA DELLA MADDALENA;SNC;45.033011;7.7223546;Terreno boscato o con vegetazione di vario tipo;ND;Nessuno;Patrimonio indisponibile;Utilizzato direttamente;Altro;;;;1;False
1866064;L219;101;;;9092.0;TERRENO;STRADA ALLA VETTA DELLA MADDALENA;SNC;45.0330537;7.7227112;Terreno boscato o con vegetazione di vario tipo;ND;Nessuno;Patrimonio indisponibile;Utilizzato direttamente;Altro;;;;1;False
1866065;L219;102;;;10096.0;TERRENO;STRADA ALLA VETTA DELLA MADDALENA;SNC;45.0331903;7.7231133;Terreno boscato o con vegetazione di vario tipo;ND;Nessuno;Patrimonio indisponibile;Utilizzato direttamente;Altro;;;;1;False
1866066;L219;103;;;4603.0;TERRENO;STRADA ALLA VETTA DELLA MADDALENA;SNC;45.0337274;7.7234702;Terreno boscato o con vegetazione di vario tipo;ND;Nessuno;Patrimonio indisponibile;Utilizzato direttamente;Altro;;;;1;False
1866067;L219;11;;;3281.0;TERRENO;STRADA ALLA VETTA DELLA MADDALENA;SNC;45.0367359;7.7159551;Terreno boscato o con vegetazione di vario tipo;ND;Nessuno;Patrimonio indisponibile;Utilizzato direttamente;Altro;;;;1;False
1866068;L219;118;;;6410.0;TERRENO;STRADA ALLA VETTA DELLA MADDALENA;SNC;45.0285513;7.7117522;Terreno boscato o con vegetazione di vario tipo;ND;Nessuno;Patrimonio indisponibile;Utilizzato direttamente;Altro;;;;1;False
1866070;L219;119;;;2543.0;TERRENO;STRADA ALLA VETTA DELLA MADDALENA;SNC;45.0281686;7.7116859;Terreno boscato o con vegetazione di vario tipo;ND;Nessuno;Patrimonio indisponibile;Utilizzato direttamente;Altro;;;;1;False
1866071;L219;12;;;6149.0;TERRENO;STRADA ALLA VETTA DELLA MADDALENA;SNC;45.0357967;7.716811;Terreno boscato o con vegetazione di vario tipo;ND;Nessuno;Patrimonio indisponibile;Utilizzato direttamente;Altro;;;;1;False
1866072;L219;125;;;7175.0;TERRENO;STRADA ALLA VETTA DELLA MADDALENA;SNC;45.0327325;7.7236833;Terreno boscato o con vegetazione di vario tipo;ND;Nessuno;Patrimonio indisponibile;Utilizzato direttamente;Altro;;;;1;False
1866073;L219;126;;;3940.0;TERRENO;STRADA ALLA VETTA DELLA MADDALENA;SNC;45.0326614;7.7243457;Terreno boscato o con vegetazione di vario tipo;ND;Nessuno;Patrimonio indisponibile;Utilizzato direttamente;Altro;;;;1;False
1866074;L219;127;;;2274.0;TERRENO;STRADA ALLA VETTA DELLA MADDALENA;SNC;45.032935;7.7249175;Terreno boscato o con vegetazione di vario tipo;ND;Nessuno;Patrimonio indisponibile;Utilizzato direttamente;Altro;;;;1;False
1866075;L219;128;;;320.0;TERRENO;STRADA ALLA VETTA DELLA MADDALENA;SNC;45.033089;7.7253527;Terreno boscato o con vegetazione di vario tipo;ND;Nessuno;Patrimonio indisponibile;Utilizzato direttamente;Altro;;;;1;False
1866076;L219;129;;;200.0;TERRENO;STRADA ALLA VETTA DELLA MADDALENA;SNC;45.033158;7.7255666;Terreno boscato o con vegetazione di vario tipo;ND;Nessuno;Patrimonio indisponibile;Utilizzato direttamente;Altro;;;;1;False
1866077;L219;13;;;5836.0;TERRENO;STRADA ALLA VETTA DELLA MADDALENA;SNC;45.0361389;7.7173733;Terreno boscato o con vegetazione di vario tipo;ND;Nessuno;Patrimonio indisponibile;Utilizzato direttamente;Altro;;;;1;False
1866078;L219;28;;;7620.0;TERRENO;CORSO MAMIANI TERENZIO;SNC;45.0877934;7.7130589;Terreno agricolo;ND;Nessuno;Patrimonio indisponibile;Utilizzato direttamente;Attività agricola;;;;1;False
1866079;L219;130;;;100.0;TERRENO;STRADA ALLA VETTA DELLA MADDALENA;SNC;45.0332372;7.7256871;Terreno boscato o con vegetazione di vario tipo;ND;Nessuno;Patrimonio indisponibile;Utilizzato direttamente;Altro;;;;1;False
1866080;L219;15;;;31543.0;TERRENO;STRADA ALLA VETTA DELLA MADDALENA;SNC;45.0369263;7.717567;Pascolo;ND;Nessuno;Patrimonio indisponibile;Utilizzato direttamente;Attività agricola;;;;1;False
1866081;L219;23;;;17470.0;TERRENO;STRADA ALLA MANIFATTURA TABACCHI;SNC;45.0871482;7.7171239;Terreno agricolo;ND;Nessuno;Patrimonio indisponibile;Utilizzato direttamente;Attività agricola;;;;1;False
1866082;L219;2;;;1085.0;TERRENO;STRADA ALLA VETTA DELLA MADDALENA;SNC;45.0379958;7.711999;Terreno boscato o con vegetazione di vario tipo;ND;Nessuno;Patrimonio indisponibile;Utilizzato direttamente;Altro;;;;1;False
1866084;L219;22;;;8095.0;TERRENO;STRADA ALLA VETTA DELLA MADDALENA;SNC;45.0364357;7.7223487;Terreno agricolo;ND;Nessuno;Patrimonio indisponibile;Utilizzato direttamente;Attività agricola;;;;1;False
1866085;L219;24;;;6259.0;TERRENO;STRADA ALLA VETTA DELLA MADDALENA;SNC;45.0376498;7.7233225;Pascolo;ND;Nessuno;Patrimonio indisponibile;Utilizzato direttamente;Attività agricola;;;;1;False
1866086;L219;3;;;1932.0;TERRENO;STRADA ALLA VETTA DELLA MADDALENA;SNC;45.0379027;7.7124465;Terreno boscato o con vegetazione di vario tipo;ND;Nessuno;Patrimonio indisponibile;Utilizzato direttamente;Altro;;;;1;False
1866087;L219;4;;;2740.0;TERRENO;STRADA ALLA VETTA DELLA MADDALENA;SNC;45.0373996;7.7121622;Terreno boscato o con vegetazione di vario tipo;ND;Nessuno;Patrimonio indisponibile;Utilizzato direttamente;Altro;;;;1;False
1866088;L219;26;;;3880.0;TERRENO;STRADA ALLA MANIFATTURA TABACCHI;SNC;45.0870916;7.718778;Terreno agricolo;ND;Nessuno;Patrimonio indisponibile;Utilizzato direttamente;Attività agricola;;;;1;False
1866089;L219;43;;;4887.0;TERRENO;STRADA ALLA VETTA DELLA MADDALENA;SNC;45.0358076;7.7133131;Terreno boscato o con vegetazione di vario tipo;ND;Nessuno;Patrimonio indisponibile;Utilizzato direttamente;Altro;;;;1;False
1866090;L219;48;;;47451.0;TERRENO;STRADA ALLA VETTA DELLA MADDALENA;SNC;45.0347937;7.7150575;Terreno boscato o con vegetazione di vario tipo;ND;Nessuno;Patrimonio indisponibile;Utilizzato direttamente;Altro;;;;1;False
1866091;L219;33;;;3840.0;TERRENO;VIA ZANELLA GIACOMO;SNC;45.0843346;7.7144938;Terreno agricolo;ND;Nessuno;Patrimonio indisponibile;Utilizzato direttamente;Attività agricola;;;;1;False
1866092;L219;49;;;2140.0;TERRENO;STRADA ALLA VETTA DELLA MADDALENA;SNC;45.0358043;7.7152669;Terreno boscato o con vegetazione di vario tipo;ND;Nessuno;Patrimonio indisponibile;Utilizzato direttamente;Altro;;;;1;False
1866093;L219;34;;;7300.0;TERRENO;Via Giacomo Zanella;17;45.0840113;7.7150962;Terreno agricolo;ND;Dichiarazione di interesse culturale;Demanio;Utilizzato direttamente;Attività agricola;;;;1;False
1866094;L219;5;;;3359.0;TERRENO;STRADA ALLA VETTA DELLA MADDALENA;SNC;45.0377408;7.7128103;Terreno boscato o con vegetazione di vario tipo;ND;Nessuno;Patrimonio indisponibile;Utilizzato direttamente;Altro;;;;1;False
1866095;L219;53;;;4333.0;TERRENO;STRADA ALLA VETTA DELLA MADDALENA;SNC;45.0350543;7.7184638;Terreno boscato o con vegetazione di vario tipo;ND;Nessuno;Patrimonio indisponibile;Utilizzato direttamente;Altro;;;;1;False
1866096;L219;126;;;105.0;TERRENO;VIA VERONESE PAOLO;SNC;45.105334;7.6936686;Terreno agricolo;ND;Nessuno;Patrimonio indisponibile;Utilizzato direttamente;Attività agricola;;;;1;False
1866097;L219;40;;;13980.0;TERRENO;VIA ZANELLA GIACOMO;SNC;45.0854098;7.7193501;Terreno boscato o con vegetazione di vario tipo;ND;Nessuno;Patrimonio indisponibile;Utilizzato direttamente;Altro;;;;1;False
1866098;L219;54;;;3969.0;TERRENO;STRADA ALLA VETTA DELLA MADDALENA;SNC;45.035054;7.7187426;Terreno boscato o con vegetazione di vario tipo;ND;Nessuno;Patrimonio indisponibile;Utilizzato direttamente;Altro;;;;1;False
1866099;L219;127;;;797.0;TERRENO;VIA VERONESE PAOLO;SNC;45.1045602;7.692903;Terreno agricolo;ND;Nessuno;Patrimonio indisponibile;Utilizzato direttamente;Attività agricola;;;;1;False
1866100;L219;56;;;2300.0;TERRENO;STRADA ALLA VETTA DELLA MADDALENA;SNC;45.0350489;7.7191405;Terreno boscato o con vegetazione di vario tipo;ND;Nessuno;Patrimonio indisponibile;Utilizzato direttamente;Altro;;;;1;False
1866101;L219;164;;;890.0;TERRENO;CORSO GROSSETO;SNC;45.103919;7.693183;Terreno agricolo;ND;Nessuno;Patrimonio indisponibile;Utilizzato direttamente;Attività agricola;;;;1;False
1866102;L219;50;;;631.0;TERRENO;STRADA ALLA MANIFATTURA TABACCHI;SNC;45.0877294;7.714879;Parco/Villa Comunale/Giardino Pubblico;ND;Nessuno;Patrimonio indisponibile;Utilizzato direttamente;Altro;;;;1;False
1866103;L219;57;;;2460.0;TERRENO;STRADA ALLA VETTA DELLA MADDALENA;SNC;45.0350515;7.7193237;Terreno boscato o con vegetazione di vario tipo;ND;Nessuno;Patrimonio indisponibile;Utilizzato direttamente;Altro;;;;1;False
1866104;L219;51;;;479.0;TERRENO;STRADA ALLA MANIFATTURA TABACCHI;SNC;45.0875729;7.7145206;Parco/Villa Comunale/Giardino Pubblico;ND;Nessuno;Patrimonio indisponibile;Utilizzato direttamente;Altro;;;;1;False
1866113;L219;161;;;3959.0;TERRENO;VIA RENI GUIDO;SNC;45.0418596;7.625819;Terreno agricolo;ND;Nessuno;Patrimonio indisponibile;Utilizzato direttamente;Attività agricola;;;;1;False
1866114;L219;163;;;670.0;TERRENO;VIA BONFANTE PIETRO;SNC;45.0413355;7.6251004;Terreno agricolo;ND;Nessuno;Patrimonio indisponibile;Utilizzato direttamente;Attività agricola;;;;1;False
1866116;L219;175;;;5220.0;TERRENO;VIA RENI GUIDO;SNC;45.0434863;7.6271655;Terreno agricolo;ND;Nessuno;Patrimonio indisponibile;Utilizzato direttamente;Attività agricola;;;;1;False
1866117;L219;177;;;5326.0;TERRENO;VIA RENI GUIDO;SNC;45.0430544;7.6269871;Terreno agricolo;ND;Nessuno;Patrimonio indisponibile;Utilizzato direttamente;Attività agricola;;;;1;False
1866118;L219;187;;;392.0;TERRENO;VIA PINCHIA CARLO;SNC;45.0376075;7.6246055;Terreno agricolo;ND;Nessuno;Patrimonio indisponibile;Utilizzato direttamente;Attività agricola;;;;1;False
1866119;L219;198;;;1295.0;TERRENO;VIA BELLONO GIORGIO;SNC;45.0379354;7.6248876;Terreno agricolo;ND;Nessuno;Patrimonio indisponibile;Utilizzato direttamente;Altro;;;;1;False
1866123;L219;12;;;3700.0;TERRENO;VIA BOLOGNA;SNC;45.0870026;7.7037374;Terreno agricolo;ND;Nessuno;Patrimonio indisponibile;Utilizzato direttamente;Attività agricola;;;;1;False
1866126;L219;97;;;633.0;TERRENO;VIA DELLE PRIMULE;SNC;45.1003609;7.6337896;Terreno agricolo;ND;Nessuno;Patrimonio indisponibile;Utilizzato direttamente;Attività agricola;;;;1;False
1866128;L219;3;;;1900.0;TERRENO;STRADA DELLE VALLETTE;SNC;45.1057851;7.636356;Terreno agricolo;ND;Nessuno;Patrimonio indisponibile;Utilizzato direttamente;Attività agricola;;;;1;False
1866129;L219;100;;;2715.0;TERRENO;CORSO MOLISE;SNC;45.1031233;7.6388028;Terreno agricolo;ND;Nessuno;Patrimonio indisponibile;Utilizzato direttamente;Attività agricola;;;;1;False
1866131;L219;108;;;340.0;TERRENO;CORSO GROSSETO;SNC;45.1047455;7.6406348;Terreno agricolo;ND;Nessuno;Patrimonio indisponibile;Utilizzato direttamente;Attività agricola;;;;1;False
1866132;L219;111;;;898.0;TERRENO;CORSO GROSSETO;SNC;45.1053825;7.6388064;Terreno agricolo;ND;Nessuno;Patrimonio indisponibile;Utilizzato direttamente;Attività agricola;;;;1;False
1866133;L219;114;;;526.0;TERRENO;CORSO GROSSETO;SNC;45.1048428;7.6392321;Terreno agricolo;ND;Nessuno;Patrimonio indisponibile;Utilizzato direttamente;Attività agricola;;;;1;False
1866134;L219;115;;;264.0;TERRENO;CORSO GROSSETO;SNC;45.1049442;7.6394069;Terreno agricolo;ND;Nessuno;Patrimonio indisponibile;Utilizzato direttamente;Attività agricola;;;;1;False
1866138;L219;334;;;2495.0;TERRENO;CORSO POTENZA;SNC;45.1043495;7.6625502;Terreno agricolo;ND;Nessuno;Patrimonio indisponibile;Utilizzato direttamente;Attività agricola;;;;1;False
1866141;L219;210;;;2400.0;TERRENO;VIA ALA DI STURA;SNC;45.1063187;7.6884873;Terreno agricolo;ND;Nessuno;Patrimonio indisponibile;Utilizzato direttamente;Attività agricola;;;;1;False
1866142;L219;213;;;1306.0;TERRENO;VIA ALA DI STURA;SNC;45.106732;7.6861899;Terreno agricolo;ND;Nessuno;Patrimonio indisponibile;Utilizzato direttamente;Attività agricola;;;;1;False
1866143;L219;215;;;6131.0;TERRENO;VIA ALA DI STURA;SNC;45.1060116;7.687773;Terreno agricolo;ND;Nessuno;Patrimonio indisponibile;Utilizzato direttamente;Attività agricola;;;;1;False
1866144;L219;221;;;21.0;TERRENO;VIA ALA DI STURA;SNC;45.1060278;7.6889345;Terreno agricolo;ND;Nessuno;Patrimonio indisponibile;Utilizzato direttamente;Attività agricola;;;;1;False
1866146;L219;7;;;1360.0;TERRENO;VIA PETRELLA ERRICO;SNC;45.0873457;7.7023024;Terreno agricolo;ND;Nessuno;Patrimonio indisponibile;Utilizzato direttamente;Attività agricola;;;;1;False
1866147;L219;74;;;290.0;TERRENO;VIA BOLOGNA;SNC;45.0862283;7.703121;Terreno agricolo;ND;Nessuno;Patrimonio indisponibile;Utilizzato direttamente;Attività agricola;;;;1;False
1866148;L219;78;;;1310.0;TERRENO;VIA BOLOGNA;SNC;45.0860994;7.7028809;Terreno agricolo;ND;Nessuno;Patrimonio indisponibile;Utilizzato direttamente;Attività agricola;;;;1;False
1866149;L219;8;;;1810.0;TERRENO;VIA PETRELLA ERRICO;SNC;45.0875996;7.7029012;Terreno agricolo;ND;Nessuno;Patrimonio indisponibile;Utilizzato direttamente;Attività agricola;;;;1;False
1866154;L219;14;;;61180.0;TERRENO;CORSO UNITA' D'ITALIA;SNC;45.0339654;7.6768941;Terreno agricolo;ND;Nessuno;Patrimonio indisponibile;Utilizzato direttamente;Attività agricola;;;;1;False
1866157;L219;181;;;98.0;TERRENO;VIA SABAUDIA;SNC;45.0353629;7.682113;Terreno agricolo;ND;Nessuno;Patrimonio indisponibile;Utilizzato direttamente;Attività agricola;;;;1;False
1866158;L219;56;;;1873.0;TERRENO;VIA PETRELLA ERRICO;SNC;45.0901004;7.7046786;Terreno agricolo;ND;Nessuno;Patrimonio indisponibile;Utilizzato direttamente;Attività agricola;;;;1;False
1866161;L219;41;;;730.0;TERRENO;VIA ZANELLA GIACOMO;SNC;45.0836808;7.7153936;Terreno agricolo;ND;Nessuno;Patrimonio indisponibile;Utilizzato direttamente;Attività agricola;;;;1;False
1866162;L219;55;;;3053.0;TERRENO;STRADA ALLA VETTA DELLA MADDALENA;SNC;45.0349391;7.7190038;Terreno boscato o con vegetazione di vario tipo;ND;Nessuno;Patrimonio indisponibile;Utilizzato direttamente;Altro;;;;1;False
1866163;L219;340;;;1386.0;TERRENO;CORSO VENEZIA;SNC;45.10251688;7.69118864;Terreno agricolo;ND;Nessuno;Patrimonio indisponibile;Utilizzato direttamente;Attività agricola;;;;1;False
1866164;L219;48;;;5307.0;TERRENO;STRADA ALLA MANIFATTURA TABACCHI;SNC;45.0873728;7.7155227;Terreno agricolo;ND;Nessuno;Patrimonio indisponibile;Utilizzato direttamente;Attività agricola;;;;1;False
1866166;L219;37;;;245.0;TERRENO;LUNGO DORA COLLETTA PIETRO;SNC;45.0780621;7.718253;Terreno agricolo;ND;Nessuno;Patrimonio indisponibile;Utilizzato direttamente;Attività agricola;;;;1;False
1866167;L219;42;;;16.0;TERRENO;LUNGO DORA COLLETTA PIETRO;SNC;45.0780477;7.7178522;Terreno urbano;ND;Nessuno;Patrimonio indisponibile;Utilizzato direttamente;Altro;;;;1;False
1866168;L219;44;;;594.0;TERRENO;LUNGO DORA COLLETTA PIETRO;SNC;45.0773839;7.7181613;Terreno agricolo;ND;Nessuno;Patrimonio indisponibile;Utilizzato direttamente;Attività agricola;;;;1;False
1866169;L219;46;;;5.0;TERRENO;LUNGO DORA COLLETTA PIETRO;SNC;45.0767657;7.7183314;Terreno agricolo;ND;Nessuno;Patrimonio indisponibile;Utilizzato direttamente;Attività agricola;;;;1;False
1866171;L219;136;;;308.0;TERRENO;LUNGO DORA FIRENZE;SNC;45.0753196;7.7017393;Terreno agricolo;ND;Nessuno;Patrimonio indisponibile;Utilizzato direttamente;Attività agricola;;;;1;False
1866173;L219;58;;;11730.0;TERRENO;CORSO NOVARA;SNC;45.0785707;7.7002808;Terreno agricolo;ND;Nessuno;Patrimonio indisponibile;Utilizzato direttamente;Attività agricola;;;;1;False
1866174;L219;94;;;968.0;TERRENO;LUNGO DORA FIRENZE;SNC;45.075509;7.7033837;Terreno agricolo;ND;Nessuno;Patrimonio indisponibile;Utilizzato direttamente;Attività agricola;;;;1;False
1866193;L219;85;;;4301.0;TERRENO;VIA DE CANAL BERNARDO;SNC;45.0353925;7.6390739;Terreno urbano;ND;Nessuno;Patrimonio indisponibile;Utilizzato direttamente;Altro;;;;1;False
1866205;L219;31;;;2240.0;TERRENO;CORSO GROSSETO;SNC;45.1055222;7.668119;Terreno agricolo;ND;Nessuno;Patrimonio indisponibile;Utilizzato direttamente;Attività agricola;;;;1;False
1866206;L219;297;;;1930.0;TERRENO;VIA MASSA;SNC;45.10647299;7.67880357;Terreno agricolo;ND;Nessuno;Patrimonio indisponibile;Utilizzato direttamente;Attività agricola;;;;1;False
1866208;L219;395;;;790.0;TERRENO;VIA GANDINO GIOVANNI BATTISTA;SNC;45.10716424;7.68164293;Terreno agricolo;ND;Nessuno;Patrimonio indisponibile;Utilizzato direttamente;Attività agricola;;;;1;False
1866209;L219;430;;;632.0;TERRENO;VIA MASSA;SNC;45.10575909;7.67525264;Terreno agricolo;ND;Nessuno;Patrimonio indisponibile;Utilizzato direttamente;Attività agricola;;;;1;False
1866210;L219;AP;;;10671.0;TERRENO;VIA ALA DI STURA;SNC;45.10605;7.68496;Terreno urbano;ND;Nessuno;Demanio;Utilizzato direttamente;Altro;;;;1;False
1866211;L219;122;;;240.0;TERRENO;VIA REISS ROMOLI GUGLIELMO;SNC;45.1069968;7.6904727;Terreno agricolo;ND;Nessuno;Patrimonio indisponibile;Utilizzato direttamente;Attività agricola;;;;1;False
1866215;L219;182;;;244.0;TERRENO;VIA ALA DI STURA;SNC;45.1054794;7.6890537;Terreno agricolo;ND;Nessuno;Patrimonio indisponibile;Utilizzato direttamente;Attività agricola;;;;1;False
1866216;L219;184;;;244.0;TERRENO;VIA ALA DI STURA;SNC;45.1056743;7.6891171;Terreno agricolo;ND;Nessuno;Patrimonio indisponibile;Utilizzato direttamente;Attività agricola;;;;1;False
1866217;L219;186;;;660.0;TERRENO;VIA ALA DI STURA;SNC;45.1057098;7.6867913;Terreno agricolo;ND;Nessuno;Patrimonio indisponibile;Utilizzato direttamente;Attività agricola;;;;1;False
1866218;L219;187;;;20.0;TERRENO;VIA ALA DI STURA;SNC;45.1053972;7.6866872;Terreno agricolo;ND;Nessuno;Patrimonio indisponibile;Utilizzato direttamente;Attività agricola;;;;1;False
1866219;L219;208;;;4742.0;TERRENO;VIA ALA DI STURA;SNC;45.1068471;7.686562;Terreno agricolo;ND;Nessuno;Patrimonio indisponibile;Utilizzato direttamente;Attività agricola;;;;1;False
1866220;L219;222;;;3584.0;TERRENO;VIA ALA DI STURA;SNC;45.1065519;7.6883427;Terreno agricolo;ND;Nessuno;Patrimonio indisponibile;Utilizzato direttamente;Attività agricola;;;;1;False
1866225;L219;251;;;27378.0;TERRENO;VIA REISS ROMOLI GUGLIELMO;SNC;45.1072843;7.6900744;Terreno agricolo;ND;Nessuno;Patrimonio indisponibile;Utilizzato direttamente;Attività agricola;;;;1;False
1866229;L219;170;;;2323.0;TERRENO;VIA FERRARI PAOLO;SNC;45.0857551;7.7021523;Terreno agricolo;ND;Nessuno;Patrimonio indisponibile;Utilizzato direttamente;Attività agricola;;;;1;False
1866230;L219;180;;;263.0;TERRENO;VIA PETRELLA ERRICO;SNC;45.0867328;7.7005596;Terreno agricolo;ND;Nessuno;Patrimonio indisponibile;Utilizzato direttamente;Attività agricola;;;;1;False
1866231;L219;188;;;239.0;TERRENO;VIA PETRELLA ERRICO;SNC;45.0880953;7.6987213;Terreno agricolo;ND;Nessuno;Patrimonio indisponibile;Utilizzato direttamente;Attività agricola;;;;1;False
1866232;L219;189;;;5.0;TERRENO;VIA PETRELLA ERRICO;SNC;45.0879395;7.6984866;Terreno agricolo;ND;Nessuno;Patrimonio indisponibile;Utilizzato direttamente;Attività agricola;;;;1;False
1866233;L219;190;;;10.0;TERRENO;VIA PETRELLA ERRICO;SNC;45.0876866;7.6987102;Terreno agricolo;ND;Nessuno;Patrimonio indisponibile;Utilizzato direttamente;Attività agricola;;;;1;False
1866234;L219;64;;;1618.0;TERRENO;VIA PETRELLA ERRICO;SNC;45.0869104;7.702142;Terreno agricolo;ND;Nessuno;Patrimonio indisponibile;Utilizzato direttamente;Attività agricola;;;;1;False
1866235;L219;53;;;6000.0;TERRENO;VIA MONTEVERDI CLAUDIO;SNC;45.0861742;7.7114326;Terreno agricolo;ND;Nessuno;Patrimonio indisponibile;Utilizzato direttamente;Attività agricola;;;;1;False
1866236;L219;14;;;5449.0;TERRENO;STRADA ALLA VETTA DELLA MADDALENA;SNC;45.0369332;7.7164433;Terreno boscato o con vegetazione di vario tipo;ND;Nessuno;Patrimonio indisponibile;Utilizzato direttamente;Altro;;;;1;False
1866237;L219;143;;;3290.0;TERRENO;STRADA ALLA VETTA DELLA MADDALENA;SNC;45.0357055;7.7141275;Terreno boscato o con vegetazione di vario tipo;ND;Nessuno;Patrimonio indisponibile;Utilizzato direttamente;Altro;;;;1;False
1866238;L219;20;;;420.0;TERRENO;VIA ZANELLA GIACOMO;SNC;45.0866638;7.7148079;Terreno agricolo;ND;Nessuno;Patrimonio indisponibile;Utilizzato direttamente;Attività agricola;;;;1;False
1866239;L219;21;;;85.0;TERRENO;VIA ZANELLA GIACOMO;SNC;45.0867685;7.7149713;Terreno agricolo;ND;Nessuno;Patrimonio indisponibile;Utilizzato direttamente;Attività agricola;;;;1;False
1866240;L219;30;;;29340.0;TERRENO;CORSO REGIO PARCO;SNC;45.0862366;7.7141284;Terreno agricolo;ND;Nessuno;Patrimonio indisponibile;Utilizzato direttamente;Attività agricola;in locazione;251.0;01/01/2016;1;False
1866242;L219;31;;;12740.0;TERRENO;VIA ZANELLA GIACOMO;SNC;45.085078;7.7141461;Terreno agricolo;ND;Nessuno;Patrimonio indisponibile;Utilizzato direttamente;Attività agricola;;;;1;False
1866243;L219;47;;;3554.0;TERRENO;STRADA ALLA VETTA DELLA MADDALENA;SNC;45.0348638;7.7128956;Terreno boscato o con vegetazione di vario tipo;ND;Nessuno;Patrimonio indisponibile;Utilizzato direttamente;Altro;;;;1;False
1866244;L219;32;;;1170.0;TERRENO;VIA ZANELLA GIACOMO;SNC;45.0842798;7.7141513;Terreno agricolo;ND;Nessuno;Patrimonio indisponibile;Utilizzato direttamente;Attività agricola;;;;1;False
1866245;L219;35;;;25.0;TERRENO;Via Giacomo Zanella;17;45.0837404;7.7154154;Terreno agricolo;ND;Dichiarazione di interesse culturale;Demanio;Utilizzato direttamente;Attività agricola;;;;1;False
1866246;L219;50;;;6507.0;TERRENO;STRADA ALLA VETTA DELLA MADDALENA;SNC;45.0355417;7.7159065;Terreno boscato o con vegetazione di vario tipo;ND;Nessuno;Patrimonio indisponibile;Utilizzato direttamente;Altro;;;;1;False
1866247;L219;109;;;1200.0;TERRENO;CORSO VENEZIA;SNC;45.1025907;7.6901446;Pascolo;ND;Nessuno;Patrimonio indisponibile;Utilizzato direttamente;Attività agricola;;;;1;False
1866248;L219;36;;;380.0;TERRENO;Via Giacomo Zanella;17;45.0840052;7.7154684;Terreno agricolo;ND;Dichiarazione di interesse culturale;Demanio;Utilizzato direttamente;Attività agricola;;;;1;False
1866249;L219;51;;;8634.0;TERRENO;STRADA ALLA VETTA DELLA MADDALENA;SNC;45.0350421;7.7176778;Terreno boscato o con vegetazione di vario tipo;ND;Nessuno;Patrimonio indisponibile;Utilizzato direttamente;Altro;;;;1;False
1866250;L219;112;;;200.0;TERRENO;CORSO VENEZIA;SNC;45.1034458;7.6916392;Pascolo;ND;Nessuno;Patrimonio indisponibile;Utilizzato direttamente;Attività agricola;;;;1;False
1866251;L219;37;;;530.0;TERRENO;Via Giacomo Zanella;17;45.0839182;7.7159262;Terreno agricolo;ND;Dichiarazione di interesse culturale;Demanio;Utilizzato direttamente;Attività agricola;;;;1;False
1866252;L219;52;;;4619.0;TERRENO;STRADA ALLA VETTA DELLA MADDALENA;SNC;45.0350977;7.7180982;Terreno boscato o con vegetazione di vario tipo;ND;Nessuno;Patrimonio indisponibile;Utilizzato direttamente;Altro;;;;1;False
1866253;L219;113;;;210.0;TERRENO;CORSO VENEZIA;SNC;45.1033898;7.6916673;Terreno agricolo;ND;Nessuno;Patrimonio indisponibile;Utilizzato direttamente;Attività agricola;;;;1;False
1866254;L219;38;;;1720.0;TERRENO;VIA ZANELLA GIACOMO;SNC;45.0844409;7.7158986;Terreno agricolo;ND;Nessuno;Patrimonio indisponibile;Utilizzato direttamente;Attività agricola;;;;1;False
1866255;L219;60;;;2598.0;TERRENO;STRADA ALLA VETTA DELLA MADDALENA;SNC;45.0350391;7.7199046;Terreno boscato o con vegetazione di vario tipo;ND;Nessuno;Patrimonio indisponibile;Utilizzato direttamente;Altro;;;;1;False
1866256;L219;61;;;4948.0;TERRENO;STRADA ALLA VETTA DELLA MADDALENA;SNC;45.0353916;7.7203905;Terreno boscato o con vegetazione di vario tipo;ND;Nessuno;Patrimonio indisponibile;Utilizzato direttamente;Altro;;;;1;False
1866257;L219;89;;;993.0;TERRENO;STRADA ALLA VETTA DELLA MADDALENA;SNC;45.0336937;7.7122821;Pascolo;ND;Nessuno;Patrimonio indisponibile;Utilizzato direttamente;Attività agricola;;;;1;False
1866258;L219;35;;;7.0;TERRENO;STRADA CIMITERO DI SASSI;SNC;45.0836309;7.7244041;Terreno agricolo;ND;Nessuno;Patrimonio indisponibile;Utilizzato direttamente;Attività agricola;;;;1;False
1866260;L219;9;;;7140.0;TERRENO;STRADA ALLA VETTA DELLA MADDALENA;SNC;45.0363486;7.7149151;Terreno boscato o con vegetazione di vario tipo;ND;Nessuno;Patrimonio indisponibile;Utilizzato direttamente;Altro;;;;1;False
1866261;L219;5;;;8780.0;TERRENO;Via Friedrich Nietzsche;154;45.0851308;7.7218692;Terreno boscato o con vegetazione di vario tipo;ND;Nessuno;Patrimonio indisponibile;Utilizzato direttamente;Altro;;;;1;False
1866262;L219;90;;;2415.0;TERRENO;STRADA ALLA VETTA DELLA MADDALENA;SNC;45.0333407;7.7119007;Terreno boscato o con vegetazione di vario tipo;ND;Nessuno;Patrimonio indisponibile;Utilizzato direttamente;Altro;;;;1;False
1866429;L219;11;;;1340.0;TERRENO;STRADA DEL MEISINO;SNC;45.0891055;7.7251671;Terreno agricolo;ND;Nessuno;Patrimonio indisponibile;Utilizzato direttamente;Attività agricola;;;;1;False
1866430;L219;12;;;2130.0;TERRENO;STRADA DEL MEISINO;SNC;45.088624;7.725858;Pascolo;ND;Nessuno;Patrimonio indisponibile;Utilizzato direttamente;Attività agricola;;;;1;False
1866431;L219;1;;;860.0;TERRENO;VIA BOLOGNA;SNC;45.0908159;7.7112855;Terreno agricolo;ND;Nessuno;Patrimonio indisponibile;Utilizzato direttamente;Attività agricola;;;;1;False
1866432;L219;101;;;7590.0;TERRENO;VIA BOLOGNA;SNC;45.089745;7.7119928;Parco/Villa Comunale/Giardino Pubblico;ND;Nessuno;Patrimonio indisponibile;Utilizzato direttamente;Altro;;;;1;False
1866433;L219;133;;;8115.0;TERRENO;VIA ROSSETTI GABRIELE;SNC;45.0899431;7.7191855;Terreno boscato o con vegetazione di vario tipo;ND;Nessuno;Patrimonio indisponibile;Utilizzato direttamente;Altro;;;;1;False
1935867;L219;113;;;118.0;TERRENO;STRADA DEL VILLARETTO;SNC;45.1353333;7.6847803;Terreno agricolo;ND;Nessuno;Patrimonio indisponibile;Utilizzato direttamente;Attività agricola;;;;1;False
1935868;L219;116;;;282.0;TERRENO;STRADA DEL VILLARETTO;SNC;45.1351153;7.6857078;Terreno agricolo;ND;Nessuno;Patrimonio indisponibile;Utilizzato direttamente;Attività agricola;;;;1;False
1935869;L219;160;;;579.0;TERRENO;STRADA DEL VILLARETTO;SNC;45.1313328;7.6824882;Terreno agricolo;ND;Nessuno;Patrimonio indisponibile;Utilizzato direttamente;Altro;;;;1;False
1935870;L219;161;;;141.0;TERRENO;STRADA DEL VILLARETTO;SNC;45.1316488;7.6817399;Terreno agricolo;ND;Nessuno;Patrimonio indisponibile;Utilizzato direttamente;Altro;;;;1;False
1935871;L219;32;;;27725.0;TERRENO;STRADA SANTA MARGHERITA;SNC;45.1338018;7.6591625;Terreno boscato o con vegetazione di vario tipo;ND;Nessuno;Patrimonio indisponibile;Utilizzato direttamente;Altro;;;;1;False
1935872;L219;33;;;690.0;TERRENO;STRADA DELL'AEROPORTO;SNC;45.1335888;7.6596532;Terreno agricolo;ND;Nessuno;Patrimonio indisponibile;;Non Dichiarato;in locazione;4227.0;11/11/2022;1;False
1935873;L219;35;;;4340.0;TERRENO;STRADA DELL'AEROPORTO;SNC;45.1327973;7.6630751;Terreno boscato o con vegetazione di vario tipo;ND;Nessuno;Patrimonio indisponibile;;Non Dichiarato;in locazione;4227.0;11/11/2022;1;False
1935874;L219;39;;;1069.0;TERRENO;STRADA DELL'AEROPORTO;SNC;45.1322259;7.6592199;Terreno agricolo;ND;Nessuno;Patrimonio indisponibile;;Non Dichiarato;in locazione;4227.0;11/11/2022;1;False
1935875;L219;10;;;900.0;TERRENO;VIA DEGLI ULIVI;SNC;45.1316372;7.7153363;Terreno agricolo;ND;Nessuno;Patrimonio indisponibile;Utilizzato direttamente;Attività agricola;;;;1;False
1935876;L219;76;;;334.0;TERRENO;VIA DELLE QUERCE;SNC;45.1286498;7.7039856;Terreno agricolo;ND;Nessuno;Patrimonio indisponibile;Utilizzato direttamente;Attività agricola;;;;1;False
1937925;L219;3;;;83710.0;TERRENO;STRADA AI DRUENTO;SNC;45.1116431;7.6232554;Terreno agricolo;ND;Nessuno;Patrimonio indisponibile;;Non Dichiarato;in locazione;1052.0;01/02/2019;1;False
1937926;L219;10;;;4669.0;TERRENO;STRADA CIMITERO DI SASSI;SNC;45.0871732;7.7230636;Terreno agricolo;ND;Nessuno;Patrimonio indisponibile;Utilizzato direttamente;Attività agricola;;;;1;False
1937927;L219;12;;;27594.0;TERRENO;STRADA CIMITERO DI SASSI;SNC;45.0863103;7.7242227;Terreno agricolo;ND;Nessuno;Patrimonio indisponibile;Utilizzato direttamente;Attività agricola;;;;1;False
1937928;L219;33;;;394.0;TERRENO;STRADA CIMITERO DI SASSI;SNC;45.0837381;7.7250526;Terreno agricolo;ND;Nessuno;Patrimonio indisponibile;Utilizzato direttamente;Attività agricola;;;;1;False
1937931;L219;17;;;28630.0;TERRENO;STRADA DEL PORTONE;SNC;45.0309145;7.597273;Terreno agricolo;ND;Nessuno;Patrimonio indisponibile;;Non Dichiarato;in locazione;866.0;01/09/2012;1;False
1937932;L219;18;;;61680.0;TERRENO;STRADA DEL PORTONE;SNC;45.0298194;7.6003677;Terreno agricolo;ND;Nessuno;Patrimonio indisponibile;;Non Dichiarato;in locazione;866.0;01/09/2012;1;False
1937935;L219;1;;;790.0;TERRENO;STRADA DEL MEISINO;SNC;45.0913449;7.7327474;Pascolo;ND;Nessuno;Patrimonio indisponibile;Utilizzato direttamente;Attività agricola;;;;1;False
1937937;L219;24;;;1180.0;TERRENO;STRADA DEL MEISINO;SNC;45.0893331;7.7368962;Pascolo;ND;Nessuno;Patrimonio indisponibile;Utilizzato direttamente;Attività agricola;;;;1;False
1937944;L219;27;;;110.0;TERRENO;STRADA DEL MEISINO;SNC;45.0893701;7.7376386;Pascolo;ND;Nessuno;Patrimonio indisponibile;Utilizzato direttamente;Attività agricola;;;;1;False
1937946;L219;28;;;2380.0;TERRENO;STRADA DEL MEISINO;SNC;45.0891755;7.7374502;Pascolo;ND;Nessuno;Patrimonio indisponibile;Utilizzato direttamente;Attività agricola;;;;1;False
1938001;L219;18;;;13865.0;TERRENO;STRADA CUORGNE';SNC;45.1259932;7.7024884;Terreno agricolo;ND;Nessuno;Patrimonio indisponibile;Utilizzato direttamente;Attività agricola;;;;1;False
1938002;L219;4;;;14815.0;TERRENO;STRADA CUORGNE';SNC;45.1268137;7.7019282;Terreno agricolo;ND;Nessuno;Patrimonio indisponibile;Utilizzato direttamente;Attività agricola;;;;1;False
1938003;L219;2;;;52335.0;TERRENO;STRADA DEL VILLARETTO;SNC;45.1235784;7.6993754;Terreno agricolo;ND;Nessuno;Patrimonio indisponibile;;Non Dichiarato;in locazione;5191.0;11/11/2022;1;False
1938004;L219;11;;;17650.0;TERRENO;STRADA DEL MOLINO DEL VILLARETTO;SNC;45.1225971;7.6910732;Terreno agricolo;ND;Nessuno;Patrimonio indisponibile;;Non Dichiarato;in locazione;3475.0;11/11/2022;1;False
1938005;L219;27;;;5500.0;TERRENO;STRADA DEL MOLINO DEL VILLARETTO;SNC;45.1236676;7.6892605;Terreno agricolo;ND;Nessuno;Patrimonio indisponibile;;Non Dichiarato;in locazione;3475.0;11/11/2022;1;False
1938006;L219;19;;;1060.0;TERRENO;STRADA LANZO;SNC;45.1242667;7.6587074;Terreno agricolo;ND;Nessuno;Patrimonio indisponibile;Utilizzato direttamente;Attività agricola;;;;1;False
1938007;L219;20;;;6960.0;TERRENO;STRADA DELL'AEROPORTO;SNC;45.1241884;7.6593566;Terreno agricolo;ND;Nessuno;Patrimonio indisponibile;;Non Dichiarato;in locazione;2566.0;11/11/2019;1;False
1938008;L219;54;;;3660.0;TERRENO;STRADA LANZO;SNC;45.1258671;7.6557399;Terreno agricolo;ND;Nessuno;Patrimonio indisponibile;Utilizzato direttamente;Attività agricola;;;;1;False
1938009;L219;57;;;4306.0;TERRENO;STRADA SANTA MARGHERITA;SNC;45.1262439;7.6563804;Terreno agricolo;ND;Nessuno;Patrimonio indisponibile;Utilizzato direttamente;Attività agricola;;;;1;False
1938010;L219;6;;;9427.0;TERRENO;STRADA DELL'AEROPORTO;SNC;45.1256477;7.6585756;Terreno agricolo;ND;Nessuno;Patrimonio indisponibile;;Non Dichiarato;in locazione;2566.0;11/11/2019;1;False
1938011;L219;34;;;369.0;TERRENO;STRADA CIMITERO DI SASSI;SNC;45.0836025;7.7246878;Pascolo;ND;Nessuno;Patrimonio indisponibile;Utilizzato direttamente;Attività agricola;;;;1;False
1938012;L219;10;;;10610.0;TERRENO;STRADA CIMITERO DI SASSI;SNC;45.0828945;7.7278837;Terreno agricolo;ND;Nessuno;Patrimonio indisponibile;Utilizzato direttamente;Attività agricola;;;;1;False
1938013;L219;12;;;15310.0;TERRENO;VIA AGUDIO TOMMASO;SNC;45.0823887;7.7255053;Terreno agricolo;ND;Nessuno;Patrimonio indisponibile;Utilizzato direttamente;Attività agricola;;;;1;False
1938014;L219;19;;;6110.0;TERRENO;STRADA CIMITERO DI SASSI;SNC;45.0822097;7.7285625;Pascolo;ND;Nessuno;Patrimonio indisponibile;Utilizzato direttamente;Attività agricola;;;;1;False
1938015;L219;20;;;5760.0;TERRENO;VIA AGUDIO TOMMASO;SNC;45.0821642;7.7289621;Pascolo;ND;Nessuno;Patrimonio indisponibile;Utilizzato direttamente;Attività agricola;;;;1;False
1938016;L219;23;;;6120.0;TERRENO;VIA AGUDIO TOMMASO;SNC;45.0818386;7.7293405;Terreno agricolo;ND;Nessuno;Patrimonio indisponibile;Utilizzato direttamente;Attività agricola;;;;1;False
1938017;L219;35;;;6070.0;TERRENO;STRADA DI SOPERGA;SNC;45.0831143;7.7298574;Pascolo;ND;Nessuno;Patrimonio indisponibile;Utilizzato direttamente;Attività agricola;;;;1;False
1938018;L219;8;;;460.0;TERRENO;STRADA CIMITERO DI SASSI;SNC;45.0835804;7.7251386;Pascolo;ND;Nessuno;Patrimonio indisponibile;Utilizzato direttamente;Attività agricola;;;;1;False
1938019;L219;9;;;3370.0;TERRENO;STRADA CIMITERO DI SASSI;SNC;45.0838455;7.7260524;Pascolo;ND;Nessuno;Patrimonio indisponibile;Utilizzato direttamente;Attività agricola;;;;1;False
1938020;L219;11;;;5620.0;TERRENO;STRADA DELL'ARRIVORE;SNC;45.0962541;7.7165182;Terreno agricolo;ND;Nessuno;Patrimonio indisponibile;Utilizzato direttamente;Attività agricola;;;;1;False
1938021;L219;12;;;5320.0;TERRENO;STRADA DELL'ARRIVORE;SNC;45.0963948;7.7149464;Terreno agricolo;ND;Nessuno;Patrimonio indisponibile;Utilizzato direttamente;Attività agricola;;;;1;False
1938022;L219;19;;;85843.0;TERRENO;STRADA DELL'ARRIVORE;SNC;45.098397;7.7161884;Terreno agricolo;ND;Nessuno;Patrimonio indisponibile;Utilizzato direttamente;Attività agricola;;;;1;False
1938026;L219;29;;;770.0;TERRENO;STRADA DEL MEISINO;SNC;45.0892504;7.7377927;Pascolo;ND;Nessuno;Patrimonio indisponibile;Utilizzato direttamente;Attività agricola;;;;1;False
1938029;L219;30;;;1188.0;TERRENO;STRADA DEL MEISINO;SNC;45.0888659;7.73682;Pascolo;ND;Nessuno;Patrimonio indisponibile;Utilizzato direttamente;Attività agricola;;;;1;False
1938030;L219;47;;;280.0;TERRENO;STRADA DEL MEISINO;SNC;45.0898067;7.7398169;Pascolo;ND;Nessuno;Patrimonio indisponibile;Utilizzato direttamente;Attività agricola;;;;1;False
1938031;L219;52;;;170.0;TERRENO;STRADA DEL MEISINO;SNC;45.0900296;7.7402634;Pascolo;ND;Nessuno;Patrimonio indisponibile;Utilizzato direttamente;Attività agricola;;;;1;False
1938032;L219;7;;;18790.0;TERRENO;STRADA DEL DROSSO;SNC;45.0144303;7.6010451;Terreno agricolo;ND;Nessuno;Patrimonio indisponibile;;Non Dichiarato;in locazione;3605.0;11/11/2022;1;False
1938033;L219;77;;;1959.0;TERRENO;STRADA DEL MEISINO;SNC;45.0909527;7.7332818;Pascolo;ND;Nessuno;Patrimonio indisponibile;Utilizzato direttamente;Attività agricola;;;;1;False
1938034;L219;8;;;15620.0;TERRENO;STRADA DEL DROSSO;SNC;45.013662;7.6012974;Terreno agricolo;ND;Nessuno;Patrimonio indisponibile;;Non Dichiarato;in locazione;3605.0;11/11/2022;1;False
1938035;L219;79;;;2970.0;TERRENO;STRADA DEL MEISINO;SNC;45.0907938;7.7326413;Pascolo;ND;Nessuno;Patrimonio indisponibile;Utilizzato direttamente;Attività agricola;;;;1;False
1938036;L219;195;;;25524.0;TERRENO;STRADA DEL MEISINO;SNC;45.0888144;7.729927;Pascolo;ND;Nessuno;Patrimonio indisponibile;Utilizzato direttamente;Attività agricola;;;;1;False
1938037;L219;198;;;4309.0;TERRENO;STRADA DEL MEISINO;SNC;45.0883799;7.7314476;Pascolo;ND;Nessuno;Patrimonio indisponibile;Utilizzato direttamente;Attività agricola;;;;1;False
1938039;L219;2;;;11446.0;TERRENO;STRADA DEL MEISINO;SNC;45.0903645;7.7289383;Terreno boscato o con vegetazione di vario tipo;ND;Nessuno;Patrimonio indisponibile;Utilizzato direttamente;Altro;;;;1;False
1938040;L219;201;;;15369.0;TERRENO;STRADA DEL MEISINO;SNC;45.0899372;7.7262601;Pascolo;ND;Nessuno;Patrimonio indisponibile;Utilizzato direttamente;Attività agricola;;;;1;False
1938041;L219;210;;;2960.0;TERRENO;STRADA DEL MEISINO;SNC;45.0887736;7.7263732;Terreno boscato o con vegetazione di vario tipo;ND;Nessuno;Patrimonio indisponibile;Utilizzato direttamente;Altro;;;;1;False
1938042;L219;8;;;465.0;TERRENO;STRADA DEL MEISINO;SNC;45.0895166;7.7275877;Terreno agricolo;ND;Nessuno;Patrimonio indisponibile;Utilizzato direttamente;Attività agricola;;;;1;False
1938043;L219;16;;;1780.0;TERRENO;STRADA DEL MEISINO;SNC;45.0913479;7.7310847;Pascolo;ND;Nessuno;Patrimonio indisponibile;Utilizzato direttamente;Attività agricola;;;;1;False
1938044;L219;27;;;4900.0;TERRENO;STRADA DEL MEISINO;SNC;45.0910598;7.7300588;Pascolo;ND;Nessuno;Patrimonio indisponibile;Utilizzato direttamente;Attività agricola;;;;1;False
1938045;L219;30;;;290.0;TERRENO;STRADA DEL MEISINO;SNC;45.0907439;7.7314582;Pascolo;ND;Nessuno;Patrimonio indisponibile;Utilizzato direttamente;Attività agricola;;;;1;False
1938046;L219;34;;;1780.0;TERRENO;STRADA DEL MEISINO;SNC;45.0904567;7.730903;Pascolo;ND;Nessuno;Patrimonio indisponibile;Utilizzato direttamente;Attività agricola;;;;1;False
1938047;L219;44;;;4220.0;TERRENO;STRADA DEL MEISINO;SNC;45.0919576;7.7303439;Pascolo;ND;Nessuno;Patrimonio indisponibile;Utilizzato direttamente;Attività agricola;;;;1;False
1938048;L219;58;;;960.0;TERRENO;STRADA DEL MEISINO;SNC;45.0910262;7.7292447;Pascolo;ND;Nessuno;Patrimonio indisponibile;Utilizzato direttamente;Attività agricola;;;;1;False
1938049;L219;13;;;350.0;TERRENO;STRADA DEL MEISINO;SNC;45.0879942;7.7270391;Pascolo;ND;Nessuno;Patrimonio indisponibile;Utilizzato direttamente;Attività agricola;;;;1;False
1938050;L219;18;;;10274.0;TERRENO;STRADA DEL MEISINO;SNC;45.0885839;7.7244198;Terreno agricolo;ND;Nessuno;Patrimonio indisponibile;Utilizzato direttamente;Attività agricola;;;;1;False
1938051;L219;19;;;25128.0;TERRENO;STRADA DEL MEISINO;SNC;45.0881263;7.7254779;Terreno agricolo;ND;Nessuno;Patrimonio indisponibile;Utilizzato direttamente;Attività agricola;;;;1;False
1938052;L219;21;;;1375.0;TERRENO;Via Friedrich Nietzsche;154;45.0872303;7.7235585;Pascolo;ND;Nessuno;Patrimonio indisponibile;Utilizzato direttamente;Attività agricola;;;;1;False
1938281;L219;35;;;11808.0;TERRENO;STRADA DEL DROSSO;SNC;45.0167071;7.5956964;Terreno boscato o con vegetazione di vario tipo;ND;Nessuno;Patrimonio indisponibile;;Non Dichiarato;in locazione;3605.0;11/11/2022;1;False
1938283;L219;14;;;29968.0;TERRENO;STRADA DEL DROSSO;SNC;45.0156417;7.5927717;Pascolo;ND;Nessuno;Patrimonio indisponibile;;Non Dichiarato;in locazione;3605.0;11/11/2022;1;False
1938284;L219;49;;;140.0;TERRENO;STRADA DEL MEISINO;SNC;45.0899012;7.7400917;Pascolo;ND;Nessuno;Patrimonio indisponibile;Utilizzato direttamente;Attività agricola;;;;1;False
1938285;L219;3;;;9160.0;TERRENO;STRADA DEL DROSSO;SNC;45.0148006;7.5992344;Terreno agricolo;ND;Nessuno;Patrimonio indisponibile;;Non Dichiarato;in locazione;3605.0;11/11/2022;1;False
1945216;L219;183;;;5157.0;TERRENO;CORSO GROSSETO;SNC;45.1047491;7.6888776;Terreno agricolo;ND;Nessuno;Patrimonio indisponibile;Utilizzato direttamente;Attività agricola;;;;1;False
1945217;L219;184;;;5157.0;TERRENO;CORSO GROSSETO;SNC;45.1051222;7.6884185;Terreno agricolo;ND;Nessuno;Patrimonio indisponibile;Utilizzato direttamente;Attività agricola;;;;1;False
1945218;L219;185;;;5157.0;TERRENO;CORSO GROSSETO;SNC;45.1045166;7.6893185;Terreno agricolo;ND;Nessuno;Patrimonio indisponibile;Utilizzato direttamente;Attività agricola;;;;1;False
1945219;L219;190;;;549.0;TERRENO;CORSO GROSSETO;SNC;45.1050683;7.6895034;Terreno agricolo;ND;Nessuno;Patrimonio indisponibile;Utilizzato direttamente;Attività agricola;;;;1;False
1945220;L219;191;;;548.0;TERRENO;Via Paolo Veronese;46;45.1049739;7.6907003;Terreno urbano;ND;Nessuno;Patrimonio indisponibile;Utilizzato direttamente;Altro;;;;1;False
1945221;L219;192;;;352.0;TERRENO;CORSO GROSSETO;SNC;45.1049337;7.6896655;Terreno agricolo;ND;Nessuno;Patrimonio indisponibile;Utilizzato direttamente;Attività agricola;;;;1;False
1945222;L219;193;;;352.0;TERRENO;CORSO GROSSETO;SNC;45.1053431;7.6885994;Terreno agricolo;ND;Nessuno;Patrimonio indisponibile;Utilizzato direttamente;Attività agricola;;;;1;False
1945223;L219;194;;;351.0;TERRENO;CORSO GROSSETO;SNC;45.1047902;7.6905291;Terreno agricolo;ND;Nessuno;Patrimonio indisponibile;Utilizzato direttamente;Attività agricola;;;;1;False
1945224;L219;200;;;42.0;TERRENO;CORSO GROSSETO;SNC;45.1049984;7.6912041;Terreno agricolo;ND;Nessuno;Patrimonio indisponibile;Utilizzato direttamente;Attività agricola;;;;1;False
1945225;L219;202;;;57.0;TERRENO;CORSO GROSSETO;SNC;45.1049407;7.6911626;Terreno agricolo;ND;Nessuno;Patrimonio indisponibile;Utilizzato direttamente;Attività agricola;;;;1;False
1945226;L219;203;;;47.0;TERRENO;CORSO GROSSETO;SNC;45.1049659;7.6911045;Terreno agricolo;ND;Nessuno;Patrimonio indisponibile;Utilizzato direttamente;Attività agricola;;;;1;False
1945228;L219;204;;;67.0;TERRENO;CORSO GROSSETO;SNC;45.1051016;7.6877554;Pascolo;ND;Nessuno;Patrimonio indisponibile;Utilizzato direttamente;Attività agricola;;;;1;False
1945229;L219;205;;;67.0;TERRENO;CORSO GROSSETO;SNC;45.105204;7.6877621;Pascolo;ND;Nessuno;Patrimonio indisponibile;Utilizzato direttamente;Attività agricola;;;;1;False
1945230;L219;206;;;66.0;TERRENO;CORSO GROSSETO;SNC;45.1050154;7.6877501;Pascolo;ND;Nessuno;Patrimonio indisponibile;Utilizzato direttamente;Attività agricola;;;;1;False
1945231;L219;230;;;54.0;TERRENO;CORSO VENEZIA;SNC;45.1032949;7.6906466;Terreno agricolo;ND;Nessuno;Patrimonio indisponibile;Utilizzato direttamente;Attività agricola;;;;1;False
1945232;L219;235;;;597.0;TERRENO;CORSO VENEZIA;SNC;45.103113;7.6904538;Terreno agricolo;ND;Nessuno;Patrimonio indisponibile;Utilizzato direttamente;Attività agricola;;;;1;False
1945233;L219;236;;;90.0;TERRENO;CORSO VENEZIA;SNC;45.1030498;7.6904657;Terreno agricolo;ND;Nessuno;Patrimonio indisponibile;Utilizzato direttamente;Attività agricola;;;;1;False
1945234;L219;239;;;1948.0;TERRENO;CORSO VENEZIA;SNC;45.1033628;7.688585;Terreno agricolo;ND;Nessuno;Patrimonio indisponibile;Utilizzato direttamente;Attività agricola;;;;1;False
1945235;L219;243;;;130.0;TERRENO;CORSO VENEZIA;SNC;45.1030348;7.6905336;Pascolo;ND;Nessuno;Patrimonio indisponibile;Utilizzato direttamente;Attività agricola;;;;1;False
1945236;L219;244;;;80.0;TERRENO;CORSO VENEZIA;SNC;45.10304;7.6905082;Pascolo;ND;Nessuno;Patrimonio indisponibile;Utilizzato direttamente;Attività agricola;;;;1;False
1945237;L219;245;;;5121.0;TERRENO;CORSO VENEZIA;SNC;45.1025817;7.6914251;Terreno agricolo;ND;Nessuno;Patrimonio indisponibile;Utilizzato direttamente;Attività agricola;;;;1;False
1945238;L219;246;;;198.0;TERRENO;CORSO VENEZIA;SNC;45.1029926;7.6910164;Terreno agricolo;ND;Nessuno;Patrimonio indisponibile;Utilizzato direttamente;Attività agricola;;;;1;False
1945239;L219;247;;;12.0;TERRENO;CORSO VENEZIA;SNC;45.1032668;7.6907419;Terreno agricolo;ND;Nessuno;Patrimonio indisponibile;Utilizzato direttamente;Attività agricola;;;;1;False
1945240;L219;248;;;9.0;TERRENO;CORSO VENEZIA;SNC;45.103252;7.6907664;Terreno agricolo;ND;Nessuno;Patrimonio indisponibile;Utilizzato direttamente;Attività agricola;;;;1;False
1945241;L219;319;;;117.0;TERRENO;CORSO GROSSETO;SNC;45.1043588;7.6925879;Terreno agricolo;ND;Nessuno;Patrimonio disponibile;Utilizzato direttamente;Attività agricola;;;;1;False
1945242;L219;320;;;429.0;TERRENO;CORSO GROSSETO;SNC;45.1043096;7.6927633;Pascolo;ND;Nessuno;Patrimonio disponibile;Utilizzato direttamente;Attività agricola;;;;1;False
1945243;L219;321;;;150.0;TERRENO;CORSO GROSSETO;SNC;45.1043574;7.692659;Terreno agricolo;ND;Nessuno;Patrimonio disponibile;Utilizzato direttamente;Attività agricola;;;;1;False
1945244;L219;322;;;78.0;TERRENO;CORSO GROSSETO;SNC;45.1041085;7.6922956;Terreno agricolo;ND;Nessuno;Patrimonio disponibile;Utilizzato direttamente;Attività agricola;;;;1;False
1945245;L219;323;;;142.0;TERRENO;CORSO GROSSETO;SNC;45.1041406;7.692371;Terreno agricolo;ND;Nessuno;Patrimonio disponibile;Utilizzato direttamente;Attività agricola;;;;1;False
1945246;L219;324;;;218.0;TERRENO;CORSO GROSSETO;SNC;45.1041187;7.6924337;Terreno agricolo;ND;Nessuno;Patrimonio disponibile;Utilizzato direttamente;Attività agricola;;;;1;False
1945247;L219;325;;;167.0;TERRENO;CORSO GROSSETO;SNC;45.1041737;7.6926817;Terreno agricolo;ND;Nessuno;Patrimonio disponibile;Utilizzato direttamente;Attività agricola;;;;1;False
1945248;L219;326;;;107.0;TERRENO;CORSO GROSSETO;SNC;45.1039678;7.6922002;Pascolo;ND;Nessuno;Patrimonio disponibile;Utilizzato direttamente;Attività agricola;;;;1;False
1945249;L219;327;;;29.0;TERRENO;CORSO GROSSETO;SNC;45.1039496;7.6922888;Pascolo;ND;Nessuno;Patrimonio disponibile;Utilizzato direttamente;Attività agricola;;;;1;False
1945250;L219;328;;;13.0;TERRENO;CORSO GROSSETO;SNC;45.1039471;7.6923253;Pascolo;ND;Nessuno;Patrimonio disponibile;Utilizzato direttamente;Attività agricola;;;;1;False
1945251;L219;330;;;339.0;TERRENO;CORSO VENEZIA;SNC;45.1026561;7.6901617;Pascolo;ND;Nessuno;Patrimonio indisponibile;Utilizzato direttamente;Attività agricola;;;;1;False
1945252;L219;44;;;2220.0;TERRENO;VIA VERONESE PAOLO;SNC;45.1058956;7.6943502;Pascolo;ND;Nessuno;Patrimonio indisponibile;Utilizzato direttamente;Attività agricola;;;;1;False
1945254;L219;50;;;160.0;TERRENO;VIA VERONESE PAOLO;SNC;45.1046088;7.6932574;Terreno agricolo;ND;Nessuno;Patrimonio indisponibile;Utilizzato direttamente;Attività agricola;;;;1;False
1945255;L219;92;;;1300.0;TERRENO;CORSO GROSSETO;SNC;45.1039676;7.6935717;Terreno agricolo;ND;Nessuno;Patrimonio indisponibile;Utilizzato direttamente;Attività agricola;;;;1;False
1945256;L219;167;;;3021.0;TERRENO;VIA COGNE;SNC;45.1066006;7.6990387;Terreno agricolo;ND;Nessuno;Patrimonio indisponibile;Utilizzato direttamente;Attività agricola;;;;1;False
1945257;L219;202;;;1120.0;TERRENO;CORSO GIULIO CESARE;SNC;45.1100982;7.7025872;Pascolo;ND;Nessuno;Patrimonio indisponibile;Utilizzato direttamente;Attività agricola;;;;1;False
1945258;L219;206;;;170.0;TERRENO;CORSO GIULIO CESARE;SNC;45.1092305;7.7041234;Pascolo;ND;Nessuno;Patrimonio indisponibile;Utilizzato direttamente;Attività agricola;;;;1;False
1945259;L219;217;;;870.0;TERRENO;CORSO GIULIO CESARE;SNC;45.1068562;7.7019949;Terreno agricolo;ND;Nessuno;Patrimonio indisponibile;Utilizzato direttamente;Attività agricola;;;;1;False
1945260;L219;223;;;1520.0;TERRENO;CORSO GIULIO CESARE;SNC;45.1099145;7.7031743;Pascolo;ND;Nessuno;Patrimonio indisponibile;Utilizzato direttamente;Attività agricola;;;;1;False
1945261;L219;228;;;149.0;TERRENO;CORSO GIULIO CESARE;SNC;45.1069691;7.7019293;Terreno agricolo;ND;Nessuno;Patrimonio indisponibile;Utilizzato direttamente;Attività agricola;;;;1;False
1945262;L219;230;;;1410.0;TERRENO;CORSO GIULIO CESARE;SNC;45.1077404;7.7025803;Terreno agricolo;ND;Nessuno;Patrimonio indisponibile;Utilizzato direttamente;Attività agricola;;;;1;False
1945263;L219;237;;;960.0;TERRENO;CORSO GIULIO CESARE;SNC;45.1078795;7.7026324;Terreno agricolo;ND;Nessuno;Patrimonio indisponibile;Utilizzato direttamente;Attività agricola;;;;1;False
1945264;L219;241;;;51.0;TERRENO;CORSO GIULIO CESARE;SNC;45.1090619;7.702781;Terreno agricolo;ND;Nessuno;Patrimonio indisponibile;Utilizzato direttamente;Attività agricola;;;;1;False
1945265;L219;245;;;1190.0;TERRENO;CORSO GIULIO CESARE;SNC;45.1090424;7.7040765;Terreno agricolo;ND;Nessuno;Patrimonio indisponibile;Utilizzato direttamente;Attività agricola;;;;1;False
1945266;L219;248;;;430.0;TERRENO;CORSO GIULIO CESARE;SNC;45.1097642;7.7033017;Terreno agricolo;ND;Nessuno;Patrimonio indisponibile;Utilizzato direttamente;Attività agricola;;;;1;False
1945267;L219;249;;;3950.0;TERRENO;CORSO GIULIO CESARE;SNC;45.1095274;7.7040275;Terreno agricolo;ND;Nessuno;Patrimonio indisponibile;Utilizzato direttamente;Attività agricola;;;;1;False
1945268;L219;301;;;2799.0;TERRENO;CORSO GIULIO CESARE;SNC;45.1088553;7.7030039;Terreno agricolo;ND;Nessuno;Patrimonio indisponibile;Utilizzato direttamente;Attività agricola;;;;1;False
1945269;L219;342;;;9354.0;TERRENO;CORSO GIULIO CESARE;SNC;45.1059487;7.7010534;Terreno agricolo;ND;Nessuno;Patrimonio indisponibile;Utilizzato direttamente;Attività agricola;;;;1;False
1945270;L219;87;;;730.0;TERRENO;CORSO GIULIO CESARE;SNC;45.1111538;7.7018168;Pascolo;ND;Nessuno;Patrimonio indisponibile;Utilizzato direttamente;Attività agricola;;;;1;False
1945271;L219;10P;;;2920.0;TERRENO;CORSO GIULIO CESARE;SNC;45.09637;7.69651;Terreno agricolo;ND;Nessuno;Patrimonio indisponibile;Utilizzato direttamente;Attività agricola;;;;1;False
1945272;L219;11;;;1750.0;TERRENO;CORSO GIULIO CESARE;SNC;45.1095391;7.705812;Terreno agricolo;ND;Nessuno;Patrimonio indisponibile;Utilizzato direttamente;Attività agricola;;;;1;False
1945273;L219;14P;;;32221.0;TERRENO;CORSO GIULIO CESARE;SNC;45.09637;7.69651;Terreno agricolo;ND;Nessuno;Patrimonio indisponibile;Utilizzato direttamente;Attività agricola;;;;1;False
1945274;L219;16;;;2958.0;TERRENO;CORSO GIULIO CESARE;SNC;45.1073277;7.7054687;Terreno agricolo;ND;Nessuno;Patrimonio indisponibile;;Non Dichiarato;in concessione a titolo oneroso;19900.0;01/06/2022;1;False
1945275;L219;22;;;7572.0;TERRENO;CORSO GIULIO CESARE;SNC;45.1084953;7.7056767;Terreno agricolo;ND;Nessuno;Patrimonio indisponibile;Utilizzato direttamente;Attività agricola;;;;1;False
1945277;L219;3P;;;52610.0;TERRENO;CORSO GIULIO CESARE;SNC;45.09637;7.69651;Terreno agricolo;ND;Nessuno;Patrimonio indisponibile;Utilizzato direttamente;Attività agricola;;;;1;False
1945278;L219;4;;;1180.0;TERRENO;CORSO GIULIO CESARE;SNC;45.1081902;7.7070644;Terreno agricolo;ND;Nessuno;Patrimonio indisponibile;Utilizzato direttamente;Attività agricola;;;;1;False
1945279;L219;9P;;;3303.0;TERRENO;CORSO GIULIO CESARE;SNC;45.09637;7.69651;Terreno agricolo;ND;Nessuno;Patrimonio indisponibile;Utilizzato direttamente;Attività agricola;;;;1;False
1945280;L219;1;;;28610.0;TERRENO;STRADA DELL'ARRIVORE;SNC;45.1052063;7.7117606;Terreno agricolo;ND;Nessuno;Patrimonio indisponibile;Utilizzato direttamente;Attività agricola;;;;1;False
1945281;L219;11;;;1566.0;TERRENO;STRADA DELL'ARRIVORE;SNC;45.1020585;7.7110787;Terreno agricolo;ND;Nessuno;Patrimonio indisponibile;Utilizzato direttamente;Attività agricola;;;;1;False
1945282;L219;16;;;10983.0;TERRENO;STRADA DELL'ARRIVORE;SNC;45.1040626;7.7114732;Terreno agricolo;ND;Nessuno;Patrimonio indisponibile;Utilizzato direttamente;Attività agricola;;;;1;False
1945283;L219;19;;;3937.0;TERRENO;STRADA DELL'ARRIVORE;SNC;45.1013892;7.7101597;Terreno agricolo;ND;Nessuno;Patrimonio indisponibile;Utilizzato direttamente;Attività agricola;;;;1;False
1945284;L219;21;;;5730.0;TERRENO;STRADA DELL'ARRIVORE;SNC;45.1040231;7.7109157;Terreno agricolo;ND;Nessuno;Patrimonio indisponibile;Utilizzato direttamente;Attività agricola;;;;1;False
1945356;L219;370;;;156.0;TERRENO;STRADA DELLA VERNA;SNC;45.0991879;7.7337505;Terreno agricolo;ND;Nessuno;Patrimonio disponibile;Non utilizzato;Non Dichiarato;;;;1;False
1945357;L219;94;;;697.0;TERRENO;STRADA DELLA VERNA;SNC;45.1002217;7.734038;Terreno agricolo;ND;Nessuno;Patrimonio indisponibile;Utilizzato direttamente;Attività agricola;;;;1;False
1945358;L219;98;;;5529.0;TERRENO;STRADA DELLA VERNA;SNC;45.0998753;7.7340563;Terreno agricolo;ND;Nessuno;Patrimonio indisponibile;;Non Dichiarato;in locazione;5027.0;01/06/2019;1;False
1945359;L219;117;;;670.0;TERRENO;STRADA SAN MAURO;SNC;45.099011;7.7272138;Terreno agricolo;ND;Nessuno;Patrimonio indisponibile;Utilizzato direttamente;Attività agricola;;;;1;False
1945385;L219;23;;;1575.0;TERRENO;STRADA DELL'ARRIVORE;SNC;45.1027173;7.7122371;Terreno agricolo;ND;Nessuno;Patrimonio indisponibile;Utilizzato direttamente;Attività agricola;;;;1;False
1945386;L219;26;;;481.0;TERRENO;STRADA DELL'ARRIVORE;SNC;45.1022721;7.7116062;Terreno agricolo;ND;Nessuno;Patrimonio indisponibile;Utilizzato direttamente;Attività agricola;;;;1;False
1945387;L219;33;;;6629.0;TERRENO;STRADA DELL'ARRIVORE;SNC;45.1039518;7.7081197;Terreno agricolo;ND;Nessuno;Patrimonio indisponibile;Utilizzato direttamente;Attività agricola;;;;1;False
1945388;L219;34;;;721.0;TERRENO;STRADA DELL'ARRIVORE;SNC;45.1032757;7.7092755;Terreno agricolo;ND;Nessuno;Patrimonio indisponibile;Utilizzato direttamente;Attività agricola;;;;1;False
1945389;L219;5;;;1796.0;TERRENO;STRADA DELL'ARRIVORE;SNC;45.1057982;7.7101873;Terreno agricolo;ND;Nessuno;Patrimonio indisponibile;Utilizzato direttamente;Attività agricola;;;;1;False
1945390;L219;6;;;26350.0;TERRENO;STRADA DELL'ARRIVORE;SNC;45.1061568;7.7105586;Terreno agricolo;ND;Nessuno;Patrimonio indisponibile;Utilizzato direttamente;Attività agricola;;;;1;False
1945391;L219;3;;;22975.0;TERRENO;STRADA DELL'ARRIVORE;SNC;45.1013661;7.7129992;Terreno agricolo;ND;Nessuno;Patrimonio indisponibile;Utilizzato direttamente;Attività agricola;;;;1;False
1945392;L219;30;;;4720.0;TERRENO;STRADA DELL'ARRIVORE;SNC;45.1033346;7.7132883;Terreno agricolo;ND;Nessuno;Patrimonio indisponibile;Utilizzato direttamente;Attività agricola;;;;1;False
1945393;L219;31;;;105.0;TERRENO;STRADA DELL'ARRIVORE;SNC;45.1029471;7.7124983;Terreno agricolo;ND;Nessuno;Patrimonio indisponibile;Utilizzato direttamente;Attività agricola;;;;1;False
1945394;L219;33;;;68.0;TERRENO;STRADA DELL'ARRIVORE;SNC;45.1027414;7.7126454;Terreno agricolo;ND;Nessuno;Patrimonio indisponibile;Utilizzato direttamente;Attività agricola;;;;1;False
1945395;L219;35;;;266.0;TERRENO;STRADA DELL'ARRIVORE;SNC;45.1021959;7.7130995;Parco/Villa Comunale/Giardino Pubblico;ND;Nessuno;Patrimonio indisponibile;Utilizzato direttamente;Altro;;;;1;False
1945396;L219;37;;;122.0;TERRENO;STRADA DELL'ARRIVORE;SNC;45.1025147;7.7128291;Terreno agricolo;ND;Nessuno;Patrimonio indisponibile;Utilizzato direttamente;Attività agricola;;;;1;False
1945397;L219;39;;;724.0;TERRENO;STRADA DELL'ARRIVORE;SNC;45.1013189;7.7142384;Terreno agricolo;ND;Nessuno;Patrimonio indisponibile;Utilizzato direttamente;Attività agricola;;;;1;False
1945398;L219;7;;;24834.0;TERRENO;STRADA DELL'ARRIVORE;SNC;45.1009043;7.7110775;Terreno agricolo;ND;Nessuno;Patrimonio indisponibile;Utilizzato direttamente;Attività agricola;;;;1;False
1945399;L219;8;;;15650.0;TERRENO;STRADA DELL'ARRIVORE;SNC;45.1003328;7.7121173;Terreno agricolo;ND;Nessuno;Patrimonio indisponibile;Utilizzato direttamente;Attività agricola;;;;1;False
1945400;L219;21;;;159.0;TERRENO;LUNGO STURA LAZIO;SNC;45.1038125;7.7196835;Terreno agricolo;ND;Dichiarazione di interesse culturale;Patrimonio indisponibile;Utilizzato direttamente;Altro;;;;1;False
1945401;L219;23;;;116.0;TERRENO;LUNGO STURA LAZIO;SNC;45.1052086;7.7187056;Terreno agricolo;ND;Nessuno;Patrimonio indisponibile;Utilizzato direttamente;Altro;;;;1;False
1945402;L219;25;;;12.0;TERRENO;LUNGO STURA LAZIO;SNC;45.1018696;7.7207062;Terreno agricolo;ND;Nessuno;Patrimonio indisponibile;Utilizzato direttamente;Altro;;;;1;False
1945403;L219;27;;;5.0;TERRENO;LUNGO STURA LAZIO;SNC;45.1005162;7.7211788;Terreno agricolo;ND;Nessuno;Patrimonio indisponibile;Utilizzato direttamente;Altro;;;;1;False
1945404;L219;29;;;13.0;TERRENO;LUNGO STURA LAZIO;SNC;45.1003275;7.7212478;Terreno agricolo;ND;Nessuno;Patrimonio indisponibile;Utilizzato direttamente;Altro;;;;1;False
1945405;L219;31;;;30.0;TERRENO;LUNGO STURA LAZIO;SNC;45.1000084;7.7214254;Terreno agricolo;ND;Nessuno;Patrimonio indisponibile;Utilizzato direttamente;Altro;;;;1;False
1945406;L219;33;;;58.0;TERRENO;LUNGO STURA LAZIO;SNC;45.0996966;7.7216979;Terreno agricolo;ND;Nessuno;Patrimonio indisponibile;Utilizzato direttamente;Altro;;;;1;False
1945407;L219;35;;;56.0;TERRENO;LUNGO STURA LAZIO;SNC;45.0994849;7.7219469;Terreno agricolo;ND;Nessuno;Patrimonio indisponibile;Utilizzato direttamente;Altro;;;;1;False
1945409;L219;336;;;2430.0;TERRENO;STRADA DI SETTIMO;SNC;45.1045601;7.7272072;Terreno urbano;ND;Nessuno;Patrimonio indisponibile;Utilizzato direttamente;Attività agricola;;;;1;False
1945410;L219;341;;;540.0;TERRENO;STRADA DI SETTIMO;SNC;45.1047713;7.7269795;Terreno urbano;ND;Nessuno;Patrimonio indisponibile;Utilizzato direttamente;Attività agricola;;;;1;False
1945411;L219;353;;;1209.0;TERRENO;STRADA DI SETTIMO;SNC;45.1033819;7.7278784;Terreno agricolo;ND;Nessuno;Patrimonio indisponibile;Utilizzato direttamente;Attività agricola;;;;1;False
1945412;L219;437;;;1321.0;TERRENO;STRADA DI SETTIMO;SNC;45.1069054;7.7281203;Terreno agricolo;ND;Nessuno;Patrimonio indisponibile;Utilizzato direttamente;Attività agricola;;;;1;False
1945413;L219;441;;;5570.0;TERRENO;STRADA DI SETTIMO;SNC;45.1074977;7.7286758;Terreno agricolo;ND;Nessuno;Patrimonio indisponibile;Utilizzato direttamente;Attività agricola;;;;1;False
1945414;L219;6;;;1854.0;TERRENO;STRADA DI SETTIMO;SNC;45.107126;7.7282599;Terreno agricolo;ND;Nessuno;Patrimonio indisponibile;Utilizzato direttamente;Attività agricola;;;;1;False
1945416;L219;116;;;2925.0;TERRENO;VIA CHIESA DAMIANO;SNC;45.1016809;7.731365;Terreno agricolo;ND;Nessuno;Patrimonio indisponibile;Utilizzato direttamente;Attività agricola;;;;1;False
1945417;L219;216;;;350.0;TERRENO;VIA CHIESA DAMIANO;SNC;45.1029652;7.7295199;Terreno agricolo;ND;Nessuno;Patrimonio indisponibile;Utilizzato direttamente;Attività agricola;;;;1;False
1945418;L219;217;;;600.0;TERRENO;VIA CHIESA DAMIANO;SNC;45.104204;7.7319626;Terreno agricolo;ND;Nessuno;Patrimonio indisponibile;Utilizzato direttamente;Attività agricola;;;;1;False
1945419;L219;219;;;1285.0;TERRENO;VIA CHIESA DAMIANO;SNC;45.1041725;7.7322377;Terreno agricolo;ND;Nessuno;Patrimonio indisponibile;Utilizzato direttamente;Attività agricola;;;;1;False
1945420;L219;221;;;1115.0;TERRENO;VIA CHIESA DAMIANO;SNC;45.1041309;7.7317696;Terreno agricolo;ND;Nessuno;Patrimonio indisponibile;Utilizzato direttamente;Attività agricola;;;;1;False
1945421;L219;229;;;566.0;TERRENO;VIA CHIESA DAMIANO;SNC;45.1014356;7.7317923;Terreno agricolo;ND;Nessuno;Patrimonio indisponibile;Utilizzato direttamente;Attività agricola;;;;1;False
1945422;L219;236;;;755.0;TERRENO;VIA CHIESA DAMIANO;SNC;45.1013163;7.7311631;Terreno agricolo;ND;Nessuno;Patrimonio indisponibile;Utilizzato direttamente;Attività agricola;;;;1;False
1945423;L219;245;;;93.0;TERRENO;VIA CHIESA DAMIANO;SNC;45.1041204;7.7310921;Terreno agricolo;ND;Nessuno;Patrimonio indisponibile;Utilizzato direttamente;Attività agricola;;;;1;False
1945424;L219;247;;;650.0;TERRENO;VIA CHIESA DAMIANO;SNC;45.1040578;7.7308388;Terreno agricolo;ND;Nessuno;Patrimonio indisponibile;Utilizzato direttamente;Attività agricola;;;;1;False
1945425;L219;262;;;1065.0;TERRENO;VIA CHIESA DAMIANO;SNC;45.1040142;7.7303791;Terreno agricolo;ND;Nessuno;Patrimonio indisponibile;Utilizzato direttamente;Attività agricola;;;;1;False
1945428;L219;28;;;2306.0;TERRENO;VIA CHIESA DAMIANO;SNC;45.1039204;7.7292352;Terreno agricolo;ND;Nessuno;Patrimonio indisponibile;Utilizzato direttamente;Attività agricola;;;;1;False
1945429;L219;285;;;600.0;TERRENO;VIA CHIESA DAMIANO;SNC;45.1040926;7.7313451;Terreno agricolo;ND;Nessuno;Patrimonio indisponibile;Utilizzato direttamente;Attività agricola;;;;1;False
1945430;L219;29;;;1870.0;TERRENO;VIA CHIESA DAMIANO;SNC;45.1036711;7.7292462;Terreno agricolo;ND;Nessuno;Patrimonio indisponibile;Utilizzato direttamente;Attività agricola;;;;1;False
1945431;L219;301;;;1334.0;TERRENO;VIA CHIESA DAMIANO;SNC;45.1007328;7.7293073;Terreno urbano;ND;Nessuno;Patrimonio indisponibile;Utilizzato direttamente;Altro;;;;1;False
1945436;L219;330;;;2220.0;TERRENO;VIA CHIESA DAMIANO;SNC;45.1025439;7.731333;Terreno agricolo;ND;Nessuno;Patrimonio indisponibile;Utilizzato direttamente;Attività agricola;;;;1;False
1945439;L219;341;;;960.0;TERRENO;VIA CHIESA DAMIANO;SNC;45.1033406;7.7318204;Terreno agricolo;ND;Nessuno;Patrimonio indisponibile;Utilizzato direttamente;Attività agricola;;;;1;False
1945440;L219;342;;;1580.0;TERRENO;VIA CHIESA DAMIANO;SNC;45.1034248;7.7323239;Terreno urbano;ND;Nessuno;Patrimonio indisponibile;Utilizzato direttamente;Altro;;;;1;False
1945443;L219;59;;;1365.0;TERRENO;VIA CHIESA DAMIANO;SNC;45.1036186;7.7329094;Terreno agricolo;ND;Nessuno;Patrimonio indisponibile;Utilizzato direttamente;Attività agricola;;;;1;False
1945444;L219;151;;;248.0;TERRENO;STRADA COMUNALE DI BERTOLLA;SNC;45.1086247;7.7344309;Terreno agricolo;ND;Nessuno;Patrimonio indisponibile;Utilizzato direttamente;Attività agricola;;;;1;False
1945445;L219;220;;;231.0;TERRENO;STRADA DI SETTIMO;SNC;45.1072167;7.7298579;Terreno agricolo;ND;Nessuno;Patrimonio indisponibile;Utilizzato direttamente;Attività agricola;;;;1;False
1945447;L219;106;;;160.0;TERRENO;STRADA SAN MAURO;SNC;45.1008352;7.7339402;Terreno agricolo;ND;Nessuno;Patrimonio indisponibile;Utilizzato direttamente;Attività agricola;;;;1;False
1945448;L219;112;;;1370.0;TERRENO;STRADA SAN MAURO;SNC;45.1019862;7.7360996;Terreno agricolo;ND;Nessuno;Patrimonio indisponibile;Utilizzato direttamente;Attività agricola;;;;1;False
1945449;L219;114;;;1870.0;TERRENO;STRADA SAN MAURO;SNC;45.1019504;7.7363984;Terreno agricolo;ND;Nessuno;Patrimonio indisponibile;Utilizzato direttamente;Attività agricola;;;;1;False
1945450;L219;115;;;1940.0;TERRENO;STRADA SAN MAURO;SNC;45.1018726;7.7365656;Terreno agricolo;ND;Nessuno;Patrimonio indisponibile;Utilizzato direttamente;Attività agricola;;;;1;False
1945451;L219;118;;;1970.0;TERRENO;STRADA SAN MAURO;SNC;45.1015851;7.7366004;Terreno agricolo;ND;Nessuno;Patrimonio indisponibile;Utilizzato direttamente;Attività agricola;;;;1;False
1945452;L219;120;;;820.0;TERRENO;STRADA SAN MAURO;SNC;45.101253;7.7358976;Terreno agricolo;ND;Nessuno;Patrimonio indisponibile;Utilizzato direttamente;Attività agricola;;;;1;False
1945453;L219;121;;;660.0;TERRENO;STRADA SAN MAURO;SNC;45.1012064;7.7362533;Terreno agricolo;ND;Nessuno;Patrimonio indisponibile;Utilizzato direttamente;Attività agricola;;;;1;False
1945454;L219;126;;;1220.0;TERRENO;STRADA SAN MAURO;SNC;45.1016303;7.7374013;Terreno agricolo;ND;Nessuno;Patrimonio indisponibile;;Non Dichiarato;in locazione;2270.0;01/02/2021;1;False
1945455;L219;137;;;920.0;TERRENO;STRADA SAN MAURO;SNC;45.1006066;7.7347496;Terreno agricolo;ND;Nessuno;Patrimonio indisponibile;Utilizzato direttamente;Attività agricola;;;;1;False
1945456;L219;145;;;270.0;TERRENO;STRADA DELLA VERNA;SNC;45.1007919;7.7368541;Terreno agricolo;ND;Nessuno;Patrimonio indisponibile;Utilizzato direttamente;Attività agricola;;;;1;False
1945457;L219;222;;;130.0;TERRENO;STRADA DELLA VERNA;SNC;45.1001453;7.736243;Terreno agricolo;ND;Nessuno;Patrimonio indisponibile;Utilizzato direttamente;Attività agricola;;;;1;False
1945458;L219;223;;;730.0;TERRENO;STRADA DELLA VERNA;SNC;45.1005143;7.7367397;Terreno agricolo;ND;Nessuno;Patrimonio indisponibile;Utilizzato direttamente;Attività agricola;;;;1;False
1945459;L219;224;;;320.0;TERRENO;STRADA DELLA VERNA;SNC;45.1000613;7.7363057;Terreno agricolo;ND;Nessuno;Patrimonio indisponibile;Utilizzato direttamente;Attività agricola;;;;1;False
1945460;L219;225;;;1300.0;TERRENO;STRADA DELLA VERNA;SNC;45.1004422;7.7368555;Terreno agricolo;ND;Nessuno;Patrimonio indisponibile;Utilizzato direttamente;Attività agricola;;;;1;False
1945461;L219;226;;;160.0;TERRENO;STRADA DELLA VERNA;SNC;45.0999626;7.7364254;Terreno agricolo;ND;Nessuno;Patrimonio indisponibile;Utilizzato direttamente;Attività agricola;;;;1;False
1945462;L219;227;;;940.0;TERRENO;STRADA DELLA VERNA;SNC;45.1003881;7.736979;Terreno agricolo;ND;Nessuno;Patrimonio indisponibile;Utilizzato direttamente;Attività agricola;;;;1;False
1945463;L219;230;;;1930.0;TERRENO;STRADA DELLA VERNA;SNC;45.1001036;7.7368543;Terreno agricolo;ND;Nessuno;Patrimonio indisponibile;Utilizzato direttamente;Attività agricola;;;;1;False
1945464;L219;245;;;520.0;TERRENO;STRADA DELLA VERNA;SNC;45.0995992;7.7370151;Terreno agricolo;ND;Nessuno;Patrimonio indisponibile;Utilizzato direttamente;Attività agricola;;;;1;False
1945465;L219;260;;;880.0;TERRENO;STRADA DELLA VERNA;SNC;45.0993536;7.7370405;Terreno agricolo;ND;Nessuno;Patrimonio indisponibile;Utilizzato direttamente;Attività agricola;;;;1;False
1945467;L219;279;;;470.0;TERRENO;STRADA SAN MAURO;SNC;45.101269;7.7361116;Terreno agricolo;ND;Nessuno;Patrimonio indisponibile;Utilizzato direttamente;Attività agricola;;;;1;False
1945468;L219;292;;;2330.0;TERRENO;VIA CHIESA DAMIANO;SNC;45.1015511;7.734118;Terreno agricolo;ND;Nessuno;Patrimonio indisponibile;Utilizzato direttamente;Attività agricola;;;;1;False
1945469;L219;293;;;640.0;TERRENO;VIA CHIESA DAMIANO;SNC;45.1011767;7.7339892;Terreno agricolo;ND;Nessuno;Patrimonio indisponibile;Utilizzato direttamente;Attività agricola;;;;1;False
1945470;L219;302;;;815.0;TERRENO;VIA CHIESA DAMIANO;SNC;45.1043823;7.7353549;Terreno agricolo;ND;Nessuno;Patrimonio indisponibile;Utilizzato direttamente;Attività agricola;;;;1;False
1945471;L219;308;;;320.0;TERRENO;VIA CHIESA DAMIANO;SNC;45.1047632;7.7351054;Terreno agricolo;ND;Nessuno;Patrimonio indisponibile;Utilizzato direttamente;Attività agricola;;;;1;False
1945472;L219;309;;;150.0;TERRENO;VIA CHIESA DAMIANO;SNC;45.1047937;7.7352275;Terreno agricolo;ND;Nessuno;Patrimonio indisponibile;Utilizzato direttamente;Attività agricola;;;;1;False
1945473;L219;310;;;412.0;TERRENO;VIA CHIESA DAMIANO;SNC;45.1045871;7.7352124;Terreno agricolo;ND;Nessuno;Patrimonio indisponibile;Utilizzato direttamente;Attività agricola;;;;1;False
1945474;L219;312;;;10.0;TERRENO;VIA CHIESA DAMIANO;SNC;45.104672;7.7353115;Terreno agricolo;ND;Nessuno;Patrimonio indisponibile;Utilizzato direttamente;Attività agricola;;;;1;False
1945475;L219;314;;;33.0;TERRENO;VIA CHIESA DAMIANO;SNC;45.1045538;7.7353891;Terreno agricolo;ND;Nessuno;Patrimonio indisponibile;Utilizzato direttamente;Attività agricola;;;;1;False
1945476;L219;315;;;140.0;TERRENO;VIA CHIESA DAMIANO;SNC;45.1049138;7.7349949;Terreno agricolo;ND;Nessuno;Patrimonio indisponibile;Utilizzato direttamente;Attività agricola;;;;1;False
1945477;L219;316;;;9.0;TERRENO;VIA CHIESA DAMIANO;SNC;45.1050235;7.7349454;Terreno agricolo;ND;Nessuno;Patrimonio indisponibile;Utilizzato direttamente;Attività agricola;;;;1;False
1945478;L219;319;;;1640.0;TERRENO;VIA CHIESA DAMIANO;SNC;45.1054506;7.734356;Terreno agricolo;ND;Nessuno;Patrimonio indisponibile;Utilizzato direttamente;Attività agricola;;;;1;False
1945479;L219;325;;;48.0;TERRENO;VIA ANGLESIO MARTINO;SNC;45.10434;7.73153;Terreno agricolo;ND;Nessuno;Patrimonio disponibile;Non utilizzato;Non Dichiarato;;;;1;False
1945480;L219;326;;;95.0;TERRENO;VIA CHIESA DAMIANO;SNC;45.1041989;7.7354702;Terreno agricolo;ND;Nessuno;Patrimonio indisponibile;Utilizzato direttamente;Attività agricola;;;;1;False
1945481;L219;337;;;250.0;TERRENO;STRADA DELLA VERNA;SNC;45.0995817;7.7363727;Terreno agricolo;ND;Nessuno;Patrimonio indisponibile;Utilizzato direttamente;Attività agricola;;;;1;False
1945482;L219;341;;;57.0;TERRENO;STRADA DELLA VERNA;SNC;45.099631;7.7364584;Terreno agricolo;ND;Nessuno;Patrimonio indisponibile;Utilizzato direttamente;Attività agricola;;;;1;False
1945483;L219;343;;;5.0;TERRENO;STRADA DELLA VERNA;SNC;45.0996904;7.7363448;Terreno agricolo;ND;Nessuno;Patrimonio indisponibile;Utilizzato direttamente;Attività agricola;;;;1;False
1945484;L219;345;;;43.0;TERRENO;STRADA DELLA VERNA;SNC;45.0995536;7.73627;Terreno agricolo;ND;Nessuno;Patrimonio indisponibile;Utilizzato direttamente;Attività agricola;;;;1;False
1945485;L219;347;;;8.0;TERRENO;STRADA DELLA VERNA;SNC;45.0995015;7.736237;Terreno agricolo;ND;Nessuno;Patrimonio indisponibile;Utilizzato direttamente;Attività agricola;;;;1;False
1945487;L219;353;;;3311.0;TERRENO;STRADA SAN MAURO;SNC;45.1014435;7.7352252;Terreno agricolo;ND;Nessuno;Patrimonio indisponibile;Utilizzato direttamente;Attività agricola;;;;1;False
1945488;L219;357;;;65.0;TERRENO;STRADA SAN MAURO;SNC;45.1012739;7.73437;Terreno agricolo;ND;Nessuno;Patrimonio indisponibile;Utilizzato direttamente;Attività agricola;;;;1;False
1945489;L219;358;;;1881.0;TERRENO;STRADA SAN MAURO;SNC;45.1011103;7.7348116;Terreno agricolo;ND;Nessuno;Patrimonio indisponibile;Utilizzato direttamente;Attività agricola;;;;1;False
1945490;L219;360;;;395.0;TERRENO;STRADA SAN MAURO;SNC;45.1009763;7.7350384;Terreno agricolo;ND;Nessuno;Patrimonio indisponibile;Utilizzato direttamente;Attività agricola;;;;1;False
1945491;L219;361;;;15.0;TERRENO;STRADA SAN MAURO;SNC;45.1009719;7.7347711;Terreno agricolo;ND;Nessuno;Patrimonio indisponibile;Utilizzato direttamente;Altro;;;;1;False
1945492;L219;388;;;800.0;TERRENO;STRADA SAN MAURO;SNC;45.1020316;7.7363316;Terreno agricolo;ND;Nessuno;Patrimonio indisponibile;Utilizzato direttamente;Attività agricola;;;;1;False
1945493;L219;391;;;39.0;TERRENO;STRADA SAN MAURO;SNC;45.103911;7.7358487;Terreno agricolo;ND;Nessuno;Patrimonio indisponibile;Utilizzato direttamente;Attività agricola;;;;1;False
1945494;L219;393;;;375.0;TERRENO;STRADA SAN MAURO;SNC;45.103811;7.735771;Terreno agricolo;ND;Nessuno;Patrimonio indisponibile;Utilizzato direttamente;Attività agricola;;;;1;False
1945495;L219;395;;;568.0;TERRENO;STRADA SAN MAURO;SNC;45.1036767;7.7357787;Terreno agricolo;ND;Nessuno;Patrimonio indisponibile;Utilizzato direttamente;Attività agricola;;;;1;False
1945496;L219;399;;;450.0;TERRENO;STRADA SAN MAURO;SNC;45.1009441;7.7342616;Terreno agricolo;ND;Nessuno;Patrimonio indisponibile;Utilizzato direttamente;Attività agricola;;;;1;False
1945497;L219;413;;;143.0;TERRENO;STRADA SAN MAURO;SNC;45.1029276;7.7357035;Terreno agricolo;ND;Nessuno;Patrimonio indisponibile;Utilizzato direttamente;Attività agricola;;;;1;False
1945498;L219;420;;;758.0;TERRENO;STRADA SAN MAURO;SNC;45.1028848;7.7359788;Terreno agricolo;ND;Nessuno;Patrimonio indisponibile;Utilizzato direttamente;Attività agricola;;;;1;False
1945499;L219;427;;;72.0;TERRENO;STRADA SAN MAURO;SNC;45.1029841;7.7355121;Terreno agricolo;ND;Nessuno;Patrimonio indisponibile;Utilizzato direttamente;Attività agricola;;;;1;False
1945500;L219;429;;;550.0;TERRENO;STRADA SAN MAURO;SNC;45.1034501;7.7362063;Terreno agricolo;ND;Nessuno;Patrimonio indisponibile;Utilizzato direttamente;Attività agricola;;;;1;False
1945501;L219;430;;;9.0;TERRENO;STRADA SAN MAURO;SNC;45.1033027;7.7361573;Terreno agricolo;ND;Nessuno;Patrimonio indisponibile;Utilizzato direttamente;Attività agricola;;;;1;False
1945502;L219;431;;;409.0;TERRENO;STRADA SAN MAURO;SNC;45.1035873;7.7359946;Terreno agricolo;ND;Nessuno;Patrimonio indisponibile;Utilizzato direttamente;Attività agricola;;;;1;False
1945503;L219;432;;;336.0;TERRENO;STRADA SAN MAURO;SNC;45.1034324;7.735935;Terreno agricolo;ND;Nessuno;Patrimonio indisponibile;Utilizzato direttamente;Attività agricola;;;;1;False
1945504;L219;436;;;6509.0;TERRENO;STRADA SAN MAURO;SNC;45.1023044;7.7359202;Terreno agricolo;ND;Nessuno;Patrimonio indisponibile;Utilizzato direttamente;Attività agricola;;;;1;False
1945505;L219;440;;;436.0;TERRENO;STRADA SAN MAURO;SNC;45.1017802;7.7353116;Terreno agricolo;ND;Nessuno;Patrimonio indisponibile;Utilizzato direttamente;Attività agricola;;;;1;False
1945506;L219;442;;;885.0;TERRENO;STRADA SAN MAURO;SNC;45.1031442;7.7364444;Terreno agricolo;ND;Nessuno;Patrimonio indisponibile;Utilizzato direttamente;Attività agricola;;;;1;False
1945507;L219;443;;;37.0;TERRENO;STRADA SAN MAURO;SNC;45.1032184;7.7362024;Terreno agricolo;ND;Nessuno;Patrimonio indisponibile;Utilizzato direttamente;Attività agricola;;;;1;False
1945508;L219;461;;;60.0;TERRENO;STRADA SAN MAURO;SNC;45.1029363;7.7359165;Terreno agricolo;ND;Nessuno;Patrimonio indisponibile;Utilizzato direttamente;Attività agricola;;;;1;False
1945509;L219;463;;;35.0;TERRENO;STRADA SAN MAURO;SNC;45.1034143;7.7357972;Terreno agricolo;ND;Nessuno;Patrimonio indisponibile;Utilizzato direttamente;Attività agricola;;;;1;False
1945510;L219;466;;;666.0;TERRENO;VIA CHIESA DAMIANO;SNC;45.1049988;7.7335335;Terreno agricolo;ND;Nessuno;Patrimonio indisponibile;Utilizzato direttamente;Attività agricola;;;;1;False
1945511;L219;469;;;453.0;TERRENO;VIA CHIESA DAMIANO;SNC;45.1050016;7.7338532;Terreno agricolo;ND;Nessuno;Patrimonio indisponibile;Utilizzato direttamente;Attività agricola;;;;1;False
1945512;L219;47;;;5736.0;TERRENO;VIA CHIESA DAMIANO;SNC;45.1035497;7.7342203;Terreno agricolo;ND;Nessuno;Patrimonio indisponibile;Utilizzato direttamente;Attività agricola;;;;1;False
1945513;L219;483;;;320.0;TERRENO;STRADA SAN MAURO;SNC;45.1032177;7.7355406;Terreno agricolo;ND;Nessuno;Patrimonio indisponibile;Utilizzato direttamente;Attività agricola;;;;1;False
1945514;L219;5;;;650.0;TERRENO;VIA CHIESA DAMIANO;SNC;45.1049435;7.7348481;Terreno agricolo;ND;Nessuno;Patrimonio indisponibile;Utilizzato direttamente;Attività agricola;;;;1;False
1945516;L219;568;;;1553.0;TERRENO;STRADA DELLA VERNA;SNC;45.099718;7.7391851;Terreno agricolo;ND;Nessuno;Patrimonio indisponibile;Utilizzato direttamente;Attività agricola;;;;1;False
1945517;L219;569;;;1240.0;TERRENO;STRADA DELLA VERNA;SNC;45.0994578;7.7388906;Terreno agricolo;ND;Nessuno;Patrimonio indisponibile;Utilizzato direttamente;Attività agricola;;;;1;False
1945524;L219;576;;;174.0;TERRENO;STRADA DELLA VERNA;SNC;45.099653;7.7395698;Terreno agricolo;ND;Nessuno;Patrimonio indisponibile;Utilizzato direttamente;Attività agricola;;;;1;False
1945526;L219;578;;;415.0;TERRENO;STRADA DELLA VERNA;SNC;45.0995368;7.7404145;Terreno agricolo;ND;Nessuno;Patrimonio indisponibile;Utilizzato direttamente;Attività agricola;;;;1;False
1945531;L219;582;;;237.0;TERRENO;STRADA DELLA VERNA;SNC;45.0991942;7.7402226;Terreno agricolo;ND;Nessuno;Patrimonio indisponibile;Utilizzato direttamente;Attività agricola;;;;1;False
1945534;L219;75;;;2970.0;TERRENO;VIA CHIESA DAMIANO;SNC;45.1025072;7.7344698;Terreno agricolo;ND;Nessuno;Patrimonio indisponibile;;Non Dichiarato;in locazione;3926.0;01/01/2013;1;False
1945535;L219;79;;;4012.0;TERRENO;VIA CHIESA DAMIANO;SNC;45.103006;7.7351417;Terreno agricolo;ND;Nessuno;Patrimonio indisponibile;;Non Dichiarato;in locazione;3926.0;01/01/2013;1;False
1945536;L219;256;;;1061.0;TERRENO;STRADA DEL CASCINOTTO;SNC;45.1057654;7.7431457;Terreno agricolo;ND;Nessuno;Patrimonio indisponibile;Utilizzato direttamente;Attività agricola;;;;1;False
1945537;L219;64;;;3.0;TERRENO;STRADA DEL CASCINOTTO;SNC;45.1057068;7.7429819;Terreno agricolo;ND;Nessuno;Patrimonio indisponibile;Utilizzato direttamente;Attività agricola;;;;1;False
1945538;L219;326;;;1153.0;TERRENO;STRADA COMUNALE DI BERTOLLA;SNC;45.1010628;7.7490325;Terreno agricolo;ND;Nessuno;Patrimonio indisponibile;Utilizzato direttamente;Attività agricola;;;;1;False
1945539;L219;337;;;2010.0;TERRENO;STRADA COMUNALE DI BERTOLLA;SNC;45.1011003;7.748546;Terreno agricolo;ND;Nessuno;Patrimonio indisponibile;Utilizzato direttamente;Attività agricola;;;;1;False
1945540;L219;339;;;252.0;TERRENO;STRADA COMUNALE DI BERTOLLA;SNC;45.1008555;7.748066;Terreno agricolo;ND;Nessuno;Patrimonio indisponibile;Utilizzato direttamente;Attività agricola;;;;1;False
1945541;L219;343;;;540.0;TERRENO;STRADA COMUNALE DI BERTOLLA;SNC;45.1005218;7.7478185;Terreno agricolo;ND;Nessuno;Patrimonio indisponibile;Utilizzato direttamente;Attività agricola;;;;1;False
1945542;L219;348;;;345.0;TERRENO;STRADA COMUNALE DI BERTOLLA;SNC;45.1005681;7.7484438;Terreno agricolo;ND;Nessuno;Patrimonio indisponibile;Utilizzato direttamente;Attività agricola;;;;1;False
1945543;L219;350;;;533.0;TERRENO;STRADA COMUNALE DI BERTOLLA;SNC;45.1007116;7.747962;Terreno agricolo;ND;Nessuno;Patrimonio indisponibile;Utilizzato direttamente;Attività agricola;;;;1;False
1945544;L219;358;;;128.0;TERRENO;VIA MONTE TABOR;SNC;45.1003476;7.7512171;Terreno agricolo;ND;Nessuno;Patrimonio indisponibile;Utilizzato direttamente;Attività agricola;;;;1;False
1945545;L219;360;;;1210.0;TERRENO;VIA MONTE TABOR;SNC;45.1003777;7.7507495;Terreno agricolo;ND;Nessuno;Patrimonio indisponibile;Utilizzato direttamente;Attività agricola;;;;1;False
1945546;L219;363;;;46.0;TERRENO;STRADA COMUNALE DI BERTOLLA;SNC;45.1010689;7.7479622;Terreno agricolo;ND;Nessuno;Patrimonio indisponibile;Utilizzato direttamente;Attività agricola;;;;1;False
1945547;L219;365;;;46.0;TERRENO;STRADA COMUNALE DI BERTOLLA;SNC;45.1011248;7.7478111;Terreno agricolo;ND;Nessuno;Patrimonio indisponibile;Utilizzato direttamente;Attività agricola;;;;1;False
1945548;L219;366;;;345.0;TERRENO;STRADA COMUNALE DI BERTOLLA;SNC;45.1003774;7.7483032;Terreno agricolo;ND;Nessuno;Patrimonio indisponibile;Utilizzato direttamente;Attività agricola;;;;1;False
1945549;L219;368;;;2525.0;TERRENO;STRADA COMUNALE DI BERTOLLA;SNC;45.1001844;7.7480327;Terreno agricolo;ND;Nessuno;Patrimonio indisponibile;Utilizzato direttamente;Attività agricola;;;;1;False
1945550;L219;370;;;1230.0;TERRENO;STRADA COMUNALE DI BERTOLLA;SNC;45.1009035;7.7467428;Terreno agricolo;ND;Nessuno;Patrimonio indisponibile;Utilizzato direttamente;Attività agricola;;;;1;False
1945551;L219;375;;;26.0;TERRENO;STRADA COMUNALE DI BERTOLLA;SNC;45.100374;7.7475437;Terreno agricolo;ND;Nessuno;Patrimonio indisponibile;Utilizzato direttamente;Attività agricola;;;;1;False
1945552;L219;376;;;22.0;TERRENO;STRADA COMUNALE DI BERTOLLA;SNC;45.1005637;7.7476857;Terreno agricolo;ND;Nessuno;Patrimonio indisponibile;Utilizzato direttamente;Attività agricola;;;;1;False
1945553;L219;378;;;12.0;TERRENO;STRADA COMUNALE DI BERTOLLA;SNC;45.1008936;7.7479375;Terreno agricolo;ND;Nessuno;Patrimonio indisponibile;Utilizzato direttamente;Attività agricola;;;;1;False
1945554;L219;379;;;3.0;TERRENO;STRADA COMUNALE DI BERTOLLA;SNC;45.1009339;7.7479532;Terreno agricolo;ND;Nessuno;Patrimonio indisponibile;Utilizzato direttamente;Attività agricola;;;;1;False
1945555;L219;383;;;40.0;TERRENO;STRADA COMUNALE DI BERTOLLA;SNC;45.1005159;7.7468345;Terreno agricolo;ND;Nessuno;Patrimonio indisponibile;Utilizzato direttamente;Attività agricola;;;;1;False
1945556;L219;384;;;20.0;TERRENO;STRADA COMUNALE DI BERTOLLA;SNC;45.1006744;7.7464285;Terreno agricolo;ND;Nessuno;Patrimonio indisponibile;Utilizzato direttamente;Attività agricola;;;;1;False
1945557;L219;390;;;56.0;TERRENO;STRADA COMUNALE DI BERTOLLA;SNC;45.101103;7.7488323;Terreno agricolo;ND;Nessuno;Patrimonio indisponibile;Utilizzato direttamente;Attività agricola;;;;1;False
1945558;L219;391;;;12.0;TERRENO;STRADA COMUNALE DI BERTOLLA;SNC;45.1008365;7.7492741;Terreno agricolo;ND;Nessuno;Patrimonio indisponibile;Utilizzato direttamente;Attività agricola;;;;1;False
1945559;L219;393;;;30.0;TERRENO;STRADA COMUNALE DI BERTOLLA;SNC;45.100969;7.7490342;Terreno agricolo;ND;Nessuno;Patrimonio indisponibile;Utilizzato direttamente;Attività agricola;;;;1;False
1945560;L219;394;;;55.0;TERRENO;STRADA COMUNALE DI BERTOLLA;SNC;45.1012529;7.7485331;Terreno agricolo;ND;Nessuno;Patrimonio indisponibile;Utilizzato direttamente;Attività agricola;;;;1;False
1945563;L219;411;;;4453.0;TERRENO;STRADA COMUNALE DI BERTOLLA;SNC;45.1009938;7.7474187;Terreno agricolo;ND;Nessuno;Patrimonio indisponibile;Utilizzato direttamente;Attività agricola;;;;1;False
1945564;L219;412;;;55.0;TERRENO;STRADA COMUNALE DI BERTOLLA;SNC;45.1012376;7.7479568;Terreno agricolo;ND;Nessuno;Patrimonio indisponibile;Utilizzato direttamente;Attività agricola;;;;1;False
1945565;L219;413;;;348.0;TERRENO;STRADA COMUNALE DI BERTOLLA;SNC;45.101178;7.7479929;Terreno agricolo;ND;Nessuno;Patrimonio indisponibile;Utilizzato direttamente;Attività agricola;;;;1;False
1945567;L219;415;;;20.0;TERRENO;STRADA COMUNALE DI BERTOLLA;SNC;45.1008989;7.747798;Terreno agricolo;ND;Nessuno;Patrimonio indisponibile;Utilizzato direttamente;Attività agricola;;;;1;False
1945573;L219;422;;;1.0;TERRENO;STRADA COMUNALE DI BERTOLLA;SNC;45.1012558;7.7481693;Terreno agricolo;ND;Nessuno;Patrimonio indisponibile;Utilizzato direttamente;Attività agricola;;;;1;False
1945575;L219;424;;;1.0;TERRENO;STRADA COMUNALE DI BERTOLLA;SNC;45.1012313;7.7482055;Terreno agricolo;ND;Nessuno;Patrimonio indisponibile;Utilizzato direttamente;Attività agricola;;;;1;False
1945578;L219;177;;;220.0;TERRENO;strada comunale di bertolla;52;45.0985089;7.7435879;Terreno agricolo;ND;Nessuno;Patrimonio indisponibile;Utilizzato direttamente;Attività agricola;;;;1;False
1945579;L219;184;;;290.0;TERRENO;STRADA COMUNALE DI BERTOLLA;SNC;45.0996697;7.7477405;Terreno agricolo;ND;Nessuno;Patrimonio indisponibile;Utilizzato direttamente;Attività agricola;;;;1;False
1945580;L219;330;;;955.0;TERRENO;VIA MONTE TABOR;SNC;45.1001508;7.7511185;Terreno agricolo;ND;Nessuno;Patrimonio indisponibile;Utilizzato direttamente;Attività agricola;;;;1;False
1945581;L219;334;;;600.0;TERRENO;VIA MONTE TABOR;SNC;45.0996431;7.7499341;Terreno agricolo;ND;Nessuno;Patrimonio indisponibile;Utilizzato direttamente;Attività agricola;;;;1;False
1945582;L219;345;;;680.0;TERRENO;VIA MONTE TABOR;SNC;45.0990767;7.7509635;Terreno agricolo;ND;Nessuno;Patrimonio indisponibile;Utilizzato direttamente;Attività agricola;;;;1;False
1945583;L219;346;;;500.0;TERRENO;VIA MONTE TABOR;SNC;45.0989493;7.7511136;Terreno agricolo;ND;Nessuno;Patrimonio indisponibile;Utilizzato direttamente;Attività agricola;;;;1;False
1945584;L219;378;;;3360.0;TERRENO;VIA GRAN PARADISO;SNC;45.0980244;7.7465321;Terreno agricolo;ND;Nessuno;Patrimonio indisponibile;Utilizzato direttamente;Attività agricola;;;;1;False
1945585;L219;425;;;835.0;TERRENO;VIA MONTE TABOR;SNC;45.0996882;7.7508112;Terreno agricolo;ND;Nessuno;Patrimonio indisponibile;Utilizzato direttamente;Attività agricola;;;;1;False
1945586;L219;426;;;650.0;TERRENO;VIA MONTE TABOR;SNC;45.0995918;7.750799;Terreno agricolo;ND;Nessuno;Patrimonio indisponibile;Utilizzato direttamente;Attività agricola;;;;1;False
1945587;L219;427;;;630.0;TERRENO;VIA MONTE TABOR;SNC;45.0995133;7.7508052;Terreno agricolo;ND;Nessuno;Patrimonio indisponibile;Utilizzato direttamente;Attività agricola;;;;1;False
1945588;L219;428;;;740.0;TERRENO;VIA MONTE TABOR;SNC;45.0994405;7.7507949;Terreno agricolo;ND;Nessuno;Patrimonio indisponibile;Utilizzato direttamente;Attività agricola;;;;1;False
1945589;L219;429;;;470.0;TERRENO;VIA MONTE TABOR;SNC;45.0991567;7.7508417;Terreno agricolo;ND;Nessuno;Patrimonio indisponibile;Utilizzato direttamente;Attività agricola;;;;1;False
1945592;L219;577;;;26.0;TERRENO;VIA MONTE TABOR;SNC;45.0994067;7.7513343;Terreno agricolo;ND;Nessuno;Patrimonio indisponibile;Utilizzato direttamente;Attività agricola;;;;1;False
1945593;L219;578;;;20.0;TERRENO;VIA MONTE TABOR;SNC;45.0994893;7.7513407;Terreno agricolo;ND;Nessuno;Patrimonio indisponibile;Utilizzato direttamente;Attività agricola;;;;1;False
1945594;L219;579;;;25.0;TERRENO;VIA MONTE TABOR;SNC;45.0995718;7.7513393;Terreno agricolo;ND;Nessuno;Patrimonio indisponibile;Utilizzato direttamente;Attività agricola;;;;1;False
1945595;L219;580;;;32.0;TERRENO;VIA MONTE TABOR;SNC;45.0996663;7.7513416;Terreno agricolo;ND;Nessuno;Patrimonio indisponibile;Utilizzato direttamente;Attività agricola;;;;1;False
1945597;L219;581;;;79.0;TERRENO;VIA MONTE TABOR;SNC;45.0998444;7.7513497;Terreno agricolo;ND;Nessuno;Patrimonio indisponibile;Utilizzato direttamente;Attività agricola;;;;1;False
1945598;L219;582;;;1490.0;TERRENO;STRADA COMUNALE DI BERTOLLA;SNC;45.1000025;7.7477057;Terreno agricolo;ND;Nessuno;Patrimonio indisponibile;Utilizzato direttamente;Attività agricola;;;;1;False
1945599;L219;584;;;30.0;TERRENO;STRADA COMUNALE DI BERTOLLA;SNC;45.0998002;7.7478558;Terreno agricolo;ND;Nessuno;Patrimonio indisponibile;Utilizzato direttamente;Attività agricola;;;;1;False
1945600;L219;590;;;64.0;TERRENO;VIA MONTE TABOR;SNC;45.1001396;7.7513297;Terreno agricolo;ND;Nessuno;Patrimonio indisponibile;Utilizzato direttamente;Attività agricola;;;;1;False
1945601;L219;594;;;424.0;TERRENO;VIA MONTE TABOR;SNC;45.1001279;7.7508866;Terreno agricolo;ND;Nessuno;Patrimonio indisponibile;Utilizzato direttamente;Attività agricola;;;;1;False
1945602;L219;600;;;158.0;TERRENO;VIA MONTE TABOR;SNC;45.0998545;7.7507794;Terreno agricolo;ND;Nessuno;Patrimonio indisponibile;Utilizzato direttamente;Attività agricola;;;;1;False
1945603;L219;601;;;1104.0;TERRENO;VIA MONTE TABOR;SNC;45.0998811;7.7510865;Terreno agricolo;ND;Nessuno;Patrimonio indisponibile;Utilizzato direttamente;Attività agricola;;;;1;False
1945606;L219;611;;;20.0;TERRENO;VIA MONTE TABOR;SNC;45.099319;7.7513913;Terreno agricolo;ND;Nessuno;Patrimonio indisponibile;Utilizzato direttamente;Attività agricola;;;;1;False
1945607;L219;612;;;21.0;TERRENO;VIA MONTE TABOR;SNC;45.0992489;7.7513887;Terreno agricolo;ND;Nessuno;Patrimonio indisponibile;Utilizzato direttamente;Attività agricola;;;;1;False
1945608;L219;703;;;677.0;TERRENO;VIA MONTE TABOR;SNC;45.099813;7.7492932;Terreno agricolo;ND;Nessuno;Patrimonio indisponibile;Utilizzato direttamente;Attività agricola;;;;1;False
1945609;L219;705;;;431.0;TERRENO;VIA MONTE TABOR;SNC;45.1004233;7.7496541;Terreno agricolo;ND;Nessuno;Patrimonio indisponibile;Utilizzato direttamente;Attività agricola;;;;1;False
1945610;L219;706;;;329.0;TERRENO;VIA MONTE TABOR;SNC;45.0998889;7.749364;Terreno agricolo;ND;Nessuno;Patrimonio indisponibile;Utilizzato direttamente;Attività agricola;;;;1;False
1945611;L219;707;;;154.0;TERRENO;VIA MONTE TABOR;SNC;45.1004878;7.7497391;Terreno agricolo;ND;Nessuno;Patrimonio indisponibile;Utilizzato direttamente;Attività agricola;;;;1;False
1945612;L219;708;;;713.0;TERRENO;VIA MONTE TABOR;SNC;45.0997375;7.7498674;Terreno agricolo;ND;Nessuno;Patrimonio indisponibile;Utilizzato direttamente;Attività agricola;;;;1;False
1945613;L219;710;;;561.0;TERRENO;VIA MONTE TABOR;SNC;45.0995877;7.7500103;Terreno agricolo;ND;Nessuno;Patrimonio indisponibile;Utilizzato direttamente;Attività agricola;;;;1;False
1945614;L219;711;;;127.0;TERRENO;VIA MONTE TABOR;SNC;45.0995929;7.7495115;Terreno agricolo;ND;Nessuno;Patrimonio indisponibile;Utilizzato direttamente;Attività agricola;;;;1;False
1945615;L219;713;;;376.0;TERRENO;VIA MONTE TABOR;SNC;45.0994932;7.7501729;Terreno agricolo;ND;Nessuno;Patrimonio indisponibile;Utilizzato direttamente;Attività agricola;;;;1;False
1945616;L219;715;;;226.0;TERRENO;VIA MONTE TABOR;SNC;45.0995104;7.7498086;Terreno agricolo;ND;Nessuno;Patrimonio indisponibile;Utilizzato direttamente;Attività agricola;;;;1;False
1945617;L219;716;;;2283.0;TERRENO;VIA MONTE TABOR;SNC;45.0988291;7.7495174;Terreno agricolo;ND;Nessuno;Patrimonio indisponibile;Utilizzato direttamente;Attività agricola;;;;1;False
1945618;L219;717;;;54.0;TERRENO;VIA MONTE TABOR;SNC;45.0990898;7.749213;Terreno agricolo;ND;Nessuno;Patrimonio indisponibile;Utilizzato direttamente;Attività agricola;;;;1;False
1945619;L219;719;;;62.0;TERRENO;VIA MONTE TABOR;SNC;45.0990335;7.7491465;Terreno agricolo;ND;Nessuno;Patrimonio indisponibile;Utilizzato direttamente;Attività agricola;;;;1;False
1945620;L219;720;;;532.0;TERRENO;VIA MONTE TABOR;SNC;45.0988392;7.7499856;Terreno agricolo;ND;Nessuno;Patrimonio indisponibile;Utilizzato direttamente;Attività agricola;;;;1;False
1945621;L219;722;;;149.0;TERRENO;VIA MONTE TABOR;SNC;45.0990098;7.7495266;Terreno agricolo;ND;Nessuno;Patrimonio indisponibile;Utilizzato direttamente;Attività agricola;;;;1;False
1945622;L219;723;;;1256.0;TERRENO;VIA MONTE TABOR;SNC;45.0990018;7.7503496;Terreno agricolo;ND;Nessuno;Patrimonio indisponibile;Utilizzato direttamente;Attività agricola;;;;1;False
1945623;L219;726;;;73.0;TERRENO;VIA MONTE TABOR;SNC;45.0992069;7.7498712;Terreno agricolo;ND;Nessuno;Patrimonio indisponibile;Utilizzato direttamente;Attività agricola;;;;1;False
1945624;L219;727;;;1340.0;TERRENO;VIA MONTE TABOR;SNC;45.0990712;7.7505299;Terreno agricolo;ND;Nessuno;Patrimonio indisponibile;Utilizzato direttamente;Attività agricola;;;;1;False
1945625;L219;729;;;56.0;TERRENO;VIA MONTE TABOR;SNC;45.0993289;7.7499406;Terreno agricolo;ND;Nessuno;Patrimonio indisponibile;Utilizzato direttamente;Attività agricola;;;;1;False
1945626;L219;731;;;497.0;TERRENO;VIA MONTE TABOR;SNC;45.0988706;7.7501333;Terreno agricolo;ND;Nessuno;Patrimonio indisponibile;Utilizzato direttamente;Attività agricola;;;;1;False
1945627;L219;733;;;34.0;TERRENO;VIA MONTE TABOR;SNC;45.0990224;7.7497664;Terreno agricolo;ND;Nessuno;Patrimonio indisponibile;Utilizzato direttamente;Attività agricola;;;;1;False
1945628;L219;734;;;715.0;TERRENO;VIA MONTE TABOR;SNC;45.0989245;7.7502298;Terreno agricolo;ND;Nessuno;Patrimonio indisponibile;Utilizzato direttamente;Attività agricola;;;;1;False
1945629;L219;737;;;45.0;TERRENO;VIA MONTE TABOR;SNC;45.0990964;7.7498083;Terreno agricolo;ND;Nessuno;Patrimonio indisponibile;Utilizzato direttamente;Attività agricola;;;;1;False
1945630;L219;738;;;493.0;TERRENO;VIA MONTE TABOR;SNC;45.099721;7.7492536;Terreno agricolo;ND;Nessuno;Patrimonio indisponibile;Utilizzato direttamente;Attività agricola;;;;1;False
1945631;L219;740;;;213.0;TERRENO;VIA MONTE TABOR;SNC;45.0996715;7.7492143;Terreno agricolo;ND;Nessuno;Patrimonio indisponibile;Utilizzato direttamente;Attività agricola;;;;1;False
1945632;L219;742;;;819.0;TERRENO;VIA MONTE TABOR;SNC;45.099379;7.7506658;Terreno agricolo;ND;Nessuno;Patrimonio indisponibile;Utilizzato direttamente;Attività agricola;;;;1;False
1945633;L219;744;;;44.0;TERRENO;VIA MONTE TABOR;SNC;45.0994183;7.7499881;Terreno agricolo;ND;Nessuno;Patrimonio indisponibile;Utilizzato direttamente;Attività agricola;;;;1;False
1945634;L219;745;;;1.0;TERRENO;VIA MONTE TABOR;SNC;45.0993768;7.7499907;Terreno agricolo;ND;Nessuno;Patrimonio indisponibile;Utilizzato direttamente;Attività agricola;;;;1;False
1945635;L219;746;;;903.0;TERRENO;VIA MONTE TABOR;SNC;45.0993003;7.7507209;Terreno agricolo;ND;Nessuno;Patrimonio indisponibile;Utilizzato direttamente;Attività agricola;;;;1;False
1945636;L219;747;;;192.0;TERRENO;VIA MONTE TABOR;SNC;45.1002442;7.750566;Terreno agricolo;ND;Nessuno;Patrimonio indisponibile;Utilizzato direttamente;Attività agricola;;;;1;False
1945637;L219;748;;;103.0;TERRENO;VIA MONTE TABOR;SNC;45.1002645;7.7508913;Terreno agricolo;ND;Nessuno;Patrimonio indisponibile;Utilizzato direttamente;Attività agricola;;;;1;False
1945639;L219;752;;;1.0;TERRENO;VIA MONTE TABOR;SNC;45.09976;7.7501558;Terreno agricolo;ND;Nessuno;Patrimonio indisponibile;Utilizzato direttamente;Attività agricola;;;;1;False
1945640;L219;756;;;1.0;TERRENO;VIA MONTE TABOR;SNC;45.0993546;7.7487982;Terreno agricolo;ND;Nessuno;Patrimonio indisponibile;Utilizzato direttamente;Attività agricola;;;;1;False
1945645;L219;808;;;218.0;TERRENO;STRADA COMUNALE DI BERTOLLA;SNC;45.09979;7.7397102;Terreno agricolo;ND;Nessuno;Patrimonio disponibile;Utilizzato direttamente;Attività agricola;;;;1;False
1945647;L219;810;;;101.0;TERRENO;STRADA COMUNALE DI BERTOLLA;SNC;45.1003567;7.7409475;Terreno agricolo;ND;Nessuno;Patrimonio disponibile;Utilizzato direttamente;Attività agricola;;;;1;False
1945648;L219;811;;;206.0;TERRENO;STRADA COMUNALE DI BERTOLLA;SNC;45.1000162;7.7406724;Terreno agricolo;ND;Nessuno;Patrimonio disponibile;Utilizzato direttamente;Attività agricola;;;;1;False
1945650;L219;813;;;4.0;TERRENO;STRADA COMUNALE DI BERTOLLA;SNC;45.0996572;7.7400934;Terreno agricolo;ND;Nessuno;Patrimonio disponibile;Utilizzato direttamente;Attività agricola;;;;1;False
1945651;L219;814;;;1.0;TERRENO;STRADA COMUNALE DI BERTOLLA;SNC;45.0997536;7.7404534;Terreno agricolo;ND;Nessuno;Patrimonio disponibile;Utilizzato direttamente;Attività agricola;;;;1;False
1945652;L219;1;;;6440.0;TERRENO;STRADA DELLA VERNA;SNC;45.0988645;7.7362409;Terreno agricolo;ND;Nessuno;Patrimonio indisponibile;Utilizzato direttamente;Attività agricola;;;;1;False
1945653;L219;136;;;1910.0;TERRENO;STRADA DELLA VERNA;SNC;45.0958461;7.7368833;Terreno agricolo;ND;Nessuno;Patrimonio indisponibile;Utilizzato direttamente;Attività agricola;;;;1;False
1945654;L219;141;;;3560.0;TERRENO;STRADA DELLA VERNA;SNC;45.0955527;7.7373971;Terreno agricolo;ND;Nessuno;Patrimonio indisponibile;Utilizzato direttamente;Attività agricola;;;;1;False
1945655;L219;147;;;2250.0;TERRENO;LUNGO STURA LAZIO;SNC;45.0948509;7.7363179;Terreno agricolo;ND;Nessuno;Patrimonio indisponibile;;Non Dichiarato;in locazione;240.0;01/07/2018;1;False
1945656;L219;181;;;490.0;TERRENO;STRADA DELLA VERNA;SNC;45.0956707;7.7369228;Terreno agricolo;ND;Nessuno;Patrimonio indisponibile;Utilizzato direttamente;Attività agricola;;;;1;False
1945657;L219;189;;;2365.0;TERRENO;STRADA DELLA VERNA;SNC;45.0978947;7.7347805;Terreno agricolo;ND;Nessuno;Patrimonio indisponibile;Utilizzato direttamente;Attività agricola;;;;1;False
1945658;L219;190;;;870.0;TERRENO;STRADA DELLA VERNA;SNC;45.0976308;7.7362542;Terreno urbano;ND;Nessuno;Patrimonio indisponibile;Utilizzato direttamente;Parcheggio;;;;1;False
1945659;L219;191;;;3490.0;TERRENO;STRADA DELLA VERNA;SNC;45.0987327;7.7367526;Terreno agricolo;ND;Nessuno;Patrimonio indisponibile;Utilizzato direttamente;Attività agricola;;;;1;False
1945660;L219;194;;;2375.0;TERRENO;STRADA DELLA VERNA;SNC;45.0986577;7.7370548;Terreno agricolo;ND;Nessuno;Patrimonio indisponibile;Utilizzato direttamente;Attività agricola;;;;1;False
1945661;L219;195;;;995.0;TERRENO;STRADA DELLA VERNA;SNC;45.0989784;7.7376451;Terreno agricolo;ND;Nessuno;Patrimonio indisponibile;Utilizzato direttamente;Attività agricola;;;;1;False
1945662;L219;196;;;1070.0;TERRENO;STRADA DELLA VERNA;SNC;45.0987128;7.7374589;Terreno agricolo;ND;Nessuno;Patrimonio indisponibile;Utilizzato direttamente;Attività agricola;;;;1;False
1945663;L219;197;;;1040.0;TERRENO;STRADA DELLA VERNA;SNC;45.0984213;7.7372565;Terreno agricolo;ND;Nessuno;Patrimonio indisponibile;Utilizzato direttamente;Attività agricola;;;;1;False
1945664;L219;198;;;1370.0;TERRENO;STRADA DELLA VERNA;SNC;45.0980416;7.7370331;Terreno agricolo;ND;Nessuno;Patrimonio indisponibile;Utilizzato direttamente;Attività agricola;;;;1;False
1945665;L219;22;;;660.0;TERRENO;STRADA DELLA VERNA;SNC;45.09833;7.738571;Terreno agricolo;ND;Nessuno;Patrimonio indisponibile;Utilizzato direttamente;Attività agricola;;;;1;False
1945666;L219;220;;;455.0;TERRENO;STRADA DELLA VERNA;SNC;45.0994;7.73351;Terreno agricolo;ND;Nessuno;Patrimonio indisponibile;Utilizzato direttamente;Attività agricola;;;;1;False
1945667;L219;439;;;348.0;TERRENO;STRADA DELLA VERNA;SNC;45.0981032;7.739687;Terreno agricolo;ND;Nessuno;Patrimonio indisponibile;Utilizzato direttamente;Attività agricola;;;;1;False
1945668;L219;323;;;2060.0;TERRENO;STRADA DELLA VERNA;SNC;45.0979217;7.734498;Terreno agricolo;ND;Nessuno;Patrimonio indisponibile;Utilizzato direttamente;Attività agricola;;;;1;False
1945669;L219;324;;;260.0;TERRENO;STRADA DELLA VERNA;SNC;45.0984953;7.7347788;Terreno agricolo;ND;Nessuno;Patrimonio indisponibile;;Non Dichiarato;in concessione a titolo oneroso;649.0;01/10/2022;1;False
1945670;L219;352;;;685.0;TERRENO;STRADA DELLA VERNA;SNC;45.0966188;7.7363549;Terreno agricolo;ND;Nessuno;Patrimonio indisponibile;;Non Dichiarato;in locazione;615.0;01/12/2016;1;False
1945671;L219;369;;;2198.0;TERRENO;STRADA DELLA VERNA;SNC;45.0983032;7.7355281;Terreno agricolo;ND;Nessuno;Patrimonio indisponibile;Utilizzato direttamente;Attività agricola;;;;1;False
1945672;L219;371;;;2704.0;TERRENO;STRADA DELLA VERNA;SNC;45.0980121;7.7359953;Terreno agricolo;ND;Nessuno;Patrimonio indisponibile;Utilizzato direttamente;Attività agricola;;;;1;False
1945673;L219;372;;;3638.0;TERRENO;STRADA DELLA VERNA;SNC;45.0971422;7.7352437;Terreno agricolo;ND;Nessuno;Patrimonio indisponibile;Utilizzato direttamente;Attività agricola;;;;1;False
1945674;L219;374;;;1862.0;TERRENO;STRADA DELLA VERNA;SNC;45.0972824;7.7362188;Terreno agricolo;ND;Nessuno;Patrimonio indisponibile;;Non Dichiarato;in concessione a titolo oneroso;670.0;01/12/2022;1;False
1945676;L219;418;;;1099.0;TERRENO;STRADA DELLA VERNA;SNC;45.0983784;7.7393625;Terreno agricolo;ND;Nessuno;Patrimonio indisponibile;Utilizzato direttamente;Attività agricola;;;;1;False
1945677;L219;43;;;225.0;TERRENO;STRADA DELLA VERNA;SNC;45.0968933;7.7363588;Terreno agricolo;ND;Nessuno;Patrimonio indisponibile;;Non Dichiarato;in locazione;615.0;01/12/2016;1;False
1945679;L219;440;;;107.0;TERRENO;STRADA DELLA VERNA;SNC;45.0980898;7.7397712;Terreno agricolo;ND;Nessuno;Patrimonio indisponibile;Utilizzato direttamente;Attività agricola;;;;1;False
1945682;L219;442;;;571.0;TERRENO;STRADA DELLA VERNA;SNC;45.0980215;7.7392397;Terreno agricolo;ND;Nessuno;Patrimonio indisponibile;Utilizzato direttamente;Attività agricola;;;;1;False
1945683;L219;443;;;1553.0;TERRENO;STRADA DELLA VERNA;SNC;45.0973624;7.7373287;Terreno agricolo;ND;Nessuno;Patrimonio indisponibile;Utilizzato direttamente;Attività agricola;;;;1;False
1945684;L219;97;;;1940.0;TERRENO;STRADA DELLA VERNA;SNC;45.0961216;7.7369889;Terreno agricolo;ND;Nessuno;Patrimonio indisponibile;Utilizzato direttamente;Attività agricola;;;;1;False
1945686;L219;177;;;910.0;TERRENO;STRADA DEL PASCOLO;SNC;45.0959551;7.7324647;Terreno agricolo;ND;Nessuno;Patrimonio disponibile;Utilizzato direttamente;Attività agricola;;;;1;False
1945687;L219;195;;;1014.0;TERRENO;STRADA DEL PASCOLO;SNC;45.0955317;7.7314913;Terreno agricolo;ND;Nessuno;Patrimonio disponibile;Utilizzato direttamente;Attività agricola;;;;1;False
1945688;L219;197;;;755.0;TERRENO;STRADA DEL PASCOLO;SNC;45.0948841;7.732032;Terreno agricolo;ND;Nessuno;Patrimonio disponibile;Utilizzato direttamente;Attività agricola;;;;1;False
1945689;L219;198;;;1030.0;TERRENO;STRADA DEL PASCOLO;SNC;45.0957038;7.7327924;Terreno agricolo;ND;Nessuno;Patrimonio disponibile;Utilizzato direttamente;Attività agricola;;;;1;False
1945690;L219;208;;;160.0;TERRENO;STRADA DEL PASCOLO;SNC;45.0947605;7.731798;Terreno agricolo;ND;Nessuno;Patrimonio disponibile;Utilizzato direttamente;Attività agricola;;;;1;False
1945691;L219;212;;;2140.0;TERRENO;STRADA DELLA VERNA;SNC;45.0952479;7.7350146;Terreno agricolo;ND;Nessuno;Patrimonio indisponibile;Utilizzato direttamente;Attività agricola;;;;1;False
1945692;L219;213;;;140.0;TERRENO;STRADA DELLA VERNA;SNC;45.0951909;7.7352596;Terreno agricolo;ND;Nessuno;Patrimonio indisponibile;Utilizzato direttamente;Attività agricola;;;;1;False
1945693;L219;215;;;3070.0;TERRENO;LUNGO STURA LAZIO;SNC;45.0944455;7.7333466;Terreno agricolo;ND;Nessuno;Patrimonio indisponibile;Utilizzato direttamente;Attività agricola;;;;1;False
1945694;L219;217;;;1990.0;TERRENO;LUNGO STURA LAZIO;SNC;45.0942179;7.7327686;Terreno agricolo;ND;Nessuno;Patrimonio indisponibile;Utilizzato direttamente;Attività agricola;;;;1;False
1945695;L219;222;;;1718.0;TERRENO;LUNGO STURA LAZIO;SNC;45.094581;7.7351256;Terreno agricolo;ND;Nessuno;Patrimonio indisponibile;Utilizzato direttamente;Attività agricola;;;;1;False
1945696;L219;245;;;686.0;TERRENO;STRADA DELLA VERNA;SNC;45.0953545;7.7355405;Terreno agricolo;ND;Nessuno;Patrimonio indisponibile;Utilizzato direttamente;Attività agricola;;;;1;False
1945697;L219;247;;;2515.0;TERRENO;LUNGO STURA LAZIO;SNC;45.094537;7.7346849;Terreno agricolo;ND;Nessuno;Patrimonio indisponibile;Utilizzato direttamente;Attività agricola;;;;1;False
1945698;L219;248;;;734.0;TERRENO;LUNGO STURA LAZIO;SNC;45.094608;7.7353385;Terreno agricolo;ND;Nessuno;Patrimonio indisponibile;Utilizzato direttamente;Attività agricola;;;;1;False
1945699;L219;249;;;2503.0;TERRENO;LUNGO STURA LAZIO;SNC;45.0946013;7.7356576;Terreno agricolo;ND;Nessuno;Patrimonio indisponibile;Utilizzato direttamente;Attività agricola;;;;1;False
1945700;L219;250;;;1275.0;TERRENO;LUNGO STURA LAZIO;SNC;45.0945371;7.734211;Terreno agricolo;ND;Nessuno;Patrimonio indisponibile;Utilizzato direttamente;Attività agricola;;;;1;False
1945701;L219;251;;;665.0;TERRENO;LUNGO STURA LAZIO;SNC;45.0945734;7.7339114;Terreno agricolo;ND;Nessuno;Patrimonio indisponibile;Utilizzato direttamente;Attività agricola;;;;1;False
1945702;L219;261;;;205.0;TERRENO;STRADA DELLA VERNA;SNC;45.09496;7.7349885;Terreno agricolo;ND;Nessuno;Patrimonio indisponibile;Utilizzato direttamente;Attività agricola;;;;1;False
1945703;L219;304;;;141.0;TERRENO;VIA FATTORELLI RUBENS;SNC;45.0964961;7.7330032;Terreno agricolo;ND;Nessuno;Patrimonio disponibile;Utilizzato direttamente;Attività agricola;;;;1;False
1945704;L219;313;;;470.0;TERRENO;STRADA DELLA VERNA;SNC;45.0963845;7.7347802;Terreno agricolo;ND;Nessuno;Patrimonio indisponibile;Utilizzato direttamente;Attività agricola;;;;1;False
1945705;L219;316;;;315.0;TERRENO;STRADA DELLA VERNA;SNC;45.0964453;7.7349084;Terreno agricolo;ND;Nessuno;Patrimonio indisponibile;Utilizzato direttamente;Attività agricola;;;;1;False
1945706;L219;317;;;2220.0;TERRENO;VIA FATTORELLI RUBENS;SNC;45.0947327;7.7327234;Terreno agricolo;ND;Nessuno;Patrimonio disponibile;Utilizzato direttamente;Attività agricola;;;;1;False
1945707;L219;323;;;2630.0;TERRENO;VIA FATTORELLI RUBENS;SNC;45.0959969;7.7330226;Terreno agricolo;ND;Nessuno;Patrimonio disponibile;Utilizzato direttamente;Attività agricola;;;;1;False
1945708;L219;326;;;3260.0;TERRENO;VIA FATTORELLI RUBENS;SNC;45.094911;7.7341113;Terreno agricolo;ND;Nessuno;Patrimonio disponibile;Utilizzato direttamente;Attività agricola;;;;1;False
1945709;L219;327;;;1664.0;TERRENO;VIA FATTORELLI RUBENS;SNC;45.0962418;7.73315;Terreno agricolo;ND;Nessuno;Patrimonio disponibile;Utilizzato direttamente;Attività agricola;;;;1;False
1945710;L219;240;;;535.0;TERRENO;LUNGO STURA LAZIO;SNC;45.097286;7.7258213;Terreno agricolo;ND;Nessuno;Patrimonio indisponibile;Utilizzato direttamente;Attività agricola;;;;1;False
1945711;L219;246;;;145.0;TERRENO;STRADA DEL PASCOLO;SNC;45.09679;7.7265166;Terreno agricolo;ND;Nessuno;Patrimonio indisponibile;Utilizzato direttamente;Attività agricola;;;;1;False
1945712;L219;273;;;7312.0;TERRENO;LUNGO STURA LAZIO;SNC;45.0977023;7.7238561;Terreno agricolo;ND;Nessuno;Patrimonio indisponibile;Utilizzato direttamente;Attività agricola;;;;1;False
1945714;L219;307;;;2670.0;TERRENO;STRADA SAN MAURO;SNC;45.0995438;7.7274898;Terreno agricolo;ND;Nessuno;Patrimonio indisponibile;Utilizzato direttamente;Attività agricola;;;;1;False
1945715;L219;326;;;230.0;TERRENO;STRADA SAN MAURO;SNC;45.0987002;7.7270481;Terreno agricolo;ND;Nessuno;Patrimonio indisponibile;;Non Dichiarato;in concessione a titolo oneroso;905.0;01/01/2021;1;False
1945716;L219;333;;;294.0;TERRENO;LUNGO STURA LAZIO;SNC;45.0979921;7.7255292;Terreno agricolo;ND;Nessuno;Patrimonio indisponibile;Utilizzato direttamente;Attività agricola;;;;1;False
1945717;L219;337;;;10460.0;TERRENO;LUNGO STURA LAZIO;SNC;45.0965956;7.7256082;Terreno agricolo;ND;Nessuno;Patrimonio indisponibile;Utilizzato direttamente;Attività agricola;;;;1;False
1945718;L219;68;;;100.0;TERRENO;LUNGO STURA LAZIO;SNC;45.0986359;7.7223811;Terreno agricolo;ND;Nessuno;Patrimonio indisponibile;Utilizzato direttamente;Attività agricola;;;;1;False
1945719;L219;1;;;7510.0;TERRENO;LUNGO STURA LAZIO;SNC;45.0981574;7.7198164;Terreno agricolo;ND;Nessuno;Patrimonio indisponibile;Utilizzato direttamente;Attività agricola;;;;1;False
1945720;L219;108;;;9223.0;TERRENO;VIA BOTTICELLI SANDRO;SNC;45.095378;7.7189015;Terreno agricolo;ND;Nessuno;Patrimonio indisponibile;;Non Dichiarato;in concessione a titolo oneroso;2256.0;01/06/2000;1;False
1945721;L219;122;;;3465.0;TERRENO;STRADA DELL'ARRIVORE;SNC;45.0961259;7.7174316;Terreno agricolo;ND;Nessuno;Patrimonio indisponibile;;Non Dichiarato;in locazione;4505.0;01/04/2016;1;False
1945722;L219;18;;;160.0;TERRENO;VIA BOTTICELLI SANDRO;SNC;45.0975301;7.7211596;Terreno agricolo;ND;Nessuno;Patrimonio indisponibile;Utilizzato direttamente;Attività agricola;;;;1;False
1945723;L219;19;;;12725.0;TERRENO;VIA BOTTICELLI SANDRO;SNC;45.0968505;7.7212583;Terreno agricolo;ND;Nessuno;Patrimonio indisponibile;Utilizzato direttamente;Attività agricola;;;;1;False
1945724;L219;2;;;180.0;TERRENO;LUNGO STURA LAZIO;SNC;45.0980253;7.7204356;Terreno agricolo;ND;Nessuno;Patrimonio indisponibile;Utilizzato direttamente;Attività agricola;;;;1;False
1945725;L219;26;;;7120.0;TERRENO;STRADA DELL'ARRIVORE;SNC;45.0970272;7.7185625;Terreno agricolo;ND;Nessuno;Patrimonio indisponibile;Utilizzato direttamente;Attività agricola;;;;1;False
1945726;L219;27;;;1590.0;TERRENO;STRADA DELL'ARRIVORE;SNC;45.0970745;7.7193263;Terreno agricolo;ND;Nessuno;Patrimonio indisponibile;Utilizzato direttamente;Attività agricola;;;;1;False
1945727;L219;86;;;30495.0;TERRENO;VIA BOTTICELLI SANDRO;SNC;45.09757;7.71212;Terreno agricolo;ND;Nessuno;Patrimonio indisponibile;Utilizzato direttamente;Attività agricola;;;;1;False
1945728;L219;91;;;240.0;TERRENO;STRADA DELL'ARRIVORE;SNC;45.0975979;7.7190243;Terreno urbano;ND;Nessuno;Patrimonio indisponibile;Utilizzato direttamente;Altro;;;;1;False
1945729;L219;10;;;740.0;TERRENO;STRADA DELL'ARRIVORE;SNC;45.0982549;7.7127213;Terreno agricolo;ND;Nessuno;Patrimonio indisponibile;Utilizzato direttamente;Attività agricola;;;;1;False
1945730;L219;13;;;168.0;TERRENO;STRADA DELL'ARRIVORE;SNC;45.1004559;7.7153427;Terreno agricolo;ND;Nessuno;Patrimonio indisponibile;Utilizzato direttamente;Attività agricola;;;;1;False
1945731;L219;17;;;1005.0;TERRENO;STRADA DELL'ARRIVORE;SNC;45.0981008;7.7124522;Terreno agricolo;ND;Nessuno;Patrimonio indisponibile;Utilizzato direttamente;Attività agricola;;;;1;False
1945732;L219;18;;;8389.0;TERRENO;STRADA DELL'ARRIVORE;SNC;45.0996858;7.7157547;Terreno agricolo;ND;Nessuno;Patrimonio indisponibile;Utilizzato direttamente;Attività agricola;;;;1;False
1945733;L219;20;;;26.0;TERRENO;STRADA DELL'ARRIVORE;SNC;45.1002747;7.71559;Terreno agricolo;ND;Nessuno;Patrimonio indisponibile;Utilizzato direttamente;Attività agricola;;;;1;False
1945734;L219;21;;;673.0;TERRENO;STRADA DELL'ARRIVORE;SNC;45.0996864;7.7163307;Terreno agricolo;ND;Nessuno;Patrimonio indisponibile;Utilizzato direttamente;Attività agricola;;;;1;False
1945735;L219;22;;;759.0;TERRENO;STRADA DELL'ARRIVORE;SNC;45.0984367;7.7179379;Terreno agricolo;ND;Nessuno;Patrimonio indisponibile;Utilizzato direttamente;Attività agricola;;;;1;False
1945736;L219;23;;;134.0;TERRENO;STRADA DELL'ARRIVORE;SNC;45.1003433;7.7157131;Terreno agricolo;ND;Nessuno;Patrimonio indisponibile;Utilizzato direttamente;Attività agricola;;;;1;False
1945737;L219;24;;;6594.0;TERRENO;STRADA DELL'ARRIVORE;SNC;45.0996625;7.7169097;Terreno agricolo;ND;Nessuno;Patrimonio indisponibile;Utilizzato direttamente;Attività agricola;;;;1;False
1945738;L219;25;;;15552.0;TERRENO;STRADA DELL'ARRIVORE;SNC;45.0986364;7.7183463;Terreno agricolo;ND;Nessuno;Patrimonio indisponibile;Utilizzato direttamente;Attività agricola;;;;1;False
1945739;L219;28;;;1466.0;TERRENO;STRADA DELL'ARRIVORE;SNC;45.097535;7.7129153;Terreno agricolo;ND;Nessuno;Patrimonio indisponibile;Utilizzato direttamente;Attività agricola;;;;1;False
1945740;L219;33;;;4785.0;TERRENO;STRADA DELL'ARRIVORE;SNC;45.0982976;7.7120604;Terreno agricolo;ND;Nessuno;Patrimonio indisponibile;Utilizzato direttamente;Attività agricola;;;;1;False
1945741;L219;8;;;39680.0;TERRENO;STRADA DELL'ARRIVORE;SNC;45.0975866;7.714707;Terreno agricolo;ND;Nessuno;Patrimonio indisponibile;Utilizzato direttamente;Attività agricola;;;;1;False
1945743;L219;138;;;2246.0;TERRENO;STRADA DELL'ARRIVORE;SNC;45.100518;7.7098082;Terreno agricolo;ND;Nessuno;Patrimonio indisponibile;Utilizzato direttamente;Attività agricola;;;;1;False
1945744;L219;197;;;6778.0;TERRENO;STRADA BASSE DI STURA;SNC;45.10261356;7.7071777;Terreno agricolo;ND;Nessuno;Patrimonio indisponibile;Utilizzato direttamente;Altro;;;;1;False
1945746;L219;27;;;760.0;TERRENO;CORSO GIULIO CESARE;SNC;45.1032164;7.7053192;Terreno agricolo;ND;Nessuno;Patrimonio indisponibile;Utilizzato direttamente;Attività agricola;;;;1;False
1945747;L219;3;;;2132.0;TERRENO;CORSO GIULIO CESARE;SNC;45.1037627;7.7059784;Terreno agricolo;ND;Nessuno;Patrimonio indisponibile;Utilizzato direttamente;Attività agricola;;;;1;False
1945748;L219;31;;;312.0;TERRENO;CORSO GIULIO CESARE;SNC;45.1027135;7.7050887;Terreno boscato o con vegetazione di vario tipo;ND;Nessuno;Patrimonio indisponibile;Utilizzato direttamente;Altro;;;;1;False
1945750;L219;55;;;3560.0;TERRENO;CORSO GIULIO CESARE;SNC;45.1065889;7.7055418;Terreno agricolo;ND;Nessuno;Patrimonio indisponibile;;Non Dichiarato;in concessione a titolo oneroso;19900.0;01/06/2022;1;False
1945751;L219;78;;;238.0;TERRENO;CORSO GIULIO CESARE;SNC;45.1027803;7.7045413;Terreno boscato o con vegetazione di vario tipo;ND;Nessuno;Patrimonio indisponibile;Utilizzato direttamente;Altro;;;;1;False
1945752;L219;81;;;4115.0;TERRENO;VIA RAMAZZINI BERNARDINO;SNC;45.1037199;7.7051917;Terreno agricolo;ND;Nessuno;Patrimonio indisponibile;Utilizzato direttamente;Attività agricola;;;;1;False
1945753;L219;84;;;490.0;TERRENO;VIA RAMAZZINI BERNARDINO;SNC;45.102903;7.7044736;Terreno boscato o con vegetazione di vario tipo;ND;Nessuno;Patrimonio indisponibile;Utilizzato direttamente;Altro;;;;1;False
1945754;L219;86;;;4291.0;TERRENO;VIA RAMAZZINI BERNARDINO;SNC;45.1032113;7.7048196;Terreno agricolo;ND;Nessuno;Patrimonio indisponibile;Utilizzato direttamente;Attività agricola;;;;1;False
1945755;L219;2;;;1756.0;TERRENO;CORSO GIULIO CESARE;SNC;45.1051951;7.7003558;Pascolo;ND;Nessuno;Patrimonio indisponibile;Utilizzato direttamente;Attività agricola;;;;1;False
1945756;L219;19;;;1380.0;TERRENO;VIA SEMPIONE;SNC;45.1018183;7.6910263;Pascolo;ND;Nessuno;Patrimonio indisponibile;Utilizzato direttamente;Attività agricola;;;;1;False
1945757;L219;246;;;450.0;TERRENO;via poggio giovanni;16;45.0990529;7.6961035;Terreno agricolo;ND;Nessuno;Patrimonio indisponibile;Utilizzato direttamente;Attività agricola;;;;1;False
1945758;L219;326;;;180.0;TERRENO;via poggio giovanni;16;45.0990857;7.6959855;Terreno agricolo;ND;Nessuno;Patrimonio indisponibile;Utilizzato direttamente;Attività agricola;;;;1;False
1945759;L219;328;;;9571.0;TERRENO;VIA SEMPIONE;SNC;45.0992258;7.6894403;Terreno agricolo;ND;Nessuno;Patrimonio indisponibile;Utilizzato direttamente;Attività agricola;;;;1;False
1945760;L219;330;;;261.0;TERRENO;VIA SEMPIONE;SNC;45.0989932;7.6885518;Terreno agricolo;ND;Nessuno;Patrimonio indisponibile;Utilizzato direttamente;Attività agricola;;;;1;False
1945761;L219;332;;;477.0;TERRENO;VIA SEMPIONE;SNC;45.0987572;7.6899096;Terreno agricolo;ND;Nessuno;Patrimonio indisponibile;Utilizzato direttamente;Attività agricola;;;;1;False
1945763;L219;350;;;14708.0;TERRENO;VIA SEMPIONE;SNC;45.1012993;7.6914469;Terreno agricolo;ND;Nessuno;Patrimonio indisponibile;Utilizzato direttamente;Attività agricola;;;;1;False
1945764;L219;353;;;2677.0;TERRENO;VIA SEMPIONE;SNC;45.09976;7.6915947;Terreno agricolo;ND;Nessuno;Patrimonio indisponibile;Utilizzato direttamente;Attività agricola;;;;1;False
1945765;L219;354;;;243.0;TERRENO;VIA SEMPIONE;SNC;45.0995063;7.6924452;Terreno agricolo;ND;Nessuno;Patrimonio indisponibile;Utilizzato direttamente;Attività agricola;;;;1;False
1945766;L219;355;;;1343.0;TERRENO;VIA SEMPIONE;SNC;45.1000424;7.6916238;Terreno agricolo;ND;Nessuno;Patrimonio indisponibile;Utilizzato direttamente;Attività agricola;;;;1;False
1945767;L219;356;;;3634.0;TERRENO;VIA SEMPIONE;SNC;45.0999141;7.6921261;Terreno agricolo;ND;Nessuno;Patrimonio indisponibile;Utilizzato direttamente;Attività agricola;;;;1;False
1945768;L219;357;;;1053.0;TERRENO;VIA SEMPIONE;SNC;45.099471;7.692834;Terreno agricolo;ND;Nessuno;Patrimonio indisponibile;Utilizzato direttamente;Altro;;;;1;False
1945770;L219;391;;;666.0;TERRENO;VIA SEMPIONE;SNC;45.102336;7.6904226;Terreno agricolo;ND;Nessuno;Patrimonio indisponibile;Utilizzato direttamente;Attività agricola;;;;1;False
1945771;L219;392;;;7.0;TERRENO;VIA SEMPIONE;SNC;45.1015767;7.6896216;Terreno agricolo;ND;Nessuno;Patrimonio indisponibile;Utilizzato direttamente;Attività agricola;;;;1;False
1945773;L219;49;;;1056.0;TERRENO;VIA SEMPIONE;SNC;45.0996614;7.6898054;Pascolo;ND;Nessuno;Patrimonio indisponibile;Utilizzato direttamente;Attività agricola;;;;1;False
1945774;L219;50;;;2040.0;TERRENO;VIA SEMPIONE;SNC;45.0995103;7.6900873;Pascolo;ND;Nessuno;Patrimonio indisponibile;Utilizzato direttamente;Attività agricola;;;;1;False
1945775;L219;129;;;4860.0;TERRENO;CORSO VENEZIA;SNC;45.1020022;7.6852719;Terreno agricolo;ND;Nessuno;Patrimonio indisponibile;Utilizzato direttamente;Attività agricola;;;;1;False
1945776;L219;134;;;740.0;TERRENO;CORSO VENEZIA;SNC;45.1019375;7.6881648;Terreno agricolo;ND;Nessuno;Patrimonio indisponibile;Utilizzato direttamente;Attività agricola;;;;1;False
1945777;L219;135;;;580.0;TERRENO;CORSO VENEZIA;SNC;45.1019172;7.688436;Terreno agricolo;ND;Nessuno;Patrimonio indisponibile;Utilizzato direttamente;Attività agricola;;;;1;False
1945778;L219;137;;;1030.0;TERRENO;CORSO VENEZIA;SNC;45.1018836;7.6889382;Terreno agricolo;ND;Nessuno;Patrimonio indisponibile;Utilizzato direttamente;Attività agricola;;;;1;False
1945779;L219;139;;;370.0;TERRENO;CORSO VENEZIA;SNC;45.1019105;7.6894349;Pascolo;ND;Nessuno;Patrimonio indisponibile;Utilizzato direttamente;Attività agricola;;;;1;False
1945780;L219;140;;;160.0;TERRENO;CORSO VENEZIA;SNC;45.1015503;7.6849698;Terreno agricolo;ND;Nessuno;Patrimonio indisponibile;Utilizzato direttamente;Attività agricola;;;;1;False
1945781;L219;144;;;410.0;TERRENO;CORSO VENEZIA;SNC;45.1016959;7.6855198;Terreno agricolo;ND;Nessuno;Patrimonio indisponibile;Utilizzato direttamente;Attività agricola;;;;1;False
1945782;L219;145;;;500.0;TERRENO;CORSO VENEZIA;SNC;45.1016856;7.6856607;Terreno agricolo;ND;Nessuno;Patrimonio indisponibile;Utilizzato direttamente;Attività agricola;;;;1;False
1945784;L219;155;;;170.0;TERRENO;CORSO VENEZIA;SNC;45.1014068;7.6849936;Terreno agricolo;ND;Nessuno;Patrimonio indisponibile;Utilizzato direttamente;Attività agricola;;;;1;False
1945785;L219;170;;;580.0;TERRENO;CORSO VENEZIA;SNC;45.1011425;7.6864607;Terreno agricolo;ND;Nessuno;Patrimonio indisponibile;Utilizzato direttamente;Attività agricola;;;;1;False
1945786;L219;174;;;377.0;TERRENO;CORSO VENEZIA;SNC;45.1009896;7.6883408;Pascolo;ND;Nessuno;Patrimonio indisponibile;Utilizzato direttamente;Attività agricola;;;;1;False
1945787;L219;178;;;270.0;TERRENO;CORSO VENEZIA;SNC;45.1007204;7.6881581;Terreno agricolo;ND;Nessuno;Patrimonio indisponibile;Utilizzato direttamente;Attività agricola;;;;1;False
1945788;L219;187;;;600.0;TERRENO;CORSO VENEZIA;SNC;45.100203;7.6876068;Terreno agricolo;ND;Nessuno;Patrimonio indisponibile;Utilizzato direttamente;Attività agricola;;;;1;False
1945789;L219;190;;;962.0;TERRENO;CORSO VENEZIA;SNC;45.0990038;7.6855048;Terreno agricolo;ND;Nessuno;Patrimonio indisponibile;Utilizzato direttamente;Attività agricola;;;;1;False
1945790;L219;208;;;1646.0;TERRENO;VIA SEMPIONE;SNC;45.0989046;7.6877078;Terreno agricolo;ND;Nessuno;Patrimonio indisponibile;Utilizzato direttamente;Attività agricola;;;;1;False
1945791;L219;210;;;3340.0;TERRENO;CORSO VENEZIA;SNC;45.0999586;7.6845943;Terreno agricolo;ND;Nessuno;Patrimonio indisponibile;Utilizzato direttamente;Attività agricola;;;;1;False
1945792;L219;218;;;360.0;TERRENO;CORSO VENEZIA;SNC;45.0986644;7.6858551;Terreno agricolo;ND;Nessuno;Patrimonio indisponibile;Utilizzato direttamente;Attività agricola;;;;1;False
1945793;L219;221;;;38.0;TERRENO;CORSO VENEZIA;SNC;45.1005731;7.6849729;Terreno agricolo;ND;Nessuno;Patrimonio indisponibile;Utilizzato direttamente;Attività agricola;;;;1;False
1945794;L219;255;;;3335.0;TERRENO;CORSO VENEZIA;SNC;45.1025992;7.6895991;Terreno agricolo;ND;Nessuno;Patrimonio indisponibile;Utilizzato direttamente;Attività agricola;;;;1;False
1945795;L219;257;;;7856.0;TERRENO;CORSO VENEZIA;SNC;45.1026799;7.6887381;Terreno agricolo;ND;Nessuno;Patrimonio indisponibile;Utilizzato direttamente;Attività agricola;;;;1;False
1945796;L219;304;;;372.0;TERRENO;CORSO VENEZIA;SNC;45.101922;7.6892659;Pascolo;ND;Nessuno;Patrimonio indisponibile;Utilizzato direttamente;Attività agricola;;;;1;False
1945797;L219;305;;;138.0;TERRENO;CORSO VENEZIA;SNC;45.1019324;7.68939;Pascolo;ND;Nessuno;Patrimonio indisponibile;Utilizzato direttamente;Attività agricola;;;;1;False
1945798;L219;307;;;24.0;TERRENO;CORSO VENEZIA;SNC;45.1013803;7.6888172;Pascolo;ND;Nessuno;Patrimonio indisponibile;Utilizzato direttamente;Attività agricola;;;;1;False
1945799;L219;308;;;456.0;TERRENO;CORSO VENEZIA;SNC;45.1015093;7.6890203;Pascolo;ND;Nessuno;Patrimonio indisponibile;Utilizzato direttamente;Attività agricola;;;;1;False
1945800;L219;309;;;44.0;TERRENO;CORSO VENEZIA;SNC;45.1012783;7.688755;Pascolo;ND;Nessuno;Patrimonio indisponibile;Utilizzato direttamente;Attività agricola;;;;1;False
1945801;L219;707;;;2074.0;TERRENO;CORSO VENEZIA;SNC;45.09674;7.68418;Terreno agricolo;ND;Nessuno;Patrimonio indisponibile;Utilizzato direttamente;Attività agricola;;;;1;False
1945802;L219;314;;;516.0;TERRENO;CORSO VENEZIA;SNC;45.1009711;7.6882578;Terreno agricolo;ND;Nessuno;Patrimonio indisponibile;Utilizzato direttamente;Attività agricola;;;;1;False
1945803;L219;315;;;349.0;TERRENO;CORSO VENEZIA;SNC;45.1010551;7.6885309;Pascolo;ND;Nessuno;Patrimonio indisponibile;Utilizzato direttamente;Attività agricola;;;;1;False
1945804;L219;316;;;51.0;TERRENO;CORSO VENEZIA;SNC;45.1009421;7.6884313;Pascolo;ND;Nessuno;Patrimonio indisponibile;Utilizzato direttamente;Attività agricola;;;;1;False
1945805;L219;317;;;30.0;TERRENO;CORSO VENEZIA;SNC;45.1011541;7.6886927;Pascolo;ND;Nessuno;Patrimonio indisponibile;Utilizzato direttamente;Attività agricola;;;;1;False
1945806;L219;708;;;13.0;TERRENO;CORSO VENEZIA;SNC;45.09674;7.68418;Terreno agricolo;ND;Nessuno;Patrimonio indisponibile;Utilizzato direttamente;Attività agricola;;;;1;False
1945807;L219;319;;;76.0;TERRENO;CORSO VENEZIA;SNC;45.100708;7.6879537;Terreno agricolo;ND;Nessuno;Patrimonio indisponibile;Utilizzato direttamente;Attività agricola;;;;1;False
1945808;L219;320;;;108.0;TERRENO;CORSO VENEZIA;SNC;45.1004993;7.6879351;Terreno agricolo;ND;Nessuno;Patrimonio indisponibile;Utilizzato direttamente;Attività agricola;;;;1;False
1945809;L219;325;;;102.0;TERRENO;CORSO VENEZIA;SNC;45.0992262;7.6861775;Terreno agricolo;ND;Nessuno;Patrimonio indisponibile;Utilizzato direttamente;Attività agricola;;;;1;False
1945810;L219;327;;;149.0;TERRENO;CORSO VENEZIA;SNC;45.099127;7.6861371;Terreno agricolo;ND;Nessuno;Patrimonio indisponibile;Utilizzato direttamente;Attività agricola;;;;1;False
1945812;L219;336;;;133.0;TERRENO;VIA SEMPIONE;SNC;45.0988398;7.6870736;Terreno agricolo;ND;Nessuno;Patrimonio indisponibile;Utilizzato direttamente;Attività agricola;;;;1;False
1945813;L219;337;;;3718.0;TERRENO;VIA SEMPIONE;SNC;45.0992079;7.6879478;Terreno agricolo;ND;Nessuno;Patrimonio indisponibile;Utilizzato direttamente;Attività agricola;;;;1;False
1945814;L219;338;;;136.0;TERRENO;VIA SEMPIONE;SNC;45.099078;7.6872166;Terreno agricolo;ND;Nessuno;Patrimonio indisponibile;Utilizzato direttamente;Attività agricola;;;;1;False
1945815;L219;341;;;65.0;TERRENO;CORSO VENEZIA;SNC;45.099719;7.6854514;Terreno agricolo;ND;Nessuno;Patrimonio indisponibile;Utilizzato direttamente;Altro;;;;1;False
1945816;L219;346;;;1352.0;TERRENO;CORSO VENEZIA;SNC;45.1022671;7.6895281;Terreno agricolo;ND;Nessuno;Patrimonio indisponibile;Utilizzato direttamente;Attività agricola;;;;1;False
1945817;L219;347;;;156.0;TERRENO;CORSO VENEZIA;SNC;45.1025214;7.6899938;Terreno agricolo;ND;Nessuno;Patrimonio indisponibile;Utilizzato direttamente;Attività agricola;;;;1;False
1945818;L219;352;;;1880.0;TERRENO;VIA RANDACCIO GIOVANNI;SNC;45.1011433;7.6836077;Terreno agricolo;ND;Nessuno;Patrimonio indisponibile;Non utilizzato;Non Dichiarato;;;;1;False
1945819;L219;354;;;143.0;TERRENO;VIA RANDACCIO GIOVANNI;SNC;45.10071;7.6846667;Terreno agricolo;ND;Nessuno;Patrimonio indisponibile;Non utilizzato;Non Dichiarato;;;;1;False
1945820;L219;358;;;569.0;TERRENO;VIA RANDACCIO GIOVANNI;SNC;45.1006725;7.6842951;Terreno agricolo;ND;Nessuno;Patrimonio indisponibile;Non utilizzato;Non Dichiarato;;;;1;False
1945822;L219;364;;;27.0;TERRENO;VIA RANDACCIO GIOVANNI;SNC;45.1011812;7.6847791;Terreno agricolo;ND;Nessuno;Patrimonio indisponibile;Non utilizzato;Non Dichiarato;;;;1;False
1945823;L219;709;;;83.0;TERRENO;CORSO VENEZIA;SNC;45.09674;7.68418;Terreno agricolo;ND;Nessuno;Patrimonio indisponibile;Utilizzato direttamente;Attività agricola;;;;1;False
1945824;L219;580;;;5331.0;TERRENO;CORSO VENEZIA;SNC;45.1015566;7.6881438;Terreno agricolo;ND;Nessuno;Patrimonio indisponibile;Utilizzato direttamente;Attività agricola;;;;1;False
1945825;L219;581;;;526.0;TERRENO;CORSO VENEZIA;SNC;45.1015302;7.6888263;Terreno agricolo;ND;Nessuno;Patrimonio indisponibile;Utilizzato direttamente;Attività agricola;;;;1;False
1945826;L219;582;;;119.0;TERRENO;CORSO VENEZIA;SNC;45.1016572;7.6890785;Pascolo;ND;Nessuno;Patrimonio indisponibile;Utilizzato direttamente;Attività agricola;;;;1;False
1945827;L219;583;;;260.0;TERRENO;CORSO VENEZIA;SNC;45.1014405;7.688838;Pascolo;ND;Nessuno;Patrimonio indisponibile;Utilizzato direttamente;Attività agricola;;;;1;False
1945828;L219;710;;;56.0;TERRENO;CORSO VENEZIA;SNC;45.09674;7.68418;Terreno agricolo;ND;Nessuno;Patrimonio indisponibile;Utilizzato direttamente;Attività agricola;;;;1;False
1945829;L219;585;;;62.0;TERRENO;CORSO VENEZIA;SNC;45.1006536;7.6874026;Terreno agricolo;ND;Nessuno;Patrimonio indisponibile;Utilizzato direttamente;Attività agricola;;;;1;False
1945830;L219;586;;;15.0;TERRENO;CORSO VENEZIA;SNC;45.1006838;7.6876628;Terreno agricolo;ND;Nessuno;Patrimonio indisponibile;Utilizzato direttamente;Attività agricola;;;;1;False
1945831;L219;587;;;1427.0;TERRENO;CORSO VENEZIA;SNC;45.1002658;7.6874962;Terreno agricolo;ND;Nessuno;Patrimonio indisponibile;Utilizzato direttamente;Attività agricola;;;;1;False
1945832;L219;588;;;7.0;TERRENO;CORSO VENEZIA;SNC;45.1006238;7.6876381;Terreno agricolo;ND;Nessuno;Patrimonio indisponibile;Utilizzato direttamente;Attività agricola;;;;1;False
1945833;L219;589;;;15.0;TERRENO;CORSO VENEZIA;SNC;45.1006086;7.687668;Terreno agricolo;ND;Nessuno;Patrimonio indisponibile;Utilizzato direttamente;Attività agricola;;;;1;False
1945834;L219;590;;;164.0;TERRENO;CORSO VENEZIA;SNC;45.1003459;7.6870916;Terreno agricolo;ND;Nessuno;Patrimonio indisponibile;Utilizzato direttamente;Attività agricola;;;;1;False
1945835;L219;591;;;62.0;TERRENO;CORSO VENEZIA;SNC;45.1003323;7.6868599;Terreno agricolo;ND;Nessuno;Patrimonio indisponibile;Utilizzato direttamente;Attività agricola;;;;1;False
1945836;L219;592;;;417.0;TERRENO;CORSO VENEZIA;SNC;45.1000754;7.6866498;Terreno agricolo;ND;Nessuno;Patrimonio indisponibile;Utilizzato direttamente;Attività agricola;;;;1;False
1945837;L219;593;;;7.0;TERRENO;CORSO VENEZIA;SNC;45.1001761;7.6871792;Terreno agricolo;ND;Nessuno;Patrimonio indisponibile;Utilizzato direttamente;Attività agricola;;;;1;False
1945838;L219;594;;;15.0;TERRENO;CORSO VENEZIA;SNC;45.100161;7.6872091;Terreno agricolo;ND;Nessuno;Patrimonio indisponibile;Utilizzato direttamente;Attività agricola;;;;1;False
1945839;L219;595;;;7.0;TERRENO;CORSO VENEZIA;SNC;45.1001557;7.6867882;Terreno agricolo;ND;Nessuno;Patrimonio indisponibile;Utilizzato direttamente;Attività agricola;;;;1;False
1945840;L219;596;;;7.0;TERRENO;CORSO VENEZIA;SNC;45.100139;7.6868091;Terreno agricolo;ND;Nessuno;Patrimonio indisponibile;Utilizzato direttamente;Attività agricola;;;;1;False
1945841;L219;597;;;482.0;TERRENO;CORSO VENEZIA;SNC;45.0999497;7.6865944;Terreno agricolo;ND;Nessuno;Patrimonio indisponibile;Utilizzato direttamente;Attività agricola;;;;1;False
1945842;L219;598;;;5.0;TERRENO;CORSO VENEZIA;SNC;45.1001334;7.6870983;Terreno agricolo;ND;Nessuno;Patrimonio indisponibile;Utilizzato direttamente;Attività agricola;;;;1;False
1945843;L219;599;;;219.0;TERRENO;CORSO VENEZIA;SNC;45.0999981;7.6870042;Terreno agricolo;ND;Nessuno;Patrimonio indisponibile;Utilizzato direttamente;Attività agricola;;;;1;False
1945844;L219;600;;;31.0;TERRENO;CORSO VENEZIA;SNC;45.0999061;7.6863457;Terreno agricolo;ND;Nessuno;Patrimonio indisponibile;Utilizzato direttamente;Attività agricola;;;;1;False
1945845;L219;601;;;97.0;TERRENO;CORSO VENEZIA;SNC;45.1006511;7.6879066;Terreno agricolo;ND;Nessuno;Patrimonio indisponibile;Utilizzato direttamente;Attività agricola;;;;1;False
1945846;L219;602;;;38.0;TERRENO;CORSO VENEZIA;SNC;45.1006183;7.6878782;Terreno agricolo;ND;Nessuno;Patrimonio indisponibile;Utilizzato direttamente;Attività agricola;;;;1;False
1945847;L219;603;;;50.0;TERRENO;CORSO VENEZIA;SNC;45.100597;7.688022;Terreno agricolo;ND;Nessuno;Patrimonio indisponibile;Utilizzato direttamente;Attività agricola;;;;1;False
1945848;L219;604;;;22.0;TERRENO;CORSO VENEZIA;SNC;45.1005563;7.6879946;Terreno agricolo;ND;Nessuno;Patrimonio indisponibile;Utilizzato direttamente;Attività agricola;;;;1;False
1945849;L219;612;;;2457.0;TERRENO;CORSO VENEZIA;SNC;45.0995657;7.6868232;Terreno agricolo;ND;Nessuno;Patrimonio indisponibile;Utilizzato direttamente;Attività agricola;;;;1;False
1945850;L219;613;;;425.0;TERRENO;CORSO VENEZIA;SNC;45.0997609;7.6867659;Terreno agricolo;ND;Nessuno;Patrimonio indisponibile;Utilizzato direttamente;Attività agricola;;;;1;False
1945851;L219;614;;;1197.0;TERRENO;CORSO VENEZIA;SNC;45.0997506;7.6864983;Terreno agricolo;ND;Nessuno;Patrimonio indisponibile;Utilizzato direttamente;Attività agricola;;;;1;False
1945852;L219;615;;;249.0;TERRENO;CORSO VENEZIA;SNC;45.099748;7.6862808;Terreno agricolo;ND;Nessuno;Patrimonio indisponibile;Utilizzato direttamente;Attività agricola;;;;1;False
1945853;L219;711;;;15.0;TERRENO;CORSO VENEZIA;SNC;45.1009472;7.6878253;Terreno agricolo;ND;Nessuno;Patrimonio indisponibile;Utilizzato direttamente;Attività agricola;;;;1;False
1945854;L219;617;;;52.0;TERRENO;CORSO VENEZIA;SNC;45.0996699;7.6864085;Terreno agricolo;ND;Nessuno;Patrimonio indisponibile;Utilizzato direttamente;Attività agricola;;;;1;False
1945855;L219;618;;;553.0;TERRENO;CORSO VENEZIA;SNC;45.0994413;7.6864261;Terreno agricolo;ND;Nessuno;Patrimonio indisponibile;Utilizzato direttamente;Attività agricola;;;;1;False
1945856;L219;619;;;119.0;TERRENO;CORSO VENEZIA;SNC;45.0995115;7.6862577;Terreno agricolo;ND;Nessuno;Patrimonio indisponibile;Utilizzato direttamente;Attività agricola;;;;1;False
1945857;L219;620;;;6.0;TERRENO;CORSO VENEZIA;SNC;45.0993312;7.686384;Terreno agricolo;ND;Nessuno;Patrimonio indisponibile;Utilizzato direttamente;Attività agricola;;;;1;False
1945858;L219;621;;;1.0;TERRENO;CORSO VENEZIA;SNC;45.0992209;7.68644;Terreno agricolo;ND;Nessuno;Patrimonio indisponibile;Utilizzato direttamente;Attività agricola;;;;1;False
1945859;L219;622;;;1127.0;TERRENO;CORSO VENEZIA;SNC;45.0989629;7.6862118;Terreno agricolo;ND;Nessuno;Patrimonio indisponibile;Utilizzato direttamente;Attività agricola;;;;1;False
1945860;L219;623;;;1.0;TERRENO;CORSO VENEZIA;SNC;45.0992063;7.6864252;Terreno agricolo;ND;Nessuno;Patrimonio indisponibile;Utilizzato direttamente;Attività agricola;;;;1;False
1945861;L219;624;;;6.0;TERRENO;CORSO VENEZIA;SNC;45.0998352;7.68611;Terreno urbano;ND;Nessuno;Patrimonio indisponibile;Utilizzato direttamente;Altro;;;;1;False
1945862;L219;625;;;17.0;TERRENO;CORSO VENEZIA;SNC;45.0998425;7.6860807;Terreno agricolo;ND;Nessuno;Patrimonio indisponibile;Utilizzato direttamente;Attività agricola;;;;1;False
1945864;L219;626;;;158.0;TERRENO;CORSO VENEZIA;SNC;45.099812;7.6857211;Terreno agricolo;ND;Nessuno;Patrimonio indisponibile;Utilizzato direttamente;Attività agricola;;;;1;False
1945865;L219;712;;;83.0;TERRENO;CORSO VENEZIA;SNC;45.1004401;7.6868238;Terreno agricolo;ND;Nessuno;Patrimonio indisponibile;Utilizzato direttamente;Attività agricola;;;;1;False
1945866;L219;713;;;97.0;TERRENO;CORSO VENEZIA;SNC;45.09674;7.68418;Terreno agricolo;ND;Nessuno;Patrimonio indisponibile;Utilizzato direttamente;Attività agricola;;;;1;False
1945867;L219;629;;;19.0;TERRENO;CORSO VENEZIA;SNC;45.0997877;7.6860251;Terreno agricolo;ND;Nessuno;Patrimonio indisponibile;Utilizzato direttamente;Attività agricola;;;;1;False
1945868;L219;630;;;302.0;TERRENO;CORSO VENEZIA;SNC;45.0997504;7.6857517;Terreno agricolo;ND;Nessuno;Patrimonio indisponibile;Utilizzato direttamente;Attività agricola;;;;1;False
1945869;L219;631;;;5.0;TERRENO;CORSO VENEZIA;SNC;45.0997512;7.686031;Terreno agricolo;ND;Nessuno;Patrimonio indisponibile;Utilizzato direttamente;Attività agricola;;;;1;False
1945870;L219;633;;;11.0;TERRENO;CORSO VENEZIA;SNC;45.0997667;7.6852633;Terreno agricolo;ND;Nessuno;Patrimonio indisponibile;Utilizzato direttamente;Attività agricola;;;;1;False
1945871;L219;634;;;20.0;TERRENO;CORSO VENEZIA;SNC;45.0997788;7.68609;Terreno agricolo;ND;Nessuno;Patrimonio indisponibile;Utilizzato direttamente;Attività agricola;;;;1;False
1945872;L219;635;;;235.0;TERRENO;CORSO VENEZIA;SNC;45.0996089;7.686117;Terreno agricolo;ND;Nessuno;Patrimonio indisponibile;Utilizzato direttamente;Attività agricola;;;;1;False
1945873;L219;636;;;131.0;TERRENO;CORSO VENEZIA;SNC;45.099364;7.6861584;Terreno agricolo;ND;Nessuno;Patrimonio indisponibile;Utilizzato direttamente;Attività agricola;;;;1;False
1945874;L219;637;;;12.0;TERRENO;CORSO VENEZIA;SNC;45.0994379;7.6861693;Terreno agricolo;ND;Nessuno;Patrimonio indisponibile;Utilizzato direttamente;Attività agricola;;;;1;False
1945875;L219;638;;;20.0;TERRENO;CORSO VENEZIA;SNC;45.0997142;7.6860365;Terreno agricolo;ND;Nessuno;Patrimonio indisponibile;Utilizzato direttamente;Attività agricola;;;;1;False
1945876;L219;639;;;1750.0;TERRENO;CORSO VENEZIA;SNC;45.0995154;7.6858071;Terreno agricolo;ND;Nessuno;Patrimonio indisponibile;Utilizzato direttamente;Attività agricola;;;;1;False
1945877;L219;640;;;115.0;TERRENO;CORSO VENEZIA;SNC;45.0995798;7.6860345;Terreno agricolo;ND;Nessuno;Patrimonio indisponibile;Utilizzato direttamente;Attività agricola;;;;1;False
1945878;L219;641;;;139.0;TERRENO;CORSO VENEZIA;SNC;45.0994126;7.6860297;Terreno agricolo;ND;Nessuno;Patrimonio indisponibile;Utilizzato direttamente;Attività agricola;;;;1;False
1945879;L219;647;;;9.0;TERRENO;CORSO VENEZIA;SNC;45.0988313;7.6859025;Terreno agricolo;ND;Nessuno;Patrimonio indisponibile;Utilizzato direttamente;Attività agricola;;;;1;False
1945880;L219;648;;;70.0;TERRENO;CORSO VENEZIA;SNC;45.0988203;7.6858181;Terreno agricolo;ND;Nessuno;Patrimonio indisponibile;Utilizzato direttamente;Attività agricola;;;;1;False
1945881;L219;651;;;3.0;TERRENO;CORSO VENEZIA;SNC;45.0987544;7.6858233;Terreno agricolo;ND;Nessuno;Patrimonio indisponibile;Utilizzato direttamente;Altro;;;;1;False
1945882;L219;652;;;79.0;TERRENO;CORSO VENEZIA;SNC;45.0987594;7.6857743;Terreno agricolo;ND;Nessuno;Patrimonio indisponibile;Utilizzato direttamente;Attività agricola;;;;1;False
1945883;L219;653;;;23.0;TERRENO;CORSO VENEZIA;SNC;45.0997723;7.685316;Terreno agricolo;ND;Nessuno;Patrimonio indisponibile;Utilizzato direttamente;Attività agricola;;;;1;False
1945884;L219;716;;;95.0;TERRENO;CORSO VENEZIA;SNC;45.099816;7.6861522;Terreno agricolo;ND;Nessuno;Patrimonio indisponibile;Utilizzato direttamente;Attività agricola;;;;1;False
1945885;L219;675;;;435.0;TERRENO;CORSO VENEZIA;SNC;45.1009149;7.6849081;Terreno agricolo;ND;Nessuno;Patrimonio indisponibile;Utilizzato direttamente;Attività agricola;;;;1;False
1945886;L219;714;;;3968.0;TERRENO;CORSO VENEZIA;SNC;45.1005816;7.6871518;Terreno agricolo;ND;Nessuno;Patrimonio indisponibile;Utilizzato direttamente;Attività agricola;;;;1;False
1945887;L219;715;;;254.0;TERRENO;CORSO VENEZIA;SNC;45.1002777;7.6866795;Terreno agricolo;ND;Nessuno;Patrimonio indisponibile;Utilizzato direttamente;Attività agricola;;;;1;False
1945889;L219;14;;;1320.0;TERRENO;VIA CASTELDELFINO;SNC;45.1025971;7.67286643;Terreno agricolo;ND;Nessuno;Patrimonio indisponibile;Utilizzato direttamente;Attività agricola;;;;1;False
1945890;L219;15;;;7580.0;TERRENO;VIA CASTELDELFINO;SNC;45.10217138;7.67392573;Terreno agricolo;ND;Nessuno;Patrimonio indisponibile;Utilizzato direttamente;Attività agricola;;;;1;False
1945892;L219;627;;;3707.0;TERRENO;VIA CASTELDELFINO;SNC;45.10260412;7.67348925;Terreno agricolo;ND;Nessuno;Patrimonio indisponibile;Utilizzato direttamente;Attività agricola;;;;1;False
1945893;L219;629;;;717.0;TERRENO;VIA CASTELDELFINO;SNC;45.10331532;7.67375424;Terreno agricolo;ND;Nessuno;Patrimonio indisponibile;Utilizzato direttamente;Attività agricola;;;;1;False
1945894;L219;630;;;634.0;TERRENO;VIA CASTELDELFINO;SNC;45.10276801;7.67385522;Terreno agricolo;ND;Nessuno;Patrimonio indisponibile;Utilizzato direttamente;Attività agricola;;;;1;False
1945895;L219;632;;;318.0;TERRENO;VIA CASTELDELFINO;SNC;45.10327336;7.67406671;Terreno agricolo;ND;Nessuno;Patrimonio indisponibile;Utilizzato direttamente;Attività agricola;;;;1;False
1945896;L219;633;;;1458.0;TERRENO;VIA CASTELDELFINO;SNC;45.10274966;7.6742539;Terreno agricolo;ND;Nessuno;Patrimonio indisponibile;Utilizzato direttamente;Attività agricola;;;;1;False
1945897;L219;635;;;550.0;TERRENO;VIA CASTELDELFINO;SNC;45.10324811;7.67439733;Terreno agricolo;ND;Nessuno;Patrimonio indisponibile;Utilizzato direttamente;Attività agricola;;;;1;False
1945898;L219;647;;;23.0;TERRENO;VIA CAMPIGLIA;SNC;45.10363018;7.67559944;Terreno urbano;ND;Nessuno;Patrimonio disponibile;Non utilizzato;Non Dichiarato;;;;1;False
1945899;L219;692;;;120.0;TERRENO;VIA CASTELDELFINO;SNC;45.10319052;7.67366525;Terreno agricolo;ND;Nessuno;Patrimonio indisponibile;Utilizzato direttamente;Attività agricola;;;;1;False
1945900;L219;693;;;542.0;TERRENO;VIA SOSPELLO;SNC;45.10304816;7.67361338;Terreno agricolo;ND;Nessuno;Patrimonio disponibile;Non utilizzato;Non Dichiarato;;;;1;False
1945901;L219;694;;;140.0;TERRENO;VIA CASTELDELFINO;SNC;45.10296326;7.67360321;Terreno agricolo;ND;Nessuno;Patrimonio indisponibile;Utilizzato direttamente;Attività agricola;;;;1;False
1945902;L219;695;;;44.0;TERRENO;VIA CASTELDELFINO;SNC;45.10317673;7.67385231;Terreno agricolo;ND;Nessuno;Patrimonio indisponibile;Utilizzato direttamente;Attività agricola;;;;1;False
1945903;L219;696;;;124.0;TERRENO;VIA SOSPELLO;SNC;45.10308152;7.67386292;Terreno agricolo;ND;Nessuno;Patrimonio disponibile;Non utilizzato;Non Dichiarato;;;;1;False
1945904;L219;697;;;16.0;TERRENO;VIA CASTELDELFINO;SNC;45.10289342;7.67376167;Terreno agricolo;ND;Nessuno;Patrimonio indisponibile;Utilizzato direttamente;Attività agricola;;;;1;False
1945905;L219;698;;;103.0;TERRENO;VIA CASTELDELFINO;SNC;45.10316753;7.67403701;Terreno agricolo;ND;Nessuno;Patrimonio indisponibile;Utilizzato direttamente;Attività agricola;;;;1;False
1945906;L219;699;;;424.0;TERRENO;VIA SOSPELLO;SNC;45.10306383;7.67402071;Terreno agricolo;ND;Nessuno;Patrimonio disponibile;Non utilizzato;Non Dichiarato;;;;1;False
1945907;L219;700;;;91.0;TERRENO;VIA CASTELDELFINO;SNC;45.10293841;7.67397497;Terreno agricolo;ND;Nessuno;Patrimonio indisponibile;Utilizzato direttamente;Attività agricola;;;;1;False
1945908;L219;701;;;429.0;TERRENO;VIA CASTELDELFINO;SNC;45.10314438;7.67440056;Terreno agricolo;ND;Nessuno;Patrimonio indisponibile;Utilizzato direttamente;Attività agricola;;;;1;False
1945909;L219;702;;;813.0;TERRENO;VIA SOSPELLO;SNC;45.1030427;7.67437857;Terreno agricolo;ND;Nessuno;Patrimonio disponibile;Non utilizzato;Non Dichiarato;;;;1;False
1945910;L219;74;;;121.0;TERRENO;VIA CONTE DI ROCCAVIONE;SNC;45.10352824;7.67700588;Pascolo;ND;Nessuno;Patrimonio indisponibile;Utilizzato direttamente;Attività agricola;;;;1;False
1945911;L219;8;;;130.0;TERRENO;VIA CASTELDELFINO;SNC;45.10334864;7.67415;Terreno agricolo;ND;Nessuno;Patrimonio indisponibile;Utilizzato direttamente;Attività agricola;;;;1;False
1945912;L219;9;;;230.0;TERRENO;VIA CASTELDELFINO;SNC;45.10334859;7.67444878;Terreno agricolo;ND;Nessuno;Patrimonio indisponibile;Utilizzato direttamente;Attività agricola;;;;1;False
1945915;L219;13;;;4300.0;TERRENO;VIA TERNI;SNC;45.1021937;7.6599858;Terreno agricolo;ND;Nessuno;Patrimonio indisponibile;Utilizzato direttamente;Attività agricola;;;;1;False
1945916;L219;569;;;400.0;TERRENO;CORSO POTENZA;SNC;45.0983736;7.6594262;Terreno agricolo;ND;Nessuno;Patrimonio indisponibile;Utilizzato direttamente;Attività agricola;;;;1;False
1945917;L219;693;;;1520.0;TERRENO;VIA BRUSA EMILIO;SNC;45.0984481;7.6556251;Terreno agricolo;ND;Nessuno;Patrimonio disponibile;Utilizzato direttamente;Attività agricola;;;;1;False
1945918;L219;AP;;;10671.0;TERRENO;VIA ALA DI STURA;SNC;45.10605;7.68496;Terreno urbano;ND;Nessuno;Demanio;Utilizzato direttamente;Altro;;;;1;False
1945920;L219;232;;;62.0;TERRENO;CORSO LOMBARDIA;SNC;45.09615808;7.64481207;Parco/Villa Comunale/Giardino Pubblico;ND;Nessuno;Patrimonio indisponibile;Utilizzato direttamente;Altro;;;;1;False
1945921;L219;356;;;170.0;TERRENO;CORSO LOMBARDIA;SNC;45.09628133;7.6448884;Parco/Villa Comunale/Giardino Pubblico;ND;Nessuno;Patrimonio indisponibile;Utilizzato direttamente;Attività sportiva, ricreativa e di intrattenimento;;;;1;False
1945922;L219;270;;;854.0;TERRENO;CORSO CINCINNATO LUCIO QUINZIO;SNC;45.09853456;7.64433884;Terreno agricolo;ND;Nessuno;Patrimonio indisponibile;Utilizzato direttamente;Attività agricola;;;;1;False
1945923;L219;270P;;;854.0;TERRENO;VIA ALA DI STURA;SNC;45.10605;7.68496;Terreno agricolo;ND;Nessuno;Demanio;Utilizzato direttamente;Attività agricola;;;;1;False
1945924;L219;298;;;1202.0;TERRENO;CORSO LOMBARDIA;SNC;45.09654278;7.64529638;Parco/Villa Comunale/Giardino Pubblico;ND;Nessuno;Patrimonio indisponibile;Utilizzato direttamente;Altro;;;;1;False
1945926;L219;6;;;1530.0;TERRENO;CORSO TOSCANA;SNC;45.09906151;7.64761065;Terreno agricolo;ND;Nessuno;Patrimonio indisponibile;Utilizzato direttamente;Attività agricola;;;;1;False
1945931;L219;AP;;;10671.0;TERRENO;VIA ALA DI STURA;SNC;45.10605;7.68496;Terreno urbano;ND;Nessuno;Demanio;Utilizzato direttamente;Altro;;;;1;False
1945932;L219;10;;;3760.0;TERRENO;CORSO CINCINNATO LUCIO QUINZIO;SNC;45.0991481;7.6407909;Terreno agricolo;ND;Nessuno;Patrimonio indisponibile;Utilizzato direttamente;Attività agricola;;;;1;False
1945933;L219;106;;;400.0;TERRENO;VIA SANSOVINO ANDREA;SNC;45.0984911;7.6358283;Terreno agricolo;ND;Nessuno;Patrimonio indisponibile;Utilizzato direttamente;Attività agricola;;;;1;False
1945935;L219;1;;;3951.0;TERRENO;CORSO MORTARA;SNC;45.0912931;7.6640107;Pascolo;ND;Nessuno;Patrimonio indisponibile;Utilizzato direttamente;Attività agricola;;;;1;False
1945936;L219;10;;;4964.0;TERRENO;CORSO MORTARA;SNC;45.0909367;7.6670322;Pascolo;ND;Nessuno;Patrimonio indisponibile;Utilizzato direttamente;Attività agricola;;;;1;False
1945940;L219;122;;;62.0;TERRENO;CORSO CINCINNATO LUCIO QUINZIO;SNC;45.0986151;7.6395513;Terreno agricolo;ND;Nessuno;Patrimonio indisponibile;Utilizzato direttamente;Attività agricola;;;;1;False
1945942;L219;126;;;1831.0;TERRENO;CORSO CINCINNATO LUCIO QUINZIO;SNC;45.0981772;7.6400606;Terreno agricolo;ND;Nessuno;Patrimonio indisponibile;Utilizzato direttamente;Attività agricola;;;;1;False
1945943;L219;173;;;7.0;TERRENO;CORSO CINCINNATO LUCIO QUINZIO;SNC;45.0988137;7.6399033;Terreno agricolo;ND;Nessuno;Patrimonio indisponibile;Utilizzato direttamente;Attività agricola;;;;1;False
1945944;L219;175;;;2.0;TERRENO;CORSO CINCINNATO LUCIO QUINZIO;SNC;45.0989941;7.6399863;Terreno agricolo;ND;Nessuno;Patrimonio indisponibile;Utilizzato direttamente;Attività agricola;;;;1;False
1945945;L219;176;;;62.0;TERRENO;CORSO CINCINNATO LUCIO QUINZIO;SNC;45.0989543;7.6400786;Terreno agricolo;ND;Nessuno;Patrimonio indisponibile;Utilizzato direttamente;Attività agricola;;;;1;False
1945946;L219;178;;;16.0;TERRENO;CORSO CINCINNATO LUCIO QUINZIO;SNC;45.0988813;7.6402146;Terreno urbano;ND;Nessuno;Patrimonio indisponibile;Utilizzato direttamente;Altro;;;;1;False
1945950;L219;190;;;1640.0;TERRENO;VIA SANSOVINO ANDREA;SNC;45.0982707;7.6356723;Terreno agricolo;ND;Nessuno;Patrimonio indisponibile;Utilizzato direttamente;Attività agricola;;;;1;False
1945951;L219;22;;;90.0;TERRENO;CORSO CINCINNATO LUCIO QUINZIO;SNC;45.098778;7.6398603;Terreno agricolo;ND;Nessuno;Patrimonio indisponibile;Utilizzato direttamente;Attività agricola;;;;1;False
1945952;L219;34;;;1310.0;TERRENO;CORSO CINCINNATO LUCIO QUINZIO;SNC;45.098889;7.6411675;Terreno agricolo;ND;Nessuno;Patrimonio indisponibile;Utilizzato direttamente;Attività agricola;;;;1;False
1945953;L219;35;;;4740.0;TERRENO;CORSO CINCINNATO LUCIO QUINZIO;SNC;45.0987092;7.6414773;Terreno agricolo;ND;Nessuno;Patrimonio indisponibile;Utilizzato direttamente;Attività agricola;;;;1;False
1945954;L219;50;;;290.0;TERRENO;CORSO CINCINNATO LUCIO QUINZIO;SNC;45.0986527;7.6432771;Terreno agricolo;ND;Nessuno;Patrimonio indisponibile;Utilizzato direttamente;Attività agricola;;;;1;False
1945955;L219;8;;;440.0;TERRENO;CORSO CINCINNATO LUCIO QUINZIO;SNC;45.0991928;7.6397149;Terreno agricolo;ND;Nessuno;Patrimonio indisponibile;Utilizzato direttamente;Attività agricola;;;;1;False
1945957;L219;86;;;136.0;TERRENO;CORSO CINCINNATO LUCIO QUINZIO;SNC;45.0987168;7.6386097;Terreno agricolo;ND;Nessuno;Patrimonio indisponibile;Utilizzato direttamente;Attività agricola;;;;1;False
1945958;L219;9;;;1080.0;TERRENO;CORSO CINCINNATO LUCIO QUINZIO;SNC;45.0991364;7.6400339;Terreno agricolo;ND;Nessuno;Patrimonio indisponibile;Utilizzato direttamente;Attività agricola;;;;1;False
1945960;L219;90;;;380.0;TERRENO;CORSO CINCINNATO LUCIO QUINZIO;SNC;45.0990663;7.6394192;Terreno agricolo;ND;Nessuno;Patrimonio indisponibile;Utilizzato direttamente;Attività agricola;;;;1;False
1945961;L219;22;;;1283.0;TERRENO;CORSO APPIO CLAUDIO;SNC;45.0929024;7.6325016;Terreno agricolo;ND;Nessuno;Patrimonio indisponibile;Utilizzato direttamente;Attività agricola;;;;1;False
1945962;L219;31;;;30.0;TERRENO;STRADA PIANEZZA;SNC;45.095863;7.6355443;Terreno agricolo;ND;Nessuno;Patrimonio indisponibile;Utilizzato direttamente;Attività agricola;;;;1;False
1945963;L219;32;;;114.0;TERRENO;STRADA PIANEZZA;SNC;45.0963059;7.636413;Terreno agricolo;ND;Nessuno;Patrimonio indisponibile;Utilizzato direttamente;Attività agricola;;;;1;False
1945964;L219;68;;;122.0;TERRENO;STRADA PIANEZZA;SNC;45.0947768;7.6338993;Terreno agricolo;ND;Nessuno;Patrimonio indisponibile;Utilizzato direttamente;Attività agricola;;;;1;False
1945965;L219;69;;;79.0;TERRENO;STRADA PIANEZZA;SNC;45.0948042;7.6343124;Terreno agricolo;ND;Nessuno;Patrimonio indisponibile;Utilizzato direttamente;Attività agricola;;;;1;False
1945966;L219;70;;;2540.0;TERRENO;STRADA PIANEZZA;SNC;45.096716;7.6346983;Terreno agricolo;ND;Nessuno;Patrimonio indisponibile;Utilizzato direttamente;Attività agricola;;;;1;False
1945967;L219;71;;;906.0;TERRENO;VIA COSSA PIETRO;SNC;45.0962998;7.6342725;Terreno agricolo;ND;Nessuno;Patrimonio disponibile;Non utilizzato;Non Dichiarato;;;;1;False
1945968;L219;76;;;3369.0;TERRENO;VIA COSSA PIETRO;SNC;45.0954823;7.6324696;Terreno agricolo;ND;Nessuno;Patrimonio indisponibile;Utilizzato direttamente;Attività agricola;;;;1;False
1945969;L219;78;;;1064.0;TERRENO;STRADA PIANEZZA;SNC;45.0940265;7.6336936;Terreno agricolo;ND;Nessuno;Patrimonio indisponibile;Utilizzato direttamente;Attività agricola;;;;1;False
1945970;L219;108;;;1599.0;TERRENO;VIA COSSA PIETRO;SNC;45.0847407;7.6301796;Terreno agricolo;ND;Nessuno;Patrimonio indisponibile;Utilizzato direttamente;Attività agricola;;;;1;False
1945971;L219;8;;;1585.0;TERRENO;VIA PIANEZZA;SNC;45.0974769;7.6316229;Terreno agricolo;ND;Nessuno;Patrimonio indisponibile;Utilizzato direttamente;Attività agricola;;;;1;False
1945972;L219;116;;;3525.0;TERRENO;VIA COSSA PIETRO;SNC;45.084591;7.6283379;Terreno agricolo;ND;Nessuno;Patrimonio indisponibile;Utilizzato direttamente;Attività agricola;;;;1;False
1945973;L219;80;;;36.0;TERRENO;STRADA PIANEZZA;SNC;45.0940512;7.6328977;Terreno agricolo;ND;Nessuno;Patrimonio indisponibile;Utilizzato direttamente;Attività agricola;;;;1;False
1945974;L219;118;;;27.0;TERRENO;VIA COSSA PIETRO;SNC;45.0843766;7.6287318;Terreno agricolo;ND;Nessuno;Patrimonio indisponibile;Utilizzato direttamente;Attività agricola;;;;1;False
1945975;L219;81;;;6216.0;TERRENO;STRADA PIANEZZA;SNC;45.0949265;7.6340465;Terreno agricolo;ND;Nessuno;Patrimonio indisponibile;Utilizzato direttamente;Attività agricola;;;;1;False
1945976;L219;83;;;255.0;TERRENO;STRADA PIANEZZA;SNC;45.0944164;7.6337431;Terreno agricolo;ND;Nessuno;Patrimonio indisponibile;Utilizzato direttamente;Attività agricola;;;;1;False
1945977;L219;95;;;4081.0;TERRENO;PIAZZA CIRENE;SNC;45.0966573;7.6334707;Terreno agricolo;ND;Nessuno;Patrimonio indisponibile;Utilizzato direttamente;Attività agricola;;;;1;False
1945978;L219;96;;;3.0;TERRENO;PIAZZA CIRENE;SNC;45.0968582;7.6339759;Terreno agricolo;ND;Nessuno;Patrimonio indisponibile;Utilizzato direttamente;Attività agricola;;;;1;False
1945979;L219;101;;;424.0;TERRENO;VIA DELLE PRIMULE;SNC;45.1002495;7.6277366;Terreno agricolo;ND;Nessuno;Patrimonio indisponibile;Utilizzato direttamente;Attività agricola;;;;1;False
1945980;L219;104;;;9900.0;TERRENO;VIA DELLE PRIMULE;SNC;45.1000042;7.6267197;Terreno agricolo;ND;Nessuno;Patrimonio indisponibile;Utilizzato direttamente;Attività agricola;;;;1;False
1945981;L219;107;;;13080.0;TERRENO;VIA DELLE PRIMULE;SNC;45.099499;7.6267718;Terreno agricolo;ND;Nessuno;Patrimonio indisponibile;Utilizzato direttamente;Attività agricola;;;;1;False
1945982;L219;112;;;22.0;TERRENO;VIA DELLE PRIMULE;SNC;45.1001455;7.6279521;Terreno agricolo;ND;Nessuno;Patrimonio indisponibile;Utilizzato direttamente;Attività agricola;;;;1;False
1945983;L219;114;;;64.0;TERRENO;VIA DELLE PRIMULE;SNC;45.1002178;7.627962;Terreno agricolo;ND;Nessuno;Patrimonio indisponibile;Utilizzato direttamente;Attività agricola;;;;1;False
1945984;L219;116;;;174.0;TERRENO;VIA DELLE PRIMULE;SNC;45.0999668;7.6279356;Terreno agricolo;ND;Nessuno;Patrimonio indisponibile;Utilizzato direttamente;Attività agricola;;;;1;False
1946085;L219;118;;;786.0;TERRENO;VIA DELLE PRIMULE;SNC;45.0993325;7.6279337;Terreno agricolo;ND;Nessuno;Patrimonio indisponibile;Utilizzato direttamente;Attività agricola;;;;1;False
1946086;L219;123;;;11131.0;TERRENO;STRADA PIANEZZA;SNC;45.0988355;7.6273426;Terreno agricolo;ND;Nessuno;Patrimonio indisponibile;Utilizzato direttamente;Attività agricola;;;;1;False
1946087;L219;125;;;789.0;TERRENO;STRADA PIANEZZA;SNC;45.0989407;7.6248641;Terreno agricolo;ND;Nessuno;Patrimonio indisponibile;Utilizzato direttamente;Attività agricola;;;;1;False
1946088;L219;98;;;1640.0;TERRENO;VIA DELLE PRIMULE;SNC;45.1003326;7.6259015;Terreno agricolo;ND;Nessuno;Patrimonio indisponibile;Utilizzato direttamente;Attività agricola;;;;1;False
1946089;L219;12;;;12546.0;TERRENO;corso regina margherita;snc;45.0985113;7.6219562;Terreno agricolo;ND;Nessuno;Patrimonio indisponibile;Utilizzato direttamente;Attività agricola;;;;1;False
1946090;L219;26;;;420.0;TERRENO;corso regina margherita;snc;45.0975048;7.6205908;Terreno agricolo;ND;Nessuno;Patrimonio indisponibile;;Non Dichiarato;in locazione;898.0;01/11/2018;1;False
1946091;L219;46;;;35874.0;TERRENO;corso regina margherita;snc;45.0965532;7.6225665;Terreno agricolo;ND;Nessuno;Patrimonio indisponibile;;Non Dichiarato;in locazione;4190.0;11/11/2019;1;False
1946092;L219;47;;;1980.0;TERRENO;corso regina margherita;snc;45.0964946;7.6204364;Terreno boscato o con vegetazione di vario tipo;ND;Nessuno;Patrimonio indisponibile;Utilizzato direttamente;Altro;;;;1;False
1946093;L219;48;;;1360.0;TERRENO;corso regina margherita;snc;45.0957923;7.6221455;Terreno boscato o con vegetazione di vario tipo;ND;Nessuno;Patrimonio indisponibile;Utilizzato direttamente;Altro;;;;1;False
1946095;L219;49;;;27680.0;TERRENO;corso regina margherita;snc;45.0958224;7.6202438;Terreno agricolo;ND;Nessuno;Patrimonio indisponibile;;Non Dichiarato;in locazione;4190.0;11/11/2019;1;False
1946096;L219;55;;;2592.0;TERRENO;corso regina margherita;snc;45.0986379;7.6228994;Terreno agricolo;ND;Nessuno;Patrimonio indisponibile;Utilizzato direttamente;Attività agricola;;;;1;False
1946097;L219;56;;;1829.0;TERRENO;corso regina margherita;snc;45.0979394;7.6227976;Terreno agricolo;ND;Nessuno;Patrimonio indisponibile;Utilizzato direttamente;Attività agricola;;;;1;False
1946098;L219;89;;;300.0;TERRENO;CORSO APPIO CLAUDIO;SNC;45.0856221;7.630902;Terreno boscato o con vegetazione di vario tipo;ND;Nessuno;Patrimonio indisponibile;Utilizzato direttamente;Altro;;;;1;False
1946099;L219;76;;;520.0;TERRENO;corso regina margherita;snc;45.0975839;7.6215888;Terreno agricolo;ND;Nessuno;Patrimonio indisponibile;Utilizzato direttamente;Attività agricola;;;;1;False
1946100;L219;90;;;4490.0;TERRENO;CORSO APPIO CLAUDIO;SNC;45.086019;7.629744;Pascolo;ND;Nessuno;Patrimonio indisponibile;Utilizzato direttamente;Attività agricola;;;;1;False
1946101;L219;77;;;8000.0;TERRENO;corso regina margherita;snc;45.0980496;7.6235769;Terreno agricolo;ND;Nessuno;Patrimonio indisponibile;Utilizzato direttamente;Attività agricola;;;;1;False
1946102;L219;95;;;54.0;TERRENO;VIA COSSA PIETRO;SNC;45.0843295;7.6295907;Terreno agricolo;ND;Nessuno;Patrimonio indisponibile;Utilizzato direttamente;Attività agricola;;;;1;False
1946103;L219;10;;;520.0;TERRENO;CORSO APPIO CLAUDIO;SNC;45.086915;7.6297955;Terreno agricolo;ND;Nessuno;Patrimonio indisponibile;Utilizzato direttamente;Attività agricola;;;;1;False
1946104;L219;11;;;470.0;TERRENO;CORSO APPIO CLAUDIO;SNC;45.0866118;7.6301138;Terreno agricolo;ND;Nessuno;Patrimonio indisponibile;Utilizzato direttamente;Attività agricola;;;;1;False
1946105;L219;12;;;550.0;TERRENO;CORSO APPIO CLAUDIO;SNC;45.0862936;7.6305549;Terreno agricolo;ND;Nessuno;Patrimonio indisponibile;Utilizzato direttamente;Attività agricola;;;;1;False
1946106;L219;15;;;590.0;TERRENO;CORSO APPIO CLAUDIO;SNC;45.0859323;7.6313573;Terreno agricolo;ND;Nessuno;Patrimonio indisponibile;Utilizzato direttamente;Attività agricola;;;;1;False
1946107;L219;16;;;2767.0;TERRENO;CORSO APPIO CLAUDIO;SNC;45.0860867;7.6320004;Terreno agricolo;ND;Nessuno;Patrimonio indisponibile;Utilizzato direttamente;Attività agricola;;;;1;False
1946108;L219;17;;;250.0;TERRENO;CORSO APPIO CLAUDIO;SNC;45.0860483;7.6309923;Terreno agricolo;ND;Nessuno;Patrimonio indisponibile;Utilizzato direttamente;Attività agricola;;;;1;False
1946109;L219;2;;;215.0;TERRENO;CORSO APPIO CLAUDIO;SNC;45.0923162;7.6329776;Terreno boscato o con vegetazione di vario tipo;ND;Nessuno;Patrimonio indisponibile;Utilizzato direttamente;Altro;;;;1;False
1946110;L219;3;;;91140.0;TERRENO;CORSO APPIO CLAUDIO;SNC;45.090124;7.6315621;Terreno agricolo;ND;Nessuno;Patrimonio indisponibile;Utilizzato direttamente;Attività agricola;;;;1;False
1946111;L219;4;;;60840.0;TERRENO;CORSO APPIO CLAUDIO;SNC;45.0891449;7.6333146;Terreno agricolo;ND;Nessuno;Patrimonio indisponibile;Utilizzato direttamente;Attività agricola;;;;1;False
1946112;L219;5;;;2400.0;TERRENO;CORSO APPIO CLAUDIO;SNC;45.0884408;7.6298087;Terreno agricolo;ND;Nessuno;Patrimonio indisponibile;Utilizzato direttamente;Attività agricola;;;;1;False
1946113;L219;6;;;600.0;TERRENO;CORSO APPIO CLAUDIO;SNC;45.0880717;7.6291335;Terreno agricolo;ND;Nessuno;Patrimonio indisponibile;Utilizzato direttamente;Attività agricola;;;;1;False
1946114;L219;7;;;570.0;TERRENO;CORSO APPIO CLAUDIO;SNC;45.0878265;7.6291984;Terreno agricolo;ND;Nessuno;Patrimonio indisponibile;Utilizzato direttamente;Attività agricola;;;;1;False
1946115;L219;8;;;390.0;TERRENO;CORSO APPIO CLAUDIO;SNC;45.0874825;7.6293468;Terreno agricolo;ND;Nessuno;Patrimonio indisponibile;Utilizzato direttamente;Attività agricola;;;;1;False
1946116;L219;9;;;290.0;TERRENO;CORSO APPIO CLAUDIO;SNC;45.0872004;7.6295307;Terreno agricolo;ND;Nessuno;Patrimonio indisponibile;Utilizzato direttamente;Attività agricola;;;;1;False
1946117;L219;121;;;11392.0;TERRENO;VIA COSSA PIETRO;SNC;45.0959089;7.6360612;Terreno agricolo;ND;Nessuno;Patrimonio indisponibile;Utilizzato direttamente;Attività agricola;;;;1;False
1946118;L219;123;;;83.0;TERRENO;VIA COSSA PIETRO;SNC;45.0943029;7.633994;Terreno agricolo;ND;Nessuno;Patrimonio indisponibile;Utilizzato direttamente;Attività agricola;;;;1;False
1946119;L219;36;;;3470.0;TERRENO;corso regina margherita;snc;45.0887018;7.6156893;Terreno boscato o con vegetazione di vario tipo;ND;Nessuno;Patrimonio indisponibile;Utilizzato direttamente;Altro;;;;1;False
1946120;L219;139;;;145.0;TERRENO;VIA COSSA PIETRO;SNC;45.096671;7.6393765;Terreno agricolo;ND;Nessuno;Patrimonio indisponibile;Utilizzato direttamente;Attività agricola;;;;1;False
1946121;L219;37;;;864.0;TERRENO;corso regina margherita;snc;45.0882402;7.6147188;Terreno boscato o con vegetazione di vario tipo;ND;Nessuno;Patrimonio indisponibile;Utilizzato direttamente;Altro;;;;1;False
1946122;L219;141;;;10061.0;TERRENO;VIA COSSA PIETRO;SNC;45.095881;7.6387088;Terreno agricolo;ND;Nessuno;Patrimonio indisponibile;Utilizzato direttamente;Attività agricola;;;;1;False
1946123;L219;143;;;120.0;TERRENO;VIA COSSA PIETRO;SNC;45.0967014;7.6388933;Terreno agricolo;ND;Nessuno;Patrimonio indisponibile;Utilizzato direttamente;Attività agricola;;;;1;False
1946124;L219;146;;;9655.0;TERRENO;VIA COSSA PIETRO;SNC;45.0947625;7.6350949;Terreno agricolo;ND;Nessuno;Patrimonio indisponibile;Utilizzato direttamente;Attività agricola;;;;1;False
1946125;L219;147;;;794.0;TERRENO;VIA COSSA PIETRO;SNC;45.0943602;7.6345936;Terreno agricolo;ND;Nessuno;Patrimonio indisponibile;Utilizzato direttamente;Attività agricola;;;;1;False
1946126;L219;45;;;303.0;TERRENO;corso regina margherita;snc;45.0878572;7.6137371;Terreno boscato o con vegetazione di vario tipo;ND;Nessuno;Patrimonio indisponibile;Utilizzato direttamente;Altro;;;;1;False
1946127;L219;148;;;2972.0;TERRENO;VIA COSSA PIETRO;SNC;45.0953767;7.6360364;Terreno agricolo;ND;Nessuno;Patrimonio indisponibile;Utilizzato direttamente;Attività agricola;;;;1;False
1946128;L219;47;;;104.0;TERRENO;corso regina margherita;snc;45.0881067;7.6148466;Terreno agricolo;ND;Nessuno;Patrimonio indisponibile;Utilizzato direttamente;Attività agricola;;;;1;False
1946130;L219;149;;;20.0;TERRENO;VIA COSSA PIETRO;SNC;45.0947176;7.6347791;Terreno agricolo;ND;Nessuno;Patrimonio indisponibile;Utilizzato direttamente;Attività agricola;;;;1;False
1946131;L219;150;;;9392.0;TERRENO;VIA COSSA PIETRO;SNC;45.0967537;7.63764;Terreno agricolo;ND;Nessuno;Patrimonio indisponibile;Utilizzato direttamente;Attività agricola;;;;1;False
1946132;L219;151;;;1274.0;TERRENO;VIA COSSA PIETRO;SNC;45.0970581;7.6351698;Terreno agricolo;ND;Nessuno;Patrimonio indisponibile;Utilizzato direttamente;Attività agricola;;;;1;False
1946133;L219;152;;;850.0;TERRENO;VIA COSSA PIETRO;SNC;45.0968597;7.63521;Terreno agricolo;ND;Nessuno;Patrimonio disponibile;Non utilizzato;Non Dichiarato;;;;1;False
1946134;L219;154;;;1530.0;TERRENO;VIA COSSA PIETRO;SNC;45.0939911;7.6339298;Terreno agricolo;ND;Nessuno;Patrimonio indisponibile;Utilizzato direttamente;Attività agricola;;;;1;False
1946135;L219;180;;;8749.0;TERRENO;corso regina margherita;snc;45.096243;7.6413062;Terreno urbano;ND;Nessuno;Patrimonio indisponibile;Utilizzato direttamente;Altro;;;;1;False
1946136;L219;21;;;1095.0;TERRENO;CORSO APPIO CLAUDIO;SNC;45.0886964;7.6440348;Terreno boscato o con vegetazione di vario tipo;ND;Nessuno;Patrimonio indisponibile;Utilizzato direttamente;Altro;;;;1;False
1946137;L219;26;;;14990.0;TERRENO;CORSO APPIO CLAUDIO;SNC;45.088743;7.6395859;Terreno agricolo;ND;Nessuno;Patrimonio indisponibile;Utilizzato direttamente;Attività agricola;;;;1;False
1946138;L219;27;;;800.0;TERRENO;CORSO APPIO CLAUDIO;SNC;45.0878424;7.633964;Terreno boscato o con vegetazione di vario tipo;ND;Nessuno;Patrimonio indisponibile;Utilizzato direttamente;Altro;;;;1;False
1946139;L219;29;;;1640.0;TERRENO;CORSO APPIO CLAUDIO;SNC;45.0884783;7.6368279;Terreno boscato o con vegetazione di vario tipo;ND;Nessuno;Patrimonio indisponibile;Utilizzato direttamente;Altro;;;;1;False
1946140;L219;36;;;5093.0;TERRENO;CORSO APPIO CLAUDIO;SNC;45.0887545;7.6436251;Terreno boscato o con vegetazione di vario tipo;ND;Nessuno;Patrimonio indisponibile;Utilizzato direttamente;Altro;;;;1;False
1946141;L219;155;;;1373.0;TERRENO;CORSO MARCHE;SNC;45.0846654;7.6135176;Terreno agricolo;ND;Nessuno;Patrimonio indisponibile;Utilizzato direttamente;Attività agricola;;;;1;False
1946142;L219;39;;;1385.0;TERRENO;VIA COSSA PIETRO;SNC;45.0950124;7.6380627;Terreno agricolo;ND;Nessuno;Patrimonio indisponibile;Utilizzato direttamente;Attività agricola;;;;1;False
1946143;L219;51;;;192.0;TERRENO;CORSO APPIO CLAUDIO;SNC;45.092824;7.6332644;Terreno agricolo;ND;Nessuno;Patrimonio indisponibile;Utilizzato direttamente;Attività agricola;;;;1;False
1946144;L219;158;;;2348.0;TERRENO;CORSO MARCHE;SNC;45.0842181;7.6136418;Terreno agricolo;ND;Nessuno;Patrimonio indisponibile;Utilizzato direttamente;Attività agricola;;;;1;False
1946145;L219;52;;;44660.0;TERRENO;CORSO APPIO CLAUDIO;SNC;45.0893428;7.642125;Terreno agricolo;ND;Nessuno;Patrimonio indisponibile;Utilizzato direttamente;Attività agricola;;;;1;False
1946146;L219;53;;;150.0;TERRENO;CORSO APPIO CLAUDIO;SNC;45.0882606;7.641328;Terreno boscato o con vegetazione di vario tipo;ND;Nessuno;Patrimonio indisponibile;Utilizzato direttamente;Altro;;;;1;False
1946147;L219;66;;;33356.0;TERRENO;VIA COSSA PIETRO;SNC;45.0938242;7.6363498;Terreno agricolo;ND;Nessuno;Patrimonio indisponibile;;Non Dichiarato;in concessione a titolo oneroso;24012.0;01/11/2022;1;False
1946148;L219;67;;;2070.0;TERRENO;VIA COSSA PIETRO;SNC;45.0938856;7.6345935;Terreno agricolo;ND;Nessuno;Patrimonio indisponibile;Utilizzato direttamente;Attività agricola;;;;1;False
1946149;L219;63;;;750.0;TERRENO;CORSO MARCHE;SNC;45.0824747;7.6153907;Terreno agricolo;ND;Nessuno;Patrimonio indisponibile;Utilizzato direttamente;Attività agricola;;;;1;False
1946150;L219;75;;;75.0;TERRENO;VIA COSSA PIETRO;SNC;45.0937562;7.634301;Terreno agricolo;ND;Nessuno;Patrimonio indisponibile;Utilizzato direttamente;Attività agricola;;;;1;False
1946151;L219;64;;;780.0;TERRENO;CORSO MARCHE;SNC;45.082475;7.6156695;Terreno agricolo;ND;Nessuno;Patrimonio indisponibile;Utilizzato direttamente;Attività agricola;;;;1;False
1946152;L219;82;;;810.0;TERRENO;VIA COSSA PIETRO;SNC;45.09537;7.6378093;Terreno agricolo;ND;Nessuno;Patrimonio indisponibile;Utilizzato direttamente;Attività agricola;;;;1;False
1946153;L219;87;;;353.0;TERRENO;VIA COSSA PIETRO;SNC;45.0955291;7.6380029;Terreno agricolo;ND;Nessuno;Patrimonio indisponibile;Utilizzato direttamente;Attività agricola;;;;1;False
1946154;L219;9;;;184556.0;TERRENO;corso regina margherita;snc;45.0901574;7.6365595;Terreno agricolo;ND;Nessuno;Patrimonio indisponibile;Utilizzato direttamente;Attività agricola;;;;1;False
1946155;L219;100;;;540.0;TERRENO;CORSO POTENZA;SNC;45.0930049;7.6491152;Terreno boscato o con vegetazione di vario tipo;ND;Nessuno;Patrimonio indisponibile;Utilizzato direttamente;Altro;;;;1;False
1946156;L219;101;;;1990.0;TERRENO;CORSO POTENZA;SNC;45.092925;7.6493976;Terreno agricolo;ND;Nessuno;Patrimonio indisponibile;Utilizzato direttamente;Attività agricola;;;;1;False
1946157;L219;475;;;68.0;TERRENO;CORSO MARCHE;SNC;45.0797414;7.6168049;Terreno agricolo;ND;Nessuno;Patrimonio indisponibile;Utilizzato direttamente;Attività agricola;;;;1;False
1946158;L219;102;;;160.0;TERRENO;CORSO POTENZA;SNC;45.0931623;7.6500506;Terreno boscato o con vegetazione di vario tipo;ND;Nessuno;Patrimonio indisponibile;Utilizzato direttamente;Altro;;;;1;False
1946159;L219;103;;;3230.0;TERRENO;CORSO POTENZA;SNC;45.0928313;7.6498677;Terreno agricolo;ND;Nessuno;Patrimonio indisponibile;Utilizzato direttamente;Attività agricola;;;;1;False
1946160;L219;104;;;560.0;TERRENO;CORSO POTENZA;SNC;45.0929106;7.6509318;Terreno boscato o con vegetazione di vario tipo;ND;Nessuno;Patrimonio indisponibile;Utilizzato direttamente;Altro;;;;1;False
1946161;L219;105;;;8910.0;TERRENO;CORSO POTENZA;SNC;45.0923828;7.6503927;Terreno agricolo;ND;Nessuno;Patrimonio indisponibile;Utilizzato direttamente;Attività agricola;;;;1;False
1946162;L219;106;;;1930.0;TERRENO;CORSO POTENZA;SNC;45.0922254;7.651613;Terreno boscato o con vegetazione di vario tipo;ND;Nessuno;Patrimonio indisponibile;;Non Dichiarato;in concessione a titolo oneroso;76.0;01/02/2022;1;False
1946163;L219;107;;;600.0;TERRENO;CORSO POTENZA;SNC;45.0925166;7.6489055;Terreno boscato o con vegetazione di vario tipo;ND;Nessuno;Patrimonio indisponibile;Utilizzato direttamente;Altro;;;;1;False
1946164;L219;753;;;3356.0;TERRENO;CORSO MARCHE;SNC;45.07931596;7.61627639;Terreno agricolo;ND;Nessuno;Patrimonio indisponibile;Utilizzato direttamente;Attività agricola;;;;1;False
1946165;L219;108;;;1400.0;TERRENO;CORSO POTENZA;SNC;45.0924621;7.6491251;Terreno agricolo;ND;Nessuno;Patrimonio indisponibile;Utilizzato direttamente;Attività agricola;;;;1;False
1946166;L219;110;;;2550.0;TERRENO;CORSO POTENZA;SNC;45.0922605;7.6495138;Terreno agricolo;ND;Nessuno;Patrimonio indisponibile;Utilizzato direttamente;Attività agricola;;;;1;False
1946167;L219;220;;;2780.0;TERRENO;CORSO MARCHE;SNC;45.0771188;7.6161795;Terreno agricolo;ND;Nessuno;Patrimonio indisponibile;Utilizzato direttamente;Attività agricola;;;;1;False
1946168;L219;111;;;1500.0;TERRENO;CORSO POTENZA;SNC;45.0917146;7.6502035;Terreno agricolo;ND;Nessuno;Patrimonio indisponibile;Utilizzato direttamente;Attività agricola;;;;1;False
1946169;L219;226;;;10942.0;TERRENO;CORSO MARCHE;SNC;45.0760484;7.6171641;Terreno agricolo;ND;Nessuno;Patrimonio indisponibile;Utilizzato direttamente;Attività agricola;;;;1;False
1946170;L219;112;;;140.0;TERRENO;CORSO POTENZA;SNC;45.0921264;7.6490156;Terreno agricolo;ND;Nessuno;Patrimonio indisponibile;Utilizzato direttamente;Attività agricola;;;;1;False
1946171;L219;231;;;1394.0;TERRENO;CORSO MARCHE;SNC;45.0772165;7.6164506;Terreno agricolo;ND;Nessuno;Patrimonio indisponibile;Utilizzato direttamente;Attività agricola;;;;1;False
1946173;L219;113;;;3020.0;TERRENO;CORSO POTENZA;SNC;45.0916973;7.6488397;Terreno boscato o con vegetazione di vario tipo;ND;Nessuno;Patrimonio indisponibile;Utilizzato direttamente;Altro;;;;1;False
1946174;L219;114;;;2740.0;TERRENO;CORSO POTENZA;SNC;45.0916603;7.6492205;Terreno agricolo;ND;Nessuno;Patrimonio indisponibile;Utilizzato direttamente;Attività agricola;;;;1;False
1946175;L219;117;;;1500.0;TERRENO;CORSO POTENZA;SNC;45.0921476;7.6503928;Terreno agricolo;ND;Nessuno;Patrimonio indisponibile;Utilizzato direttamente;Attività agricola;;;;1;False
1946176;L219;121;;;400.0;TERRENO;CORSO POTENZA;SNC;45.0915934;7.649451;Terreno agricolo;ND;Nessuno;Patrimonio indisponibile;Utilizzato direttamente;Attività agricola;;;;1;False
1946177;L219;122;;;34.0;TERRENO;CORSO POTENZA;SNC;45.0915211;7.6502637;Terreno agricolo;ND;Nessuno;Patrimonio indisponibile;Utilizzato direttamente;Attività agricola;;;;1;False
1946178;L219;33;;;3899.0;TERRENO;CORSO MARCHE;SNC;45.0772022;7.6181394;Terreno agricolo;ND;Nessuno;Patrimonio indisponibile;Utilizzato direttamente;Attività agricola;;;;1;False
1946179;L219;123;;;8706.0;TERRENO;CORSO POTENZA;SNC;45.0916712;7.6509708;Terreno agricolo;ND;Nessuno;Patrimonio indisponibile;Utilizzato direttamente;Attività agricola;;;;1;False
1946180;L219;41;;;380.0;TERRENO;CORSO MARCHE;SNC;45.076817;7.6180651;Terreno agricolo;ND;Nessuno;Patrimonio indisponibile;Utilizzato direttamente;Attività agricola;;;;1;False
1946182;L219;91;;;910.0;TERRENO;VIA COSSA PIETRO;SNC;45.0770949;7.6193887;Terreno agricolo;ND;Nessuno;Patrimonio indisponibile;Utilizzato direttamente;Attività agricola;;;;1;False
1946183;L219;129;;;1050.0;TERRENO;VIA BUFFA DI PERRERO CARLO;SNC;45.0793836;7.6208989;Terreno agricolo;ND;Nessuno;Patrimonio indisponibile;Utilizzato direttamente;Attività agricola;;;;1;False
1946184;L219;130;;;3330.0;TERRENO;VIA BUFFA DI PERRERO CARLO;SNC;45.0792466;7.6213556;Terreno agricolo;ND;Nessuno;Patrimonio indisponibile;Utilizzato direttamente;Attività agricola;;;;1;False
1946190;L219;70;;;1200.0;TERRENO;corso regina margherita;snc;45.0937164;7.6500079;Terreno urbano;ND;Nessuno;Patrimonio indisponibile;Utilizzato direttamente;Altro;;;;1;False
1946191;L219;99;;;280.0;TERRENO;corso regina margherita;snc;45.0926342;7.6484721;Terreno agricolo;ND;Nessuno;Patrimonio indisponibile;Utilizzato direttamente;Attività agricola;;;;1;False
1946192;L219;113;;;415.0;TERRENO;VIA FORLI';SNC;45.0965271;7.6556235;Terreno agricolo;ND;Nessuno;Patrimonio disponibile;Utilizzato direttamente;Attività agricola;;;;1;False
1946193;L219;123;;;400.0;TERRENO;CORSO POTENZA;SNC;45.0966482;7.6569467;Terreno agricolo;ND;Nessuno;Patrimonio disponibile;Utilizzato direttamente;Attività agricola;;;;1;False
1946194;L219;124;;;130.0;TERRENO;CORSO POTENZA;SNC;45.0964502;7.6570558;Terreno agricolo;ND;Nessuno;Patrimonio disponibile;Utilizzato direttamente;Attività agricola;;;;1;False
1946195;L219;1560;;;462.0;TERRENO;CORSO TOSCANA;SNC;45.097823;7.6552943;Terreno agricolo;ND;Nessuno;Patrimonio indisponibile;Utilizzato direttamente;Attività agricola;;;;1;False
1946196;L219;262;;;1540.0;TERRENO;VIA FORLI';SNC;45.0961073;7.6545627;Terreno agricolo;ND;Nessuno;Patrimonio indisponibile;Utilizzato direttamente;Attività agricola;;;;1;False
1946198;L219;699;;;346.0;TERRENO;CORSO TOSCANA;SNC;45.0973822;7.6569827;Terreno agricolo;ND;Nessuno;Patrimonio indisponibile;Utilizzato direttamente;Attività agricola;;;;1;False
1946200;L219;700;;;230.0;TERRENO;VIA FORLI';SNC;45.0966448;7.6555022;Terreno agricolo;ND;Nessuno;Patrimonio disponibile;Utilizzato direttamente;Attività agricola;;;;1;False
1946201;L219;792;;;84.0;TERRENO;CORSO TOSCANA;SNC;45.0978777;7.654781;Terreno agricolo;ND;Nessuno;Patrimonio indisponibile;Utilizzato direttamente;Attività agricola;;;;1;False
1946202;L219;793;;;613.0;TERRENO;CORSO TOSCANA;SNC;45.0978858;7.6550817;Terreno agricolo;ND;Nessuno;Patrimonio indisponibile;Utilizzato direttamente;Attività agricola;;;;1;False
1946203;L219;794;;;117.0;TERRENO;CORSO TOSCANA;SNC;45.0978972;7.654934;Terreno agricolo;ND;Nessuno;Patrimonio indisponibile;Utilizzato direttamente;Attività agricola;;;;1;False
1946204;L219;99;;;510.0;TERRENO;CORSO TOSCANA;SNC;45.0974224;7.6547928;Terreno agricolo;ND;Nessuno;Patrimonio indisponibile;Utilizzato direttamente;Attività agricola;;;;1;False
1946205;L219;AP;;;10787.0;TERRENO;VIA ALA DI STURA;SNC;45.10605;7.68496;Terreno urbano;ND;Nessuno;Demanio;Utilizzato direttamente;Altro;;;;1;False
1946218;L219;255;;;6580.0;TERRENO;PIAZZALE ALLIEVO GIUSEPPE;SNC;45.0960753;7.6749128;Parco/Villa Comunale/Giardino Pubblico;ND;Nessuno;Patrimonio indisponibile;Utilizzato direttamente;Altro;;;;1;False
1946219;L219;15;;;960.0;TERRENO;CORSO VENEZIA;SNC;45.0982498;7.6843684;Terreno agricolo;ND;Nessuno;Patrimonio indisponibile;Utilizzato direttamente;Attività agricola;;;;1;False
1946220;L219;16;;;700.0;TERRENO;CORSO VENEZIA;SNC;45.0979166;7.6841737;Terreno agricolo;ND;Nessuno;Patrimonio indisponibile;Utilizzato direttamente;Attività agricola;;;;1;False
1946221;L219;18;;;3280.0;TERRENO;CORSO VENEZIA;SNC;45.0980203;7.6848127;Terreno agricolo;ND;Nessuno;Patrimonio indisponibile;Utilizzato direttamente;Attività agricola;;;;1;False
1946222;L219;379;;;740.0;TERRENO;CORSO VENEZIA;SNC;45.0975106;7.684292;Terreno urbano;ND;Nessuno;Patrimonio indisponibile;Utilizzato direttamente;Altro;;;;1;False
1946223;L219;473;;;719.0;TERRENO;VIA SEMPIONE;SNC;45.098392;7.6896516;Terreno agricolo;ND;Nessuno;Patrimonio indisponibile;Utilizzato direttamente;Attività agricola;;;;1;False
1946225;L219;101;;;2240.0;TERRENO;VIA CORELLI ARCANGELO;SNC;45.0949267;7.7077821;Terreno agricolo;ND;Nessuno;Patrimonio indisponibile;Utilizzato direttamente;Attività agricola;;;;1;False
1946226;L219;102;;;630.0;TERRENO;VIA CORELLI ARCANGELO;SNC;45.0945643;7.7076823;Terreno agricolo;ND;Nessuno;Patrimonio indisponibile;Utilizzato direttamente;Attività agricola;;;;1;False
1946227;L219;103;;;2700.0;TERRENO;VIA TARTINI GIUSEPPE;SNC;45.0962603;7.7084597;Terreno agricolo;ND;Nessuno;Patrimonio indisponibile;Utilizzato direttamente;Attività agricola;;;;1;False
1946229;L219;106;;;442.0;TERRENO;CORSO TARANTO;SNC;45.0971936;7.7100954;Terreno urbano;ND;Nessuno;Patrimonio indisponibile;Utilizzato direttamente;Altro;;;;1;False
1946230;L219;112;;;4390.0;TERRENO;VIA TARTINI GIUSEPPE;SNC;45.0964818;7.7076945;Terreno agricolo;ND;Nessuno;Patrimonio indisponibile;Utilizzato direttamente;Attività agricola;;;;1;False
1946231;L219;114;;;271.0;TERRENO;VIA TARTINI GIUSEPPE;SNC;45.0969531;7.7066903;Terreno agricolo;ND;Nessuno;Patrimonio indisponibile;Utilizzato direttamente;Attività agricola;;;;1;False
1946236;L219;63;;;2666.0;TERRENO;STRADA DELL'ARRIVORE;SNC;45.0969939;7.7136963;Terreno agricolo;ND;Nessuno;Patrimonio indisponibile;Utilizzato direttamente;Attività agricola;;;;1;False
1946238;L219;1;;;437.0;TERRENO;LUNGO STURA LAZIO;SNC;45.095649;7.7271225;Terreno agricolo;ND;Nessuno;Patrimonio indisponibile;Utilizzato direttamente;Attività agricola;;;;1;False
1946239;L219;10;;;962.0;TERRENO;LUNGO STURA LAZIO;SNC;45.0950763;7.7281905;Terreno agricolo;ND;Nessuno;Patrimonio indisponibile;Utilizzato direttamente;Attività agricola;;;;1;False
1946240;L219;11;;;1112.0;TERRENO;LUNGO STURA LAZIO;SNC;45.095014;7.7284156;Terreno agricolo;ND;Nessuno;Patrimonio indisponibile;Utilizzato direttamente;Attività agricola;;;;1;False
1946241;L219;15;;;410.0;TERRENO;LUNGO STURA LAZIO;SNC;45.0953425;7.7275628;Terreno agricolo;ND;Nessuno;Patrimonio indisponibile;Utilizzato direttamente;Attività agricola;;;;1;False
1946242;L219;16;;;570.0;TERRENO;LUNGO STURA LAZIO;SNC;45.095208;7.7280351;Terreno agricolo;ND;Nessuno;Patrimonio indisponibile;Utilizzato direttamente;Attività agricola;;;;1;False
1946243;L219;2;;;469.0;TERRENO;LUNGO STURA LAZIO;SNC;45.095583;7.7272008;Terreno agricolo;ND;Nessuno;Patrimonio indisponibile;Utilizzato direttamente;Attività agricola;;;;1;False
1946244;L219;3;;;456.0;TERRENO;LUNGO STURA LAZIO;SNC;45.0955547;7.7273208;Terreno agricolo;ND;Nessuno;Patrimonio indisponibile;Utilizzato direttamente;Attività agricola;;;;1;False
1946245;L219;4;;;1098.0;TERRENO;LUNGO STURA LAZIO;SNC;45.0954582;7.7274326;Terreno agricolo;ND;Nessuno;Patrimonio indisponibile;Utilizzato direttamente;Attività agricola;;;;1;False
1946246;L219;5;;;675.0;TERRENO;LUNGO STURA LAZIO;SNC;45.0953295;7.7277144;Terreno agricolo;ND;Nessuno;Patrimonio indisponibile;Utilizzato direttamente;Attività agricola;;;;1;False
1946247;L219;6;;;309.0;TERRENO;LUNGO STURA LAZIO;SNC;45.095296;7.7278378;Terreno agricolo;ND;Nessuno;Patrimonio indisponibile;Utilizzato direttamente;Attività agricola;;;;1;False
1946248;L219;7;;;559.0;TERRENO;LUNGO STURA LAZIO;SNC;45.0952968;7.7279874;Terreno agricolo;ND;Nessuno;Patrimonio indisponibile;Utilizzato direttamente;Attività agricola;;;;1;False
1946249;L219;8;;;1660.0;TERRENO;LUNGO STURA LAZIO;SNC;45.0950683;7.7275102;Terreno agricolo;ND;Nessuno;Patrimonio indisponibile;Utilizzato direttamente;Attività agricola;;;;1;False
1946250;L219;9;;;471.0;TERRENO;LUNGO STURA LAZIO;SNC;45.0951447;7.7280973;Terreno agricolo;ND;Nessuno;Patrimonio indisponibile;Utilizzato direttamente;Attività agricola;;;;1;False
1946251;L219;4;;;10490.0;TERRENO;STRADA SANTA MARGHERITA;SNC;45.0950866;7.7401934;Terreno agricolo;ND;Nessuno;Patrimonio indisponibile;Utilizzato direttamente;Attività agricola;;;;1;False
1946252;L219;10;;;3870.0;TERRENO;STRADA DEL MEISINO;SNC;45.0904546;7.7328392;Pascolo;ND;Nessuno;Patrimonio indisponibile;Utilizzato direttamente;Attività agricola;;;;1;False
1946253;L219;104;;;7328.0;TERRENO;STRADA DEL MEISINO;SNC;45.0899716;7.7371704;Pascolo;ND;Nessuno;Patrimonio indisponibile;Utilizzato direttamente;Attività agricola;;;;1;False
1946254;L219;21;;;520.0;TERRENO;STRADA DEL MEISINO;SNC;45.0896657;7.7364556;Terreno agricolo;ND;Nessuno;Patrimonio indisponibile;Utilizzato direttamente;Attività agricola;;;;1;False
1946255;L219;25;;;930.0;TERRENO;STRADA DEL MEISINO;SNC;45.08954;7.7369421;Pascolo;ND;Nessuno;Patrimonio indisponibile;Utilizzato direttamente;Attività agricola;;;;1;False
1946256;L219;26;;;300.0;TERRENO;STRADA DEL MEISINO;SNC;45.0894397;7.7376215;Pascolo;ND;Nessuno;Patrimonio indisponibile;Utilizzato direttamente;Attività agricola;;;;1;False
1946257;L219;48;;;300.0;TERRENO;STRADA DEL MEISINO;SNC;45.0898747;7.7399405;Pascolo;ND;Nessuno;Patrimonio indisponibile;Utilizzato direttamente;Attività agricola;;;;1;False
1946258;L219;50;;;92.0;TERRENO;STRADA DEL MEISINO;SNC;45.0899564;7.7401395;Terreno agricolo;ND;Nessuno;Patrimonio indisponibile;Utilizzato direttamente;Attività agricola;;;;1;False
1946259;L219;51;;;62.0;TERRENO;STRADA DEL MEISINO;SNC;45.0899507;7.7402495;Terreno agricolo;ND;Nessuno;Patrimonio indisponibile;Utilizzato direttamente;Attività agricola;;;;1;False
1946260;L219;54;;;1540.0;TERRENO;STRADA DEL MEISINO;SNC;45.0899148;7.7403614;Terreno agricolo;ND;Nessuno;Patrimonio indisponibile;Utilizzato direttamente;Attività agricola;;;;1;False
1946262;L219;1;;;110.0;TERRENO;STRADA DEL MEISINO;SNC;45.0906659;7.7317461;Terreno agricolo;ND;Nessuno;Patrimonio indisponibile;Utilizzato direttamente;Attività agricola;;;;1;False
1946263;L219;15;;;4930.0;TERRENO;STRADA DEL MEISINO;SNC;45.0887777;7.7343307;Terreno agricolo;ND;Nessuno;Patrimonio disponibile;Utilizzato direttamente;Attività agricola;;;;1;False
1946264;L219;193;;;90.0;TERRENO;LUNGO STURA LAZIO;SNC;45.0868887;7.7329597;Terreno agricolo;ND;Nessuno;Patrimonio indisponibile;Utilizzato direttamente;Attività agricola;;;;1;False
1946265;L219;198;;;2582.0;TERRENO;LUNGO STURA LAZIO;SNC;45.0879572;7.7314866;Terreno agricolo;ND;Nessuno;Patrimonio indisponibile;Utilizzato direttamente;Attività agricola;;;;1;False
1946266;L219;250;;;4027.0;TERRENO;STRADA DEL MEISINO;SNC;45.0903449;7.7315414;Terreno agricolo;ND;Nessuno;Patrimonio indisponibile;Utilizzato direttamente;Attività agricola;;;;1;False
1946267;L219;252;;;102.0;TERRENO;STRADA DEL MEISINO;SNC;45.090439;7.7319833;Terreno agricolo;ND;Nessuno;Patrimonio indisponibile;Utilizzato direttamente;Attività agricola;;;;1;False
1946268;L219;5;;;3120.0;TERRENO;STRADA DEL MEISINO;SNC;45.0893759;7.7313839;Pascolo;ND;Nessuno;Patrimonio indisponibile;Utilizzato direttamente;Attività agricola;;;;1;False
1946269;L219;1;;;2186.0;TERRENO;STRADA DEL MEISINO;SNC;45.0908068;7.7285466;Terreno agricolo;ND;Nessuno;Patrimonio indisponibile;Utilizzato direttamente;Attività agricola;;;;1;False
1946270;L219;113;;;703.0;TERRENO;STRADA DEL MEISINO;SNC;45.0863249;7.7287844;Terreno agricolo;ND;Nessuno;Patrimonio indisponibile;Utilizzato direttamente;Attività agricola;;;;1;False
1946271;L219;116;;;1030.0;TERRENO;STRADA DEL MEISINO;SNC;45.0885104;7.7266891;Pascolo;ND;Nessuno;Patrimonio indisponibile;Utilizzato direttamente;Attività agricola;;;;1;False
1946272;L219;118;;;2536.0;TERRENO;STRADA DEL MEISINO;SNC;45.0906435;7.7270514;Pascolo;ND;Nessuno;Patrimonio indisponibile;Utilizzato direttamente;Attività agricola;;;;1;False
1946273;L219;251;;;4002.0;TERRENO;STRADA DEL MEISINO;SNC;45.0910486;7.7272918;Pascolo;ND;Nessuno;Patrimonio indisponibile;Utilizzato direttamente;Attività agricola;;;;1;False
1946274;L219;121;;;455.0;TERRENO;STRADA DEL MEISINO;SNC;45.0901981;7.7259273;Terreno boscato o con vegetazione di vario tipo;ND;Nessuno;Patrimonio indisponibile;Utilizzato direttamente;Altro;;;;1;False
1946275;L219;138;;;530.0;TERRENO;LUNGO STURA LAZIO;SNC;45.0842242;7.7296781;Terreno agricolo;ND;Nessuno;Patrimonio indisponibile;Utilizzato direttamente;Attività agricola;;;;1;False
1946276;L219;139;;;395.0;TERRENO;LUNGO STURA LAZIO;SNC;45.0848832;7.7297913;Terreno agricolo;ND;Nessuno;Patrimonio indisponibile;Utilizzato direttamente;Attività agricola;;;;1;False
1946277;L219;140;;;408.0;TERRENO;LUNGO STURA LAZIO;SNC;45.0845932;7.7296989;Terreno agricolo;ND;Nessuno;Patrimonio indisponibile;Utilizzato direttamente;Attività agricola;;;;1;False
1946278;L219;180;;;1216.0;TERRENO;STRADA DEL MEISINO;SNC;45.0864612;7.7296698;Terreno agricolo;ND;Nessuno;Patrimonio indisponibile;Utilizzato direttamente;Attività agricola;;;;1;False
1946279;L219;182;;;1645.0;TERRENO;STRADA DEL MEISINO;SNC;45.0861797;7.7292798;Terreno agricolo;ND;Nessuno;Patrimonio indisponibile;Utilizzato direttamente;Attività agricola;;;;1;False
1946280;L219;183;;;752.0;TERRENO;STRADA DEL MEISINO;SNC;45.0862922;7.7289331;Terreno agricolo;ND;Nessuno;Patrimonio indisponibile;Utilizzato direttamente;Attività agricola;;;;1;False
1946281;L219;185;;;68.0;TERRENO;STRADA DEL MEISINO;SNC;45.0871731;7.7303631;Terreno agricolo;ND;Nessuno;Patrimonio indisponibile;Utilizzato direttamente;Attività agricola;;;;1;False
1946282;L219;186;;;559.0;TERRENO;STRADA DEL MEISINO;SNC;45.0871479;7.7301496;Terreno agricolo;ND;Nessuno;Patrimonio indisponibile;Utilizzato direttamente;Attività agricola;;;;1;False
1946283;L219;190;;;3063.0;TERRENO;STRADA DEL MEISINO;SNC;45.0869443;7.7285648;Terreno agricolo;ND;Nessuno;Patrimonio indisponibile;Utilizzato direttamente;Attività agricola;;;;1;False
1946284;L219;196;;;11946.0;TERRENO;STRADA DEL MEISINO;SNC;45.0882249;7.7288718;Terreno agricolo;ND;Nessuno;Patrimonio indisponibile;Utilizzato direttamente;Attività agricola;;;;1;False
1946385;L219;197;;;5098.0;TERRENO;STRADA DEL MEISINO;SNC;45.0884171;7.7304459;Terreno agricolo;ND;Nessuno;Patrimonio indisponibile;Utilizzato direttamente;Attività agricola;;;;1;False
1946386;L219;22;;;500.0;TERRENO;STRADA DEL MEISINO;SNC;45.087648;7.7291633;Terreno agricolo;ND;Nessuno;Patrimonio indisponibile;Utilizzato direttamente;Attività agricola;;;;1;False
1946387;L219;23;;;2990.0;TERRENO;STRADA DEL MEISINO;SNC;45.0874198;7.7287474;Terreno agricolo;ND;Nessuno;Patrimonio indisponibile;Utilizzato direttamente;Attività agricola;;;;1;False
1946388;L219;236;;;3298.0;TERRENO;STRADA DEL MEISINO;SNC;45.0875918;7.7297832;Terreno agricolo;ND;Nessuno;Patrimonio indisponibile;Utilizzato direttamente;Attività agricola;;;;1;False
1946389;L219;24;;;130.0;TERRENO;STRADA DEL MEISINO;SNC;45.0874588;7.729397;Terreno agricolo;ND;Nessuno;Patrimonio indisponibile;Utilizzato direttamente;Attività agricola;;;;1;False
1946390;L219;246;;;627.0;TERRENO;STRADA DEL MEISINO;SNC;45.0863241;7.7294347;Terreno agricolo;ND;Nessuno;Patrimonio indisponibile;Utilizzato direttamente;Attività agricola;;;;1;False
1946392;L219;25;;;2300.0;TERRENO;STRADA DEL MEISINO;SNC;45.0871954;7.7291671;Terreno agricolo;ND;Nessuno;Patrimonio indisponibile;Utilizzato direttamente;Attività agricola;;;;1;False
1946393;L219;48;;;10123.0;TERRENO;STRADA DEL MEISINO;SNC;45.0868423;7.726007;Terreno agricolo;ND;Nessuno;Patrimonio indisponibile;Utilizzato direttamente;Attività agricola;;;;1;False
1946394;L219;6;;;2038.0;TERRENO;STRADA DEL MEISINO;SNC;45.0890868;7.7262526;Pascolo;ND;Nessuno;Patrimonio indisponibile;Utilizzato direttamente;Attività agricola;;;;1;False
1946395;L219;7;;;14575.0;TERRENO;STRADA DEL MEISINO;SNC;45.0898255;7.7285666;Terreno boscato o con vegetazione di vario tipo;ND;Nessuno;Patrimonio indisponibile;Utilizzato direttamente;Altro;;;;1;False
1946396;L219;81;;;79.0;TERRENO;LUNGO STURA LAZIO;SNC;45.0853981;7.7282048;Terreno agricolo;ND;Nessuno;Patrimonio indisponibile;Utilizzato direttamente;Attività agricola;;;;1;False
1946397;L219;1;;;7890.0;TERRENO;STRADA DEL MEISINO;SNC;45.0927052;7.7239739;Terreno agricolo;ND;Nessuno;Patrimonio indisponibile;Utilizzato direttamente;Attività agricola;;;;1;False
1946398;L219;13;;;370.0;TERRENO;STRADA DEL MEISINO;SNC;45.0920699;7.7293527;Pascolo;ND;Nessuno;Patrimonio indisponibile;Utilizzato direttamente;Attività agricola;;;;1;False
1946399;L219;17;;;5620.0;TERRENO;STRADA DEL MEISINO;SNC;45.0915956;7.7316929;Pascolo;ND;Nessuno;Patrimonio indisponibile;Utilizzato direttamente;Attività agricola;;;;1;False
1946400;L219;24;;;1260.0;TERRENO;STRADA DEL MEISINO;SNC;45.0912485;7.728864;Pascolo;ND;Nessuno;Patrimonio indisponibile;Utilizzato direttamente;Attività agricola;;;;1;False
1946401;L219;25;;;1120.0;TERRENO;STRADA DEL MEISINO;SNC;45.0914533;7.7299942;Pascolo;ND;Nessuno;Patrimonio indisponibile;Utilizzato direttamente;Attività agricola;;;;1;False
1946402;L219;28;;;1670.0;TERRENO;STRADA DEL MEISINO;SNC;45.0908295;7.7302261;Pascolo;ND;Nessuno;Patrimonio indisponibile;Utilizzato direttamente;Attività agricola;;;;1;False
1946403;L219;31;;;3300.0;TERRENO;STRADA DEL MEISINO;SNC;45.090913;7.7317544;Pascolo;ND;Nessuno;Patrimonio indisponibile;Utilizzato direttamente;Attività agricola;;;;1;False
1946404;L219;33;;;1800.0;TERRENO;STRADA DEL MEISINO;SNC;45.0905227;7.7307161;Pascolo;ND;Nessuno;Patrimonio indisponibile;Utilizzato direttamente;Attività agricola;;;;1;False
1946405;L219;43;;;320.0;TERRENO;STRADA DEL MEISINO;SNC;45.0917917;7.7279184;Pascolo;ND;Nessuno;Patrimonio indisponibile;Utilizzato direttamente;Attività agricola;;;;1;False
1946406;L219;46;;;1825.0;TERRENO;STRADA DEL MEISINO;SNC;45.0906227;7.7304981;Pascolo;ND;Nessuno;Patrimonio indisponibile;Utilizzato direttamente;Attività agricola;;;;1;False
1946407;L219;54;;;3372.0;TERRENO;STRADA DEL MEISINO;SNC;45.0918207;7.7300869;Pascolo;ND;Nessuno;Patrimonio indisponibile;Utilizzato direttamente;Attività agricola;;;;1;False
1946408;L219;57;;;1200.0;TERRENO;STRADA DEL MEISINO;SNC;45.091258;7.7296201;Pascolo;ND;Nessuno;Patrimonio indisponibile;Utilizzato direttamente;Attività agricola;;;;1;False
1946409;L219;1;;;4150.0;TERRENO;Via Friedrich Nietzsche;154;45.0900316;7.721108;Terreno boscato o con vegetazione di vario tipo;ND;Nessuno;Patrimonio indisponibile;Utilizzato direttamente;Altro;;;;1;False
1946410;L219;17;;;4185.0;TERRENO;STRADA DEL MEISINO;SNC;45.0877179;7.7268409;Pascolo;ND;Nessuno;Patrimonio indisponibile;Utilizzato direttamente;Attività agricola;;;;1;False
1946411;L219;20;;;11080.0;TERRENO;STRADA DEL MEISINO;SNC;45.0873287;7.7249416;Terreno agricolo;ND;Nessuno;Patrimonio indisponibile;Utilizzato direttamente;Attività agricola;;;;1;False
1946413;L219;159;;;4580.0;TERRENO;STRADA ALLA MANIFATTURA TABACCHI;SNC;45.088269;7.7187067;Terreno agricolo;ND;Nessuno;Patrimonio indisponibile;Utilizzato direttamente;Attività agricola;;;;1;False
1946414;L219;198;;;46.0;TERRENO;STRADA ALLA MANIFATTURA TABACCHI;SNC;45.0880954;7.7179051;Terreno agricolo;ND;Nessuno;Patrimonio indisponibile;Utilizzato direttamente;Attività agricola;;;;1;False
1946415;L219;201;;;26430.0;TERRENO;STRADA ALLA MANIFATTURA TABACCHI;SNC;45.0882515;7.7172687;Terreno agricolo;ND;Nessuno;Patrimonio indisponibile;Utilizzato direttamente;Attività agricola;;;;1;False
1946416;L219;204;;;857.0;TERRENO;STRADA ALLA MANIFATTURA TABACCHI;SNC;45.0878985;7.7158156;Parco/Villa Comunale/Giardino Pubblico;ND;Nessuno;Patrimonio indisponibile;Utilizzato direttamente;Altro;;;;1;False
1946417;L219;36;;;3410.0;TERRENO;VIA BOLOGNA;SNC;45.0901635;7.7111683;Terreno agricolo;ND;Nessuno;Patrimonio indisponibile;Utilizzato direttamente;Attività agricola;;;;1;False
1946418;L219;95;;;390.0;TERRENO;VIA ROSSETTI GABRIELE;SNC;45.0912192;7.7182846;Terreno boscato o con vegetazione di vario tipo;ND;Nessuno;Patrimonio indisponibile;Utilizzato direttamente;Altro;;;;1;False
1946434;L219;52;;;25479.0;TERRENO;STRADA ALLA MANIFATTURA TABACCHI;SNC;45.0864008;7.7165904;Terreno agricolo;ND;Nessuno;Patrimonio indisponibile;Utilizzato direttamente;Attività agricola;;;;1;False
1946435;L219;53;;;85701.0;TERRENO;VIA ZANELLA GIACOMO;SNC;45.0848142;7.7172356;Terreno agricolo;ND;Nessuno;Patrimonio indisponibile;Utilizzato direttamente;Attività agricola;;;;1;False
1946437;L219;11;;;1600.0;TERRENO;STRADA CIMITERO DI SASSI;SNC;45.0824389;7.7279103;Terreno agricolo;ND;Nessuno;Patrimonio indisponibile;Utilizzato direttamente;Attività agricola;;;;1;False
1946438;L219;21;;;240.0;TERRENO;VIA AGUDIO TOMMASO;SNC;45.0819907;7.7291437;Terreno agricolo;ND;Nessuno;Patrimonio indisponibile;Utilizzato direttamente;Attività agricola;;;;1;False
1946439;L219;22;;;360.0;TERRENO;VIA AGUDIO TOMMASO;SNC;45.0819796;7.7292115;Terreno agricolo;ND;Nessuno;Patrimonio indisponibile;Utilizzato direttamente;Attività agricola;;;;1;False
1946440;L219;24;;;5730.0;TERRENO;STRADA CIMITERO DI SASSI;SNC;45.0816027;7.729883;Terreno agricolo;ND;Nessuno;Patrimonio indisponibile;Utilizzato direttamente;Attività agricola;;;;1;False
1946441;L219;25;;;270.0;TERRENO;VIA AGUDIO TOMMASO;SNC;45.081055;7.7294316;Terreno agricolo;ND;Nessuno;Patrimonio indisponibile;Utilizzato direttamente;Attività agricola;;;;1;False
1946442;L219;36;;;400.0;TERRENO;STRADA DI SOPERGA;SNC;45.0834242;7.7304915;Terreno boscato o con vegetazione di vario tipo;ND;Nessuno;Patrimonio indisponibile;Utilizzato direttamente;Altro;;;;1;False
1946443;L219;48;;;4830.0;TERRENO;VIA BORGOFRANCO;SNC;45.0812802;7.733017;Terreno agricolo;ND;Nessuno;Patrimonio indisponibile;Utilizzato direttamente;Attività agricola;;;;1;False
1946444;L219;49;;;680.0;TERRENO;VIA BORGOFRANCO;SNC;45.0813652;7.7337808;Terreno boscato o con vegetazione di vario tipo;ND;Nessuno;Patrimonio indisponibile;Utilizzato direttamente;Altro;;;;1;False
1946445;L219;57;;;9450.0;TERRENO;VIA AGUDIO TOMMASO;SNC;45.0834649;7.7256909;Pascolo;ND;Nessuno;Patrimonio indisponibile;Utilizzato direttamente;Attività agricola;;;;1;False
1946446;L219;77;;;15140.0;TERRENO;STRADA DI SOPERGA;SNC;45.0821143;7.7307436;Terreno agricolo;ND;Nessuno;Patrimonio indisponibile;;Non Dichiarato;in locazione;387.0;01/12/2012;1;False
1946447;L219;82;;;39.0;TERRENO;STRADA DI SOPERGA;SNC;45.0821897;7.7320348;Terreno agricolo;ND;Nessuno;Patrimonio indisponibile;Utilizzato direttamente;Attività agricola;;;;1;False
1946448;L219;94;;;35.0;TERRENO;STRADA DI SOPERGA;SNC;45.0824255;7.733166;Terreno agricolo;ND;Nessuno;Patrimonio indisponibile;Utilizzato direttamente;Attività agricola;;;;1;False
1946450;L219;16;;;43673.0;TERRENO;STRADA DI SOPERGA;SNC;45.0828508;7.7500437;Terreno boscato o con vegetazione di vario tipo;ND;Nessuno;Patrimonio indisponibile;Utilizzato direttamente;Altro;;;;1;False
1946451;L219;20;;;5960.0;TERRENO;STRADA DI SOPERGA;SNC;45.082835;7.7530765;Terreno boscato o con vegetazione di vario tipo;ND;Nessuno;Patrimonio indisponibile;Utilizzato direttamente;Altro;;;;1;False
1946452;L219;1;;;12596.0;TERRENO;STRADA DI SOPERGA;SNC;45.0824986;7.7549968;Terreno boscato o con vegetazione di vario tipo;ND;Nessuno;Patrimonio indisponibile;Utilizzato direttamente;Altro;;;;1;False
1946453;L219;14;;;10874.0;TERRENO;STRADA DI SOPERGA;SNC;45.0792011;7.7615748;Terreno boscato o con vegetazione di vario tipo;ND;Nessuno;Patrimonio indisponibile;Utilizzato direttamente;Altro;;;;1;False
1946454;L219;15;;;877.0;TERRENO;STRADA DI SOPERGA;SNC;45.0793288;7.7624705;Terreno boscato o con vegetazione di vario tipo;ND;Nessuno;Patrimonio indisponibile;Utilizzato direttamente;Altro;;;;1;False
1946456;L219;2;;;8100.0;TERRENO;STRADA DI SOPERGA;SNC;45.0820943;7.7546467;Terreno boscato o con vegetazione di vario tipo;ND;Nessuno;Patrimonio indisponibile;Utilizzato direttamente;Altro;;;;1;False
1946457;L219;20;;;3127.0;TERRENO;STRADA DI SOPERGA;SNC;45.0788918;7.7573519;Terreno boscato o con vegetazione di vario tipo;ND;Nessuno;Patrimonio indisponibile;Utilizzato direttamente;Altro;;;;1;False
1946458;L219;3;;;7802.0;TERRENO;STRADA DI SOPERGA;SNC;45.081326;7.7556561;Terreno boscato o con vegetazione di vario tipo;ND;Nessuno;Patrimonio indisponibile;Utilizzato direttamente;Altro;;;;1;False
1946459;L219;4;;;38456.0;TERRENO;STRADA DI SOPERGA;SNC;45.0812556;7.7573832;Terreno boscato o con vegetazione di vario tipo;ND;Nessuno;Patrimonio indisponibile;Utilizzato direttamente;Altro;;;;1;False
1946460;L219;5;;;9988.0;TERRENO;STRADA DI SOPERGA;SNC;45.0820645;7.7584385;Terreno boscato o con vegetazione di vario tipo;ND;Nessuno;Patrimonio indisponibile;Utilizzato direttamente;Altro;;;;1;False
1946461;L219;6;;;33258.0;TERRENO;STRADA DI SOPERGA;SNC;45.0820156;7.760837;Terreno boscato o con vegetazione di vario tipo;ND;Nessuno;Patrimonio indisponibile;Utilizzato direttamente;Altro;;;;1;False
1946462;L219;7;;;46279.0;TERRENO;STRADA DI SOPERGA;SNC;45.0808275;7.7608697;Terreno boscato o con vegetazione di vario tipo;ND;Nessuno;Patrimonio indisponibile;Utilizzato direttamente;Altro;;;;1;False
1946463;L219;1;;;26496.0;TERRENO;STRADA DI SOPERGA;SNC;45.0812839;7.7637615;Terreno boscato o con vegetazione di vario tipo;ND;Nessuno;Patrimonio indisponibile;Utilizzato direttamente;Altro;;;;1;False
1946464;L219;13;;;446.0;TERRENO;PIAZZA MODENA GUSTAVO;SNC;45.081119;7.7664445;Terreno boscato o con vegetazione di vario tipo;ND;Nessuno;Demanio;Utilizzato direttamente;Altro;;;;1;False
1946465;L219;15;;;56.0;TERRENO;PIAZZA MODENA GUSTAVO;SNC;45.0810532;7.7666797;Pascolo;ND;Nessuno;Demanio;Utilizzato direttamente;Attività agricola;;;;1;False
1946467;L219;26;;;10293.0;TERRENO;STRADA DI SOPERGA;SNC;45.0798015;7.7636204;Terreno boscato o con vegetazione di vario tipo;ND;Nessuno;Patrimonio indisponibile;Utilizzato direttamente;Altro;;;;1;False
1946468;L219;31;;;6827.0;TERRENO;PIAZZA MODENA GUSTAVO;SNC;45.0793316;7.7646383;Terreno agricolo;ND;Nessuno;Demanio;Utilizzato direttamente;Altro;;;;1;False
1946469;L219;50;;;3551.0;TERRENO;STRADA DELLA BASILICA DI SOPERGA;SNC;45.0787484;7.7674235;Terreno urbano;ND;Nessuno;Patrimonio disponibile;Utilizzato direttamente;Attività agricola;;;;1;False
1946470;L219;58;;;11497.0;TERRENO;STRADA DI SOPERGA;SNC;45.0791055;7.7633515;Terreno boscato o con vegetazione di vario tipo;ND;Nessuno;Patrimonio indisponibile;Utilizzato direttamente;Altro;;;;1;False
1946471;L219;52;;;58.0;TERRENO;STRADA DI SOPERGA;SNC;45.0780714;7.7713786;Terreno agricolo;ND;Nessuno;Patrimonio disponibile;Utilizzato direttamente;Altro;;;;1;False
1946472;L219;10;;;2450.0;TERRENO;STRADA DI SOPERGA;SNC;45.078188;7.7612198;Terreno boscato o con vegetazione di vario tipo;ND;Nessuno;Patrimonio indisponibile;Utilizzato direttamente;Altro;;;;1;False
1946473;L219;7;;;641.0;TERRENO;STRADA DI SOPERGA;SNC;45.0784686;7.7593323;Terreno boscato o con vegetazione di vario tipo;ND;Nessuno;Patrimonio indisponibile;Utilizzato direttamente;Altro;;;;1;False
1946474;L219;8;;;1028.0;TERRENO;STRADA DI SOPERGA;SNC;45.0784545;7.7600705;Terreno boscato o con vegetazione di vario tipo;ND;Nessuno;Patrimonio indisponibile;Utilizzato direttamente;Altro;;;;1;False
1946475;L219;81;;;20076.0;TERRENO;STRADA DI SOPERGA;SNC;45.0779739;7.7625427;Terreno boscato o con vegetazione di vario tipo;ND;Nessuno;Patrimonio indisponibile;Utilizzato direttamente;Altro;;;;1;False
1946476;L219;9;;;2288.0;TERRENO;STRADA DI SOPERGA;SNC;45.078298;7.7608329;Terreno boscato o con vegetazione di vario tipo;ND;Nessuno;Patrimonio indisponibile;Utilizzato direttamente;Altro;;;;1;False
1946477;L219;16;;;42107.0;TERRENO;STRADA DI SOPERGA;SNC;45.0809018;7.7530675;Terreno boscato o con vegetazione di vario tipo;ND;Nessuno;Patrimonio indisponibile;Utilizzato direttamente;Altro;;;;1;False
1946478;L219;17;;;17049.0;TERRENO;STRADA DI SOPERGA;SNC;45.0803583;7.7542431;Terreno boscato o con vegetazione di vario tipo;ND;Nessuno;Patrimonio indisponibile;Utilizzato direttamente;Altro;;;;1;False
1946479;L219;119;;;28873.0;TERRENO;STRADA AL TRAFORO DI PINO;SNC;45.0770971;7.7416585;Terreno agricolo;ND;Nessuno;Patrimonio indisponibile;;Non Dichiarato;in locazione;1029.0;01/08/2012;1;False
1946480;L219;9;;;4536.0;TERRENO;PIAZZA MODENA GUSTAVO;SNC;45.0827573;7.743339;Terreno agricolo;ND;Nessuno;Demanio;Utilizzato direttamente;Altro;;;;1;False
1946481;L219;1;;;8420.0;TERRENO;VIA AGUDIO TOMMASO;SNC;45.0801105;7.7297712;Terreno agricolo;ND;Nessuno;Patrimonio indisponibile;Non utilizzato;Non Dichiarato;in concessione a titolo oneroso;428.0;01/04/2022;1;False
1946483;L219;139;;;750.0;TERRENO;VIA METASTASIO;SNC;45.0784321;7.7296806;Terreno agricolo;ND;Nessuno;Patrimonio disponibile;;Non Dichiarato;in locazione;9687.0;01/02/2019;1;False
1946484;L219;211;;;240.0;TERRENO;STRADA AL TRAFORO DI PINO;SNC;45.0796548;7.7368103;Terreno agricolo;ND;Nessuno;Patrimonio disponibile;;Non Dichiarato;in locazione;2510.0;01/12/2020;1;False
1946542;L219;16;;;6500.0;TERRENO;CORSO D'AZEGLIO MASSIMO;SNC;45.0460366;7.6846436;Terreno agricolo;ND;Nessuno;Patrimonio indisponibile;Utilizzato direttamente;Attività agricola;;;;1;False
1946543;L219;17;;;11820.0;TERRENO;CORSO D'AZEGLIO MASSIMO;SNC;45.0464357;7.6832782;Terreno agricolo;ND;Nessuno;Patrimonio indisponibile;Utilizzato direttamente;Attività agricola;;;;1;False
1946544;L219;76;;;5270.0;TERRENO;CORSO GALILEI GALILEO;SNC;45.043995;7.682179;Terreno agricolo;ND;Nessuno;Patrimonio indisponibile;Utilizzato direttamente;Attività agricola;;;;1;False
1946585;L219;3;;;800.0;TERRENO;VIA AGUDIO TOMMASO;SNC;45.080534;7.7303858;Terreno agricolo;ND;Nessuno;Patrimonio indisponibile;Utilizzato direttamente;Attività agricola;;;;1;False
1946586;L219;454;;;560.0;TERRENO;VIA BORGOFRANCO;SNC;45.0812204;7.734342;Terreno agricolo;ND;Nessuno;Patrimonio indisponibile;;Non Dichiarato;in locazione;254.0;01/03/2017;1;False
1946587;L219;6;;;680.0;TERRENO;VIA AGUDIO TOMMASO;SNC;45.0803298;7.7304071;Terreno agricolo;ND;Nessuno;Patrimonio indisponibile;Utilizzato direttamente;Attività agricola;;;;1;False
1946588;L219;7;;;720.0;TERRENO;VIA AGUDIO TOMMASO;SNC;45.0800863;7.7304339;Terreno agricolo;ND;Nessuno;Patrimonio indisponibile;Utilizzato direttamente;Attività agricola;;;;1;False
1946589;L219;8;;;250.0;TERRENO;VIA AGUDIO TOMMASO;SNC;45.0799684;7.7303601;Terreno agricolo;ND;Nessuno;Patrimonio indisponibile;Utilizzato direttamente;Attività agricola;;;;1;False
1946591;L219;12;;;5646.0;TERRENO;PARCO MICHELOTTI IGNAZIO;SNC;45.0779378;7.7274121;Terreno boscato o con vegetazione di vario tipo;ND;Nessuno;Patrimonio indisponibile;Utilizzato direttamente;Altro;;;;1;False
1946592;L219;13;;;830.0;TERRENO;PARCO MICHELOTTI IGNAZIO;SNC;45.0793843;7.7263514;Terreno boscato o con vegetazione di vario tipo;ND;Nessuno;Patrimonio indisponibile;Utilizzato direttamente;Altro;;;;1;False
1946593;L219;20;;;100.0;TERRENO;PARCO MICHELOTTI IGNAZIO;SNC;45.0790663;7.7266624;Terreno agricolo;ND;Nessuno;Patrimonio indisponibile;Utilizzato direttamente;Attività agricola;;;;1;False
1946594;L219;25;;;4010.0;TERRENO;VIA AGUDIO TOMMASO;SNC;45.0802277;7.7290595;Terreno agricolo;ND;Nessuno;Patrimonio indisponibile;Utilizzato direttamente;Attività agricola;;;;1;False
1946595;L219;26;;;370.0;TERRENO;PARCO MICHELOTTI IGNAZIO;SNC;45.078779;7.7269509;Terreno agricolo;ND;Nessuno;Patrimonio indisponibile;Utilizzato direttamente;Attività agricola;;;;1;False
1946596;L219;31;;;750.0;TERRENO;PARCO MICHELOTTI IGNAZIO;SNC;45.0784192;7.7273023;Terreno agricolo;ND;Nessuno;Patrimonio indisponibile;Utilizzato direttamente;Attività agricola;;;;1;False
1946597;L219;49;;;2940.0;TERRENO;VIA AGUDIO TOMMASO;SNC;45.0779594;7.729116;Terreno agricolo;ND;Nessuno;Patrimonio indisponibile;Utilizzato direttamente;Attività agricola;;;;1;False
1946598;L219;5;;;295.0;TERRENO;VIA AGUDIO TOMMASO;SNC;45.0801661;7.7257289;Terreno boscato o con vegetazione di vario tipo;ND;Nessuno;Patrimonio indisponibile;Utilizzato direttamente;Altro;;;;1;False
1946599;L219;50;;;5869.0;TERRENO;PARCO MICHELOTTI IGNAZIO;SNC;45.0773018;7.728449;Terreno agricolo;ND;Nessuno;Patrimonio indisponibile;Utilizzato direttamente;Attività agricola;;;;1;False
1946600;L219;51;;;5064.0;TERRENO;VIA AGUDIO TOMMASO;SNC;45.0815296;7.7248244;Terreno agricolo;ND;Nessuno;Patrimonio indisponibile;Utilizzato direttamente;Attività agricola;;;;1;False
1946601;L219;70;;;200.0;TERRENO;VIA AGUDIO TOMMASO;SNC;45.0782679;7.7288879;Terreno agricolo;ND;Nessuno;Patrimonio indisponibile;Utilizzato direttamente;Attività agricola;;;;1;False
1946602;L219;73;;;540.0;TERRENO;VIA AGUDIO TOMMASO;SNC;45.076577;7.7291014;Terreno agricolo;ND;Nessuno;Patrimonio indisponibile;Utilizzato direttamente;Attività agricola;;;;1;False
1946603;L219;74;;;1656.0;TERRENO;VIA AGUDIO TOMMASO;SNC;45.0809984;7.7249025;Terreno agricolo;ND;Nessuno;Patrimonio indisponibile;Utilizzato direttamente;Attività agricola;;;;1;False
1946604;L219;75;;;321.0;TERRENO;VIA AGUDIO TOMMASO;SNC;45.0803715;7.7267818;Terreno agricolo;ND;Nessuno;Patrimonio indisponibile;Utilizzato direttamente;Attività agricola;;;;1;False
1946605;L219;76;;;2009.0;TERRENO;VIA AGUDIO TOMMASO;SNC;45.0808278;7.7277628;Terreno agricolo;ND;Nessuno;Patrimonio indisponibile;Utilizzato direttamente;Attività agricola;;;;1;False
1946606;L219;77;;;3620.0;TERRENO;VIA AGUDIO TOMMASO;SNC;45.0802614;7.7267834;Terreno agricolo;ND;Nessuno;Patrimonio indisponibile;Utilizzato direttamente;Attività agricola;;;;1;False
1946607;L219;78;;;6280.0;TERRENO;VIA AGUDIO TOMMASO;SNC;45.0810062;7.7273675;Terreno agricolo;ND;Nessuno;Patrimonio indisponibile;Utilizzato direttamente;Attività agricola;;;;1;False
1946608;L219;79;;;5045.0;TERRENO;VIA AGUDIO TOMMASO;SNC;45.0806677;7.7279342;Terreno agricolo;ND;Nessuno;Patrimonio indisponibile;Utilizzato direttamente;Attività agricola;;;;1;False
1946609;L219;81;;;2944.0;TERRENO;VIA AGUDIO TOMMASO;SNC;45.0807685;7.7264744;Terreno agricolo;ND;Nessuno;Patrimonio indisponibile;Utilizzato direttamente;Attività agricola;;;;1;False
1946610;L219;101;;;6.0;TERRENO;LUNGO DORA COLLETTA PIETRO;SNC;45.0780494;7.72075;Terreno agricolo;ND;Nessuno;Patrimonio indisponibile;Utilizzato direttamente;Attività agricola;;;;1;False
1946611;L219;106;;;24.0;TERRENO;LUNGO DORA COLLETTA PIETRO;SNC;45.0775009;7.7205845;Terreno agricolo;ND;Nessuno;Patrimonio indisponibile;Utilizzato direttamente;Attività agricola;;;;1;False
1946612;L219;107;;;2.0;TERRENO;LUNGO DORA COLLETTA PIETRO;SNC;45.0775394;7.7206773;Terreno agricolo;ND;Nessuno;Patrimonio indisponibile;Utilizzato direttamente;Attività agricola;;;;1;False
1946613;L219;11;;;6730.0;TERRENO;LUNGO DORA COLLETTA PIETRO;SNC;45.0787312;7.7238358;Terreno agricolo;ND;Nessuno;Patrimonio indisponibile;Utilizzato direttamente;Attività agricola;;;;1;False
1946614;L219;15;;;36710.0;TERRENO;LUNGO DORA COLLETTA PIETRO;SNC;45.0786962;7.7221372;Terreno agricolo;ND;Nessuno;Patrimonio indisponibile;Utilizzato direttamente;Attività agricola;;;;1;False
1946615;L219;16;;;1806.0;TERRENO;LUNGO DORA COLLETTA PIETRO;SNC;45.0784431;7.7193753;Terreno agricolo;ND;Nessuno;Patrimonio indisponibile;Utilizzato direttamente;Attività agricola;;;;1;False
1946616;L219;20;;;1730.0;TERRENO;LUNGO DORA COLLETTA PIETRO;SNC;45.07676;7.7191216;Terreno agricolo;ND;Nessuno;Patrimonio indisponibile;Utilizzato direttamente;Attività agricola;;;;1;False
1946617;L219;21;;;3500.0;TERRENO;LUNGO DORA COLLETTA PIETRO;SNC;45.0785534;7.7199288;Terreno agricolo;ND;Nessuno;Patrimonio indisponibile;Utilizzato direttamente;Attività agricola;;;;1;False
1946618;L219;24;;;1140.0;TERRENO;LUNGO DORA COLLETTA PIETRO;SNC;45.0775089;7.7219227;Terreno agricolo;ND;Nessuno;Patrimonio indisponibile;Utilizzato direttamente;Attività agricola;;;;1;False
1946619;L219;25;;;330.0;TERRENO;LUNGO DORA COLLETTA PIETRO;SNC;45.0780068;7.7237388;Terreno agricolo;ND;Nessuno;Patrimonio indisponibile;Utilizzato direttamente;Attività agricola;;;;1;False
1946620;L219;27;;;350.0;TERRENO;LUNGO DORA COLLETTA PIETRO;SNC;45.0780182;7.7217144;Terreno agricolo;ND;Nessuno;Patrimonio indisponibile;Utilizzato direttamente;Attività agricola;;;;1;False
1946621;L219;3;;;2105.0;TERRENO;LUNGO DORA COLLETTA PIETRO;SNC;45.0770648;7.7184457;Terreno agricolo;ND;Nessuno;Patrimonio indisponibile;Utilizzato direttamente;Attività agricola;;;;1;False
1946622;L219;35;;;54.0;TERRENO;LUNGO DORA COLLETTA PIETRO;SNC;45.0782957;7.7194562;Terreno agricolo;ND;Nessuno;Patrimonio indisponibile;Utilizzato direttamente;Attività agricola;;;;1;False
1946623;L219;36;;;1210.0;TERRENO;LUNGO DORA COLLETTA PIETRO;SNC;45.0782207;7.7181322;Terreno agricolo;ND;Nessuno;Patrimonio indisponibile;Utilizzato direttamente;Attività agricola;;;;1;False
1946624;L219;48;;;3765.0;TERRENO;LUNGO DORA COLLETTA PIETRO;SNC;45.0785744;7.7183938;Terreno agricolo;ND;Nessuno;Patrimonio indisponibile;Utilizzato direttamente;Attività agricola;;;;1;False
1946626;L219;56;;;248.0;TERRENO;LUNGO DORA COLLETTA PIETRO;SNC;45.0780587;7.7210166;Terreno agricolo;ND;Nessuno;Patrimonio indisponibile;Utilizzato direttamente;Attività agricola;;;;1;False
1946627;L219;58;;;7.0;TERRENO;LUNGO DORA COLLETTA PIETRO;SNC;45.0780613;7.7208081;Terreno agricolo;ND;Nessuno;Patrimonio indisponibile;Utilizzato direttamente;Attività agricola;;;;1;False
1946628;L219;64;;;9.0;TERRENO;LUNGO DORA COLLETTA PIETRO;SNC;45.0781393;7.7183792;Terreno agricolo;ND;Nessuno;Patrimonio indisponibile;Utilizzato direttamente;Attività agricola;;;;1;False
1946629;L219;65;;;3.0;TERRENO;LUNGO DORA COLLETTA PIETRO;SNC;45.0783063;7.7184473;Terreno agricolo;ND;Nessuno;Patrimonio indisponibile;Utilizzato direttamente;Attività agricola;;;;1;False
1946630;L219;67;;;3554.0;TERRENO;LUNGO DORA COLLETTA PIETRO;SNC;45.0773124;7.7191035;Terreno agricolo;ND;Nessuno;Patrimonio indisponibile;Utilizzato direttamente;Attività agricola;;;;1;False
1946631;L219;75;;;1901.0;TERRENO;LUNGO DORA COLLETTA PIETRO;SNC;45.0782698;7.7203293;Terreno agricolo;ND;Nessuno;Patrimonio indisponibile;Utilizzato direttamente;Attività agricola;;;;1;False
1946632;L219;81;;;24.0;TERRENO;LUNGO DORA COLLETTA PIETRO;SNC;45.0775311;7.71945;Terreno agricolo;ND;Nessuno;Patrimonio indisponibile;Utilizzato direttamente;Attività agricola;;;;1;False
1946633;L219;82;;;3.0;TERRENO;LUNGO DORA COLLETTA PIETRO;SNC;45.077969;7.7183095;Terreno agricolo;ND;Nessuno;Patrimonio indisponibile;Utilizzato direttamente;Attività agricola;;;;1;False
1946634;L219;83;;;2.0;TERRENO;LUNGO DORA COLLETTA PIETRO;SNC;45.0780145;7.7183279;Terreno agricolo;ND;Nessuno;Patrimonio indisponibile;Utilizzato direttamente;Attività agricola;;;;1;False
1946635;L219;86;;;2.0;TERRENO;LUNGO DORA COLLETTA PIETRO;SNC;45.0783899;7.7184819;Terreno agricolo;ND;Nessuno;Patrimonio indisponibile;Utilizzato direttamente;Attività agricola;;;;1;False
1946636;L219;87;;;3875.0;TERRENO;LUNGO DORA COLLETTA PIETRO;SNC;45.0776258;7.7184263;Terreno agricolo;ND;Nessuno;Patrimonio indisponibile;Utilizzato direttamente;Attività agricola;;;;1;False
1946637;L219;90;;;34.0;TERRENO;LUNGO DORA COLLETTA PIETRO;SNC;45.0777716;7.7208425;Terreno agricolo;ND;Nessuno;Patrimonio indisponibile;Utilizzato direttamente;Attività agricola;;;;1;False
1946638;L219;91;;;3264.0;TERRENO;LUNGO DORA COLLETTA PIETRO;SNC;45.0778639;7.7214322;Terreno agricolo;ND;Nessuno;Patrimonio indisponibile;Utilizzato direttamente;Attività agricola;;;;1;False
1946639;L219;92;;;2.0;TERRENO;LUNGO DORA COLLETTA PIETRO;SNC;45.0775269;7.7207116;Terreno agricolo;ND;Nessuno;Patrimonio indisponibile;Utilizzato direttamente;Attività agricola;;;;1;False
1946640;L219;97;;;26.0;TERRENO;LUNGO DORA COLLETTA PIETRO;SNC;45.0780231;7.7208741;Terreno agricolo;ND;Nessuno;Patrimonio indisponibile;Utilizzato direttamente;Attività agricola;;;;1;False
1946641;L219;1;;;80980.0;TERRENO;VIA VARANO ALFONSO;SNC;45.0825952;7.7177491;Terreno agricolo;ND;Nessuno;Patrimonio indisponibile;Utilizzato direttamente;Attività agricola;;;;1;False
1946642;L219;2;;;13380.0;TERRENO;VIA VARANO ALFONSO;SNC;45.0812771;7.7191625;Terreno agricolo;ND;Nessuno;Patrimonio indisponibile;Utilizzato direttamente;Attività agricola;;;;1;False
1946643;L219;3;;;31390.0;TERRENO;VIA VARANO ALFONSO;SNC;45.0813651;7.7206876;Terreno agricolo;ND;Nessuno;Patrimonio indisponibile;Utilizzato direttamente;Attività agricola;;;;1;False
1946644;L219;4;;;10670.0;TERRENO;VIA VARANO ALFONSO;SNC;45.0801148;7.7215452;Terreno agricolo;ND;Nessuno;Patrimonio indisponibile;Utilizzato direttamente;Attività agricola;;;;1;False
1946645;L219;5;;;5260.0;TERRENO;VIA VARANO ALFONSO;SNC;45.0796261;7.7224728;Terreno agricolo;ND;Nessuno;Patrimonio indisponibile;Utilizzato direttamente;Attività agricola;;;;1;False
1946646;L219;6;;;5360.0;TERRENO;VIA VARANO ALFONSO;SNC;45.081711;7.7217559;Terreno agricolo;ND;Nessuno;Patrimonio indisponibile;Utilizzato direttamente;Attività agricola;;;;1;False
1946647;L219;7;;;13710.0;TERRENO;VIA VARANO ALFONSO;SNC;45.0817118;7.7214861;Terreno agricolo;ND;Nessuno;Patrimonio indisponibile;Utilizzato direttamente;Attività agricola;;;;1;False
1946648;L219;8;;;3140.0;TERRENO;VIA VARANO ALFONSO;SNC;45.0832916;7.7204545;Terreno agricolo;ND;Nessuno;Patrimonio indisponibile;Utilizzato direttamente;Attività agricola;;;;1;False
1946649;L219;9;;;880.0;TERRENO;VIA VARANO ALFONSO;SNC;45.0806394;7.7197408;Terreno agricolo;ND;Nessuno;Patrimonio indisponibile;Utilizzato direttamente;Attività agricola;;;;1;False
1946650;L219;1;;;5090.0;TERRENO;VIA VARANO ALFONSO;SNC;45.0780599;7.7109675;Terreno agricolo;ND;Nessuno;Patrimonio indisponibile;Utilizzato direttamente;Attività agricola;;;;1;False
1946653;L219;14;;;7900.0;TERRENO;VIA VARANO ALFONSO;SNC;45.0795416;7.7156401;Terreno agricolo;ND;Nessuno;Patrimonio indisponibile;Utilizzato direttamente;Attività agricola;;;;1;False
1946654;L219;19;;;5850.0;TERRENO;VIA VARANO ALFONSO;SNC;45.080268;7.7200399;Terreno agricolo;ND;Nessuno;Patrimonio indisponibile;Utilizzato direttamente;Attività agricola;;;;1;False
1946655;L219;2;;;1170.0;TERRENO;VIA VARANO ALFONSO;SNC;45.0787408;7.7191304;Terreno agricolo;ND;Nessuno;Patrimonio indisponibile;Utilizzato direttamente;Attività agricola;;;;1;False
1946656;L219;31;;;7732.0;TERRENO;VIA VARANO ALFONSO;SNC;45.0799423;7.7160491;Terreno agricolo;ND;Nessuno;Patrimonio indisponibile;Utilizzato direttamente;Attività agricola;;;;1;False
1946657;L219;34;;;3929.0;TERRENO;VIA VARANO ALFONSO;SNC;45.078645;7.7164609;Terreno agricolo;ND;Nessuno;Patrimonio indisponibile;Utilizzato direttamente;Attività agricola;;;;1;False
1946658;L219;36;;;4843.0;TERRENO;VIA VARANO ALFONSO;SNC;45.0790312;7.7193064;Terreno agricolo;ND;Nessuno;Patrimonio indisponibile;Utilizzato direttamente;Attività agricola;;;;1;False
1946659;L219;38;;;8437.0;TERRENO;VIA VARANO ALFONSO;SNC;45.0795321;7.7202941;Terreno agricolo;ND;Nessuno;Patrimonio indisponibile;Utilizzato direttamente;Attività agricola;;;;1;False
1946660;L219;40;;;40221.0;TERRENO;VIA VARANO ALFONSO;SNC;45.0805291;7.7180589;Terreno agricolo;ND;Nessuno;Patrimonio indisponibile;Utilizzato direttamente;Attività agricola;;;;1;False
1946661;L219;6;;;6660.0;TERRENO;VIA VARANO ALFONSO;SNC;45.0782303;7.7118361;Terreno agricolo;ND;Nessuno;Patrimonio indisponibile;Utilizzato direttamente;Attività agricola;;;;1;False
1946663;L219;7;;;1570.0;TERRENO;VIA VARANO ALFONSO;SNC;45.0787838;7.7122821;Terreno agricolo;ND;Nessuno;Patrimonio indisponibile;Utilizzato direttamente;Attività agricola;;;;1;False
1946664;L219;80;;;769.0;TERRENO;VIA VARANO ALFONSO;SNC;45.0776773;7.7116114;Terreno agricolo;ND;Nessuno;Patrimonio indisponibile;Utilizzato direttamente;Attività agricola;;;;1;False
1946665;L219;82;;;120.0;TERRENO;VIA VARANO ALFONSO;SNC;45.0778796;7.71228;Terreno agricolo;ND;Nessuno;Patrimonio indisponibile;Utilizzato direttamente;Attività agricola;;;;1;False
1946666;L219;85;;;1078.0;TERRENO;VIA VARANO ALFONSO;SNC;45.0778388;7.711982;Terreno agricolo;ND;Nessuno;Patrimonio indisponibile;Utilizzato direttamente;Attività agricola;;;;1;False
1946667;L219;87;;;2440.0;TERRENO;VIA VARANO ALFONSO;SNC;45.0781531;7.7126838;Terreno agricolo;ND;Nessuno;Patrimonio indisponibile;Utilizzato direttamente;Attività agricola;;;;1;False
1946668;L219;90;;;816.0;TERRENO;VIA VARANO ALFONSO;SNC;45.0784244;7.7133203;Terreno agricolo;ND;Nessuno;Patrimonio indisponibile;Utilizzato direttamente;Attività agricola;;;;1;False
1946670;L219;93;;;21547.0;TERRENO;VIA VARANO ALFONSO;SNC;45.0790629;7.7138113;Terreno agricolo;ND;Nessuno;Patrimonio indisponibile;;Non Dichiarato;in concessione a titolo oneroso;10867.0;01/04/2016;1;False
1946672;L219;96;;;48.0;TERRENO;VIA VARANO ALFONSO;SNC;45.0789676;7.7148954;Terreno agricolo;ND;Nessuno;Patrimonio indisponibile;Utilizzato direttamente;Attività agricola;;;;1;False
1946687;L219;294;;;6863.0;TERRENO;VIA RICALDONE;SNC;45.0519012;7.6452425;Terreno agricolo;ND;Nessuno;Patrimonio indisponibile;Utilizzato direttamente;Attività agricola;;;;1;False
1946690;L219;77;;;1860.0;TERRENO;CORSO GALILEI GALILEO;SNC;45.0439176;7.6809739;Terreno agricolo;ND;Nessuno;Patrimonio indisponibile;Utilizzato direttamente;Attività agricola;;;;1;False
1946691;L219;113;;;2880.0;TERRENO;corso moncalieri;147;45.0473539;7.689284;Terreno agricolo;ND;Nessuno;Patrimonio indisponibile;Utilizzato direttamente;Attività agricola;;;;1;False
1946692;L219;136;;;13080.0;TERRENO;corso moncalieri;147;45.0466866;7.6887698;Terreno agricolo;ND;Nessuno;Patrimonio indisponibile;Utilizzato direttamente;Attività agricola;;;;1;False
1946693;L219;40P;;;900.0;TERRENO;VIALE SETTIMIO SEVERO;SNC;45.0495;7.69456;Terreno agricolo;ND;Nessuno;Patrimonio indisponibile;Utilizzato direttamente;Attività agricola;;;;1;False
1946695;L219;42;;;180.0;TERRENO;STRADA DI SAN VITO REVIGLIASCO;SNC;45.052112;7.6917172;Pascolo;ND;Nessuno;Patrimonio indisponibile;Utilizzato direttamente;Attività agricola;;;;1;False
1946696;L219;59;;;20146.0;TERRENO;STRADA DI SAN VITO REVIGLIASCO;SNC;45.0504835;7.693735;Terreno agricolo;ND;Nessuno;Patrimonio indisponibile;Utilizzato direttamente;Attività agricola;;;;1;False
1946697;L219;71;;;22150.0;TERRENO;STRADA DI SAN VITO REVIGLIASCO;SNC;45.0488694;7.6927384;Terreno boscato o con vegetazione di vario tipo;ND;Nessuno;Patrimonio indisponibile;Utilizzato direttamente;Altro;;;;1;False
1946698;L219;72;;;1340.0;TERRENO;STRADA DI SAN VITO REVIGLIASCO;SNC;45.0493285;7.6940998;Terreno agricolo;ND;Nessuno;Patrimonio indisponibile;Utilizzato direttamente;Attività agricola;;;;1;False
1946699;L219;73;;;1910.0;TERRENO;STRADA DI SAN VITO REVIGLIASCO;SNC;45.0482914;7.6901682;Terreno boscato o con vegetazione di vario tipo;ND;Nessuno;Patrimonio indisponibile;Utilizzato direttamente;Altro;;;;1;False
1946700;L219;21;;;1540.0;TERRENO;STRADA SANTA MARGHERITA;SNC;45.0534353;7.6971966;Terreno boscato o con vegetazione di vario tipo;ND;Nessuno;Patrimonio indisponibile;Utilizzato direttamente;Altro;;;;1;False
1946701;L219;28;;;2600.0;TERRENO;STRADA SANTA MARGHERITA;SNC;45.0529661;7.6972388;Terreno boscato o con vegetazione di vario tipo;ND;Nessuno;Patrimonio indisponibile;Utilizzato direttamente;Altro;;;;1;False
1946702;L219;61;;;1800.0;TERRENO;VIALE CATONE MARCO PORZIO;SNC;45.050431;7.6994814;Terreno boscato o con vegetazione di vario tipo;ND;Nessuno;Patrimonio indisponibile;Utilizzato direttamente;Altro;;;;1;False
1946703;L219;154;;;1540.0;TERRENO;VIALE SENECA;SNC;45.0482058;7.7007665;Terreno agricolo;ND;Nessuno;Patrimonio indisponibile;Utilizzato direttamente;Attività agricola;;;;1;False
1946704;L219;84;;;896.0;TERRENO;VIALE SENECA;SNC;45.0506635;7.6994104;Terreno boscato o con vegetazione di vario tipo;ND;Nessuno;Patrimonio indisponibile;Utilizzato direttamente;Altro;;;;1;False
1946705;L219;108;;;5952.0;TERRENO;STRADA DEL NOBILE;SNC;45.0506874;7.7143697;Terreno agricolo;ND;Nessuno;Patrimonio indisponibile;Utilizzato direttamente;Attività agricola;;;;1;False
1946706;L219;109;;;2013.0;TERRENO;STRADA DEL NOBILE;SNC;45.0507052;7.7150454;Terreno agricolo;ND;Nessuno;Patrimonio indisponibile;Utilizzato direttamente;Attività agricola;;;;1;False
1946707;L219;172;;;6793.0;TERRENO;STRADA DEL NOBILE;SNC;45.0494869;7.715742;Terreno boscato o con vegetazione di vario tipo;ND;Nessuno;Patrimonio indisponibile;Utilizzato direttamente;Altro;;;;1;False
1946708;L219;173;;;8876.0;TERRENO;STRADA DEL NOBILE;SNC;45.049161;7.7164442;Terreno boscato o con vegetazione di vario tipo;ND;Nessuno;Patrimonio indisponibile;Utilizzato direttamente;Altro;;;;1;False
1946709;L219;174;;;52.0;TERRENO;STRADA DEL NOBILE;SNC;45.0490729;7.7173244;Terreno boscato o con vegetazione di vario tipo;ND;Nessuno;Patrimonio indisponibile;Utilizzato direttamente;Altro;;;;1;False
1946710;L219;226;;;1736.0;TERRENO;STRADA DEL NOBILE;SNC;45.050524;7.7153482;Terreno agricolo;ND;Nessuno;Patrimonio indisponibile;Utilizzato direttamente;Attività agricola;;;;1;False
1946711;L219;227;;;967.0;TERRENO;STRADA DEL NOBILE;SNC;45.0500222;7.7160634;Terreno agricolo;ND;Nessuno;Patrimonio indisponibile;Utilizzato direttamente;Attività agricola;;;;1;False
1946712;L219;255;;;250.0;TERRENO;STRADA DEL NOBILE;SNC;45.0489033;7.7149298;Terreno boscato o con vegetazione di vario tipo;ND;Nessuno;Patrimonio indisponibile;Utilizzato direttamente;Altro;;;;1;False
1946713;L219;587;;;5093.0;TERRENO;VIA REVELLO;SNC;45.07139328;7.6496314;Parco/Villa Comunale/Giardino Pubblico;ND;Nessuno;Patrimonio indisponibile;Utilizzato direttamente;Altro;;;;1;False
1946714;L219;256;;;55.0;TERRENO;STRADA DEL NOBILE;SNC;45.0487784;7.7165342;Terreno boscato o con vegetazione di vario tipo;ND;Nessuno;Patrimonio indisponibile;Utilizzato direttamente;Altro;;;;1;False
1946715;L219;39;;;29604.0;TERRENO;STRADA DEL NOBILE;SNC;45.0510762;7.7124143;Terreno boscato o con vegetazione di vario tipo;ND;Nessuno;Patrimonio indisponibile;Utilizzato direttamente;Altro;;;;1;False
1946716;L219;1;;;400.0;TERRENO;STRADA DEL NOBILE;SNC;45.04894405;7.71750322;Pascolo;ND;Nessuno;Patrimonio indisponibile;Utilizzato direttamente;Attività agricola;;;;1;False
1946718;L219;2;;;5454.0;TERRENO;STRADA DEL NOBILE;SNC;45.04844848;7.71732367;Terreno boscato o con vegetazione di vario tipo;ND;Nessuno;Patrimonio indisponibile;Utilizzato direttamente;Altro;;;;1;False
1946720;L219;214;;;640.0;TERRENO;STRADA DEL NOBILE;SNC;45.0475312;7.71961694;Terreno boscato o con vegetazione di vario tipo;ND;Nessuno;Patrimonio indisponibile;Utilizzato direttamente;Altro;;;;1;False
1946721;L219;3;;;58.0;TERRENO;STRADA DEL NOBILE;SNC;45.04791934;7.71778767;Terreno boscato o con vegetazione di vario tipo;ND;Nessuno;Patrimonio indisponibile;Utilizzato direttamente;Altro;;;;1;False
1946722;L219;4;;;4096.0;TERRENO;STRADA DEL NOBILE;SNC;45.04830462;7.71794588;Pascolo;ND;Nessuno;Patrimonio indisponibile;Utilizzato direttamente;Attività agricola;;;;1;False
1946723;L219;65;;;757.0;TERRENO;STRADA DI PECETTO;SNC;45.0447464;7.727392;Terreno boscato o con vegetazione di vario tipo;ND;Nessuno;Patrimonio indisponibile;Utilizzato direttamente;Altro;;;;1;False
1946724;L219;72;;;321.0;TERRENO;STRADA SANTA MARGHERITA;SNC;45.0444612;7.730432;Terreno boscato o con vegetazione di vario tipo;ND;Nessuno;Patrimonio indisponibile;Utilizzato direttamente;Altro;;;;1;False
1946725;L219;41;;;22693.0;TERRENO;STRADA VAL SAN MARTINO SUPERIORE;SNC;45.044119;7.7328727;Terreno boscato o con vegetazione di vario tipo;ND;Nessuno;Patrimonio indisponibile;Utilizzato direttamente;Altro;;;;1;False
1946726;L219;4;;;7395.0;TERRENO;STRADA VAL SAN MARTINO SUPERIORE;SNC;45.0430498;7.7354963;Terreno boscato o con vegetazione di vario tipo;ND;Nessuno;Patrimonio indisponibile;Utilizzato direttamente;Altro;;;;1;False
1946727;L219;37;;;139.0;TERRENO;STRADA DI PECETTO;SNC;45.0429705;7.7266925;Terreno agricolo;ND;Nessuno;Patrimonio indisponibile;Utilizzato direttamente;Attività agricola;;;;1;False
1946728;L219;38;;;657.0;TERRENO;VIALE MACALLE';SNC;45.0432967;7.7159123;Terreno agricolo;ND;Nessuno;Patrimonio indisponibile;Utilizzato direttamente;Attività agricola;;;;1;False
1946729;L219;80;;;4778.0;TERRENO;VIALE MACALLE';SNC;45.0416536;7.7176112;Terreno boscato o con vegetazione di vario tipo;ND;Nessuno;Patrimonio indisponibile;Utilizzato direttamente;Altro;;;;1;False
1946730;L219;45;;;155.0;TERRENO;STRADA ALLA VETTA DELLA MADDALENA;SNC;45.0398879;7.711294;Terreno boscato o con vegetazione di vario tipo;ND;Nessuno;Patrimonio indisponibile;Utilizzato direttamente;Altro;;;;1;False
1946731;L219;47;;;2828.0;TERRENO;STRADA ALLA VETTA DELLA MADDALENA;SNC;45.0399254;7.7135058;Terreno boscato o con vegetazione di vario tipo;ND;Nessuno;Patrimonio indisponibile;Utilizzato direttamente;Altro;;;;1;False
1946732;L219;108;;;869.0;TERRENO;STRADA ALLA VETTA DELLA MADDALENA;SNC;45.0398764;7.7089702;Terreno boscato o con vegetazione di vario tipo;ND;Nessuno;Patrimonio indisponibile;Utilizzato direttamente;Altro;;;;1;False
1946733;L219;52;;;14006.0;TERRENO;STRADA ALLA VETTA DELLA MADDALENA;SNC;45.0398869;7.7096185;Terreno boscato o con vegetazione di vario tipo;ND;Nessuno;Patrimonio indisponibile;Utilizzato direttamente;Altro;;;;1;False
1946734;L219;53;;;4723.0;TERRENO;STRADA ALLA VETTA DELLA MADDALENA;SNC;45.0393522;7.7106825;Terreno boscato o con vegetazione di vario tipo;ND;Nessuno;Patrimonio indisponibile;Utilizzato direttamente;Altro;;;;1;False
1946736;L219;73;;;2250.0;TERRENO;VIA MARSIGLI LUIGI FERDINANDO;SNC;45.0703187;7.6245308;Terreno agricolo;ND;Nessuno;Patrimonio indisponibile;Utilizzato direttamente;Attività agricola;;;;1;False
1946737;L219;304;;;590.0;TERRENO;VIA DE SANCTIS FRANCESCO;SNC;45.0694974;7.621266;Terreno agricolo;ND;Nessuno;Patrimonio indisponibile;Utilizzato direttamente;Attività agricola;;;;1;False
1946738;L219;410;;;875.0;TERRENO;VIA CHAMBERY;SNC;45.0691049;7.6231529;Terreno agricolo;ND;Nessuno;Patrimonio indisponibile;Utilizzato direttamente;Attività agricola;;;;1;False
1946740;L219;549;;;470.0;TERRENO;VIA CREA;SNC;45.0704148;7.6147656;Terreno agricolo;ND;Nessuno;Patrimonio indisponibile;Utilizzato direttamente;Attività agricola;;;;1;False
1946742;L219;473;;;2074.0;TERRENO;VIA THURES;SNC;45.0718667;7.6057478;Terreno agricolo;ND;Nessuno;Patrimonio indisponibile;Utilizzato direttamente;Attività agricola;;;;1;False
1946743;L219;93;;;2350.0;TERRENO;VIA THURES;SNC;45.0712155;7.6055247;Terreno agricolo;ND;Nessuno;Patrimonio indisponibile;Utilizzato direttamente;Attività agricola;;;;1;False
1946745;L219;11;;;1062.0;TERRENO;VIA MONTE ORTIGARA;SNC;45.0676879;7.6288781;Terreno urbano;ND;Nessuno;Patrimonio indisponibile;Utilizzato direttamente;Altro;;;;1;False
1946746;L219;12;;;2160.0;TERRENO;VIA MONTE ORTIGARA;SNC;45.0676653;7.6294891;Terreno agricolo;ND;Nessuno;Patrimonio indisponibile;Utilizzato direttamente;Attività agricola;;;;1;False
1946747;L219;16;;;250.0;TERRENO;VIA MONTE ORTIGARA;SNC;45.0671757;7.629561;Terreno agricolo;ND;Nessuno;Patrimonio indisponibile;Utilizzato direttamente;Attività agricola;;;;1;False
1946748;L219;201;;;1110.0;TERRENO;VIA MONTE ORTIGARA;SNC;45.067333;7.6295228;Terreno agricolo;ND;Nessuno;Patrimonio indisponibile;Utilizzato direttamente;Attività agricola;;;;1;False
1946749;L219;209;;;97.0;TERRENO;VIA MONTE ORTIGARA;SNC;45.067383;7.6285508;Terreno agricolo;ND;Nessuno;Patrimonio indisponibile;Utilizzato direttamente;Attività agricola;;;;1;False
1946750;L219;212;;;799.0;TERRENO;VIA MONTE ORTIGARA;SNC;45.0673466;7.6291882;Terreno agricolo;ND;Nessuno;Patrimonio indisponibile;Utilizzato direttamente;Attività agricola;;;;1;False
1946751;L219;215;;;21.0;TERRENO;VIA MONTE ORTIGARA;SNC;45.0673641;7.6290466;Terreno agricolo;ND;Nessuno;Patrimonio indisponibile;Utilizzato direttamente;Attività agricola;;;;1;False
1946752;L219;217;;;25.0;TERRENO;VIA MONTE ORTIGARA;SNC;45.0674619;7.6285846;Terreno agricolo;ND;Nessuno;Patrimonio indisponibile;Utilizzato direttamente;Attività agricola;;;;1;False
1946753;L219;218;;;3.0;TERRENO;VIA MONTE ORTIGARA;SNC;45.0674899;7.6285782;Terreno agricolo;ND;Nessuno;Patrimonio indisponibile;Utilizzato direttamente;Attività agricola;;;;1;False
1946754;L219;219;;;33.0;TERRENO;VIA MONTE ORTIGARA;SNC;45.0675211;7.6286314;Terreno agricolo;ND;Nessuno;Patrimonio indisponibile;Utilizzato direttamente;Attività agricola;;;;1;False
1946755;L219;220;;;291.0;TERRENO;VIA MONTE ORTIGARA;SNC;45.0675962;7.6288327;Terreno agricolo;ND;Nessuno;Patrimonio indisponibile;Utilizzato direttamente;Attività agricola;;;;1;False
1946756;L219;44;;;3970.0;TERRENO;CORSO BRUNELLESCHI FILIPPO;SNC;45.0668775;7.623924;Terreno agricolo;ND;Nessuno;Patrimonio indisponibile;Utilizzato direttamente;Attività agricola;;;;1;False
1946757;L219;5;;;2330.0;TERRENO;VIA MONTE ORTIGARA;SNC;45.0680196;7.6277882;Terreno agricolo;ND;Nessuno;Patrimonio indisponibile;Utilizzato direttamente;Attività agricola;;;;1;False
1946758;L219;6;;;2680.0;TERRENO;VIA MONTE ORTIGARA;SNC;45.0679285;7.6283304;Terreno agricolo;ND;Nessuno;Patrimonio indisponibile;Utilizzato direttamente;Attività agricola;;;;1;False
1946759;L219;7;;;2280.0;TERRENO;VIA MONTE ORTIGARA;SNC;45.0675577;7.6280795;Terreno agricolo;ND;Nessuno;Patrimonio indisponibile;Utilizzato direttamente;Attività agricola;;;;1;False
1946773;L219;107;;;644.0;TERRENO;VIA DELLA BASILICA;SNC;45.0755513;7.6858119;Terreno urbano;ND;Dichiarazione di interesse culturale;Patrimonio indisponibile;Utilizzato direttamente;Altro;;;;1;False
1946775;L219;123;;;400.0;TERRENO;CORSO SAN MAURIZIO;SNC;45.0716631;7.6887078;Terreno urbano;ND;Dichiarazione di interesse culturale;Demanio;Utilizzato direttamente;Altro;;;;1;False
1946777;L219;124;;;1704.0;TERRENO;CORSO SAN MAURIZIO;SNC;45.0706876;7.6916662;Terreno urbano;ND;Dichiarazione di interesse culturale;Demanio;Utilizzato direttamente;Altro;;;;1;False
1946778;L219;83;;;18600.0;TERRENO;CORSO SAN MAURIZIO;SNC;45.0728604;7.6890448;Parco/Villa Comunale/Giardino Pubblico;ND;Dichiarazione di interesse culturale;Demanio;Utilizzato direttamente;Altro;;;;1;False
1946779;L219;84;;;15910.0;TERRENO;CORSO SAN MAURIZIO;SNC;45.0732247;7.6902041;Parco/Villa Comunale/Giardino Pubblico;ND;Dichiarazione di interesse culturale;Demanio;Utilizzato direttamente;Altro;;;;1;False
1946780;L219;86;;;9070.0;TERRENO;CORSO SAN MAURIZIO;SNC;45.0718165;7.6908538;Parco/Villa Comunale/Giardino Pubblico;ND;Dichiarazione di interesse culturale;Demanio;Utilizzato direttamente;Altro;;;;1;False
1946781;L219;89;;;1180.0;TERRENO;CORSO SAN MAURIZIO;SNC;45.0717482;7.6913521;Parco/Villa Comunale/Giardino Pubblico;ND;Dichiarazione di interesse culturale;Demanio;Utilizzato direttamente;Altro;;;;1;False
1946782;L219;96;;;2280.0;TERRENO;CORSO SAN MAURIZIO;SNC;45.0712624;7.6886401;Parco/Villa Comunale/Giardino Pubblico;ND;Dichiarazione di interesse culturale;Demanio;Utilizzato direttamente;Altro;;;;1;False
1946787;L219;182;;;620.0;TERRENO;LUNGO DORA FIRENZE;SNC;45.0746991;7.6931974;Terreno boscato o con vegetazione di vario tipo;ND;Nessuno;Patrimonio indisponibile;Utilizzato direttamente;Altro;;;;1;False
1946789;L219;104;;;225.0;TERRENO;LUNGO DORA COLLETTA PIETRO;SNC;45.0751405;7.7163499;Terreno agricolo;ND;Nessuno;Patrimonio indisponibile;Utilizzato direttamente;Attività agricola;;;;1;False
1946790;L219;110;;;184.0;TERRENO;LUNGO DORA COLLETTA PIETRO;SNC;45.0744539;7.7123801;Terreno agricolo;ND;Nessuno;Patrimonio indisponibile;Utilizzato direttamente;Attività agricola;;;;1;False
1946793;L219;23;;;1760.0;TERRENO;LUNGO DORA COLLETTA PIETRO;SNC;45.0754158;7.7087157;Terreno boscato o con vegetazione di vario tipo;ND;Nessuno;Patrimonio indisponibile;Utilizzato direttamente;Altro;;;;1;False
1946794;L219;40;;;2382.0;TERRENO;VIA VARANO ALFONSO;SNC;45.0771569;7.7116121;Terreno agricolo;ND;Nessuno;Patrimonio indisponibile;Utilizzato direttamente;Attività agricola;;;;1;False
1946795;L219;89;;;140.0;TERRENO;VIA VARANO ALFONSO;SNC;45.0768911;7.711338;Terreno agricolo;ND;Nessuno;Patrimonio indisponibile;Utilizzato direttamente;Attività agricola;;;;1;False
1946797;L219;319;;;350.0;TERRENO;LUNGO PO ANTONELLI ALESSANDRO;SNC;45.0704593;7.7180143;Terreno boscato o con vegetazione di vario tipo;ND;Nessuno;Patrimonio indisponibile;Utilizzato direttamente;Altro;;;;1;False
1946798;L219;320;;;650.0;TERRENO;LUNGO PO ANTONELLI ALESSANDRO;SNC;45.0705448;7.718538;Terreno boscato o con vegetazione di vario tipo;ND;Nessuno;Patrimonio indisponibile;Utilizzato direttamente;Altro;;;;1;False
1946800;L219;32;;;5040.0;TERRENO;CORSO BELGIO;SNC;45.0756724;7.7224936;Terreno agricolo;ND;Nessuno;Patrimonio indisponibile;Utilizzato direttamente;Attività agricola;;;;1;False
1946801;L219;379;;;1099.0;TERRENO;CORSO BELGIO;SNC;45.0762309;7.7221571;Terreno agricolo;ND;Nessuno;Patrimonio indisponibile;Utilizzato direttamente;Attività agricola;;;;1;False
1946802;L219;125;;;5580.0;TERRENO;LUNGO PO ANTONELLI ALESSANDRO;SNC;45.0778064;7.7250329;Terreno agricolo;ND;Nessuno;Patrimonio indisponibile;Utilizzato direttamente;Attività agricola;;;;1;False
1946803;L219;127;;;830.0;TERRENO;LUNGO PO ANTONELLI ALESSANDRO;SNC;45.0781742;7.7253545;Terreno agricolo;ND;Nessuno;Patrimonio indisponibile;Utilizzato direttamente;Attività agricola;;;;1;False
1946805;L219;128;;;2600.0;TERRENO;LUNGO PO ANTONELLI ALESSANDRO;SNC;45.0775998;7.7252196;Terreno agricolo;ND;Nessuno;Patrimonio indisponibile;Utilizzato direttamente;Attività agricola;;;;1;False
1946806;L219;141;;;1747.0;TERRENO;LUNGO PO ANTONELLI ALESSANDRO;SNC;45.0773797;7.7231691;Terreno agricolo;ND;Nessuno;Patrimonio indisponibile;Utilizzato direttamente;Attività agricola;;;;1;False
1946807;L219;143;;;8.0;TERRENO;LUNGO PO ANTONELLI ALESSANDRO;SNC;45.0770526;7.7221773;Terreno agricolo;ND;Nessuno;Patrimonio indisponibile;Utilizzato direttamente;Attività agricola;;;;1;False
1946808;L219;145;;;963.0;TERRENO;LUNGO PO ANTONELLI ALESSANDRO;SNC;45.0773334;7.7240003;Terreno agricolo;ND;Nessuno;Patrimonio indisponibile;Utilizzato direttamente;Attività agricola;;;;1;False
1946809;L219;2;;;460.0;TERRENO;LUNGO PO ANTONELLI ALESSANDRO;SNC;45.0780853;7.7246838;Terreno agricolo;ND;Nessuno;Patrimonio indisponibile;Utilizzato direttamente;Attività agricola;;;;1;False
1946810;L219;29;;;1660.0;TERRENO;LUNGO PO ANTONELLI ALESSANDRO;SNC;45.0767365;7.7268878;Terreno agricolo;ND;Nessuno;Patrimonio indisponibile;Utilizzato direttamente;Attività agricola;;;;1;False
1946811;L219;3;;;1112.0;TERRENO;LUNGO PO ANTONELLI ALESSANDRO;SNC;45.0781148;7.7249642;Terreno urbano;ND;Nessuno;Patrimonio indisponibile;Utilizzato direttamente;Altro;;;;1;False
1946812;L219;4;;;1040.0;TERRENO;LUNGO PO ANTONELLI ALESSANDRO;SNC;45.0772122;7.7229543;Terreno urbano;ND;Nessuno;Patrimonio indisponibile;Utilizzato direttamente;Altro;;;;1;False
1946813;L219;5;;;11300.0;TERRENO;LUNGO PO ANTONELLI ALESSANDRO;SNC;45.0767956;7.7263408;Terreno agricolo;ND;Nessuno;Patrimonio indisponibile;Utilizzato direttamente;Attività agricola;;;;1;False
1946814;L219;115;;;12280.0;TERRENO;PARCO MICHELOTTI IGNAZIO;SNC;45.0742439;7.7292528;Terreno agricolo;ND;Nessuno;Patrimonio indisponibile;Utilizzato direttamente;Attività agricola;;;;1;False
1946815;L219;2;;;880.0;TERRENO;PARCO MICHELOTTI IGNAZIO;SNC;45.0759169;7.7287022;Terreno boscato o con vegetazione di vario tipo;ND;Nessuno;Patrimonio indisponibile;Utilizzato direttamente;Altro;;;;1;False
1946816;L219;3;;;1580.0;TERRENO;PARCO MICHELOTTI IGNAZIO;SNC;45.0758094;7.7289695;Terreno agricolo;ND;Nessuno;Patrimonio indisponibile;Utilizzato direttamente;Attività agricola;;;;1;False
1946817;L219;4;;;3090.0;TERRENO;PARCO MICHELOTTI IGNAZIO;SNC;45.0760281;7.729326;Terreno urbano;ND;Nessuno;Patrimonio indisponibile;Utilizzato direttamente;Altro;;;;1;False
1946818;L219;95;;;1820.0;TERRENO;PARCO MICHELOTTI IGNAZIO;SNC;45.0744684;7.7287167;Terreno boscato o con vegetazione di vario tipo;ND;Nessuno;Patrimonio indisponibile;Utilizzato direttamente;Altro;;;;1;False
1946819;L219;96;;;1420.0;TERRENO;PARCO MICHELOTTI IGNAZIO;SNC;45.0749241;7.7289219;Terreno boscato o con vegetazione di vario tipo;ND;Nessuno;Patrimonio indisponibile;Utilizzato direttamente;Altro;;;;1;False
1946820;L219;128;;;3260.0;TERRENO;PARCO MICHELOTTI IGNAZIO;SNC;45.0722175;7.7270186;Terreno boscato o con vegetazione di vario tipo;ND;Nessuno;Patrimonio indisponibile;Utilizzato direttamente;Altro;;;;1;False
1946821;L219;23;;;4640.0;TERRENO;PARCO MICHELOTTI IGNAZIO;SNC;45.0726945;7.7277388;Terreno agricolo;ND;Nessuno;Patrimonio indisponibile;Utilizzato direttamente;Attività agricola;;;;1;False
1946822;L219;30;;;2280.0;TERRENO;PARCO MICHELOTTI IGNAZIO;SNC;45.0724608;7.7277237;Terreno boscato o con vegetazione di vario tipo;ND;Nessuno;Patrimonio indisponibile;Utilizzato direttamente;Altro;;;;1;False
1946823;L219;81;;;449.0;TERRENO;Strada Alta di Mongreno;72;45.0765501;7.7383844;Terreno agricolo;ND;Nessuno;Patrimonio disponibile;;Non Dichiarato;in locazione;535.0;01/11/2018;1;False
1946825;L219;133;;;293.0;TERRENO;STRADA DEL CARTMAN;SNC;45.0685673;7.7545348;Terreno boscato o con vegetazione di vario tipo;ND;Nessuno;Patrimonio indisponibile;Utilizzato direttamente;Altro;;;;1;False
1946826;L219;14;;;6601.0;TERRENO;strada tetti bertoglio;84;45.073323;7.7615517;Terreno agricolo;ND;Nessuno;Patrimonio indisponibile;Utilizzato direttamente;Attività agricola;;;;1;False
1946827;L219;28;;;9924.0;TERRENO;strada tetti bertoglio;84;45.0723928;7.7585517;Terreno agricolo;ND;Nessuno;Patrimonio indisponibile;Utilizzato direttamente;Attività agricola;;;;1;False
1946828;L219;29;;;2241.0;TERRENO;strada tetti bertoglio;84;45.071735;7.7592637;Terreno agricolo;ND;Nessuno;Patrimonio indisponibile;Utilizzato direttamente;Attività agricola;;;;1;False
1946829;L219;31;;;2528.0;TERRENO;strada tetti bertoglio;84;45.0723854;7.7601853;Pascolo;ND;Nessuno;Patrimonio indisponibile;Utilizzato direttamente;Attività agricola;;;;1;False
1946830;L219;32;;;1040.0;TERRENO;strada tetti bertoglio;84;45.0724738;7.7605453;Terreno agricolo;ND;Nessuno;Patrimonio indisponibile;Utilizzato direttamente;Attività agricola;;;;1;False
1946831;L219;34;;;3550.0;TERRENO;strada tetti bertoglio;84;45.0723372;7.7621349;Terreno agricolo;ND;Nessuno;Patrimonio indisponibile;Utilizzato direttamente;Attività agricola;;;;1;False
1946832;L219;35;;;13472.0;TERRENO;strada tetti bertoglio;84;45.0730709;7.7629655;Terreno boscato o con vegetazione di vario tipo;ND;Nessuno;Patrimonio indisponibile;Utilizzato direttamente;Altro;;;;1;False
1946833;L219;1;;;2337.0;TERRENO;STRADA DEL CARTMAN;SNC;45.0688414;7.7515144;Terreno agricolo;ND;Nessuno;Patrimonio indisponibile;Utilizzato direttamente;Attività agricola;;;;1;False
1946834;L219;21;;;7846.0;TERRENO;STRADA DEL CARTMAN;SNC;45.0667845;7.7514579;Terreno agricolo;ND;Nessuno;Patrimonio indisponibile;Utilizzato direttamente;Attività agricola;;;;1;False
1946835;L219;52;;;59678.0;TERRENO;STRADA DEL CARTMAN;SNC;45.06807;7.7521479;Terreno boscato o con vegetazione di vario tipo;ND;Nessuno;Patrimonio indisponibile;Utilizzato direttamente;Altro;;;;1;False
1946836;L219;53;;;1770.0;TERRENO;STRADA DEL CARTMAN;SNC;45.0680779;7.749934;Terreno boscato o con vegetazione di vario tipo;ND;Nessuno;Patrimonio indisponibile;Utilizzato direttamente;Altro;;;;1;False
1946837;L219;15;;;1890.0;TERRENO;CORSO KOSSUTH LUIGI;SNC;45.0678762;7.728598;Terreno agricolo;ND;Nessuno;Patrimonio indisponibile;Utilizzato direttamente;Attività agricola;;;;1;False
1946839;L219;23;;;4010.0;TERRENO;PARCO MICHELOTTI IGNAZIO;SNC;45.0700453;7.7226308;Terreno boscato o con vegetazione di vario tipo;ND;Nessuno;Patrimonio indisponibile;Utilizzato direttamente;Altro;;;;1;False
1946840;L219;24;;;3640.0;TERRENO;PARCO MICHELOTTI IGNAZIO;SNC;45.0693702;7.7201886;Terreno agricolo;ND;Nessuno;Patrimonio indisponibile;Utilizzato direttamente;Attività agricola;;;;1;False
1946841;L219;25;;;3110.0;TERRENO;PARCO MICHELOTTI IGNAZIO;SNC;45.0697786;7.7225426;Terreno agricolo;ND;Nessuno;Patrimonio indisponibile;Utilizzato direttamente;Attività agricola;;;;1;False
1946842;L219;336;;;2240.0;TERRENO;CORSO CHIERI;SNC;45.0693666;7.7291768;Terreno agricolo;ND;Nessuno;Patrimonio indisponibile;Utilizzato direttamente;Attività agricola;;;;1;False
1946843;L219;370;;;760.0;TERRENO;CORSO KOSSUTH LUIGI;SNC;45.0686727;7.7253007;Terreno agricolo;ND;Nessuno;Patrimonio disponibile;Utilizzato direttamente;Attività agricola;;;;1;False
1946844;L219;391;;;464.0;TERRENO;PARCO MICHELOTTI IGNAZIO;SNC;45.0703603;7.7250015;Terreno agricolo;ND;Nessuno;Patrimonio indisponibile;Utilizzato direttamente;Parcheggio;;;;1;False
1946845;L219;546;;;30092.0;TERRENO;PARCO MICHELOTTI IGNAZIO;SNC;45.0687566;7.7143683;Terreno agricolo;ND;Nessuno;Patrimonio indisponibile;Utilizzato direttamente;Attività agricola;;;;1;False
1946847;L219;8;;;420.0;TERRENO;PARCO MICHELOTTI IGNAZIO;SNC;45.0678607;7.7102701;Terreno agricolo;ND;Nessuno;Patrimonio indisponibile;Utilizzato direttamente;Attività agricola;;;;1;False
1946848;L219;288;;;130.0;TERRENO;LUNGO PO MACHIAVELLI NICOLO';SNC;45.0682065;7.7059288;Terreno agricolo;ND;Nessuno;Patrimonio indisponibile;Utilizzato direttamente;Attività agricola;;;;1;False
1946849;L219;289;;;730.0;TERRENO;LUNGO PO MACHIAVELLI NICOLO';SNC;45.0684782;7.7068477;Terreno agricolo;ND;Nessuno;Patrimonio indisponibile;Utilizzato direttamente;Attività agricola;;;;1;False
1946850;L219;291;;;480.0;TERRENO;LUNGO PO MACHIAVELLI NICOLO';SNC;45.0688239;7.7084348;Terreno agricolo;ND;Nessuno;Patrimonio indisponibile;Utilizzato direttamente;Attività agricola;;;;1;False
1946851;L219;183;;;390.0;TERRENO;LUNGO PO MACHIAVELLI NICOLO';SNC;45.0680454;7.7052973;Pascolo;ND;Nessuno;Patrimonio indisponibile;Utilizzato direttamente;Attività agricola;;;;1;False
1946852;L219;277;;;790.0;TERRENO;LUNGO PO MACHIAVELLI NICOLO';SNC;45.0674199;7.7032391;Pascolo;ND;Nessuno;Patrimonio indisponibile;Utilizzato direttamente;Attività agricola;;;;1;False
1946853;L219;312;;;900.0;TERRENO;LUNGO PO MACHIAVELLI NICOLO';SNC;45.066904;7.7018399;Pascolo;ND;Nessuno;Patrimonio indisponibile;Utilizzato direttamente;Attività agricola;;;;1;False
1946854;L219;313;;;440.0;TERRENO;LUNGO PO MACHIAVELLI NICOLO';SNC;45.0677746;7.7043593;Pascolo;ND;Nessuno;Patrimonio indisponibile;Utilizzato direttamente;Attività agricola;;;;1;False
1946859;L219;58;;;2331.0;TERRENO;STRADA ALLA VETTA DELLA MADDALENA;SNC;45.035041;7.7195136;Terreno boscato o con vegetazione di vario tipo;ND;Nessuno;Patrimonio indisponibile;Utilizzato direttamente;Altro;;;;1;False
1946875;L219;59;;;2292.0;TERRENO;STRADA ALLA VETTA DELLA MADDALENA;SNC;45.0350327;7.7196923;Terreno boscato o con vegetazione di vario tipo;ND;Nessuno;Patrimonio indisponibile;Utilizzato direttamente;Altro;;;;1;False
1946876;L219;6;;;1398.0;TERRENO;STRADA ALLA VETTA DELLA MADDALENA;SNC;45.0376552;7.7132186;Terreno boscato o con vegetazione di vario tipo;ND;Nessuno;Patrimonio indisponibile;Utilizzato direttamente;Altro;;;;1;False
1946877;L219;62;;;3474.0;TERRENO;STRADA ALLA VETTA DELLA MADDALENA;SNC;45.0350243;7.7203096;Terreno boscato o con vegetazione di vario tipo;ND;Nessuno;Patrimonio indisponibile;Utilizzato direttamente;Altro;;;;1;False
1946878;L219;63;;;3789.0;TERRENO;STRADA ALLA VETTA DELLA MADDALENA;SNC;45.0347484;7.7208686;Terreno boscato o con vegetazione di vario tipo;ND;Nessuno;Patrimonio indisponibile;Utilizzato direttamente;Altro;;;;1;False
1946879;L219;64;;;3058.0;TERRENO;STRADA ALLA VETTA DELLA MADDALENA;SNC;45.035399;7.7213566;Pascolo;ND;Nessuno;Patrimonio indisponibile;Utilizzato direttamente;Attività agricola;;;;1;False
1946881;L219;7;;;13028.0;TERRENO;STRADA ALLA VETTA DELLA MADDALENA;SNC;45.0366474;7.7125147;Pascolo;ND;Nessuno;Patrimonio indisponibile;Utilizzato direttamente;Attività agricola;;;;1;False
1946882;L219;8;;;17620.0;TERRENO;STRADA ALLA VETTA DELLA MADDALENA;SNC;45.0366554;7.7137271;Pascolo;ND;Nessuno;Patrimonio indisponibile;Utilizzato direttamente;Attività agricola;;;;1;False
1946883;L219;88;;;10165.0;TERRENO;STRADA ALLA VETTA DELLA MADDALENA;SNC;45.0339729;7.7126935;Terreno boscato o con vegetazione di vario tipo;ND;Nessuno;Patrimonio indisponibile;Utilizzato direttamente;Altro;;;;1;False
1946884;L219;91;;;3977.0;TERRENO;STRADA ALLA VETTA DELLA MADDALENA;SNC;45.0328401;7.7116574;Terreno boscato o con vegetazione di vario tipo;ND;Nessuno;Patrimonio indisponibile;Utilizzato direttamente;Altro;;;;1;False
1947184;L219;92;;;3976.0;TERRENO;STRADA ALLA VETTA DELLA MADDALENA;SNC;45.0331193;7.7126186;Terreno boscato o con vegetazione di vario tipo;ND;Nessuno;Patrimonio indisponibile;Utilizzato direttamente;Altro;;;;1;False
1947185;L219;93;;;2236.0;TERRENO;STRADA ALLA VETTA DELLA MADDALENA;SNC;45.033442;7.7123909;Pascolo;ND;Nessuno;Patrimonio indisponibile;Utilizzato direttamente;Attività agricola;;;;1;False
1947186;L219;94;;;5833.0;TERRENO;STRADA ALLA VETTA DELLA MADDALENA;SNC;45.0334592;7.7133538;Terreno boscato o con vegetazione di vario tipo;ND;Nessuno;Patrimonio indisponibile;Utilizzato direttamente;Altro;;;;1;False
1947187;L219;95;;;5579.0;TERRENO;STRADA ALLA VETTA DELLA MADDALENA;SNC;45.0339448;7.715503;Terreno boscato o con vegetazione di vario tipo;ND;Nessuno;Patrimonio indisponibile;Utilizzato direttamente;Altro;;;;1;False
1947188;L219;96;;;4188.0;TERRENO;STRADA ALLA VETTA DELLA MADDALENA;SNC;45.0338034;7.720938;Terreno boscato o con vegetazione di vario tipo;ND;Nessuno;Patrimonio indisponibile;Utilizzato direttamente;Altro;;;;1;False
1947189;L219;97;;;2264.0;TERRENO;STRADA ALLA VETTA DELLA MADDALENA;SNC;45.0339513;7.7217515;Terreno boscato o con vegetazione di vario tipo;ND;Nessuno;Patrimonio indisponibile;Utilizzato direttamente;Altro;;;;1;False
1947190;L219;98;;;5522.0;TERRENO;STRADA ALLA VETTA DELLA MADDALENA;SNC;45.0334143;7.7214695;Terreno boscato o con vegetazione di vario tipo;ND;Nessuno;Patrimonio indisponibile;Utilizzato direttamente;Altro;;;;1;False
1947191;L219;99;;;11658.0;TERRENO;STRADA ALLA VETTA DELLA MADDALENA;SNC;45.0322868;7.7216408;Terreno boscato o con vegetazione di vario tipo;ND;Nessuno;Patrimonio indisponibile;Utilizzato direttamente;Altro;;;;1;False
1947192;L219;19;;;3920.0;TERRENO;STRADA VAL PATTONERA;SNC;45.0341144;7.6950041;Terreno agricolo;ND;Nessuno;Patrimonio indisponibile;Utilizzato direttamente;Attività agricola;;;;1;False
1947193;L219;216;;;380.0;TERRENO;STRADA SANTA MARGHERITA;SNC;45.0304976;7.6961408;Terreno agricolo;ND;Nessuno;Patrimonio indisponibile;Utilizzato direttamente;Attività agricola;;;;1;False
1947199;L219;1;;;660.0;TERRENO;VIALE XXV APRILE;SNC;45.0337718;7.689605;Terreno agricolo;ND;Nessuno;Patrimonio indisponibile;Utilizzato direttamente;Attività agricola;;;;1;False
1947200;L219;117;;;210.0;TERRENO;VIALE XXV APRILE;SNC;45.0315306;7.687077;Terreno agricolo;ND;Nessuno;Patrimonio indisponibile;Utilizzato direttamente;Attività agricola;;;;1;False
1947201;L219;141;;;340.0;TERRENO;VIALE XXV APRILE;SNC;45.0299178;7.6888631;Terreno agricolo;ND;Nessuno;Patrimonio indisponibile;Utilizzato direttamente;Attività agricola;;;;1;False
1947202;L219;143;;;400.0;TERRENO;VIALE XXV APRILE;SNC;45.0301441;7.6897911;Terreno boscato o con vegetazione di vario tipo;ND;Nessuno;Patrimonio indisponibile;Utilizzato direttamente;Altro;;;;1;False
1947203;L219;144;;;2910.0;TERRENO;VIALE XXV APRILE;SNC;45.0302984;7.6893444;Terreno boscato o con vegetazione di vario tipo;ND;Nessuno;Patrimonio indisponibile;Utilizzato direttamente;Altro;;;;1;False
1947204;L219;2;;;760.0;TERRENO;VIALE XXV APRILE;SNC;45.0336644;7.6894231;Terreno agricolo;ND;Nessuno;Patrimonio indisponibile;Utilizzato direttamente;Attività agricola;;;;1;False
1947205;L219;205;;;5650.0;TERRENO;VIALE XXV APRILE;SNC;45.0301246;7.6903875;Terreno boscato o con vegetazione di vario tipo;ND;Nessuno;Patrimonio indisponibile;Utilizzato direttamente;Altro;;;;1;False
1947206;L219;241;;;600.0;TERRENO;VIALE XXV APRILE;SNC;45.0292486;7.6902672;Terreno agricolo;ND;Nessuno;Patrimonio indisponibile;Utilizzato direttamente;Attività agricola;;;;1;False
1947207;L219;27;;;430.0;TERRENO;VIALE XXV APRILE;SNC;45.0334232;7.6899942;Terreno agricolo;ND;Nessuno;Patrimonio indisponibile;Utilizzato direttamente;Attività agricola;;;;1;False
1947208;L219;137;;;1310.0;TERRENO;strada degli alberoni;18;45.03268402;7.6814737;Terreno boscato o con vegetazione di vario tipo;ND;Nessuno;Patrimonio indisponibile;Utilizzato direttamente;Altro;;;;1;False
1947209;L219;240;;;182.0;TERRENO;CORSO MONCALIERI;SNC;45.03489188;7.67914473;Terreno agricolo;ND;Nessuno;Patrimonio indisponibile;Utilizzato direttamente;Attività agricola;;;;1;False
1947210;L219;255;;;46.0;TERRENO;CORSO MONCALIERI;SNC;45.03341915;7.67900168;Terreno boscato o con vegetazione di vario tipo;ND;Nessuno;Patrimonio indisponibile;Utilizzato direttamente;Altro;;;;1;False
1947212;L219;286;;;40.0;TERRENO;VIA SABAUDIA;SNC;45.0344317;7.68419055;Terreno boscato o con vegetazione di vario tipo;ND;Nessuno;Patrimonio indisponibile;Utilizzato direttamente;Altro;;;;1;False
1947213;L219;3;;;2148.0;TERRENO;VIA SABAUDIA;SNC;45.03509724;7.68329966;Terreno agricolo;ND;Nessuno;Patrimonio indisponibile;Utilizzato direttamente;Attività agricola;;;;1;False
1947219;L219;121;;;9421.0;TERRENO;STRADA DI CAVORETTO;SNC;45.0285406;7.6826968;Terreno agricolo;ND;Nessuno;Patrimonio indisponibile;Utilizzato direttamente;Attività agricola;;;;1;False
1947220;L219;135;;;300.0;TERRENO;STRADA DI CAVORETTO;SNC;45.0289737;7.6805858;Terreno agricolo;ND;Nessuno;Patrimonio indisponibile;Utilizzato direttamente;Attività agricola;;;;1;False
1947221;L219;136;;;48.0;TERRENO;STRADA DI CAVORETTO;SNC;45.0291792;7.6811931;Terreno agricolo;ND;Nessuno;Patrimonio indisponibile;Utilizzato direttamente;Attività agricola;;;;1;False
1947222;L219;137;;;600.0;TERRENO;STRADA DI CAVORETTO;SNC;45.0317714;7.6828736;Terreno agricolo;ND;Nessuno;Patrimonio indisponibile;Utilizzato direttamente;Attività agricola;;;;1;False
1947223;L219;14;;;1230.0;TERRENO;STRADA DI CAVORETTO;SNC;45.0308105;7.6853445;Terreno agricolo;ND;Nessuno;Patrimonio indisponibile;Utilizzato direttamente;Attività agricola;;;;1;False
1947228;L219;17;;;7390.0;TERRENO;STRADA DI CAVORETTO;SNC;45.0308738;7.6864841;Terreno boscato o con vegetazione di vario tipo;ND;Nessuno;Patrimonio indisponibile;Utilizzato direttamente;Altro;;;;1;False
1947229;L219;4;;;28280.0;TERRENO;STRADA DI CAVORETTO;SNC;45.0316341;7.6841332;Terreno boscato o con vegetazione di vario tipo;ND;Nessuno;Patrimonio indisponibile;Utilizzato direttamente;Altro;;;;1;False
1947230;L219;558;;;449.0;TERRENO;STRADA DI CAVORETTO;SNC;45.0283575;7.682441;Terreno agricolo;ND;Nessuno;Patrimonio indisponibile;Utilizzato direttamente;Attività agricola;;;;1;False
1947231;L219;73;;;6052.0;TERRENO;STRADA DI CAVORETTO;SNC;45.0297637;7.681355;Terreno agricolo;ND;Nessuno;Patrimonio indisponibile;Utilizzato direttamente;Attività agricola;;;;1;False
1947232;L219;79;;;20850.0;TERRENO;STRADA DI CAVORETTO;SNC;45.029997;7.6835465;Terreno agricolo;ND;Nessuno;Patrimonio indisponibile;Utilizzato direttamente;Attività agricola;;;;1;False
1947233;L219;170;;;3041.0;TERRENO;CORSO MONCALIERI;SNC;45.026435;7.6748975;Terreno agricolo;ND;Nessuno;Patrimonio indisponibile;Utilizzato direttamente;Attività agricola;;;;1;False
1947234;L219;172;;;697.0;TERRENO;CORSO MONCALIERI;SNC;45.0276082;7.674714;Pascolo;ND;Nessuno;Patrimonio indisponibile;Utilizzato direttamente;Attività agricola;;;;1;False
1947235;L219;65;;;11940.0;TERRENO;CORSO MONCALIERI;SNC;45.0247562;7.6750591;Terreno agricolo;ND;Nessuno;Patrimonio indisponibile;Utilizzato direttamente;Attività agricola;;;;1;False
1947236;L219;18;;;460.0;TERRENO;CORSO UNITA' D'ITALIA;SNC;45.0276874;7.6712683;Terreno agricolo;ND;Nessuno;Patrimonio indisponibile;Utilizzato direttamente;Attività agricola;;;;1;False
1947237;L219;19;;;39523.0;TERRENO;CORSO UNITA' D'ITALIA;SNC;45.0271516;7.6705273;Terreno agricolo;ND;Nessuno;Patrimonio indisponibile;Utilizzato direttamente;Attività agricola;;;;1;False
1947243;L219;43;;;12593.0;TERRENO;CORSO UNITA' D'ITALIA;SNC;45.028254;7.6703714;Terreno agricolo;ND;Nessuno;Patrimonio indisponibile;Utilizzato direttamente;Attività agricola;;;;1;False
1947244;L219;45;;;1937.0;TERRENO;VIA MILLEFONTI;SNC;45.0285766;7.6710536;Terreno agricolo;ND;Nessuno;Patrimonio disponibile;Non utilizzato;Non Dichiarato;;;;1;False
1947245;L219;48;;;6214.0;TERRENO;VIA RICHELMY PROSPERO;SNC;45.0312191;7.6725036;Terreno agricolo;ND;Nessuno;Patrimonio indisponibile;Utilizzato direttamente;Attività agricola;;;;1;False
1947246;L219;6;;;1320.0;TERRENO;VIA RICHELMY PROSPERO;SNC;45.0311945;7.6715902;Terreno agricolo;ND;Nessuno;Patrimonio indisponibile;Utilizzato direttamente;Attività agricola;;;;1;False
1947247;L219;8;;;550.0;TERRENO;VIA RICHELMY PROSPERO;SNC;45.0306627;7.6727016;Terreno agricolo;ND;Nessuno;Patrimonio indisponibile;Utilizzato direttamente;Attività agricola;;;;1;False
1947264;L219;17;;;1340.0;TERRENO;VIA DINA GIACOMO;SNC;45.0353837;7.6363263;Terreno agricolo;ND;Nessuno;Patrimonio indisponibile;Utilizzato direttamente;Attività agricola;;;;1;False
1947266;L219;47;;;5600.0;TERRENO;VIA DINA GIACOMO;SNC;45.0338063;7.6359017;Parco/Villa Comunale/Giardino Pubblico;ND;Nessuno;Patrimonio indisponibile;Utilizzato direttamente;Altro;;;;1;False
1947268;L219;199;;;8348.0;TERRENO;PIAZZA CARLO FELICE;SNC;45.0635289;7.6794493;Parco/Villa Comunale/Giardino Pubblico;ND;Nessuno;Patrimonio indisponibile;Utilizzato direttamente;Altro;;;;1;False
1947271;L219;123;;;12294.0;TERRENO;VIA RUFFINI FRATELLI;SNC;45.0579593;7.6335453;Parco/Villa Comunale/Giardino Pubblico;ND;Nessuno;Patrimonio indisponibile;Utilizzato direttamente;Altro;;;;1;False
1947272;L219;128;;;9.0;TERRENO;VIA RUFFINI FRATELLI;SNC;45.0581526;7.6330882;Parco/Villa Comunale/Giardino Pubblico;ND;Nessuno;Patrimonio indisponibile;Utilizzato direttamente;Altro;;;;1;False
1947273;L219;129;;;9.0;TERRENO;VIA RUFFINI FRATELLI;SNC;45.0580079;7.6336859;Parco/Villa Comunale/Giardino Pubblico;ND;Nessuno;Patrimonio indisponibile;Utilizzato direttamente;Altro;;;;1;False
1947275;L219;130;;;9.0;TERRENO;VIA RUFFINI FRATELLI;SNC;45.056849;7.6321262;Parco/Villa Comunale/Giardino Pubblico;ND;Nessuno;Patrimonio indisponibile;Utilizzato direttamente;Altro;;;;1;False
1947276;L219;131;;;9.0;TERRENO;VIA RUFFINI FRATELLI;SNC;45.0576252;7.633463;Parco/Villa Comunale/Giardino Pubblico;ND;Nessuno;Patrimonio indisponibile;Utilizzato direttamente;Altro;;;;1;False
1947278;L219;59;;;1330.0;TERRENO;VIA LANCIA VINCENZO;SNC;45.06184;7.63506;Terreno agricolo;ND;Nessuno;Patrimonio indisponibile;Utilizzato direttamente;Attività agricola;;;;1;False
1947279;L219;78;;;18056.0;TERRENO;VIA RUFFINI FRATELLI;SNC;45.0568522;7.6337544;Parco/Villa Comunale/Giardino Pubblico;ND;Nessuno;Patrimonio indisponibile;Utilizzato direttamente;Altro;;;;1;False
1947281;L219;50;;;16778.0;TERRENO;VIA RUFFINI FRATELLI;SNC;45.0573445;7.6308782;Terreno agricolo;ND;Nessuno;Patrimonio indisponibile;Utilizzato direttamente;Attività agricola;;;;1;False
1947282;L219;419;;;3018.0;TERRENO;Via Santa Maria Mazzarello;40;45.0618919;7.6242033;Parco/Villa Comunale/Giardino Pubblico;ND;Nessuno;Patrimonio indisponibile;Utilizzato direttamente;Altro;;;;1;False
1947382;L219;515;;;375.0;TERRENO;Via Santa Maria Mazzarello;40;45.0616294;7.6235214;Parco/Villa Comunale/Giardino Pubblico;ND;Nessuno;Patrimonio indisponibile;Utilizzato direttamente;Altro;;;;1;False
1947383;L219;324;;;1743.0;TERRENO;via bionaz;40;45.0623369;7.6188755;Terreno urbano;ND;Nessuno;Patrimonio indisponibile;Utilizzato direttamente;Altro;;;;1;False
1947384;L219;365;;;13865.0;TERRENO;STRADA DELLA PRONDA;SNC;45.060423;7.6147065;Terreno agricolo;ND;Nessuno;Patrimonio indisponibile;Utilizzato direttamente;Attività agricola;;;;1;False
1947385;L219;366;;;7510.0;TERRENO;STRADA DELLA PRONDA;SNC;45.0605162;7.6159501;Terreno agricolo;ND;Nessuno;Patrimonio indisponibile;Utilizzato direttamente;Attività agricola;;;;1;False
1947386;L219;367;;;125.0;TERRENO;STRADA DELLA PRONDA;SNC;45.0605335;7.6136362;Terreno agricolo;ND;Nessuno;Patrimonio indisponibile;Utilizzato direttamente;Attività agricola;;;;1;False
1947388;L219;374;;;222.0;TERRENO;STRADA DELLA PRONDA;SNC;45.0647022;7.615599;Terreno agricolo;ND;Nessuno;Patrimonio indisponibile;Utilizzato direttamente;Attività agricola;;;;1;False
1947389;L219;376;;;671.0;TERRENO;STRADA DELLA PRONDA;SNC;45.0627753;7.61444;Terreno agricolo;ND;Nessuno;Patrimonio indisponibile;Non utilizzato;Non Dichiarato;in locazione;1496.0;01/01/2017;1;False
1947390;L219;383;;;764.0;TERRENO;STRADA DELLA PRONDA;SNC;45.0649686;7.6157865;Terreno agricolo;ND;Nessuno;Patrimonio indisponibile;Utilizzato direttamente;Attività agricola;;;;1;False
1947391;L219;384;;;74.0;TERRENO;STRADA DELLA PRONDA;SNC;45.0650018;7.615381;Terreno agricolo;ND;Nessuno;Patrimonio indisponibile;Utilizzato direttamente;Attività agricola;;;;1;False
1947392;L219;386;;;296.0;TERRENO;STRADA DELLA PRONDA;SNC;45.0628783;7.6153495;Terreno agricolo;ND;Nessuno;Patrimonio indisponibile;Utilizzato direttamente;Attività agricola;;;;1;False
1947394;L219;410;;;422.0;TERRENO;STRADA DELLA PRONDA;SNC;45.0641757;7.6155043;Terreno agricolo;ND;Nessuno;Patrimonio indisponibile;Utilizzato direttamente;Attività agricola;;;;1;False
1947395;L219;413;;;85.0;TERRENO;STRADA DELLA PRONDA;SNC;45.0627962;7.6146481;Terreno agricolo;ND;Nessuno;Patrimonio indisponibile;Non utilizzato;Non Dichiarato;in locazione;1496.0;01/01/2017;1;False
1947396;L219;414;;;767.0;TERRENO;STRADA DELLA PRONDA;SNC;45.0627356;7.6148989;Terreno agricolo;ND;Nessuno;Patrimonio indisponibile;Non utilizzato;Non Dichiarato;in locazione;1496.0;01/01/2017;1;False
1947397;L219;415;;;303.0;TERRENO;STRADA DELLA PRONDA;SNC;45.062654;7.6151319;Terreno agricolo;ND;Nessuno;Patrimonio indisponibile;Utilizzato direttamente;Attività agricola;;;;1;False
1947398;L219;416;;;4817.0;TERRENO;STRADA DELLA PRONDA;SNC;45.0622686;7.6141753;Terreno agricolo;ND;Nessuno;Patrimonio indisponibile;Non utilizzato;Non Dichiarato;in locazione;1496.0;01/01/2017;1;False
1947399;L219;417;;;1238.0;TERRENO;STRADA DELLA PRONDA;SNC;45.0618946;7.6141387;Terreno agricolo;ND;Nessuno;Patrimonio indisponibile;Utilizzato direttamente;Attività agricola;;;;1;False
1947400;L219;418;;;44.0;TERRENO;STRADA DELLA PRONDA;SNC;45.062588;7.614659;Terreno agricolo;ND;Nessuno;Patrimonio indisponibile;Utilizzato direttamente;Attività agricola;;;;1;False
1947401;L219;419;;;3962.0;TERRENO;STRADA DELLA PRONDA;SNC;45.0621372;7.6148329;Terreno agricolo;ND;Nessuno;Patrimonio indisponibile;Non utilizzato;Non Dichiarato;in locazione;1496.0;01/01/2017;1;False
1947402;L219;420;;;603.0;TERRENO;STRADA DELLA PRONDA;SNC;45.0616456;7.6147237;Terreno agricolo;ND;Nessuno;Patrimonio indisponibile;Utilizzato direttamente;Attività agricola;;;;1;False
1947403;L219;421;;;956.0;TERRENO;STRADA DELLA PRONDA;SNC;45.0645829;7.615422;Terreno agricolo;ND;Nessuno;Patrimonio indisponibile;Utilizzato direttamente;Attività agricola;;;;1;False
1947404;L219;422;;;843.0;TERRENO;STRADA DELLA PRONDA;SNC;45.0637579;7.6154086;Terreno agricolo;ND;Nessuno;Patrimonio indisponibile;Utilizzato direttamente;Attività agricola;;;;1;False
1947405;L219;424;;;240.0;TERRENO;STRADA DELLA PRONDA;SNC;45.0645791;7.6153398;Terreno agricolo;ND;Nessuno;Patrimonio indisponibile;Utilizzato direttamente;Attività agricola;;;;1;False
1947406;L219;425;;;314.0;TERRENO;STRADA DELLA PRONDA;SNC;45.0637376;7.6153386;Terreno agricolo;ND;Nessuno;Patrimonio indisponibile;Utilizzato direttamente;Attività agricola;;;;1;False
1947407;L219;426;;;19943.0;TERRENO;STRADA DELLA PRONDA;SNC;45.0644725;7.6150128;Terreno agricolo;ND;Nessuno;Patrimonio indisponibile;Utilizzato direttamente;Attività agricola;;;;1;False
1947408;L219;427;;;1942.0;TERRENO;STRADA DELLA PRONDA;SNC;45.0635907;7.6152422;Terreno agricolo;ND;Nessuno;Patrimonio indisponibile;Non utilizzato;Non Dichiarato;in locazione;1496.0;01/01/2017;1;False
1947409;L219;428;;;54.0;TERRENO;STRADA DELLA PRONDA;SNC;45.0630414;7.614603;Terreno agricolo;ND;Nessuno;Patrimonio indisponibile;Utilizzato direttamente;Attività agricola;;;;1;False
1947410;L219;429;;;2501.0;TERRENO;STRADA DELLA PRONDA;SNC;45.064682;7.6146204;Terreno agricolo;ND;Nessuno;Patrimonio indisponibile;Non utilizzato;Non Dichiarato;in locazione;1496.0;01/01/2017;1;False
1947411;L219;430;;;6804.0;TERRENO;STRADA DELLA PRONDA;SNC;45.0641576;7.6144225;Terreno agricolo;ND;Nessuno;Patrimonio indisponibile;Non utilizzato;Non Dichiarato;in locazione;1496.0;01/01/2017;1;False
1947412;L219;432;;;1060.0;TERRENO;STRADA DELLA PRONDA;SNC;45.0630237;7.6155682;Terreno agricolo;ND;Nessuno;Patrimonio indisponibile;Utilizzato direttamente;Attività agricola;;;;1;False
1947413;L219;113;;;5229.0;TERRENO;STRADA DELLA PRONDA;SNC;45.0613567;7.6122356;Terreno agricolo;ND;Nessuno;Patrimonio indisponibile;Non utilizzato;Non Dichiarato;in locazione;1496.0;01/01/2017;1;False
1947414;L219;114;;;7861.0;TERRENO;STRADA DELLA PRONDA;SNC;45.0618848;7.6118599;Terreno agricolo;ND;Nessuno;Patrimonio indisponibile;Non utilizzato;Non Dichiarato;in locazione;1496.0;01/01/2017;1;False
1947415;L219;129;;;30.0;TERRENO;strada della pronda;165;45.0661219;7.6145997;Terreno boscato o con vegetazione di vario tipo;ND;Nessuno;Patrimonio indisponibile;Utilizzato direttamente;Altro;;;;1;False
1947416;L219;140;;;603.0;TERRENO;strada della pronda;165;45.0633028;7.613458;Terreno boscato o con vegetazione di vario tipo;ND;Nessuno;Patrimonio indisponibile;Utilizzato direttamente;Altro;;;;1;False
1947417;L219;144;;;2645.0;TERRENO;STRADA DELLA PRONDA;SNC;45.0607484;7.6142959;Terreno agricolo;ND;Nessuno;Patrimonio indisponibile;Non utilizzato;Non Dichiarato;in locazione;1496.0;01/01/2017;1;False
1947418;L219;145;;;4938.0;TERRENO;STRADA DELLA PRONDA;SNC;45.0612271;7.6141248;Terreno agricolo;ND;Nessuno;Patrimonio indisponibile;Non utilizzato;Non Dichiarato;in locazione;1496.0;01/01/2017;1;False
1947419;L219;147;;;16618.0;TERRENO;STRADA DELLA PRONDA;SNC;45.0610877;7.6108971;Terreno agricolo;ND;Nessuno;Patrimonio indisponibile;Non utilizzato;Non Dichiarato;in locazione;1496.0;01/01/2017;1;False
1947420;L219;148;;;2506.0;TERRENO;STRADA DELLA PRONDA;SNC;45.0620563;7.610755;Terreno agricolo;ND;Nessuno;Patrimonio indisponibile;Non utilizzato;Non Dichiarato;in locazione;1496.0;01/01/2017;1;False
1947421;L219;149;;;196.0;TERRENO;STRADA DELLA PRONDA;SNC;45.062486;7.6107442;Terreno agricolo;ND;Nessuno;Patrimonio indisponibile;Non utilizzato;Non Dichiarato;in locazione;1496.0;01/01/2017;1;False
1947422;L219;150;;;21281.0;TERRENO;STRADA DELLA PRONDA;SNC;45.0611169;7.6129261;Terreno agricolo;ND;Nessuno;Patrimonio indisponibile;Non utilizzato;Non Dichiarato;in locazione;1496.0;01/01/2017;1;False
1947424;L219;151;;;847.0;TERRENO;STRADA DELLA PRONDA;SNC;45.0601057;7.6132985;Terreno agricolo;ND;Nessuno;Patrimonio indisponibile;Non utilizzato;Non Dichiarato;in locazione;1496.0;01/01/2017;1;False
1947425;L219;152;;;2210.0;TERRENO;STRADA DELLA PRONDA;SNC;45.0626062;7.6113404;Terreno agricolo;ND;Nessuno;Patrimonio indisponibile;Non utilizzato;Non Dichiarato;in locazione;1496.0;01/01/2017;1;False
1947426;L219;153;;;2013.0;TERRENO;STRADA DELLA PRONDA;SNC;45.0629371;7.6108998;Terreno agricolo;ND;Nessuno;Patrimonio indisponibile;Non utilizzato;Non Dichiarato;in locazione;1496.0;01/01/2017;1;False
1947427;L219;154;;;2007.0;TERRENO;STRADA DELLA PRONDA;SNC;45.0612565;7.6136527;Terreno agricolo;ND;Nessuno;Patrimonio indisponibile;Non utilizzato;Non Dichiarato;in locazione;1496.0;01/01/2017;1;False
1947428;L219;155;;;844.0;TERRENO;STRADA DELLA PRONDA;SNC;45.061187;7.6137681;Terreno agricolo;ND;Nessuno;Patrimonio indisponibile;Non utilizzato;Non Dichiarato;in locazione;1496.0;01/01/2017;1;False
1947429;L219;116;;;1571.0;TERRENO;CORSO TAZZOLI ENRICO;SNC;45.0353645;7.6321252;Terreno agricolo;ND;Nessuno;Patrimonio indisponibile;Utilizzato direttamente;Attività agricola;;;;1;False
1947430;L219;156;;;11671.0;TERRENO;strada della pronda;165;45.0642643;7.6121763;Terreno agricolo;ND;Nessuno;Patrimonio indisponibile;Utilizzato direttamente;Attività agricola;;;;1;False
1947431;L219;162;;;3855.0;TERRENO;strada della pronda;165;45.0632861;7.6119231;Terreno agricolo;ND;Nessuno;Patrimonio indisponibile;Non utilizzato;Non Dichiarato;in locazione;1496.0;01/01/2017;1;False
1947432;L219;175;;;6.0;TERRENO;strada della pronda;165;45.0651513;7.6137234;Terreno boscato o con vegetazione di vario tipo;ND;Nessuno;Patrimonio indisponibile;Utilizzato direttamente;Altro;;;;1;False
1947433;L219;124;;;516.0;TERRENO;VIA NALLINO CARLO ALFONSO;SNC;45.0371616;7.6295183;Terreno agricolo;ND;Nessuno;Patrimonio indisponibile;Utilizzato direttamente;Attività agricola;;;;1;False
1947434;L219;179;;;427.0;TERRENO;strada della pronda;165;45.0653487;7.6130999;Terreno boscato o con vegetazione di vario tipo;ND;Nessuno;Patrimonio indisponibile;Utilizzato direttamente;Altro;;;;1;False
1947435;L219;126;;;107.0;TERRENO;VIA NALLINO CARLO ALFONSO;SNC;45.036866;7.6293135;Terreno agricolo;ND;Nessuno;Patrimonio indisponibile;Utilizzato direttamente;Attività agricola;;;;1;False
1947436;L219;181;;;149.0;TERRENO;strada della pronda;165;45.0657053;7.6131548;Terreno boscato o con vegetazione di vario tipo;ND;Nessuno;Patrimonio indisponibile;Utilizzato direttamente;Altro;;;;1;False
1947437;L219;128;;;76.0;TERRENO;VIA NALLINO CARLO ALFONSO;SNC;45.0367874;7.629389;Terreno agricolo;ND;Nessuno;Patrimonio indisponibile;Utilizzato direttamente;Attività agricola;;;;1;False
1947438;L219;190;;;638.0;TERRENO;strada della pronda;165;45.0650809;7.6134439;Terreno boscato o con vegetazione di vario tipo;ND;Nessuno;Patrimonio indisponibile;Utilizzato direttamente;Altro;;;;1;False
1947439;L219;129;;;56.0;TERRENO;VIA NALLINO CARLO ALFONSO;SNC;45.0370473;7.6295953;Terreno agricolo;ND;Nessuno;Patrimonio indisponibile;Utilizzato direttamente;Attività agricola;;;;1;False
1947440;L219;192;;;2236.0;TERRENO;strada della pronda;165;45.0648067;7.6141494;Terreno boscato o con vegetazione di vario tipo;ND;Nessuno;Patrimonio indisponibile;Utilizzato direttamente;Altro;;;;1;False
1947441;L219;157;;;3852.0;TERRENO;VIA NALLINO CARLO ALFONSO;SNC;45.03718827;7.6301727;Terreno agricolo;ND;Nessuno;Patrimonio indisponibile;Utilizzato direttamente;Attività agricola;;;;1;False
1947442;L219;197;;;1497.0;TERRENO;strada della pronda;165;45.0641975;7.6140545;Terreno boscato o con vegetazione di vario tipo;ND;Nessuno;Patrimonio indisponibile;Utilizzato direttamente;Altro;;;;1;False
1947443;L219;148;;;11201.0;TERRENO;CORSO TAZZOLI ENRICO;SNC;45.0337669;7.631849;Terreno agricolo;ND;Nessuno;Patrimonio indisponibile;Utilizzato direttamente;Attività agricola;;;;1;False
1947444;L219;201;;;69.0;TERRENO;strada della pronda;165;45.0634564;7.6130799;Terreno boscato o con vegetazione di vario tipo;ND;Nessuno;Patrimonio indisponibile;Utilizzato direttamente;Altro;;;;1;False
1947445;L219;203;;;1177.0;TERRENO;strada della pronda;165;45.0636168;7.6139227;Terreno boscato o con vegetazione di vario tipo;ND;Nessuno;Patrimonio indisponibile;Utilizzato direttamente;Altro;;;;1;False
1947446;L219;207;;;27.0;TERRENO;strada della pronda;165;45.0651115;7.613032;Terreno agricolo;ND;Nessuno;Patrimonio indisponibile;Utilizzato direttamente;Attività agricola;;;;1;False
1947447;L219;47;;;480.0;TERRENO;VIA NALLINO CARLO ALFONSO;SNC;45.0373902;7.6299123;Terreno agricolo;ND;Nessuno;Patrimonio indisponibile;Utilizzato direttamente;Attività agricola;;;;1;False
1947448;L219;208;;;27.0;TERRENO;strada della pronda;165;45.0651089;7.6130454;Terreno agricolo;ND;Nessuno;Patrimonio indisponibile;Utilizzato direttamente;Attività agricola;;;;1;False
1947449;L219;218;;;48.0;TERRENO;strada della pronda;165;45.0633702;7.6125381;Terreno agricolo;ND;Nessuno;Patrimonio indisponibile;Utilizzato direttamente;Attività agricola;;;;1;False
1947450;L219;220;;;31.0;TERRENO;strada della pronda;165;45.0630201;7.6124491;Terreno agricolo;ND;Nessuno;Patrimonio indisponibile;Utilizzato direttamente;Attività agricola;;;;1;False
1947451;L219;221;;;35.0;TERRENO;strada della pronda;165;45.0630156;7.6124618;Terreno agricolo;ND;Nessuno;Patrimonio indisponibile;Utilizzato direttamente;Attività agricola;;;;1;False
1947452;L219;227;;;937.0;TERRENO;strada della pronda;165;45.0633516;7.6127283;Terreno boscato o con vegetazione di vario tipo;ND;Nessuno;Patrimonio indisponibile;Utilizzato direttamente;Altro;;;;1;False
1947453;L219;228;;;93.0;TERRENO;strada della pronda;165;45.0631762;7.6126838;Terreno boscato o con vegetazione di vario tipo;ND;Nessuno;Patrimonio indisponibile;Utilizzato direttamente;Altro;;;;1;False
1947455;L219;232;;;3.0;TERRENO;strada della pronda;165;45.0632081;7.6125113;Terreno agricolo;ND;Nessuno;Patrimonio indisponibile;Utilizzato direttamente;Attività agricola;;;;1;False
1947457;L219;240;;;5.0;TERRENO;strada della pronda;165;45.0655152;7.6145473;Terreno boscato o con vegetazione di vario tipo;ND;Nessuno;Patrimonio indisponibile;Utilizzato direttamente;Altro;;;;1;False
1947458;L219;241;;;2151.0;TERRENO;strada della pronda;165;45.0637616;7.6141292;Terreno boscato o con vegetazione di vario tipo;ND;Nessuno;Patrimonio indisponibile;Utilizzato direttamente;Altro;;;;1;False
1947459;L219;242;;;1687.0;TERRENO;strada della pronda;165;45.0636542;7.6111482;Terreno agricolo;ND;Nessuno;Patrimonio indisponibile;Non utilizzato;Non Dichiarato;in locazione;1496.0;01/01/2017;1;False
1947460;L219;243;;;891.0;TERRENO;strada della pronda;165;45.0635281;7.6109781;Terreno agricolo;ND;Nessuno;Patrimonio indisponibile;Non utilizzato;Non Dichiarato;in locazione;1496.0;01/01/2017;1;False
1947461;L219;244;;;1203.0;TERRENO;strada della pronda;165;45.0634233;7.6109414;Terreno agricolo;ND;Nessuno;Patrimonio indisponibile;Utilizzato direttamente;Attività agricola;;;;1;False
1947462;L219;245;;;1667.0;TERRENO;strada della pronda;165;45.0632941;7.6108915;Terreno agricolo;ND;Nessuno;Patrimonio indisponibile;Utilizzato direttamente;Attività agricola;;;;1;False
1947463;L219;247;;;6.0;TERRENO;strada della pronda;165;45.0652342;7.6132436;Terreno boscato o con vegetazione di vario tipo;ND;Nessuno;Patrimonio indisponibile;Utilizzato direttamente;Altro;;;;1;False
1947464;L219;249;;;42.0;TERRENO;strada della pronda;165;45.0657488;7.6132046;Terreno boscato o con vegetazione di vario tipo;ND;Nessuno;Patrimonio indisponibile;Utilizzato direttamente;Altro;;;;1;False
1947465;L219;251;;;3.0;TERRENO;strada della pronda;165;45.0659819;7.613734;Terreno boscato o con vegetazione di vario tipo;ND;Nessuno;Patrimonio indisponibile;Utilizzato direttamente;Altro;;;;1;False
1947466;L219;252;;;43.0;TERRENO;strada della pronda;165;45.0659987;7.6138451;Terreno boscato o con vegetazione di vario tipo;ND;Nessuno;Patrimonio indisponibile;Utilizzato direttamente;Altro;;;;1;False
1947467;L219;255;;;20.0;TERRENO;strada della pronda;165;45.0660095;7.6139386;Terreno boscato o con vegetazione di vario tipo;ND;Nessuno;Patrimonio indisponibile;Utilizzato direttamente;Altro;;;;1;False
1947468;L219;257;;;730.0;TERRENO;strada della pronda;165;45.0660247;7.6142667;Terreno boscato o con vegetazione di vario tipo;ND;Nessuno;Patrimonio indisponibile;Utilizzato direttamente;Altro;;;;1;False
1947469;L219;258;;;263.0;TERRENO;strada della pronda;165;45.0659713;7.6145627;Terreno boscato o con vegetazione di vario tipo;ND;Nessuno;Patrimonio indisponibile;Utilizzato direttamente;Altro;;;;1;False
1947470;L219;260;;;445.0;TERRENO;strada della pronda;165;45.0653846;7.6131819;Terreno boscato o con vegetazione di vario tipo;ND;Nessuno;Patrimonio indisponibile;Utilizzato direttamente;Altro;;;;1;False
1947471;L219;262;;;1070.0;TERRENO;strada della pronda;165;45.0657995;7.6143079;Terreno boscato o con vegetazione di vario tipo;ND;Nessuno;Patrimonio indisponibile;Utilizzato direttamente;Altro;;;;1;False
1947472;L219;263;;;60.0;TERRENO;strada della pronda;165;45.0657168;7.6145517;Terreno boscato o con vegetazione di vario tipo;ND;Nessuno;Patrimonio indisponibile;Utilizzato direttamente;Altro;;;;1;False
1947473;L219;264;;;2355.0;TERRENO;strada della pronda;165;45.0653662;7.6142651;Terreno boscato o con vegetazione di vario tipo;ND;Nessuno;Patrimonio indisponibile;Utilizzato direttamente;Altro;;;;1;False
1947475;L219;265;;;14.0;TERRENO;strada della pronda;165;45.0655842;7.6145478;Terreno boscato o con vegetazione di vario tipo;ND;Nessuno;Patrimonio indisponibile;Utilizzato direttamente;Altro;;;;1;False
1947476;L219;268;;;19.0;TERRENO;strada della pronda;165;45.0651749;7.6132369;Terreno boscato o con vegetazione di vario tipo;ND;Nessuno;Patrimonio indisponibile;Utilizzato direttamente;Altro;;;;1;False
1947479;L219;272;;;1055.0;TERRENO;strada della pronda;165;45.0630165;7.61189;Terreno agricolo;ND;Nessuno;Patrimonio indisponibile;Utilizzato direttamente;Attività agricola;;;;1;False
1947480;L219;273;;;1445.0;TERRENO;strada della pronda;165;45.0628841;7.6118473;Terreno agricolo;ND;Nessuno;Patrimonio indisponibile;Utilizzato direttamente;Attività agricola;;;;1;False
1947481;L219;274;;;8.0;TERRENO;strada della pronda;165;45.0627783;7.612379;Terreno agricolo;ND;Nessuno;Patrimonio indisponibile;Utilizzato direttamente;Attività agricola;;;;1;False
1947482;L219;275;;;22.0;TERRENO;strada della pronda;165;45.0626649;7.6123558;Terreno agricolo;ND;Nessuno;Patrimonio indisponibile;Utilizzato direttamente;Attività agricola;;;;1;False
1947485;L219;287;;;1690.0;TERRENO;STRADA ANTICA DI GRUGLIASCO;SNC;45.0618818;7.608244;Terreno agricolo;ND;Nessuno;Patrimonio indisponibile;Utilizzato direttamente;Attività agricola;;;;1;False
1947486;L219;289;;;17.0;TERRENO;STRADA ANTICA DI GRUGLIASCO;SNC;45.0605825;7.6077282;Terreno agricolo;ND;Nessuno;Patrimonio indisponibile;Utilizzato direttamente;Attività agricola;;;;1;False
1947497;L219;10;;;1620.0;TERRENO;CORSO MONCALIERI;SNC;45.0635995;7.6991487;Terreno boscato o con vegetazione di vario tipo;ND;Nessuno;Patrimonio indisponibile;Utilizzato direttamente;Altro;;;;1;False
1947498;L219;133;;;900.0;TERRENO;CORSO MONCALIERI;SNC;45.0590718;7.6983674;Terreno agricolo;ND;Nessuno;Patrimonio indisponibile;Utilizzato direttamente;Attività agricola;;;;1;False
1947499;L219;139;;;1340.0;TERRENO;CORSO MONCALIERI;SNC;45.0595925;7.6981326;Parco/Villa Comunale/Giardino Pubblico;ND;Nessuno;Patrimonio indisponibile;Utilizzato direttamente;Altro;;;;1;False
1947500;L219;104;;;5860.0;TERRENO;CORSO TAZZOLI ENRICO;SNC;45.0365934;7.6278089;Terreno agricolo;ND;Nessuno;Patrimonio indisponibile;Utilizzato direttamente;Attività agricola;;;;1;False
1947501;L219;114;;;4150.0;TERRENO;CORSO TAZZOLI ENRICO;SNC;45.0353024;7.6269397;Terreno agricolo;ND;Nessuno;Patrimonio indisponibile;;Non Dichiarato;in concessione a titolo oneroso;1592.0;01/05/2015;1;False
1947502;L219;85;;;2280.0;TERRENO;CORSO MONCALIERI;SNC;45.0605408;7.6963056;Parco/Villa Comunale/Giardino Pubblico;ND;Nessuno;Patrimonio indisponibile;Utilizzato direttamente;Altro;;;;1;False
1947503;L219;87;;;16750.0;TERRENO;CORSO MONCALIERI;SNC;45.0604682;7.6979547;Parco/Villa Comunale/Giardino Pubblico;ND;Nessuno;Patrimonio indisponibile;Utilizzato direttamente;Altro;;;;1;False
1947505;L219;18;;;7699.0;TERRENO;CORSO TAZZOLI ENRICO;SNC;45.038112;7.6149651;Terreno agricolo;ND;Nessuno;Patrimonio indisponibile;Utilizzato direttamente;Attività agricola;;;;1;False
1947506;L219;34;;;246.0;TERRENO;CORSO TAZZOLI ENRICO;SNC;45.0369704;7.6162484;Terreno agricolo;ND;Nessuno;Patrimonio indisponibile;Utilizzato direttamente;Attività agricola;;;;1;False
1947507;L219;35;;;567.0;TERRENO;CORSO TAZZOLI ENRICO;SNC;45.037013;7.6163877;Terreno agricolo;ND;Nessuno;Patrimonio indisponibile;Utilizzato direttamente;Attività agricola;;;;1;False
1947508;L219;39;;;426.0;TERRENO;CORSO TAZZOLI ENRICO;SNC;45.0372516;7.6162618;Terreno agricolo;ND;Nessuno;Patrimonio indisponibile;Utilizzato direttamente;Attività agricola;;;;1;False
1947509;L219;40;;;294.0;TERRENO;CORSO TAZZOLI ENRICO;SNC;45.0373399;7.6164223;Terreno agricolo;ND;Nessuno;Patrimonio indisponibile;Utilizzato direttamente;Attività agricola;;;;1;False
1947510;L219;1;;;7970.0;TERRENO;PARCO MICHELOTTI IGNAZIO;SNC;45.0665106;7.7039011;Pascolo;ND;Nessuno;Patrimonio indisponibile;Utilizzato direttamente;Attività agricola;;;;1;False
1947511;L219;59;;;6990.0;TERRENO;CORSO TAZZOLI ENRICO;SNC;45.035981;7.6150581;Terreno agricolo;ND;Nessuno;Patrimonio indisponibile;Utilizzato direttamente;Attività agricola;;;;1;False
1947512;L219;60;;;770.0;TERRENO;CORSO TAZZOLI ENRICO;SNC;45.0357975;7.6156977;Terreno agricolo;ND;Nessuno;Patrimonio indisponibile;Utilizzato direttamente;Attività agricola;;;;1;False
1947513;L219;61;;;847.0;TERRENO;CORSO TAZZOLI ENRICO;SNC;45.0357604;7.615829;Terreno agricolo;ND;Nessuno;Patrimonio indisponibile;Utilizzato direttamente;Attività agricola;;;;1;False
1947514;L219;108;;;2485.0;TERRENO;STRADA DEL PORTONE;SNC;45.0335167;7.6103389;Terreno agricolo;ND;Nessuno;Patrimonio indisponibile;Utilizzato direttamente;Attività agricola;;;;1;False
1947515;L219;110;;;11501.0;TERRENO;STRADA DEL PORTONE;SNC;45.0333368;7.6109138;Terreno agricolo;ND;Nessuno;Patrimonio indisponibile;Utilizzato direttamente;Attività agricola;;;;1;False
1947516;L219;112;;;1473.0;TERRENO;STRADA DEL PORTONE;SNC;45.0328776;7.6131596;Terreno agricolo;ND;Nessuno;Patrimonio indisponibile;Utilizzato direttamente;Attività agricola;;;;1;False
1947517;L219;124;;;4247.0;TERRENO;STRADA DEL PORTONE;SNC;45.0326413;7.6117893;Terreno agricolo;ND;Nessuno;Patrimonio indisponibile;Utilizzato direttamente;Attività agricola;;;;1;False
1947518;L219;135;;;513.0;TERRENO;CORSO ORBASSANO;SNC;45.0329946;7.6185315;Terreno agricolo;ND;Nessuno;Patrimonio indisponibile;Utilizzato direttamente;Attività agricola;;;;1;False
1947519;L219;136;;;254.0;TERRENO;CORSO ORBASSANO;SNC;45.0336917;7.6200942;Terreno agricolo;ND;Nessuno;Patrimonio indisponibile;Utilizzato direttamente;Attività agricola;;;;1;False
1947520;L219;298;;;670.0;TERRENO;STRADA VAL SAN MARTINO SUPERIORE;SNC;45.0627312;7.7164826;Terreno agricolo;ND;Nessuno;Patrimonio indisponibile;Utilizzato direttamente;Attività agricola;;;;1;False
1947521;L219;302;;;1260.0;TERRENO;STRADA VAL SAN MARTINO SUPERIORE;SNC;45.0629016;7.7171543;Terreno agricolo;ND;Nessuno;Patrimonio indisponibile;Utilizzato direttamente;Attività agricola;;;;1;False
1947522;L219;87;;;34350.0;TERRENO;STRADA SANTA MARGHERITA;SNC;45.05757891;7.71147308;Terreno agricolo;ND;Dichiarazione di interesse culturale;Demanio;Utilizzato direttamente;Attività agricola;;;;1;False
1947523;L219;9;;;3740.0;TERRENO;CORSO PICCO ALBERTO;SNC;45.06061514;7.70825361;Terreno agricolo;ND;Nessuno;Patrimonio indisponibile;Utilizzato direttamente;Attività agricola;;;;1;False
1947524;L219;91;;;4590.0;TERRENO;STRADA SANTA MARGHERITA;SNC;45.05700646;7.71221367;Pascolo;ND;Dichiarazione di interesse culturale;Demanio;Utilizzato direttamente;Attività agricola;;;;1;False
1947525;L219;94;;;530.0;TERRENO;STRADA SANTA MARGHERITA;SNC;45.05649476;7.70688096;Pascolo;ND;Nessuno;Patrimonio indisponibile;Utilizzato direttamente;Attività agricola;;;;1;False
1947527;L219;154;;;6735.0;TERRENO;STRADA VAL SAN MARTINO SUPERIORE;SNC;45.0645394;7.7206896;Terreno boscato o con vegetazione di vario tipo;ND;Nessuno;Patrimonio indisponibile;Utilizzato direttamente;Altro;;;;1;False
1947528;L219;155;;;3250.0;TERRENO;STRADA VAL SAN MARTINO SUPERIORE;SNC;45.0639701;7.7209282;Terreno agricolo;ND;Nessuno;Patrimonio indisponibile;Utilizzato direttamente;Attività agricola;;;;1;False
1947529;L219;156;;;4801.0;TERRENO;STRADA VAL SAN MARTINO SUPERIORE;SNC;45.0637076;7.7215799;Terreno boscato o con vegetazione di vario tipo;ND;Nessuno;Patrimonio indisponibile;;Non Dichiarato;in concessione a titolo oneroso;1497.0;01/06/2022;1;False
1947530;L219;207;;;8870.0;TERRENO;STRADA VAL SAN MARTINO SUPERIORE;SNC;45.063146;7.7210961;Terreno boscato o con vegetazione di vario tipo;ND;Nessuno;Patrimonio indisponibile;Utilizzato direttamente;Altro;;;;1;False
1947532;L219;209;;;1505.0;TERRENO;STRADA VAL SAN MARTINO SUPERIORE;SNC;45.0629175;7.7199615;Terreno agricolo;ND;Nessuno;Patrimonio indisponibile;Utilizzato direttamente;Attività agricola;;;;1;False
1947533;L219;210;;;3790.0;TERRENO;STRADA VAL SAN MARTINO SUPERIORE;SNC;45.0628087;7.7202764;Terreno agricolo;ND;Nessuno;Patrimonio indisponibile;Utilizzato direttamente;Attività agricola;;;;1;False
1947534;L219;213;;;130.0;TERRENO;STRADA VAL SAN MARTINO SUPERIORE;SNC;45.0623033;7.7194024;Terreno agricolo;ND;Nessuno;Patrimonio indisponibile;Utilizzato direttamente;Attività agricola;;;;1;False
1947535;L219;215;;;220.0;TERRENO;STRADA VAL SAN MARTINO SUPERIORE;SNC;45.0619797;7.7201384;Terreno agricolo;ND;Nessuno;Patrimonio indisponibile;Utilizzato direttamente;Attività agricola;;;;1;False
1947536;L219;216;;;10190.0;TERRENO;STRADA VAL SAN MARTINO SUPERIORE;SNC;45.0623162;7.7208538;Terreno agricolo;ND;Nessuno;Patrimonio indisponibile;Utilizzato direttamente;Attività agricola;;;;1;False
1947537;L219;218;;;10810.0;TERRENO;STRADA VAL SAN MARTINO SUPERIORE;SNC;45.0623522;7.7228458;Terreno boscato o con vegetazione di vario tipo;ND;Nessuno;Patrimonio indisponibile;Utilizzato direttamente;Altro;;;;1;False
1947538;L219;219;;;350.0;TERRENO;STRADA VAL SAN MARTINO SUPERIORE;SNC;45.06303;7.723366;Terreno agricolo;ND;Nessuno;Patrimonio indisponibile;Utilizzato direttamente;Attività agricola;;;;1;False
1947539;L219;244;;;210.0;TERRENO;VIA TABACCHI ODOARDO;SNC;45.0649907;7.7252436;Terreno agricolo;ND;Nessuno;Patrimonio indisponibile;Utilizzato direttamente;Attività agricola;;;;1;False
1947540;L219;245;;;690.0;TERRENO;VIA TABACCHI ODOARDO;SNC;45.0645093;7.7256176;Terreno agricolo;ND;Nessuno;Patrimonio indisponibile;Utilizzato direttamente;Attività agricola;;;;1;False
1947541;L219;246;;;14.0;TERRENO;VIA TABACCHI ODOARDO;SNC;45.0651423;7.7251747;Terreno agricolo;ND;Nessuno;Patrimonio indisponibile;Utilizzato direttamente;Attività agricola;;;;1;False
1947542;L219;249;;;66.0;TERRENO;VIA TABACCHI ODOARDO;SNC;45.0654591;7.7245531;Terreno agricolo;ND;Nessuno;Patrimonio indisponibile;;Non Dichiarato;in concessione a titolo oneroso;892.0;01/04/2021;1;False
1947543;L219;250;;;515.0;TERRENO;STRADA VAL SAN MARTINO SUPERIORE;SNC;45.0635887;7.721057;Terreno boscato o con vegetazione di vario tipo;ND;Nessuno;Patrimonio indisponibile;Utilizzato direttamente;Altro;;;;1;False
1947544;L219;261;;;275.0;TERRENO;VIA TABACCHI ODOARDO;SNC;45.0653559;7.7247157;Terreno agricolo;ND;Nessuno;Patrimonio indisponibile;Utilizzato direttamente;Attività agricola;;;;1;False
1947545;L219;262;;;196.0;TERRENO;VIA TABACCHI ODOARDO;SNC;45.0651591;7.7250214;Terreno agricolo;ND;Nessuno;Patrimonio indisponibile;Utilizzato direttamente;Attività agricola;;;;1;False
1947546;L219;296;;;4061.0;TERRENO;LARGO TABACCHI ODOARDO;SNC;45.065967;7.7219887;Terreno agricolo;ND;Nessuno;Patrimonio indisponibile;Utilizzato direttamente;Attività agricola;;;;1;False
1947547;L219;265;;;65.0;TERRENO;LARGO TABACCHI ODOARDO;SNC;45.0662451;7.7218772;Terreno agricolo;ND;Nessuno;Patrimonio indisponibile;Utilizzato direttamente;Attività agricola;;;;1;False
1947548;L219;289;;;253.0;TERRENO;STRADA COMUNALE VAL SAN MARTINO;SNC;45.062127;7.7200906;Terreno agricolo;ND;Nessuno;Patrimonio indisponibile;Utilizzato direttamente;Attività agricola;;;;1;False
1947549;L219;30;;;4210.0;TERRENO;LARGO TABACCHI ODOARDO;SNC;45.0669177;7.7210334;Terreno agricolo;ND;Nessuno;Patrimonio indisponibile;Utilizzato direttamente;Attività agricola;;;;1;False
1947550;L219;73;;;846.0;TERRENO;VIA TABACCHI ODOARDO;SNC;45.0647984;7.7255812;Terreno agricolo;ND;Nessuno;Patrimonio indisponibile;Utilizzato direttamente;Attività agricola;;;;1;False
1947551;L219;129;;;295.0;TERRENO;STRADA SANTA MARGHERITA;SNC;45.0586269;7.7442906;Terreno boscato o con vegetazione di vario tipo;ND;Nessuno;Patrimonio indisponibile;Utilizzato direttamente;Altro;;;;1;False
1947552;L219;145;;;3488.0;TERRENO;STRADA DEL CRESTO;SNC;45.0590772;7.7459675;Terreno agricolo;ND;Nessuno;Patrimonio indisponibile;Utilizzato direttamente;Attività agricola;;;;1;False
1947553;L219;146;;;1286.0;TERRENO;STRADA DEL CRESTO;SNC;45.0587505;7.7464686;Terreno boscato o con vegetazione di vario tipo;ND;Nessuno;Patrimonio indisponibile;Utilizzato direttamente;Altro;;;;1;False
1947554;L219;147;;;8268.0;TERRENO;STRADA DEL CRESTO;SNC;45.0591237;7.7468171;Terreno agricolo;ND;Nessuno;Patrimonio indisponibile;Utilizzato direttamente;Attività agricola;;;;1;False
1947555;L219;148;;;1436.0;TERRENO;STRADA DEL CRESTO;SNC;45.0592792;7.7470278;Terreno agricolo;ND;Nessuno;Patrimonio indisponibile;Utilizzato direttamente;Attività agricola;;;;1;False
1947556;L219;250;;;5859.0;TERRENO;STRADA DEL PORTONE;SNC;45.032877;7.6114209;Terreno agricolo;ND;Nessuno;Patrimonio indisponibile;Utilizzato direttamente;Attività agricola;;;;1;False
1947557;L219;37;;;242.0;TERRENO;STRADA DEL CARTMAN;SNC;45.0641074;7.7574243;Terreno urbano;ND;Nessuno;Patrimonio indisponibile;Utilizzato direttamente;Altro;;;;1;False
1947558;L219;174;;;1623.0;TERRENO;CORSO CHIERI;SNC;45.05605426;7.74554978;Terreno boscato o con vegetazione di vario tipo;ND;Nessuno;Patrimonio indisponibile;;Non Dichiarato;in locazione;230.0;01/06/2008;1;False
1947562;L219;77;;;570.0;TERRENO;STRADA FORNI E GOFFI;SNC;45.0573513;7.74342023;Terreno agricolo;ND;Nessuno;Patrimonio indisponibile;Utilizzato direttamente;Attività agricola;;;;1;False
1947563;L219;59;;;630.0;TERRENO;STRADA DEL PORTONE;SNC;45.0336491;7.6116577;Terreno boscato o con vegetazione di vario tipo;ND;Nessuno;Patrimonio indisponibile;Utilizzato direttamente;Altro;;;;1;False
1947564;L219;78;;;1527.0;TERRENO;STRADA FORNI E GOFFI;SNC;45.05728165;7.74368749;Terreno agricolo;ND;Nessuno;Patrimonio indisponibile;Utilizzato direttamente;Attività agricola;;;;1;False
1947565;L219;61;;;810.0;TERRENO;STRADA DEL PORTONE;SNC;45.0329643;7.6131798;Terreno boscato o con vegetazione di vario tipo;ND;Nessuno;Patrimonio indisponibile;Utilizzato direttamente;Altro;;;;1;False
1947566;L219;62;;;591.0;TERRENO;STRADA DEL PORTONE;SNC;45.0325908;7.6140913;Terreno boscato o con vegetazione di vario tipo;ND;Nessuno;Patrimonio indisponibile;Utilizzato direttamente;Altro;;;;1;False
1947567;L219;45;;;1078.0;TERRENO;STRADA SANTA MARGHERITA;SNC;45.0528132;7.7181553;Terreno boscato o con vegetazione di vario tipo;ND;Nessuno;Patrimonio indisponibile;Utilizzato direttamente;Altro;;;;1;False
1947568;L219;93;;;4167.0;TERRENO;Strada Comunale Val San Martino;SNC;45.0524364;7.7194465;Terreno boscato o con vegetazione di vario tipo;ND;Nessuno;Patrimonio indisponibile;Utilizzato direttamente;Altro;;;;1;False
1947569;L219;90;;;325.0;TERRENO;corso orbassano;402;45.0337347;7.6180878;Terreno agricolo;ND;Nessuno;Patrimonio disponibile;Utilizzato direttamente;Parcheggio;;;;1;False
1947570;L219;95;;;1750.0;TERRENO;Strada Comunale Val San Martino;SNC;45.0521644;7.7221089;Terreno agricolo;ND;Nessuno;Patrimonio indisponibile;Utilizzato direttamente;Attività agricola;;;;1;False
1947571;L219;12;;;1249.0;TERRENO;STRADA DEL PORTONE;SNC;45.0338011;7.6066761;Terreno agricolo;ND;Nessuno;Patrimonio indisponibile;;Non Dichiarato;in locazione;2414.0;01/11/2019;1;False
1947573;L219;16;;;6980.0;TERRENO;STRADA DEL PORTONE;SNC;45.0311277;7.5959023;Terreno agricolo;ND;Nessuno;Patrimonio indisponibile;Utilizzato direttamente;Attività agricola;in locazione;246.0;01/02/2021;1;False
1947574;L219;182;;;4789.0;TERRENO;STRADA DEL NOBILE;SNC;45.0522898;7.7080891;Terreno boscato o con vegetazione di vario tipo;ND;Nessuno;Patrimonio indisponibile;;Non Dichiarato;in concessione a titolo oneroso;3727.0;01/01/2022;1;False
1947575;L219;19;;;6915.0;TERRENO;STRADA DEL PORTONE;SNC;45.0293473;7.6023775;Terreno agricolo;ND;Nessuno;Patrimonio indisponibile;Utilizzato direttamente;Attività agricola;;;;1;False
1947576;L219;223;;;1494.0;TERRENO;strada del nobile;36;45.0525228;7.710947;Terreno agricolo;ND;Nessuno;Patrimonio indisponibile;Utilizzato direttamente;Attività agricola;;;;1;False
1947577;L219;2;;;28003.0;TERRENO;STRADA DEL PORTONE;SNC;45.0338168;7.60566;Terreno agricolo;ND;Nessuno;Patrimonio indisponibile;Utilizzato direttamente;Attività agricola;;;;1;False
1947578;L219;224;;;7441.0;TERRENO;strada del nobile;36;45.0519416;7.7122086;Terreno agricolo;ND;Nessuno;Patrimonio indisponibile;Utilizzato direttamente;Attività agricola;;;;1;False
1947579;L219;20;;;9092.0;TERRENO;STRADA DEL PORTONE;SNC;45.0308069;7.6039771;Terreno agricolo;ND;Nessuno;Patrimonio indisponibile;Utilizzato direttamente;Attività agricola;;;;1;False
1947580;L219;22;;;14510.0;TERRENO;STRADA DEL PORTONE;SNC;45.0318368;7.6045069;Terreno agricolo;ND;Nessuno;Patrimonio indisponibile;Utilizzato direttamente;Attività agricola;;;;1;False
1947581;L219;23;;;5260.0;TERRENO;STRADA DEL PORTONE;SNC;45.0328695;7.6051917;Terreno agricolo;ND;Nessuno;Patrimonio indisponibile;Utilizzato direttamente;Attività agricola;;;;1;False
1947682;L219;24;;;8250.0;TERRENO;STRADA DEL PORTONE;SNC;45.033064;7.6062551;Terreno agricolo;ND;Nessuno;Patrimonio indisponibile;Utilizzato direttamente;Attività agricola;;;;1;False
1947683;L219;21;;;170.0;TERRENO;STRADA DI PECETTO;SNC;45.056838;7.7066041;Terreno agricolo;ND;Nessuno;Patrimonio indisponibile;Utilizzato direttamente;Attività agricola;;;;1;False
1947684;L219;38;;;6920.0;TERRENO;STRADA DEL PORTONE;SNC;45.0350039;7.6065276;Terreno agricolo;ND;Nessuno;Patrimonio indisponibile;Utilizzato direttamente;Attività agricola;;;;1;False
1947685;L219;28;;;4190.0;TERRENO;STRADA SANTA MARGHERITA;SNC;45.0558007;7.7091283;Terreno agricolo;ND;Dichiarazione di interesse culturale;Demanio;Utilizzato direttamente;Attività agricola;;;;1;False
1947686;L219;4;;;6600.0;TERRENO;STRADA DEL PORTONE;SNC;45.0350671;7.6048516;Terreno agricolo;ND;Nessuno;Patrimonio indisponibile;Utilizzato direttamente;Attività agricola;;;;1;False
1947687;L219;40;;;5027.0;TERRENO;STRADA DEL PORTONE;SNC;45.0342547;7.6060714;Terreno agricolo;ND;Nessuno;Patrimonio indisponibile;Utilizzato direttamente;Attività agricola;;;;1;False
1947688;L219;42;;;3845.0;TERRENO;STRADA DEL PORTONE;SNC;45.0295871;7.6042815;Terreno agricolo;ND;Nessuno;Patrimonio indisponibile;Utilizzato direttamente;Attività agricola;;;;1;False
1947689;L219;43;;;8368.0;TERRENO;STRADA DEL PORTONE;SNC;45.0302986;7.6048712;Terreno agricolo;ND;Nessuno;Patrimonio indisponibile;;Non Dichiarato;in concessione a titolo oneroso;22500.0;01/06/2006;1;False
1947690;L219;44;;;22362.0;TERRENO;STRADA DEL PORTONE;SNC;45.0316587;7.6066954;Terreno agricolo;ND;Nessuno;Patrimonio indisponibile;;Non Dichiarato;in locazione;14604.0;01/11/2015;1;False
1947691;L219;45;;;6029.0;TERRENO;STRADA DEL PORTONE;SNC;45.0299988;7.6070956;Terreno agricolo;ND;Nessuno;Patrimonio indisponibile;;Non Dichiarato;in locazione;22700.0;01/07/2011;1;False
1947692;L219;47;;;365.0;TERRENO;STRADA DEL PORTONE;SNC;45.0344268;7.6098242;Terreno boscato o con vegetazione di vario tipo;ND;Nessuno;Patrimonio indisponibile;Utilizzato direttamente;Altro;;;;1;False
1947693;L219;5;;;13930.0;TERRENO;STRADA DEL PORTONE;SNC;45.0355199;7.6058679;Terreno agricolo;ND;Nessuno;Patrimonio indisponibile;Utilizzato direttamente;Attività agricola;;;;1;False
1947694;L219;31;;;8490.0;TERRENO;STRADA SANTA MARGHERITA;SNC;45.0566126;7.7099899;Terreno boscato o con vegetazione di vario tipo;ND;Dichiarazione di interesse culturale;Demanio;Utilizzato direttamente;Altro;;;;1;False
1947695;L219;32;;;2750.0;TERRENO;STRADA SANTA MARGHERITA;SNC;45.0562857;7.7102967;Terreno agricolo;ND;Dichiarazione di interesse culturale;Demanio;Utilizzato direttamente;Attività agricola;;;;1;False
1947696;L219;181;;;850.0;TERRENO;STRADA DI PECETTO;SNC;45.0576088;7.7064149;Terreno boscato o con vegetazione di vario tipo;ND;Nessuno;Patrimonio indisponibile;Utilizzato direttamente;Altro;;;;1;False
1947697;L219;85;;;1460.0;TERRENO;VIA VILLA DELLA REGINA;SNC;45.0594991;7.70494;Terreno boscato o con vegetazione di vario tipo;ND;Nessuno;Patrimonio indisponibile;Utilizzato direttamente;Altro;;;;1;False
1947698;L219;59;;;132332.0;TERRENO;STRADA DEL PORTONE;SNC;45.0355168;7.5943163;Terreno agricolo;ND;Nessuno;Patrimonio indisponibile;Non utilizzato;Non Dichiarato;in locazione;246.0;01/02/2021;1;False
1947699;L219;64;;;52054.0;TERRENO;STRADA DEL PORTONE;SNC;45.0366688;7.6025602;Terreno agricolo;ND;Nessuno;Patrimonio indisponibile;Utilizzato direttamente;Attività agricola;;;;1;False
1947700;L219;66;;;17281.0;TERRENO;STRADA DEL PORTONE;SNC;45.0309272;7.6078551;Terreno agricolo;ND;Nessuno;Patrimonio indisponibile;Utilizzato direttamente;Attività agricola;;;;1;False
1947701;L219;10;;;200.0;TERRENO;STRADA DEL PORTONE;SNC;45.0397822;7.5971868;Terreno agricolo;ND;Nessuno;Patrimonio indisponibile;Utilizzato direttamente;Attività agricola;;;;1;False
1947702;L219;15;;;4160.0;TERRENO;STRADA DEL PORTONE;SNC;45.0373408;7.590311;Terreno agricolo;ND;Nessuno;Patrimonio indisponibile;Utilizzato direttamente;Attività agricola;;;;1;False
1947703;L219;32;;;750.0;TERRENO;STRADA DEL PORTONE;SNC;45.0349647;7.5882251;Terreno agricolo;ND;Nessuno;Patrimonio indisponibile;Utilizzato direttamente;Attività agricola;;;;1;False
1947704;L219;46;;;23.0;TERRENO;STRADA DEL PORTONE;SNC;45.0409352;7.5882954;Terreno agricolo;ND;Nessuno;Patrimonio disponibile;Utilizzato direttamente;Attività agricola;;;;1;False
1947705;L219;48;;;170.0;TERRENO;STRADA DEL PORTONE;SNC;45.0410344;7.5880888;Terreno agricolo;ND;Nessuno;Patrimonio disponibile;Utilizzato direttamente;Attività agricola;;;;1;False
1947706;L219;78;;;27749.0;TERRENO;STRADA DEL PORTONE;SNC;45.0383312;7.5988219;Terreno agricolo;ND;Nessuno;Patrimonio indisponibile;Utilizzato direttamente;Attività agricola;;;;1;False
1947707;L219;8;;;2220.0;TERRENO;STRADA DEL PORTONE;SNC;45.0406182;7.5946605;Terreno agricolo;ND;Nessuno;Patrimonio indisponibile;Utilizzato direttamente;Attività agricola;;;;1;False
1947708;L219;128;;;25810.0;TERRENO;CORSO MONCALIERI;SNC;45.0546867;7.6897656;Parco/Villa Comunale/Giardino Pubblico;ND;Nessuno;Patrimonio indisponibile;Utilizzato direttamente;Altro;;;;1;False
1947709;L219;81P;;;83875.0;TERRENO;STRADA DEL PORTONE;SNC;45.03206;7.61204;Terreno agricolo;ND;Nessuno;Patrimonio indisponibile;Utilizzato direttamente;Attività agricola;;;;1;False
1947710;L219;83;;;1177.0;TERRENO;STRADA DEL PORTONE;SNC;45.0407813;7.5944918;Terreno agricolo;ND;Nessuno;Patrimonio indisponibile;Utilizzato direttamente;Attività agricola;;;;1;False
1947711;L219;85;;;210.0;TERRENO;STRADA DEL PORTONE;SNC;45.0420625;7.5925433;Terreno agricolo;ND;Nessuno;Patrimonio indisponibile;Utilizzato direttamente;Attività agricola;;;;1;False
1947712;L219;86;;;23766.0;TERRENO;STRADA DEL PORTONE;SNC;45.0399634;7.5920435;Terreno agricolo;ND;Nessuno;Patrimonio indisponibile;Utilizzato direttamente;Attività agricola;;;;1;False
1947713;L219;88;;;4121.0;TERRENO;STRADA DEL PORTONE;SNC;45.0422004;7.5907985;Terreno agricolo;ND;Nessuno;Patrimonio disponibile;Utilizzato direttamente;Attività agricola;;;;1;False
1947715;L219;15;;;46518.0;TERRENO;CORSO D'AZEGLIO MASSIMO;SNC;45.0578664;7.6883778;Terreno agricolo;ND;Nessuno;Patrimonio indisponibile;Utilizzato direttamente;Attività agricola;;;;1;False
1947717;L219;24;;;26525.0;TERRENO;CORSO D'AZEGLIO MASSIMO;SNC;45.056994;7.6898002;Terreno agricolo;ND;Nessuno;Patrimonio indisponibile;Utilizzato direttamente;Attività agricola;;;;1;False
1947718;L219;2;;;3170.0;TERRENO;CORSO D'AZEGLIO MASSIMO;SNC;45.0557587;7.6857276;Terreno agricolo;ND;Nessuno;Patrimonio indisponibile;Utilizzato direttamente;Attività agricola;;;;1;False
1947719;L219;25;;;3930.0;TERRENO;CORSO D'AZEGLIO MASSIMO;SNC;45.0538298;7.6844204;Terreno agricolo;ND;Nessuno;Patrimonio indisponibile;Utilizzato direttamente;Attività agricola;;;;1;False
1947720;L219;118;;;3310.0;TERRENO;CORSO TAZZOLI ENRICO;SNC;45.0266666;7.6384186;Terreno agricolo;ND;Nessuno;Patrimonio indisponibile;;Non Dichiarato;in locazione;35356.0;01/09/2017;1;False
1947721;L219;26;;;1060.0;TERRENO;CORSO D'AZEGLIO MASSIMO;SNC;45.0536715;7.6849102;Terreno agricolo;ND;Nessuno;Patrimonio indisponibile;Utilizzato direttamente;Attività agricola;;;;1;False
1947722;L219;162;;;5004.0;TERRENO;CORSO TAZZOLI ENRICO;SNC;45.0241235;7.6360315;Terreno agricolo;ND;Nessuno;Patrimonio indisponibile;Utilizzato direttamente;Attività agricola;;;;1;False
1947723;L219;115P;;;1535.0;TERRENO;VIA VOLI MELCHIORRE;SNC;45.0263;7.6416;Terreno agricolo;ND;Nessuno;Patrimonio indisponibile;Utilizzato direttamente;Attività agricola;;;;1;False
1947724;L219;171;;;746.0;TERRENO;CORSO TRAIANO;SNC;45.0254514;7.644413;Terreno urbano;ND;Nessuno;Patrimonio indisponibile;Utilizzato direttamente;Altro;;;;1;False
1947725;L219;30;;;9.0;TERRENO;PARCO VALENTINO;SNC;45.0529299;7.6854531;Terreno urbano;ND;Nessuno;Patrimonio indisponibile;Utilizzato direttamente;Altro;;;;1;False
1947726;L219;172;;;6918.0;TERRENO;CORSO TRAIANO;SNC;45.0250408;7.643344;Terreno agricolo;ND;Nessuno;Patrimonio indisponibile;Utilizzato direttamente;Attività agricola;;;;1;False
1947727;L219;31;;;13.0;TERRENO;PARCO VALENTINO;SNC;45.0531461;7.6858718;Terreno urbano;ND;Nessuno;Patrimonio indisponibile;Utilizzato direttamente;Altro;;;;1;False
1947728;L219;173;;;766.0;TERRENO;CORSO TRAIANO;SNC;45.0253122;7.6435632;Terreno agricolo;ND;Nessuno;Patrimonio indisponibile;Utilizzato direttamente;Attività agricola;;;;1;False
1947729;L219;174;;;436.0;TERRENO;CORSO TRAIANO;SNC;45.0249524;7.6440716;Terreno urbano;ND;Nessuno;Patrimonio indisponibile;Utilizzato direttamente;Altro;;;;1;False
1947730;L219;34;;;3090.0;TERRENO;CORSO D'AZEGLIO MASSIMO;SNC;45.052814;7.68376;Terreno agricolo;ND;Nessuno;Patrimonio indisponibile;Utilizzato direttamente;Attività agricola;;;;1;False
1947731;L219;187;;;1542.0;TERRENO;CORSO TRAIANO;SNC;45.0261827;7.6450228;Terreno urbano;ND;Nessuno;Patrimonio indisponibile;Utilizzato direttamente;Altro;;;;1;False
1947732;L219;37;;;7180.0;TERRENO;CORSO D'AZEGLIO MASSIMO;SNC;45.0524425;7.6860134;Terreno agricolo;ND;Nessuno;Patrimonio indisponibile;Utilizzato direttamente;Attività agricola;;;;1;False
1947733;L219;188;;;370.0;TERRENO;CORSO TRAIANO;SNC;45.0262822;7.6457073;Terreno agricolo;ND;Nessuno;Patrimonio indisponibile;Utilizzato direttamente;Attività agricola;;;;1;False
1947734;L219;40;;;1490.0;TERRENO;CORSO D'AZEGLIO MASSIMO;SNC;45.0523396;7.683356;Terreno agricolo;ND;Nessuno;Patrimonio indisponibile;Utilizzato direttamente;Attività agricola;;;;1;False
1947735;L219;192;;;1062.0;TERRENO;VIA VOLI MELCHIORRE;SNC;45.0264931;7.6423363;Terreno agricolo;ND;Nessuno;Patrimonio indisponibile;Utilizzato direttamente;Attività agricola;;;;1;False
1947736;L219;42;;;38061.0;TERRENO;CORSO D'AZEGLIO MASSIMO;SNC;45.0506877;7.6849179;Terreno agricolo;ND;Nessuno;Patrimonio indisponibile;Utilizzato direttamente;Attività agricola;;;;1;False
1947737;L219;193;;;854.0;TERRENO;VIA VOLI MELCHIORRE;SNC;45.0261706;7.642963;Terreno agricolo;ND;Nessuno;Patrimonio indisponibile;Utilizzato direttamente;Attività agricola;;;;1;False
1947738;L219;208;;;625.0;TERRENO;CORSO TRAIANO;SNC;45.0257749;7.645791;Terreno agricolo;ND;Nessuno;Patrimonio indisponibile;Utilizzato direttamente;Attività agricola;;;;1;False
1947739;L219;210;;;236.0;TERRENO;CORSO TRAIANO;SNC;45.0253684;7.6435056;Terreno agricolo;ND;Nessuno;Patrimonio indisponibile;Utilizzato direttamente;Attività agricola;;;;1;False
1947741;L219;213;;;21.0;TERRENO;CORSO TRAIANO;SNC;45.0257907;7.6451205;Terreno agricolo;ND;Nessuno;Patrimonio indisponibile;Utilizzato direttamente;Attività agricola;;;;1;False
1947742;L219;215;;;15.0;TERRENO;CORSO TRAIANO;SNC;45.0256704;7.645469;Terreno agricolo;ND;Nessuno;Patrimonio indisponibile;Utilizzato direttamente;Attività agricola;;;;1;False
1947743;L219;76;;;15574.0;TERRENO;VIALE VIRGILIO;SNC;45.05196001;7.68644448;Terreno agricolo;ND;Nessuno;Patrimonio indisponibile;Utilizzato direttamente;Attività agricola;;;;1;False
1947744;L219;23;;;1705.0;TERRENO;VIA VOLI MELCHIORRE;SNC;45.0276585;7.6435964;Terreno agricolo;ND;Nessuno;Patrimonio indisponibile;Utilizzato direttamente;Attività agricola;;;;1;False
1947747;L219;37;;;5960.0;TERRENO;VIA PASSO BUOLE;SNC;45.026882;7.6483944;Terreno agricolo;ND;Nessuno;Patrimonio indisponibile;Utilizzato direttamente;Attività agricola;;;;1;False
1947748;L219;48;;;890.0;TERRENO;VIA PASSO BUOLE;SNC;45.0270462;7.6477957;Terreno agricolo;ND;Nessuno;Patrimonio indisponibile;Utilizzato direttamente;Attività agricola;;;;1;False
1947750;L219;62;;;14911.0;TERRENO;VIA PASSO BUOLE;SNC;45.0265439;7.649988;Terreno agricolo;ND;Nessuno;Patrimonio indisponibile;Utilizzato direttamente;Attività agricola;;;;1;False
1947751;L219;64;;;6392.0;TERRENO;VIA PASSO BUOLE;SNC;45.0267369;7.6490914;Terreno agricolo;ND;Nessuno;Patrimonio indisponibile;Utilizzato direttamente;Attività agricola;;;;1;False
1947752;L219;75;;;458.0;TERRENO;VIA PASSO BUOLE;SNC;45.0272953;7.6480014;Terreno urbano;ND;Nessuno;Patrimonio indisponibile;Utilizzato direttamente;Altro;;;;1;False
1947753;L219;10;;;7860.0;TERRENO;VIA PASSO BUOLE;SNC;45.02535153;7.64813391;Terreno agricolo;ND;Nessuno;Patrimonio indisponibile;Utilizzato direttamente;Attività agricola;;;;1;False
1947754;L219;16;;;8550.0;TERRENO;VIA PASSO BUOLE;SNC;45.0249859;7.65063914;Terreno agricolo;ND;Nessuno;Patrimonio indisponibile;Utilizzato direttamente;Attività agricola;;;;1;False
1947755;L219;23;;;4128.0;TERRENO;VIA PASSO BUOLE;SNC;45.02517;7.65162;Terreno agricolo;ND;Nessuno;Patrimonio indisponibile;Utilizzato direttamente;Attività agricola;;;;1;False
1947756;L219;24;;;3941.0;TERRENO;VIA PASSO BUOLE;SNC;45.02517;7.65162;Terreno agricolo;ND;Nessuno;Patrimonio indisponibile;Utilizzato direttamente;Attività agricola;;;;1;False
1947757;L219;25;;;1445.0;TERRENO;VIA PASSO BUOLE;SNC;45.02431199;7.64841701;Terreno agricolo;ND;Nessuno;Patrimonio indisponibile;Utilizzato direttamente;Attività agricola;;;;1;False
1947758;L219;26;;;1520.0;TERRENO;VIA PASSO BUOLE;SNC;45.02450544;7.64949003;Terreno agricolo;ND;Nessuno;Patrimonio indisponibile;Utilizzato direttamente;Attività agricola;;;;1;False
1947759;L219;27;;;6580.0;TERRENO;VIA PASSO BUOLE;SNC;45.0242271;7.65019606;Terreno agricolo;ND;Nessuno;Patrimonio indisponibile;Utilizzato direttamente;Attività agricola;;;;1;False
1947760;L219;44;;;10439.0;TERRENO;VIA PASSO BUOLE;SNC;45.02517;7.65162;Terreno agricolo;ND;Nessuno;Patrimonio indisponibile;Utilizzato direttamente;Attività agricola;;;;1;False
1947761;L219;45;;;4430.0;TERRENO;VIA PASSO BUOLE;SNC;45.02368501;7.64978025;Terreno agricolo;ND;Nessuno;Patrimonio indisponibile;Utilizzato direttamente;Attività agricola;;;;1;False
1947762;L219;59;;;1900.0;TERRENO;VIA PASSO BUOLE;SNC;45.02517895;7.64991039;Terreno agricolo;ND;Nessuno;Patrimonio indisponibile;Utilizzato direttamente;Attività agricola;;;;1;False
1947763;L219;174;;;1322.0;TERRENO;CORSO ALLAMANO GIUSEPPE CANONICO;SNC;45.051226;7.6243672;Terreno urbano;ND;Nessuno;Patrimonio indisponibile;Utilizzato direttamente;Parcheggio;;;;1;False
1947764;L219;7;;;713.0;TERRENO;VIA PASSO BUOLE;SNC;45.02517;7.65162;Terreno agricolo;ND;Nessuno;Patrimonio indisponibile;Utilizzato direttamente;Attività agricola;;;;1;False
1947765;L219;101P;;;1926.0;TERRENO;VIA MONFALCONE;SNC;45.04849;7.64776;Terreno agricolo;ND;Nessuno;Patrimonio indisponibile;Utilizzato direttamente;Attività agricola;;;;1;False
1947766;L219;81;;;780.0;TERRENO;VIA PASSO BUOLE;SNC;45.02459171;7.64760439;Terreno agricolo;ND;Nessuno;Patrimonio indisponibile;Utilizzato direttamente;Attività agricola;;;;1;False
1947767;L219;102;;;510.0;TERRENO;VIA MONFALCONE;SNC;45.0518634;7.6329491;Terreno agricolo;ND;Nessuno;Patrimonio indisponibile;Utilizzato direttamente;Attività agricola;;;;1;False
1947768;L219;156;;;620.0;TERRENO;VIA ARBE;SNC;45.054928;7.6310824;Terreno agricolo;ND;Nessuno;Patrimonio indisponibile;Utilizzato direttamente;Attività agricola;;;;1;False
1947769;L219;181;;;120.0;TERRENO;VIA ARBE;SNC;45.0539999;7.6306256;Terreno urbano;ND;Nessuno;Patrimonio indisponibile;Utilizzato direttamente;Attività agricola;;;;1;False
1947770;L219;198P;;;8076.0;TERRENO;VIA MONFALCONE;SNC;45.04849;7.64776;Terreno agricolo;ND;Nessuno;Patrimonio indisponibile;Utilizzato direttamente;Attività agricola;;;;1;False
1947771;L219;213P;;;7988.0;TERRENO;VIA MONFALCONE;SNC;45.04849;7.64776;Terreno agricolo;ND;Nessuno;Patrimonio indisponibile;Utilizzato direttamente;Attività agricola;;;;1;False
1947772;L219;216;;;353.0;TERRENO;VIA ARBE;SNC;45.0549843;7.6313049;Terreno agricolo;ND;Nessuno;Patrimonio indisponibile;Utilizzato direttamente;Attività agricola;;;;1;False
1947773;L219;222;;;407.0;TERRENO;VIA ARBE;SNC;45.055541;7.6323808;Terreno urbano;ND;Nessuno;Patrimonio indisponibile;Utilizzato direttamente;Attività agricola;;;;1;False
1947774;L219;251;;;470.0;TERRENO;VIA ARBE;SNC;45.0551748;7.6309917;Terreno agricolo;ND;Nessuno;Patrimonio indisponibile;Utilizzato direttamente;Attività agricola;;;;1;False
1947775;L219;277;;;633.0;TERRENO;VIA ARBE;SNC;45.0537497;7.632;Terreno agricolo;ND;Nessuno;Patrimonio indisponibile;Utilizzato direttamente;Attività agricola;;;;1;False
1947776;L219;279;;;166.0;TERRENO;VIA ARBE;SNC;45.0536462;7.6318229;Terreno agricolo;ND;Nessuno;Patrimonio indisponibile;Utilizzato direttamente;Attività agricola;;;;1;False
1947778;L219;77;;;330.0;TERRENO;VIA MONFALCONE;SNC;45.0524859;7.6317939;Terreno agricolo;ND;Nessuno;Patrimonio indisponibile;Utilizzato direttamente;Attività agricola;;;;1;False
1947779;L219;78P;;;5302.0;TERRENO;VIA MONFALCONE;SNC;45.04849;7.64776;Terreno agricolo;ND;Nessuno;Patrimonio indisponibile;Utilizzato direttamente;Attività agricola;;;;1;False
1947780;L219;146;;;7970.0;TERRENO;VIA OSOPPO;SNC;45.0521588;7.6382322;Terreno agricolo;ND;Nessuno;Patrimonio indisponibile;Utilizzato direttamente;Attività agricola;;;;1;False
1947782;L219;263;;;49.0;TERRENO;VIA RICALDONE;SNC;45.0508011;7.6443148;Terreno agricolo;ND;Nessuno;Patrimonio indisponibile;Utilizzato direttamente;Attività agricola;;;;1;False
1947783;L219;273;;;582.0;TERRENO;VIA OSOPPO;SNC;45.0515244;7.6436689;Terreno agricolo;ND;Nessuno;Patrimonio indisponibile;Utilizzato direttamente;Attività agricola;;;;1;False
1947784;L219;276;;;3397.0;TERRENO;VIA OSOPPO;SNC;45.0518279;7.6426885;Terreno agricolo;ND;Nessuno;Patrimonio indisponibile;Utilizzato direttamente;Attività agricola;;;;1;False
1947790;L219;9;;;13129.0;TERRENO;VIA PASSO BUOLE;SNC;45.02563069;7.6473378;Terreno agricolo;ND;Nessuno;Patrimonio indisponibile;Utilizzato direttamente;Attività agricola;;;;1;False
1947791;L219;5;;;3260.0;TERRENO;VIA OLIVERO PIER DOMENICO;SNC;45.0289158;7.6533954;Terreno agricolo;ND;Nessuno;Patrimonio indisponibile;Utilizzato direttamente;Attività agricola;;;;1;False
1947806;L219;474;;;1422.0;TERRENO;VIA PASSO BUOLE;SNC;45.0226908;7.6591023;Terreno agricolo;ND;Nessuno;Patrimonio indisponibile;Utilizzato direttamente;Attività agricola;;;;1;False
1947807;L219;4;;;33700.0;TERRENO;CORSO UNITA' D'ITALIA;SNC;45.0250004;7.6699618;Terreno agricolo;ND;Nessuno;Patrimonio indisponibile;Utilizzato direttamente;Attività agricola;;;;1;False
1947808;L219;3;;;1500.0;TERRENO;STRADA SANTA MARGHERITA;SNC;45.0185119;7.6694592;Terreno agricolo;ND;Nessuno;Patrimonio indisponibile;Utilizzato direttamente;Attività agricola;;;;1;False
1947809;L219;46;;;6250.0;TERRENO;CORSO UNITA' D'ITALIA;SNC;45.0202246;7.6701161;Parco/Villa Comunale/Giardino Pubblico;ND;Nessuno;Patrimonio indisponibile;Utilizzato direttamente;Altro;;;;1;False
1947810;L219;48;;;1363.0;TERRENO;STRADA SANTA MARGHERITA;SNC;45.0201426;7.672941;Terreno agricolo;ND;Nessuno;Patrimonio indisponibile;Utilizzato direttamente;Attività agricola;;;;1;False
1947811;L219;50;;;7528.0;TERRENO;STRADA SANTA MARGHERITA;SNC;45.0170488;7.6737888;Terreno agricolo;ND;Nessuno;Patrimonio indisponibile;Utilizzato direttamente;Attività agricola;;;;1;False
1947812;L219;52;;;1164.0;TERRENO;STRADA SANTA MARGHERITA;SNC;45.0169135;7.674809;Terreno agricolo;ND;Nessuno;Patrimonio indisponibile;Utilizzato direttamente;Attività agricola;;;;1;False
1947813;L219;53;;;4304.0;TERRENO;STRADA SANTA MARGHERITA;SNC;45.0178658;7.6736914;Terreno agricolo;ND;Nessuno;Patrimonio indisponibile;Utilizzato direttamente;Attività agricola;;;;1;False
1947814;L219;55;;;1956.0;TERRENO;STRADA SANTA MARGHERITA;SNC;45.0187528;7.6727716;Terreno agricolo;ND;Nessuno;Patrimonio indisponibile;Utilizzato direttamente;Attività agricola;;;;1;False
1947815;L219;227;;;3527.0;TERRENO;CORSO MONCALIERI;SNC;45.01712851;7.67691519;Pascolo;ND;Nessuno;Patrimonio indisponibile;Utilizzato direttamente;Attività agricola;;;;1;False
1947816;L219;145;;;705.0;TERRENO;CORSO MONCALIERI;SNC;45.0166663;7.6771641;Terreno agricolo;ND;Nessuno;Patrimonio indisponibile;Utilizzato direttamente;Attività agricola;;;;1;False
1947817;L219;148;;;685.0;TERRENO;CORSO MONCALIERI;SNC;45.0165104;7.6773012;Terreno agricolo;ND;Nessuno;Patrimonio indisponibile;Utilizzato direttamente;Attività agricola;;;;1;False
1947818;L219;162;;;1525.0;TERRENO;CORSO MONCALIERI;SNC;45.0192298;7.6746198;Terreno urbano;ND;Nessuno;Patrimonio indisponibile;Utilizzato direttamente;Altro;;;;1;False
1947819;L219;183;;;78.0;TERRENO;CORSO MONCALIERI;SNC;45.0185852;7.6749027;Terreno boscato o con vegetazione di vario tipo;ND;Nessuno;Patrimonio indisponibile;Utilizzato direttamente;Altro;;;;1;False
1947820;L219;185;;;686.0;TERRENO;CORSO MONCALIERI;SNC;45.018302;7.6749978;Terreno agricolo;ND;Nessuno;Patrimonio indisponibile;Utilizzato direttamente;Attività agricola;;;;1;False
1947821;L219;187;;;285.0;TERRENO;CORSO MONCALIERI;SNC;45.0183833;7.6753371;Terreno agricolo;ND;Nessuno;Patrimonio indisponibile;Utilizzato direttamente;Attività agricola;;;;1;False
1947822;L219;189;;;897.0;TERRENO;CORSO MONCALIERI;SNC;45.0180081;7.6753307;Pascolo;ND;Nessuno;Patrimonio indisponibile;Utilizzato direttamente;Attività agricola;;;;1;False
1947823;L219;196;;;1751.0;TERRENO;CORSO MONCALIERI;SNC;45.0172845;7.6774593;Terreno agricolo;ND;Nessuno;Patrimonio indisponibile;Utilizzato direttamente;Attività agricola;;;;1;False
1947824;L219;49;;;964.0;TERRENO;corso moncalieri;494;45.0197181;7.6764212;Terreno agricolo;ND;Nessuno;Patrimonio indisponibile;Utilizzato direttamente;Attività agricola;;;;1;False
1947825;L219;71;;;500.0;TERRENO;CORSO MONCALIERI;SNC;45.0185103;7.6765478;Terreno agricolo;ND;Nessuno;Patrimonio indisponibile;Utilizzato direttamente;Attività agricola;;;;1;False
1947827;L219;216;;;110.0;TERRENO;CORSO MONCALIERI;SNC;45.0233989;7.6761025;Terreno agricolo;ND;Nessuno;Patrimonio indisponibile;Utilizzato direttamente;Attività agricola;;;;1;False
1947828;L219;218;;;94.0;TERRENO;CORSO MONCALIERI;SNC;45.0232134;7.6762448;Terreno agricolo;ND;Nessuno;Patrimonio indisponibile;Utilizzato direttamente;Attività agricola;;;;1;False
1947829;L219;220;;;122.0;TERRENO;CORSO MONCALIERI;SNC;45.0230236;7.6763521;Terreno agricolo;ND;Nessuno;Patrimonio indisponibile;Utilizzato direttamente;Attività agricola;;;;1;False
1947830;L219;222;;;160.0;TERRENO;CORSO MONCALIERI;SNC;45.0229139;7.6764068;Terreno agricolo;ND;Nessuno;Patrimonio indisponibile;Utilizzato direttamente;Attività agricola;;;;1;False
1947831;L219;223;;;295.0;TERRENO;CORSO MONCALIERI;SNC;45.022985;7.6765798;Terreno agricolo;ND;Nessuno;Patrimonio indisponibile;Utilizzato direttamente;Attività agricola;;;;1;False
1947832;L219;232;;;170.0;TERRENO;CORSO MONCALIERI;SNC;45.0233221;7.6756994;Parco/Villa Comunale/Giardino Pubblico;ND;Nessuno;Patrimonio indisponibile;Utilizzato direttamente;Altro;;;;1;False
1947833;L219;35;;;1519.0;TERRENO;CORSO MONCALIERI;SNC;45.0232125;7.6756962;Terreno agricolo;ND;Nessuno;Patrimonio indisponibile;Utilizzato direttamente;Attività agricola;;;;1;False
1947834;L219;37;;;1491.0;TERRENO;CORSO MONCALIERI;SNC;45.0230619;7.6757874;Terreno agricolo;ND;Nessuno;Patrimonio indisponibile;Utilizzato direttamente;Attività agricola;;;;1;False
1947835;L219;38;;;1658.0;TERRENO;CORSO MONCALIERI;SNC;45.0229434;7.6758511;Terreno agricolo;ND;Nessuno;Patrimonio indisponibile;Utilizzato direttamente;Attività agricola;;;;1;False
1947836;L219;39;;;1355.0;TERRENO;CORSO MONCALIERI;SNC;45.0228218;7.6759349;Terreno agricolo;ND;Nessuno;Patrimonio indisponibile;Utilizzato direttamente;Attività agricola;;;;1;False
1947837;L219;74;;;5470.0;TERRENO;CORSO MONCALIERI;SNC;45.0223204;7.6752326;Terreno boscato o con vegetazione di vario tipo;ND;Nessuno;Patrimonio indisponibile;Utilizzato direttamente;Altro;;;;1;False
1947838;L219;98P;;;1064.0;TERRENO;STRADA DEI RONCHI;SNC;45.02855;7.69336;Terreno boscato o con vegetazione di vario tipo;ND;Nessuno;Patrimonio indisponibile;Utilizzato direttamente;Altro;;;;1;False
1947839;L219;181;;;2180.0;TERRENO;VIA VIGLIANI ONORATO;SNC;45.0186576;7.6587045;Terreno agricolo;ND;Nessuno;Patrimonio indisponibile;Utilizzato direttamente;Attività agricola;;;;1;False
1947840;L219;263;;;1880.0;TERRENO;CORSO MARONCELLI PIETRO;SNC;45.0175028;7.6646918;Terreno agricolo;ND;Nessuno;Patrimonio indisponibile;Utilizzato direttamente;Attività agricola;;;;1;False
1947841;L219;271;;;1230.0;TERRENO;VIA VIGLIANI ONORATO;SNC;45.0171027;7.658918;Terreno agricolo;ND;Nessuno;Patrimonio indisponibile;Utilizzato direttamente;Attività agricola;;;;1;False
1947842;L219;365;;;612.0;TERRENO;CORSO MARONCELLI PIETRO;SNC;45.0172171;7.6647023;Terreno agricolo;ND;Nessuno;Patrimonio indisponibile;Utilizzato direttamente;Attività agricola;;;;1;False
1947843;L219;444;;;556.0;TERRENO;VIA TORRAZZA PIEMONTE;SNC;45.0166379;7.658294;Terreno agricolo;ND;Nessuno;Patrimonio indisponibile;Utilizzato direttamente;Attività agricola;;;;1;False
1947844;L219;445;;;701.0;TERRENO;VIA TORRAZZA PIEMONTE;SNC;45.016861;7.6574958;Terreno agricolo;ND;Nessuno;Patrimonio indisponibile;Utilizzato direttamente;Attività agricola;;;;1;False
1947845;L219;446;;;109.0;TERRENO;via torrazza piemonte;25;45.0167993;7.6576724;Terreno agricolo;ND;Nessuno;Patrimonio indisponibile;Non utilizzato;Non Dichiarato;;;;1;False
1947848;L219;19;;;10690.0;TERRENO;STRADA DELLE CACCE;SNC;45.0178022;7.6392424;Terreno agricolo;ND;Nessuno;Patrimonio indisponibile;Utilizzato direttamente;Attività agricola;;;;1;False
1947849;L219;69;;;55.0;TERRENO;STRADA CASTELLO DI MIRAFIORI;SNC;45.0175635;7.6462794;Terreno agricolo;ND;Nessuno;Patrimonio indisponibile;Utilizzato direttamente;Attività agricola;;;;1;False
1947850;L219;71;;;3631.0;TERRENO;STRADA CASTELLO DI MIRAFIORI;SNC;45.0164262;7.6475245;Terreno agricolo;ND;Nessuno;Patrimonio indisponibile;Utilizzato direttamente;Attività agricola;;;;1;False
1947851;L219;90;;;6946.0;TERRENO;STRADA CASTELLO DI MIRAFIORI;SNC;45.0170508;7.647324;Terreno agricolo;ND;Nessuno;Patrimonio indisponibile;Utilizzato direttamente;Attività agricola;;;;1;False
1947852;L219;110;;;5780.0;TERRENO;VIA NICHELINO;SNC;45.0233298;7.6398607;Terreno agricolo;ND;Nessuno;Patrimonio indisponibile;Utilizzato direttamente;Attività agricola;;;;1;False
1947853;L219;128;;;690.0;TERRENO;VIA CERCENASCO;SNC;45.0235827;7.6396846;Terreno agricolo;ND;Nessuno;Patrimonio disponibile;Non utilizzato;Non Dichiarato;;;;1;False
1947854;L219;257;;;408.0;TERRENO;STRADA DELLE CACCE;SNC;45.0189924;7.6390524;Terreno agricolo;ND;Nessuno;Patrimonio indisponibile;Utilizzato direttamente;Attività agricola;;;;1;False
1947855;L219;261;;;1107.0;TERRENO;STRADA DELLE CACCE;SNC;45.019071;7.6387549;Terreno agricolo;ND;Nessuno;Patrimonio indisponibile;Utilizzato direttamente;Attività agricola;;;;1;False
1947856;L219;263;;;59.0;TERRENO;STRADA DELLE CACCE;SNC;45.0191142;7.6384322;Terreno agricolo;ND;Nessuno;Patrimonio indisponibile;Utilizzato direttamente;Attività agricola;;;;1;False
1947857;L219;264;;;57.0;TERRENO;STRADA DELLE CACCE;SNC;45.0192814;7.6385648;Terreno agricolo;ND;Nessuno;Patrimonio indisponibile;Utilizzato direttamente;Attività agricola;;;;1;False
1947859;L219;114;;;2764.0;TERRENO;VIA FACCIOLI ARISTIDE;SNC;45.01715;7.6184093;Terreno agricolo;ND;Nessuno;Patrimonio indisponibile;Utilizzato direttamente;Attività agricola;;;;1;False
1947860;L219;7;;;11839.0;TERRENO;VIA FACCIOLI ARISTIDE;SNC;45.0178585;7.6189479;Terreno agricolo;ND;Nessuno;Patrimonio indisponibile;Utilizzato direttamente;Attività agricola;;;;1;False
1947862;L219;15;;;7061.0;TERRENO;STRADA DEL DROSSO;SNC;45.0194101;7.5922242;Terreno agricolo;ND;Nessuno;Patrimonio indisponibile;Utilizzato direttamente;Attività agricola;;;;1;False
1947863;L219;18;;;2439.0;TERRENO;STRADA DEL DROSSO;SNC;45.0187425;7.5920143;Terreno agricolo;ND;Nessuno;Patrimonio indisponibile;Utilizzato direttamente;Attività agricola;;;;1;False
1947864;L219;19;;;884.0;TERRENO;STRADA DEL DROSSO;SNC;45.0184339;7.5923025;Terreno boscato o con vegetazione di vario tipo;ND;Nessuno;Patrimonio indisponibile;Utilizzato direttamente;Altro;;;;1;False
1947866;L219;33;;;51910.0;TERRENO;STRADA DEL DROSSO;SNC;45.0166463;7.5936025;Terreno agricolo;ND;Nessuno;Patrimonio indisponibile;;Non Dichiarato;in locazione;3605.0;11/11/2022;1;False
1947867;L219;4;;;16490.0;TERRENO;STRADA DEL DROSSO;SNC;45.0144747;7.5986234;Terreno agricolo;ND;Nessuno;Patrimonio indisponibile;Utilizzato direttamente;Attività agricola;;;;1;False
1947868;L219;27;;;70100.0;TERRENO;STRADA DEL DROSSO;SNC;45.0159734;7.6036938;Terreno agricolo;ND;Nessuno;Patrimonio indisponibile;;Non Dichiarato;in locazione;4190.0;11/11/2019;1;False
1947869;L219;32;;;36225.0;TERRENO;STRADA DEL DROSSO;SNC;45.0164231;7.6001231;Terreno agricolo;ND;Nessuno;Patrimonio indisponibile;Utilizzato direttamente;Attività agricola;;;;1;False
1947870;L219;34;;;4455.0;TERRENO;STRADA DEL DROSSO;SNC;45.0150872;7.6006495;Terreno boscato o con vegetazione di vario tipo;ND;Nessuno;Patrimonio indisponibile;Utilizzato direttamente;Altro;;;;1;False
1947871;L219;21;;;48937.0;TERRENO;STRADA DEL DROSSO;SNC;45.0152673;7.6052694;Terreno agricolo;ND;Nessuno;Patrimonio indisponibile;;Non Dichiarato;in locazione;4190.0;11/11/2019;1;False
1947872;L219;32;;;89103.0;TERRENO;STRADA DEL DROSSO;SNC;45.0146226;7.6079372;Terreno agricolo;ND;Nessuno;Patrimonio indisponibile;;Non Dichiarato;in locazione;4190.0;11/11/2019;1;False
1947874;L219;21;;;11050.0;TERRENO;STRADA DEL DROSSO;SNC;45.0161322;7.6177236;Terreno agricolo;ND;Nessuno;Patrimonio indisponibile;Utilizzato direttamente;Attività agricola;;;;1;False
1947875;L219;153;;;560.0;TERRENO;VIA PLAVA;SNC;45.0167855;7.6252872;Terreno agricolo;ND;Nessuno;Patrimonio indisponibile;Utilizzato direttamente;Attività agricola;;;;1;False
1947876;L219;154;;;2240.0;TERRENO;VIA PLAVA;SNC;45.0162696;7.6266772;Terreno agricolo;ND;Nessuno;Patrimonio indisponibile;Utilizzato direttamente;Attività agricola;;;;1;False
1947877;L219;158;;;46.0;TERRENO;VIA PLAVA;SNC;45.0164552;7.6238617;Terreno agricolo;ND;Nessuno;Patrimonio indisponibile;Utilizzato direttamente;Attività agricola;;;;1;False
1947987;L219;159;;;595.0;TERRENO;VIA PLAVA;SNC;45.0159151;7.6253353;Terreno agricolo;ND;Nessuno;Patrimonio indisponibile;Utilizzato direttamente;Attività agricola;;;;1;False
1947989;L219;215;;;13350.0;TERRENO;VIA PLAVA;SNC;45.0162755;7.6248753;Terreno agricolo;ND;Nessuno;Patrimonio indisponibile;Utilizzato direttamente;Attività agricola;;;;1;False
1947991;L219;155;;;101.0;TERRENO;CORSO UNIONE SOVIETICA;SNC;45.0178248;7.6348559;Terreno agricolo;ND;Nessuno;Patrimonio indisponibile;Utilizzato direttamente;Attività agricola;;;;1;False
1947992;L219;156;;;151.0;TERRENO;CORSO UNIONE SOVIETICA;SNC;45.017811;7.6349218;Terreno agricolo;ND;Nessuno;Patrimonio indisponibile;Utilizzato direttamente;Attività agricola;;;;1;False
1947993;L219;157;;;69.0;TERRENO;CORSO UNIONE SOVIETICA;SNC;45.0178211;7.6350825;Terreno agricolo;ND;Nessuno;Patrimonio indisponibile;Utilizzato direttamente;Attività agricola;;;;1;False
1947994;L219;174;;;964.0;TERRENO;CORSO UNIONE SOVIETICA;SNC;45.0181657;7.635637;Terreno agricolo;ND;Nessuno;Patrimonio indisponibile;Utilizzato direttamente;Attività agricola;;;;1;False
1947995;L219;176;;;445.0;TERRENO;CORSO UNIONE SOVIETICA;SNC;45.0178204;7.6366482;Terreno agricolo;ND;Nessuno;Patrimonio indisponibile;Utilizzato direttamente;Attività agricola;;;;1;False
1947996;L219;196P;;;135.0;TERRENO;CORSO UNIONE SOVIETICA;SNC;45.01996;7.63235;Terreno agricolo;ND;Nessuno;Patrimonio indisponibile;Utilizzato direttamente;Attività agricola;;;;1;False
1947997;L219;204P;;;22.0;TERRENO;CORSO UNIONE SOVIETICA;SNC;45.01996;7.63235;Terreno agricolo;ND;Nessuno;Patrimonio indisponibile;Utilizzato direttamente;Altro;;;;1;False
1947999;L219;227;;;260.0;TERRENO;CORSO UNIONE SOVIETICA;SNC;45.0164968;7.6358878;Terreno agricolo;ND;Nessuno;Patrimonio indisponibile;Utilizzato direttamente;Altro;;;;1;False
1948000;L219;228;;;877.0;TERRENO;VIA FLEMING ALESSANDRO;SNC;45.0163882;7.6368531;Terreno agricolo;ND;Nessuno;Patrimonio indisponibile;Utilizzato direttamente;Attività agricola;;;;1;False
1948002;L219;229;;;3468.0;TERRENO;VIA FLEMING ALESSANDRO;SNC;45.0161546;7.6361767;Terreno agricolo;ND;Nessuno;Patrimonio indisponibile;Utilizzato direttamente;Attività agricola;;;;1;False
1948003;L219;230;;;264.0;TERRENO;CORSO UNIONE SOVIETICA;SNC;45.0163712;7.6373657;Terreno agricolo;ND;Nessuno;Patrimonio indisponibile;Utilizzato direttamente;Attività agricola;;;;1;False
1948004;L219;236P;;;2329.0;TERRENO;CORSO UNIONE SOVIETICA;SNC;45.01996;7.63235;Terreno urbano;ND;Nessuno;Patrimonio indisponibile;Utilizzato direttamente;Parcheggio;;;;1;False
1948005;L219;242P;;;204.0;TERRENO;CORSO UNIONE SOVIETICA;SNC;45.01996;7.63235;Terreno urbano;ND;Nessuno;Patrimonio indisponibile;Utilizzato direttamente;Altro;;;;1;False
1948006;L219;243P;;;96.0;TERRENO;CORSO UNIONE SOVIETICA;SNC;45.01996;7.63235;Terreno urbano;ND;Nessuno;Patrimonio indisponibile;Utilizzato direttamente;Altro;;;;1;False
1948007;L219;244;;;1721.0;TERRENO;CORSO UNIONE SOVIETICA;SNC;45.0160136;7.6341156;Terreno urbano;ND;Nessuno;Patrimonio indisponibile;Utilizzato direttamente;Altro;;;;1;False
1948008;L219;245;;;1057.0;TERRENO;CORSO UNIONE SOVIETICA;SNC;45.015364;7.6331096;Terreno urbano;ND;Nessuno;Patrimonio indisponibile;Utilizzato direttamente;Altro;;;;1;False
1948009;L219;343;;;92.0;TERRENO;CORSO UNIONE SOVIETICA;SNC;45.017894;7.6345023;Terreno agricolo;ND;Nessuno;Patrimonio indisponibile;Utilizzato direttamente;Attività agricola;;;;1;False
1948010;L219;344;;;104.0;TERRENO;CORSO UNIONE SOVIETICA;SNC;45.0179608;7.6345046;Terreno agricolo;ND;Nessuno;Patrimonio indisponibile;Utilizzato direttamente;Attività agricola;;;;1;False
1948011;L219;353P;;;398.0;TERRENO;CORSO UNIONE SOVIETICA;SNC;45.01996;7.63235;Terreno agricolo;ND;Nessuno;Patrimonio indisponibile;Utilizzato direttamente;Attività agricola;;;;1;False
1948012;L219;378P;;;211.0;TERRENO;CORSO UNIONE SOVIETICA;SNC;45.01996;7.63235;Terreno agricolo;ND;Nessuno;Patrimonio indisponibile;Utilizzato direttamente;Attività agricola;;;;1;False
1948013;L219;379P;;;66.0;TERRENO;CORSO UNIONE SOVIETICA;SNC;45.01996;7.63235;Terreno agricolo;ND;Nessuno;Patrimonio indisponibile;Utilizzato direttamente;Attività agricola;;;;1;False
1948014;L219;383P;;;144.0;TERRENO;CORSO UNIONE SOVIETICA;SNC;45.01996;7.63235;Terreno agricolo;ND;Nessuno;Patrimonio indisponibile;Utilizzato direttamente;Attività agricola;;;;1;False
1948015;L219;384P;;;175.0;TERRENO;CORSO UNIONE SOVIETICA;SNC;45.01996;7.63235;Terreno agricolo;ND;Nessuno;Patrimonio indisponibile;Utilizzato direttamente;Attività agricola;;;;1;False
1948016;L219;394P;;;434.0;TERRENO;CORSO UNIONE SOVIETICA;SNC;45.01996;7.63235;Terreno agricolo;ND;Nessuno;Patrimonio indisponibile;Utilizzato direttamente;Attività agricola;;;;1;False
1948017;L219;395P;;;14.0;TERRENO;CORSO UNIONE SOVIETICA;SNC;45.01996;7.63235;Terreno agricolo;ND;Nessuno;Patrimonio indisponibile;Utilizzato direttamente;Attività agricola;;;;1;False
1948018;L219;96;;;458.0;TERRENO;CORSO UNIONE SOVIETICA;SNC;45.0160748;7.6353096;Terreno agricolo;ND;Nessuno;Patrimonio indisponibile;Utilizzato direttamente;Attività agricola;;;;1;False
1948019;L219;227P;;;1847.0;TERRENO;CORSO UNIONE SOVIETICA;SNC;45.01996;7.63235;Terreno agricolo;ND;Nessuno;Patrimonio indisponibile;Utilizzato direttamente;Attività agricola;;;;1;False
1948021;L219;319;;;2255.0;TERRENO;CORSO UNIONE SOVIETICA;SNC;45.0148148;7.6322084;Terreno agricolo;ND;Nessuno;Patrimonio indisponibile;Utilizzato direttamente;Attività agricola;;;;1;False
1948022;L219;324;;;4945.0;TERRENO;CORSO UNIONE SOVIETICA;SNC;45.0147352;7.6317281;Terreno agricolo;ND;Nessuno;Patrimonio indisponibile;Utilizzato direttamente;Attività agricola;;;;1;False
1948023;L219;356;;;12271.0;TERRENO;CORSO UNIONE SOVIETICA;SNC;45.0140031;7.6318182;Terreno agricolo;ND;Nessuno;Patrimonio indisponibile;Utilizzato direttamente;Attività agricola;;;;1;False
1948024;L219;389;;;3954.0;TERRENO;CORSO UNIONE SOVIETICA;SNC;45.0145534;7.6299849;Terreno agricolo;ND;Nessuno;Patrimonio indisponibile;Utilizzato direttamente;Attività agricola;;;;1;False
1948025;L219;407;;;773.0;TERRENO;CORSO UNIONE SOVIETICA;SNC;45.0146574;7.631215;Terreno agricolo;ND;Nessuno;Patrimonio indisponibile;Utilizzato direttamente;Attività agricola;;;;1;False
1948026;L219;450;;;865.0;TERRENO;CORSO UNIONE SOVIETICA;SNC;45.0149887;7.6324361;Terreno agricolo;ND;Nessuno;Patrimonio indisponibile;Utilizzato direttamente;Attività agricola;;;;1;False
1948027;L219;35;;;17055.0;TERRENO;strada castello di mirafiori;38;45.009526;7.6278286;Terreno boscato o con vegetazione di vario tipo;ND;Nessuno;Patrimonio indisponibile;Utilizzato direttamente;Altro;;;;1;False
1948028;L219;37;;;50885.0;TERRENO;strada castello di mirafiori;38;45.0098163;7.625393;Terreno agricolo;ND;Nessuno;Patrimonio indisponibile;Utilizzato direttamente;Attività agricola;;;;1;False
1948029;L219;46;;;126.0;TERRENO;strada castello di mirafiori;38;45.0105972;7.6276553;Terreno agricolo;ND;Nessuno;Patrimonio indisponibile;Utilizzato direttamente;Attività agricola;;;;1;False
1948030;L219;47;;;2873.0;TERRENO;strada castello di mirafiori;38;45.0106533;7.6283405;Terreno boscato o con vegetazione di vario tipo;ND;Nessuno;Patrimonio indisponibile;Utilizzato direttamente;Altro;;;;1;False
1948031;L219;51;;;56753.0;TERRENO;strada castello di mirafiori;38;45.011356;7.6253879;Terreno agricolo;ND;Nessuno;Patrimonio indisponibile;Utilizzato direttamente;Attività agricola;;;;1;False
1948032;L219;160;;;2300.0;TERRENO;strada castello di mirafiori;38;45.0108229;7.6320415;Terreno agricolo;ND;Nessuno;Patrimonio indisponibile;Utilizzato direttamente;Attività agricola;;;;1;False
1948033;L219;161;;;1525.0;TERRENO;strada castello di mirafiori;38;45.0105831;7.6331736;Terreno agricolo;ND;Nessuno;Patrimonio indisponibile;Utilizzato direttamente;Attività agricola;;;;1;False
1948034;L219;162;;;100.0;TERRENO;strada castello di mirafiori;38;45.0103415;7.6342529;Terreno agricolo;ND;Nessuno;Patrimonio indisponibile;Utilizzato direttamente;Attività agricola;;;;1;False
1948035;L219;163;;;1523.0;TERRENO;VIA MORANDI RODOLFO;SNC;45.0120247;7.6338441;Terreno urbano;ND;Nessuno;Patrimonio indisponibile;Utilizzato direttamente;Altro;;;;1;False
1948036;L219;164;;;627.0;TERRENO;VIA MORANDI RODOLFO;SNC;45.0117928;7.6337662;Terreno agricolo;ND;Nessuno;Patrimonio indisponibile;Utilizzato direttamente;Attività agricola;;;;1;False
1948037;L219;165;;;3595.0;TERRENO;CORSO UNIONE SOVIETICA;SNC;45.0122724;7.6341996;Terreno agricolo;ND;Nessuno;Patrimonio indisponibile;Utilizzato direttamente;Attività agricola;;;;1;False
1948038;L219;21;;;970.0;TERRENO;VIA MORANDI RODOLFO;SNC;45.0121799;7.63334;Terreno agricolo;ND;Nessuno;Patrimonio indisponibile;Utilizzato direttamente;Attività agricola;;;;1;False
1948039;L219;22;;;960.0;TERRENO;VIA MORANDI RODOLFO;SNC;45.0119559;7.6332124;Terreno agricolo;ND;Nessuno;Patrimonio indisponibile;Utilizzato direttamente;Attività agricola;;;;1;False
1948040;L219;24;;;360.0;TERRENO;VIA MORANDI RODOLFO;SNC;45.0115105;7.6329061;Terreno agricolo;ND;Nessuno;Patrimonio indisponibile;Utilizzato direttamente;Attività agricola;;;;1;False
1948041;L219;25;;;1540.0;TERRENO;VIA MORANDI RODOLFO;SNC;45.0115504;7.6331356;Terreno agricolo;ND;Nessuno;Patrimonio indisponibile;Utilizzato direttamente;Attività agricola;;;;1;False
1948042;L219;45;;;4050.0;TERRENO;strada castello di mirafiori;38;45.0104946;7.6348042;Terreno agricolo;ND;Nessuno;Patrimonio indisponibile;Utilizzato direttamente;Attività agricola;;;;1;False
1948043;L219;52;;;6635.0;TERRENO;strada castello di mirafiori;38;45.010193;7.6341268;Terreno boscato o con vegetazione di vario tipo;ND;Nessuno;Patrimonio indisponibile;Utilizzato direttamente;Altro;;;;1;False
1948044;L219;53P1;;;1374.0;TERRENO;VIA CAPUANA LUIGI;SNC;45.01304;7.63516;Terreno urbano;ND;Nessuno;Patrimonio indisponibile;Utilizzato direttamente;Attività agricola;;;;1;False
1948045;L219;11;;;26400.0;TERRENO;STRADA DELLE CACCE;SNC;45.0144397;7.6379683;Terreno agricolo;ND;Nessuno;Patrimonio indisponibile;Utilizzato direttamente;Attività agricola;;;;1;False
1948046;L219;39;;;15770.0;TERRENO;strada castello di mirafiori;38;45.0095086;7.6368683;Terreno boscato o con vegetazione di vario tipo;ND;Nessuno;Patrimonio indisponibile;Utilizzato direttamente;Altro;;;;1;False
1948047;L219;46;;;5792.0;TERRENO;STRADA CASTELLO DI MIRAFIORI;SNC;45.0107349;7.6393963;Terreno agricolo;ND;Nessuno;Patrimonio disponibile;Utilizzato direttamente;Attività agricola;;;;1;False
1948048;L219;47;;;737.0;TERRENO;STRADA CASTELLO DI MIRAFIORI;SNC;45.0105556;7.6396089;Terreno agricolo;ND;Nessuno;Patrimonio disponibile;Utilizzato direttamente;Attività agricola;;;;1;False
1948049;L219;48;;;6751.0;TERRENO;STRADA CASTELLO DI MIRAFIORI;SNC;45.0104045;7.6405613;Terreno agricolo;ND;Nessuno;Patrimonio indisponibile;Utilizzato direttamente;Attività agricola;;;;1;False
1948050;L219;3;;;8190.0;TERRENO;STRADA CASTELLO DI MIRAFIORI;SNC;45.0101548;7.6429348;Terreno agricolo;ND;Nessuno;Patrimonio indisponibile;Utilizzato direttamente;Attività agricola;;;;1;False
1948051;L219;10;;;9170.0;TERRENO;STRADA CASTELLO DI MIRAFIORI;SNC;45.0091038;7.6406175;Terreno agricolo;ND;Nessuno;Patrimonio indisponibile;Utilizzato direttamente;Attività agricola;;;;1;False
1948052;L219;11;;;6360.0;TERRENO;STRADA CASTELLO DI MIRAFIORI;SNC;45.0087523;7.6424666;Terreno agricolo;ND;Nessuno;Patrimonio indisponibile;Utilizzato direttamente;Attività agricola;;;;1;False
1948053;L219;12;;;67.0;TERRENO;STRADA CASTELLO DI MIRAFIORI;SNC;45.0087188;7.6443083;Terreno agricolo;ND;Nessuno;Patrimonio indisponibile;Utilizzato direttamente;Attività agricola;;;;1;False
1948054;L219;14;;;3190.0;TERRENO;STRADA CASTELLO DI MIRAFIORI;SNC;45.0082248;7.6479135;Terreno agricolo;ND;Nessuno;Patrimonio indisponibile;Utilizzato direttamente;Attività agricola;;;;1;False
1948055;L219;2;;;550.0;TERRENO;STRADA CASTELLO DI MIRAFIORI;SNC;45.0099276;7.640232;Terreno agricolo;ND;Nessuno;Patrimonio indisponibile;Utilizzato direttamente;Attività agricola;;;;1;False
1948056;L219;26;;;2240.0;TERRENO;STRADA CASTELLO DI MIRAFIORI;SNC;45.0073662;7.6465595;Terreno agricolo;ND;Nessuno;Patrimonio indisponibile;Utilizzato direttamente;Attività agricola;;;;1;False
1948058;L219;27;;;5530.0;TERRENO;STRADA CASTELLO DI MIRAFIORI;SNC;45.00928;7.64176;Terreno agricolo;ND;Nessuno;Patrimonio indisponibile;Utilizzato direttamente;Attività agricola;;;;1;False
1948059;L219;33;;;710.0;TERRENO;STRADA CASTELLO DI MIRAFIORI;SNC;45.0068834;7.6443627;Terreno agricolo;ND;Nessuno;Patrimonio indisponibile;Utilizzato direttamente;Attività agricola;;;;1;False
1948060;L219;34;;;1080.0;TERRENO;STRADA CASTELLO DI MIRAFIORI;SNC;45.0093512;7.6493014;Terreno agricolo;ND;Nessuno;Patrimonio indisponibile;Utilizzato direttamente;Attività agricola;;;;1;False
1948061;L219;37;;;3713.0;TERRENO;STRADA CASTELLO DI MIRAFIORI;SNC;45.008552;7.64381;Terreno agricolo;ND;Nessuno;Patrimonio indisponibile;;Non Dichiarato;in locazione;13372.0;01/11/2013;1;False
1948062;L219;5;;;4728.0;TERRENO;STRADA CASTELLO DI MIRAFIORI;SNC;45.0097634;7.6408254;Terreno agricolo;ND;Nessuno;Patrimonio indisponibile;Utilizzato direttamente;Attività agricola;;;;1;False
1948063;L219;8;;;2260.0;TERRENO;STRADA CASTELLO DI MIRAFIORI;SNC;45.0094705;7.6415056;Terreno agricolo;ND;Nessuno;Patrimonio indisponibile;Utilizzato direttamente;Attività agricola;;;;1;False
1948064;L219;10;;;160437.0;TERRENO;STRADA CASTELLO DI MIRAFIORI;SNC;45.0123834;7.6473195;Terreno agricolo;ND;Nessuno;Patrimonio indisponibile;Utilizzato direttamente;Attività agricola;;;;1;False
2665858;L219;1049;45;45;139.0;FABBRICATO;Via Ivrea;49 B;45.1168175;7.7052032;Locale commerciale, negozio;Dal 1981 al 1990;Nessuno;Patrimonio disponibile;Utilizzato direttamente;Attività commerciale e di ristorazione;;;;1;False
2665859;L219;1049;45;46;35.0;FABBRICATO;Via Ivrea;49 B;45.1168175;7.7052032;Locale commerciale, negozio;Dal 1981 al 1990;Nessuno;Patrimonio disponibile;Utilizzato direttamente;Attività commerciale e di ristorazione;;;;1;False
2665860;L219;1049;45;44;175.0;FABBRICATO;Via Ivrea;49 B;45.1168175;7.7052032;Locale commerciale, negozio;Dal 1981 al 1990;Nessuno;Patrimonio disponibile;Utilizzato direttamente;Attività commerciale e di ristorazione;;;;1;False
2666122;L219;1429;98;106;97.0;FABBRICATO;Corso Orbassano;380;45.0343493;7.620652;Abitazione;Dal 1946 al 1960;Nessuno;Patrimonio indisponibile;Utilizzato direttamente;Altro;;;;1;False
2666123;L219;1429;98;184;112.0;FABBRICATO;Corso Orbassano;380;45.0343493;7.620652;Abitazione;Dal 1946 al 1960;Nessuno;Patrimonio indisponibile;Utilizzato direttamente;Altro;;;;1;False
2666125;L219;1177;1251;59;75.0;FABBRICATO;VIA AVELLINO;22A;45.0856945;7.6634984;Abitazione;Dal 2001 al 2010;Nessuno;Patrimonio indisponibile;Utilizzato direttamente;Altro;;;;1;False
2666126;L219;1177;1251;62;75.0;FABBRICATO;VIA AVELLINO;22A;45.0856945;7.6634984;Abitazione;Dal 2001 al 2010;Nessuno;Patrimonio indisponibile;Utilizzato direttamente;Altro;;;;1;False
2666127;L219;1148;939;21;64.0;FABBRICATO;VIA PALESTRINA PIER LUIGI;9;45.0928939;7.6927457;Abitazione;Dal 1961 al 1970;Nessuno;Patrimonio indisponibile;Utilizzato direttamente;Altro;;;;1;False
2666128;L219;1148;939;30;80.0;FABBRICATO;VIA PALESTRINA PIER LUIGI;9;45.0928939;7.6927457;Abitazione;Dal 1961 al 1970;Nessuno;Patrimonio indisponibile;Utilizzato direttamente;Altro;;;;1;False
2666129;L219;1148;939;32;64.0;FABBRICATO;VIA PALESTRINA PIER LUIGI;9;45.0928939;7.6927457;Abitazione;Dal 1961 al 1970;Nessuno;Patrimonio indisponibile;Utilizzato direttamente;Altro;;;;1;False
2666130;L219;1148;939;33;64.0;FABBRICATO;VIA PALESTRINA PIER LUIGI;9;45.0928939;7.6927457;Abitazione;Dal 1961 al 1970;Nessuno;Patrimonio indisponibile;Utilizzato direttamente;Altro;;;;1;False
2666131;L219;1148;939;34;64.0;FABBRICATO;VIA PALESTRINA PIER LUIGI;9;45.0928939;7.6927457;Abitazione;Dal 1961 al 1970;Nessuno;Patrimonio indisponibile;Utilizzato direttamente;Altro;;;;1;False
2666132;L219;1148;939;35;64.0;FABBRICATO;VIA PALESTRINA PIER LUIGI;9;45.0928939;7.6927457;Abitazione;Dal 1961 al 1970;Nessuno;Patrimonio indisponibile;Utilizzato direttamente;Altro;;;;1;False
2666133;L219;1148;939;37;64.0;FABBRICATO;VIA PALESTRINA PIER LUIGI;9;45.0928939;7.6927457;Abitazione;Dal 1961 al 1970;Nessuno;Patrimonio indisponibile;Utilizzato direttamente;Altro;;;;1;False
2666137;L219;1245;132;13;31.0;FABBRICATO;PIAZZA PALAZZO DI CITTA';4BIS;45.0727848;7.6812472;Locale commerciale, negozio;Prima del 1919;Dichiarazione di interesse culturale;Demanio;Utilizzato direttamente;Attività commerciale e di ristorazione;;;;1;False
2666138;L219;1177;474;118;79.0;FABBRICATO;VIA AVELLINO;25;45.0857529;7.6626989;Abitazione;Dal 1961 al 1970;Nessuno;Patrimonio indisponibile;Utilizzato direttamente;Altro;;;;1;False
2666139;L219;1177;1251;58;124.0;FABBRICATO;VIA AVELLINO;22A;45.0856945;7.6634984;Abitazione;Dal 2001 al 2010;Nessuno;Patrimonio indisponibile;Utilizzato direttamente;Altro;;;;1;False
2666140;L219;1429;98;115;100.0;FABBRICATO;Corso Orbassano;380;45.0343493;7.620652;Abitazione;Dal 1946 al 1960;Nessuno;Patrimonio indisponibile;Utilizzato direttamente;Altro;;;;1;False
2666141;L219;1429;98;118;97.0;FABBRICATO;Corso Orbassano;380;45.0343493;7.620652;Abitazione;Dal 1946 al 1960;Nessuno;Patrimonio indisponibile;Utilizzato direttamente;Altro;;;;1;False
2666142;L219;1429;98;123;94.0;FABBRICATO;Corso Orbassano;380;45.0343493;7.620652;Abitazione;Dal 1946 al 1960;Nessuno;Patrimonio indisponibile;Utilizzato direttamente;Altro;;;;1;False
2666144;L219;1175;643;114;25.0;FABBRICATO;VIA DIGIONE;3;45.0764088;7.6505568;Abitazione;Prima del 1919;Nessuno;Patrimonio indisponibile;Utilizzato direttamente;Altro;;;;1;False
2666994;L219;1120;153;125;40.0;FABBRICATO;Corso Regina Margherita;371;45.0894381;7.6393126;Abitazione;Prima del 1919;Dichiarazione di interesse culturale;Demanio;Utilizzato direttamente;Alloggio di servizio, foresterie;;;;1;False
2666995;L219;1120;153;124;2686.25;FABBRICATO;Corso Regina Margherita;371;45.0894381;7.6393126;Albergo, pensione e assimilabili;Prima del 1919;Dichiarazione di interesse culturale;Demanio;Utilizzato direttamente;Attività sportiva, ricreativa e di intrattenimento;;;;1;False
2667001;L219;1043;39;16;130.0;FABBRICATO;Corso Vercelli;483 1;45.118914;7.7097266;Abitazione;Dal 1919 al 1945;Dichiarazione di interesse culturale;Demanio;Utilizzato direttamente;Altro;;;;1;False
2667002;L219;1043;39;17;104.0;FABBRICATO;Corso Vercelli;483 1;45.118914;7.7097266;Abitazione;Dal 1919 al 1945;Dichiarazione di interesse culturale;Demanio;Utilizzato direttamente;Altro;;;;1;False
2667016;L219;1043;41;19;129.0;FABBRICATO;Corso Vercelli;491 3;45.1191776;7.7105979;Abitazione;Dal 1919 al 1945;Dichiarazione di interesse culturale;Demanio;Utilizzato direttamente;Altro;;;;1;False
2667022;L219;1043;41;20;100.0;FABBRICATO;Corso Vercelli;491 3;45.1191776;7.7105979;Abitazione;Dal 1919 al 1945;Dichiarazione di interesse culturale;Demanio;Utilizzato direttamente;Altro;;;;1;False
2667026;L219;1043;41;23;100.0;FABBRICATO;Corso Vercelli;491 3;45.1191776;7.7105979;Abitazione;Dal 1919 al 1945;Dichiarazione di interesse culturale;Demanio;Utilizzato direttamente;Altro;;;;1;False
2667034;L219;1043;40;22;82.0;FABBRICATO;Corso Vercelli;487 2;45.1190395;7.7101843;Locale commerciale, negozio;Dal 1919 al 1945;Dichiarazione di interesse culturale;Demanio;Utilizzato direttamente;Attività commerciale e di ristorazione;;;;1;False
2667037;L219;1043;40;23;106.0;FABBRICATO;Corso Vercelli;487 2;45.1190395;7.7101843;Locale commerciale, negozio;Dal 1919 al 1945;Dichiarazione di interesse culturale;Demanio;Utilizzato direttamente;Attività commerciale e di ristorazione;;;;1;False
2667135;L219;25;;;615.0;TERRENO;VIALE CAGNI UMBERTO;23;45.05657;7.68986;Terreno agricolo;ND;Dichiarazione di interesse culturale;Demanio;Utilizzato direttamente;Attività sportiva, ricreativa e di intrattenimento;;;;1;False
2667136;L219;63;;;9981.0;TERRENO;VIA RAMAZZINI BERNARDINO;SNC;45.1044839;7.7044292;Terreno agricolo;ND;Nessuno;Patrimonio indisponibile;Utilizzato direttamente;Attività agricola;;;;1;False
2667137;L219;64;;;709.0;TERRENO;VIA RAMAZZINI BERNARDINO;SNC;45.1029613;7.7038645;Terreno boscato o con vegetazione di vario tipo;ND;Nessuno;Patrimonio indisponibile;Utilizzato direttamente;Altro;;;;1;False
2667138;L219;65;;;158.0;TERRENO;VIA RAMAZZINI BERNARDINO;SNC;45.1029132;7.7041672;Terreno boscato o con vegetazione di vario tipo;ND;Nessuno;Patrimonio indisponibile;Utilizzato direttamente;Altro;;;;1;False
2667139;L219;69;;;671.0;TERRENO;VIA RAMAZZINI BERNARDINO;SNC;45.103439;7.7034368;Terreno agricolo;ND;Nessuno;Patrimonio indisponibile;Utilizzato direttamente;Attività agricola;;;;1;False
2667140;L219;70;;;3517.0;TERRENO;VIA RAMAZZINI BERNARDINO;SNC;45.1032796;7.7032198;Terreno agricolo;ND;Nessuno;Patrimonio indisponibile;Utilizzato direttamente;Attività agricola;;;;1;False
2667141;L219;71;;;1591.0;TERRENO;VIA RAMAZZINI BERNARDINO;SNC;45.1048831;7.7030465;Terreno agricolo;ND;Nessuno;Patrimonio indisponibile;Utilizzato direttamente;Attività agricola;;;;1;False
2667142;L219;148;;;1010.0;TERRENO;VIA AGRICOLA;SNC;45.0374318;7.6355142;Parco/Villa Comunale/Giardino Pubblico;ND;Nessuno;Patrimonio indisponibile;Utilizzato direttamente;Altro;;;;1;False
2667144;L219;11;;;2966.0;TERRENO;CORSO MORTARA;SNC;45.0908718;7.6668028;Parco/Villa Comunale/Giardino Pubblico;ND;Nessuno;Patrimonio indisponibile;Utilizzato direttamente;Altro;;;;1;False
2667145;L219;8;;;150.0;TERRENO;STRADA DELLE CACCE;SNC;45.0157447;7.6384145;Parco/Villa Comunale/Giardino Pubblico;ND;Nessuno;Patrimonio indisponibile;Utilizzato direttamente;Altro;;;;1;False
2667147;L219;17;;;17226.0;TERRENO;STRADA AL TRAFORO DI PINO;SNC;45.0640512;7.7606175;Parco/Villa Comunale/Giardino Pubblico;ND;Nessuno;Patrimonio indisponibile;Utilizzato direttamente;Altro;;;;1;False
2667148;L219;63;;;82777.0;TERRENO;STRADA AL TRAFORO DI PINO;SNC;45.0658428;7.7599112;Parco/Villa Comunale/Giardino Pubblico;ND;Nessuno;Patrimonio indisponibile;Utilizzato direttamente;Altro;;;;1;False
2667168;L219;311;;;188.0;TERRENO;VIA SANT'ELIA ANTONIO;SNC;45.1239039;7.7130251;Terreno agricolo;ND;Nessuno;Patrimonio indisponibile;Utilizzato direttamente;Attività agricola;;;;1;False
2667169;L219;312;;;576.0;TERRENO;VIA SANT'ELIA ANTONIO;SNC;45.123099;7.7129915;Terreno agricolo;ND;Nessuno;Patrimonio indisponibile;Utilizzato direttamente;Attività agricola;;;;1;False
2667170;L219;324;;;3963.0;TERRENO;VIA SANT'ELIA ANTONIO;SNC;45.1236311;7.7132279;Terreno agricolo;ND;Nessuno;Patrimonio indisponibile;Utilizzato direttamente;Attività agricola;;;;1;False
2667171;L219;327;;;2057.0;TERRENO;VIA SANT'ELIA ANTONIO;SNC;45.1229479;7.7133852;Terreno agricolo;ND;Nessuno;Patrimonio indisponibile;Utilizzato direttamente;Attività agricola;;;;1;False
2667172;L219;330;;;90.0;TERRENO;VIA SANT'ELIA ANTONIO;SNC;45.1231849;7.7136908;Terreno agricolo;ND;Nessuno;Patrimonio indisponibile;Utilizzato direttamente;Attività agricola;;;;1;False
2667173;L219;332;;;593.0;TERRENO;VIA SANT'ELIA ANTONIO;SNC;45.1243445;7.7132023;Terreno agricolo;ND;Nessuno;Patrimonio indisponibile;Utilizzato direttamente;Attività agricola;;;;1;False
2667219;L219;1043;36;19;128.0;FABBRICATO;Corso Vercelli;483 4;45.1191459;7.7095702;Abitazione;Dal 1919 al 1945;Dichiarazione di interesse culturale;Demanio;Utilizzato direttamente;Altro;;;;1;False
2667221;L219;1043;36;20;101.0;FABBRICATO;Corso Vercelli;483 4;45.1191459;7.7095702;Abitazione;Dal 1919 al 1945;Dichiarazione di interesse culturale;Demanio;Utilizzato direttamente;Altro;;;;1;False
2667230;L219;1043;36;31;104.0;FABBRICATO;Corso Vercelli;483 4;45.1191459;7.7095702;Abitazione;Dal 1919 al 1945;Dichiarazione di interesse culturale;Demanio;Utilizzato direttamente;Altro;;;;1;False
2667234;L219;1043;37;19;129.0;FABBRICATO;Corso Vercelli;491 5;45.1194406;7.7104328;Abitazione;Dal 1919 al 1945;Dichiarazione di interesse culturale;Demanio;Utilizzato direttamente;Altro;;;;1;False
2667238;L219;1043;37;20;101.0;FABBRICATO;Corso Vercelli;491 5;45.1194406;7.7104328;Abitazione;Dal 1919 al 1945;Dichiarazione di interesse culturale;Demanio;Utilizzato direttamente;Altro;;;;1;False
2667246;L219;1043;37;23;101.0;FABBRICATO;Corso Vercelli;491 5;45.1194406;7.7104328;Abitazione;Dal 1919 al 1945;Dichiarazione di interesse culturale;Demanio;Utilizzato direttamente;Altro;;;;1;False
2667296;L219;1043;18;17;79.0;FABBRICATO;Corso Vercelli;483 6;45.119419;7.7094427;Abitazione;Dal 1919 al 1945;Dichiarazione di interesse culturale;Demanio;Utilizzato direttamente;Altro;;;;1;False
2667297;L219;1043;18;16;102.0;FABBRICATO;Corso Vercelli;483 6;45.119419;7.7094427;Abitazione;Dal 1919 al 1945;Dichiarazione di interesse culturale;Demanio;Utilizzato direttamente;Altro;;;;1;False
2667298;L219;1043;18;18;53.0;FABBRICATO;Corso Vercelli;483 6;45.119419;7.7094427;Abitazione;Dal 1919 al 1945;Dichiarazione di interesse culturale;Demanio;Utilizzato direttamente;Altro;;;;1;False
2667303;L219;1043;18;25;126.0;FABBRICATO;Corso Vercelli;483 6;45.119419;7.7094427;Abitazione;Dal 1919 al 1945;Dichiarazione di interesse culturale;Demanio;Utilizzato direttamente;Altro;;;;1;False
2667306;L219;1043;18;26;99.0;FABBRICATO;Corso Vercelli;483 6;45.119419;7.7094427;Abitazione;Dal 1919 al 1945;Dichiarazione di interesse culturale;Demanio;Utilizzato direttamente;Altro;;;;1;False
2667313;L219;1043;19;19;102.0;FABBRICATO;Corso Vercelli;487 7;45.1195375;7.7098654;Abitazione;Dal 1919 al 1945;Dichiarazione di notevole interesse pubblico;Demanio;Utilizzato direttamente;Altro;;;;1;False
2667317;L219;1043;19;24;126.0;FABBRICATO;Corso Vercelli;487 7;45.1195375;7.7098654;Abitazione;Dal 1919 al 1945;Dichiarazione di interesse culturale;Demanio;Utilizzato direttamente;Altro;;;;1;False
2667321;L219;1043;19;26;128.0;FABBRICATO;Corso Vercelli;487 7;45.1195375;7.7098654;Abitazione;Dal 1919 al 1945;Dichiarazione di interesse culturale;Demanio;Utilizzato direttamente;Altro;;;;1;False
2667324;L219;1043;19;25;102.0;FABBRICATO;Corso Vercelli;487 7;45.1195375;7.7098654;Abitazione;Dal 1919 al 1945;Dichiarazione di interesse culturale;Demanio;Utilizzato direttamente;Altro;;;;1;False
2667325;L219;1043;20;19;101.0;FABBRICATO;Corso Vercelli;491 8;45.1196739;7.7103112;Abitazione;Dal 1919 al 1945;Dichiarazione di interesse culturale;Demanio;Utilizzato direttamente;Altro;;;;1;False
2667328;L219;1043;20;22;100.0;FABBRICATO;Corso Vercelli;491 8;45.1196739;7.7103112;Abitazione;Dal 1919 al 1945;Dichiarazione di interesse culturale;Demanio;Utilizzato direttamente;Altro;;;;1;False
2667330;L219;1043;20;25;100.0;FABBRICATO;Corso Vercelli;491 8;45.1196739;7.7103112;Abitazione;Dal 1919 al 1945;Dichiarazione di interesse culturale;Demanio;Utilizzato direttamente;Altro;;;;1;False
2667343;L219;1043;13;21;102.0;FABBRICATO;Corso Vercelli;487 10;45.1197849;7.7097167;Abitazione;Dal 1919 al 1945;Dichiarazione di interesse culturale;Demanio;Utilizzato direttamente;Altro;;;;1;False
2667344;L219;1043;13;24;100.0;FABBRICATO;Corso Vercelli;487 10;45.1197849;7.7097167;Abitazione;Dal 1919 al 1945;Dichiarazione di interesse culturale;Demanio;Utilizzato direttamente;Altro;;;;1;False
2667346;L219;1043;13;31;101.0;FABBRICATO;Corso Vercelli;487 10;45.1197849;7.7097167;Abitazione;Dal 1919 al 1945;Dichiarazione di interesse culturale;Demanio;Utilizzato direttamente;Altro;;;;1;False
2667349;L219;1043;14;21;103.0;FABBRICATO;Corso Vercelli;491 11;45.1199126;7.7101329;Abitazione;Dal 1919 al 1945;Dichiarazione di interesse culturale;Demanio;Utilizzato direttamente;Altro;;;;1;False
2667351;L219;1043;14;22;129.0;FABBRICATO;Corso Vercelli;491 11;45.1199126;7.7101329;Abitazione;Dal 1919 al 1945;Dichiarazione di interesse culturale;Demanio;Utilizzato direttamente;Altro;;;;1;False
2667354;L219;1043;14;27;101.0;FABBRICATO;Corso Vercelli;491 11;45.1199126;7.7101329;Abitazione;Dal 1919 al 1945;Dichiarazione di interesse culturale;Demanio;Utilizzato direttamente;Altro;;;;1;False
2667366;L219;1043;8;19;128.0;FABBRICATO;Corso Vercelli;483 12;45.119915;7.7091353;Abitazione;Dal 1919 al 1945;Dichiarazione di interesse culturale;Demanio;Utilizzato direttamente;Altro;;;;1;False
2667371;L219;1043;8;28;101.0;FABBRICATO;Corso Vercelli;483 12;45.119915;7.7091353;Abitazione;Dal 1919 al 1945;Dichiarazione di interesse culturale;Demanio;Utilizzato direttamente;Altro;;;;1;False
2667372;L219;1043;8;31;105.0;FABBRICATO;Corso Vercelli;483 12;45.119915;7.7091353;Abitazione;Dal 1919 al 1945;Dichiarazione di interesse culturale;Demanio;Utilizzato direttamente;Altro;;;;1;False
2667997;L219;1043;10;19;129.0;FABBRICATO;Corso Vercelli;491 13;45.1201654;7.7099907;Abitazione;Dal 1919 al 1945;Dichiarazione di interesse culturale;Demanio;Utilizzato direttamente;Altro;;;;1;False
2667999;L219;1043;10;20;101.0;FABBRICATO;Corso Vercelli;491 13;45.1201654;7.7099907;Abitazione;Dal 1919 al 1945;Dichiarazione di interesse culturale;Demanio;Utilizzato direttamente;Altro;;;;1;False
2668004;L219;1043;10;31;105.0;FABBRICATO;Corso Vercelli;491 13;45.1201654;7.7099907;Abitazione;Dal 1919 al 1945;Dichiarazione di interesse culturale;Demanio;Utilizzato direttamente;Altro;;;;1;False
2668009;L219;1043;5;19;99.0;FABBRICATO;Corso Vercelli;483 14;45.1201632;7.7089964;Abitazione;Dal 1919 al 1945;Dichiarazione di interesse culturale;Demanio;Utilizzato direttamente;Altro;;;;1;False
2668014;L219;1043;6;20;124.0;FABBRICATO;Corso Vercelli;487 15;45.1202979;7.7094372;Abitazione;Dal 1919 al 1945;Dichiarazione di interesse culturale;Demanio;Utilizzato direttamente;Altro;;;;1;False
2668016;L219;1043;6;19;103.0;FABBRICATO;Corso Vercelli;487 15;45.1202979;7.7094372;Abitazione;Dal 1919 al 1945;Dichiarazione di interesse culturale;Demanio;Utilizzato direttamente;Altro;;;;1;False
2668019;L219;1043;6;21;104.0;FABBRICATO;Corso Vercelli;487 15;45.1202979;7.7094372;Abitazione;Dal 1919 al 1945;Dichiarazione di interesse culturale;Demanio;Utilizzato direttamente;Altro;;;;1;False
2668024;L219;1043;7;27;102.0;FABBRICATO;Corso Vercelli;491 16;45.1204147;7.7098685;Abitazione;Dal 1919 al 1945;Dichiarazione di interesse culturale;Demanio;Utilizzato direttamente;Altro;;;;1;False
2668027;L219;1043;7;32;127.0;FABBRICATO;Corso Vercelli;491 16;45.1204147;7.7098685;Abitazione;Dal 1919 al 1945;Dichiarazione di interesse culturale;Demanio;Utilizzato direttamente;Altro;;;;1;False
2668166;L219;1217;46;74;130.0;FABBRICATO;Piazza della Repubblica;14;45.0772002;7.6852639;Locale commerciale, negozio;Prima del 1919;Nessuno;Patrimonio indisponibile;Utilizzato direttamente;Attività commerciale e di ristorazione;;;;1;False
2668180;L219;1109;605;3;106.0;FABBRICATO;Via Stradella;173;45.1002364;7.6679009;Locale commerciale, negozio;Dal 1919 al 1945;Nessuno;Patrimonio indisponibile;;Non Dichiarato;in concessione a titolo oneroso;6291.0;01/09/2013;1;False
2668187;L219;1402;171;4;3793.75;FABBRICATO;Piazza Carlo Giacomini;24;45.03446361;7.67102;Edificio scolastico (es.: scuola di ogni ordine e grado, università, scuola di formazione);Dal 1961 al 1970;Nessuno;Patrimonio indisponibile;Utilizzato direttamente;Attività didattica;;;;1;False
2668239;L219;1442;6;3;2607.75;FABBRICATO;Via Carlo Bossoli;83;45.0284507;7.6530984;Edificio scolastico (es.: scuola di ogni ordine e grado, università, scuola di formazione);Dal 1961 al 1970;Nessuno;Patrimonio indisponibile;Utilizzato direttamente;Attività didattica;;;;1;False
2668401;L219;1043;12;32;101.0;FABBRICATO;Corso Vercelli;483 9;45.119656;7.7092692;Abitazione;Dal 1919 al 1945;Dichiarazione di interesse culturale;Demanio;Utilizzato direttamente;Altro;;;;1;False
2674972;L219;1024;54;;216.57;FABBRICATO;PIAZZA ASTENGO GIOVANNI;6;45.1270808;7.7090074;Ufficio strutturato ed assimilabili;Dal 1971 al 1980;Nessuno;Patrimonio indisponibile;Utilizzato direttamente;Attività amministrativa/uffici pubblici;;;;1;False
2674973;L219;1024;55;;257.43;FABBRICATO;PIAZZA ASTENGO GIOVANNI;7;45.1271808;7.7093556;Ufficio strutturato ed assimilabili;Dal 1971 al 1980;Nessuno;Patrimonio indisponibile;Utilizzato direttamente;Attività amministrativa/uffici pubblici;;;;1;False
2674974;L219;1024;56;2;775.71;FABBRICATO;PIAZZA ASTENGO GIOVANNI;9;45.1271572;7.7097132;Ufficio strutturato ed assimilabili;Dal 1971 al 1980;Nessuno;Patrimonio indisponibile;Utilizzato direttamente;Attività amministrativa/uffici pubblici;;;;1;False
2674975;L219;1024;56;3;233.71;FABBRICATO;PIAZZA ASTENGO GIOVANNI;10;45.1271572;7.7097132;Ufficio strutturato ed assimilabili;Dal 1971 al 1980;Nessuno;Patrimonio indisponibile;Utilizzato direttamente;Attività amministrativa/uffici pubblici;;;;1;False
2674976;L219;1423;65;2;815.75;FABBRICATO;VIA ASUNCION;10;45.0338287;7.6497272;Edificio scolastico (es.: scuola di ogni ordine e grado, università, scuola di formazione);Dal 1971 al 1980;Nessuno;Patrimonio indisponibile;Utilizzato direttamente;Attività didattica;;;;1;False
2674977;L219;1423;65;3;76.0;FABBRICATO;VIA POIRINO;9;45.0338287;7.6497272;Abitazione;Dal 1971 al 1980;Nessuno;Patrimonio indisponibile;Utilizzato direttamente;Alloggio di servizio, foresterie;;;;1;False
2674978;L219;1423;65;4;26.0;FABBRICATO;VIA POIRINO;9;45.0338287;7.6497272;Magazzino e locali di deposito;Dal 1971 al 1980;Nessuno;Patrimonio indisponibile;Utilizzato direttamente;Attività didattica;;;;1;False
2675259;L219;287;;;64.0;TERRENO;STRADA SAN MAURO;SNC;45.100468;7.7388177;Parco/Villa Comunale/Giardino Pubblico;ND;Nessuno;Patrimonio indisponibile;Utilizzato direttamente;Altro;;;;1;False
2675260;L219;452;;;75.0;TERRENO;STRADA SAN MAURO;SNC;45.1010417;7.7386815;Parco/Villa Comunale/Giardino Pubblico;ND;Nessuno;Patrimonio indisponibile;Utilizzato direttamente;Altro;;;;1;False
2675261;L219;587;;;193.0;TERRENO;STRADA SAN MAURO;SNC;45.099942;7.7395315;Parco/Villa Comunale/Giardino Pubblico;ND;Nessuno;Patrimonio indisponibile;Utilizzato direttamente;Altro;;;;1;False
2675262;L219;595;;;703.0;TERRENO;STRADA SAN MAURO;SNC;45.1007721;7.7387565;Parco/Villa Comunale/Giardino Pubblico;ND;Nessuno;Patrimonio indisponibile;Utilizzato direttamente;Altro;;;;1;False
2675263;L219;598;;;615.0;TERRENO;STRADA SAN MAURO;SNC;45.1001909;7.7392339;Parco/Villa Comunale/Giardino Pubblico;ND;Nessuno;Patrimonio indisponibile;Utilizzato direttamente;Altro;;;;1;False
2675264;L219;599;;;314.0;TERRENO;STRADA SAN MAURO;SNC;45.1003853;7.7389734;Parco/Villa Comunale/Giardino Pubblico;ND;Nessuno;Patrimonio indisponibile;Utilizzato direttamente;Altro;;;;1;False
2675265;L219;603;;;6.0;TERRENO;STRADA SAN MAURO;SNC;45.1005049;7.7389487;Parco/Villa Comunale/Giardino Pubblico;ND;Nessuno;Patrimonio indisponibile;Utilizzato direttamente;Altro;;;;1;False
2675266;L219;605;;;104.0;TERRENO;STRADA SAN MAURO;SNC;45.0991567;7.7401796;Parco/Villa Comunale/Giardino Pubblico;ND;Nessuno;Patrimonio indisponibile;Utilizzato direttamente;Altro;;;;1;False
2675267;L219;607;;;419.0;TERRENO;STRADA SAN MAURO;SNC;45.0995239;7.7402448;Parco/Villa Comunale/Giardino Pubblico;ND;Nessuno;Patrimonio indisponibile;Utilizzato direttamente;Altro;;;;1;False
2675268;L219;608;;;14.0;TERRENO;STRADA SAN MAURO;SNC;45.0990336;7.7379623;Parco/Villa Comunale/Giardino Pubblico;ND;Nessuno;Patrimonio indisponibile;Utilizzato direttamente;Altro;;;;1;False
2675269;L219;125;;;3672.0;TERRENO;VIA FATTORELLI RUBENS;SNC;45.0984839;7.7415708;Parco/Villa Comunale/Giardino Pubblico;ND;Nessuno;Patrimonio indisponibile;Utilizzato direttamente;Altro;;;;1;False
2675270;L219;441;;;900.0;TERRENO;VIA FATTORELLI RUBENS;SNC;45.0972349;7.7433527;Parco/Villa Comunale/Giardino Pubblico;ND;Nessuno;Patrimonio indisponibile;Utilizzato direttamente;Altro;;;;1;False
2675271;L219;771;;;4.0;TERRENO;VIA FATTORELLI RUBENS;SNC;45.0975564;7.7431948;Parco/Villa Comunale/Giardino Pubblico;ND;Nessuno;Patrimonio indisponibile;Utilizzato direttamente;Altro;;;;1;False
2675272;L219;779;;;35.0;TERRENO;VIA FATTORELLI RUBENS;SNC;45.0979412;7.7425989;Parco/Villa Comunale/Giardino Pubblico;ND;Nessuno;Patrimonio indisponibile;Utilizzato direttamente;Altro;;;;1;False
2675273;L219;783;;;50.0;TERRENO;VIA FATTORELLI RUBENS;SNC;45.09849;7.743285;Parco/Villa Comunale/Giardino Pubblico;ND;Nessuno;Patrimonio indisponibile;Utilizzato direttamente;Altro;;;;1;False
2675274;L219;830;;;36.0;TERRENO;VIA FATTORELLI RUBENS;SNC;45.0988266;7.7435179;Parco/Villa Comunale/Giardino Pubblico;ND;Nessuno;Patrimonio indisponibile;Utilizzato direttamente;Altro;;;;1;False
2675275;L219;831;;;30.0;TERRENO;VIA FATTORELLI RUBENS;SNC;45.0985589;7.7436294;Parco/Villa Comunale/Giardino Pubblico;ND;Nessuno;Patrimonio indisponibile;Utilizzato direttamente;Altro;;;;1;False
2675276;L219;836;;;13.0;TERRENO;VIA FATTORELLI RUBENS;SNC;45.0997894;7.7404793;Parco/Villa Comunale/Giardino Pubblico;ND;Nessuno;Patrimonio indisponibile;Utilizzato direttamente;Altro;;;;1;False
2675277;L219;838;;;180.0;TERRENO;VIA FATTORELLI RUBENS;SNC;45.0996844;7.7398931;Parco/Villa Comunale/Giardino Pubblico;ND;Nessuno;Patrimonio indisponibile;Utilizzato direttamente;Altro;;;;1;False
2675278;L219;839;;;280.0;TERRENO;VIA FATTORELLI RUBENS;SNC;45.0993468;7.7405762;Parco/Villa Comunale/Giardino Pubblico;ND;Nessuno;Patrimonio indisponibile;Utilizzato direttamente;Altro;;;;1;False
2675279;L219;840;;;156.0;TERRENO;VIA FATTORELLI RUBENS;SNC;45.0994287;7.7406496;Parco/Villa Comunale/Giardino Pubblico;ND;Nessuno;Patrimonio indisponibile;Utilizzato direttamente;Altro;;;;1;False
2675280;L219;841;;;125.0;TERRENO;VIA FATTORELLI RUBENS;SNC;45.0992771;7.7404923;Parco/Villa Comunale/Giardino Pubblico;ND;Nessuno;Patrimonio indisponibile;Utilizzato direttamente;Altro;;;;1;False
2675281;L219;842;;;1324.0;TERRENO;VIA FATTORELLI RUBENS;SNC;45.0990382;7.7411151;Parco/Villa Comunale/Giardino Pubblico;ND;Nessuno;Patrimonio indisponibile;Utilizzato direttamente;Altro;;;;1;False
2675282;L219;843;;;674.0;TERRENO;VIA FATTORELLI RUBENS;SNC;45.0991152;7.7412057;Parco/Villa Comunale/Giardino Pubblico;ND;Nessuno;Patrimonio indisponibile;Utilizzato direttamente;Altro;;;;1;False
2675283;L219;844;;;502.0;TERRENO;VIA FATTORELLI RUBENS;SNC;45.0989684;7.7410312;Parco/Villa Comunale/Giardino Pubblico;ND;Nessuno;Patrimonio indisponibile;Utilizzato direttamente;Altro;;;;1;False
2675284;L219;845;;;1896.0;TERRENO;VIA FATTORELLI RUBENS;SNC;45.098432;7.7421864;Parco/Villa Comunale/Giardino Pubblico;ND;Nessuno;Patrimonio indisponibile;Utilizzato direttamente;Altro;;;;1;False
2675285;L219;846;;;1054.0;TERRENO;VIA FATTORELLI RUBENS;SNC;45.0985053;7.7422926;Parco/Villa Comunale/Giardino Pubblico;ND;Nessuno;Patrimonio indisponibile;Utilizzato direttamente;Altro;;;;1;False
2675286;L219;847;;;649.0;TERRENO;VIA FATTORELLI RUBENS;SNC;45.0983801;7.7420732;Parco/Villa Comunale/Giardino Pubblico;ND;Nessuno;Patrimonio indisponibile;Utilizzato direttamente;Altro;;;;1;False
2675287;L219;859;;;172.0;TERRENO;VIA FATTORELLI RUBENS;SNC;45.0982719;7.743133;Parco/Villa Comunale/Giardino Pubblico;ND;Nessuno;Patrimonio indisponibile;Utilizzato direttamente;Altro;;;;1;False
2675288;L219;860;;;42.0;TERRENO;VIA FATTORELLI RUBENS;SNC;45.0979376;7.7426262;Parco/Villa Comunale/Giardino Pubblico;ND;Nessuno;Patrimonio indisponibile;Utilizzato direttamente;Altro;;;;1;False
2675289;L219;861;;;42.0;TERRENO;VIA FATTORELLI RUBENS;SNC;45.098086;7.7428182;Parco/Villa Comunale/Giardino Pubblico;ND;Nessuno;Patrimonio indisponibile;Utilizzato direttamente;Altro;;;;1;False
2675291;L219;862;;;7.0;TERRENO;VIA FATTORELLI RUBENS;SNC;45.0981666;7.7429417;Parco/Villa Comunale/Giardino Pubblico;ND;Nessuno;Patrimonio indisponibile;Utilizzato direttamente;Altro;;;;1;False
2675293;L219;863;;;3.0;TERRENO;VIA FATTORELLI RUBENS;SNC;45.0980125;7.7427051;Parco/Villa Comunale/Giardino Pubblico;ND;Nessuno;Patrimonio indisponibile;Utilizzato direttamente;Altro;;;;1;False
2675294;L219;60;;;610.0;TERRENO;STRADA DELLA VERNA;SNC;45.0973506;7.7419702;Parco/Villa Comunale/Giardino Pubblico;ND;Nessuno;Patrimonio indisponibile;Utilizzato direttamente;Altro;;;;1;False
2675295;L219;118;;;960.0;TERRENO;STRADA DELLA VERNA;SNC;45.0968028;7.7424396;Parco/Villa Comunale/Giardino Pubblico;ND;Nessuno;Patrimonio indisponibile;Utilizzato direttamente;Altro;;;;1;False
2675296;L219;238;;;1247.0;TERRENO;STRADA DELLA VERNA;SNC;45.0973848;7.7408459;Parco/Villa Comunale/Giardino Pubblico;ND;Nessuno;Patrimonio indisponibile;Utilizzato direttamente;Altro;;;;1;False
2675297;L219;328;;;7203.0;TERRENO;STRADA DELLA VERNA;SNC;45.0968656;7.7417855;Parco/Villa Comunale/Giardino Pubblico;ND;Nessuno;Patrimonio indisponibile;Utilizzato direttamente;Altro;;;;1;False
2675298;L219;332;;;8050.0;TERRENO;STRADA DELLA VERNA;SNC;45.0965367;7.7403725;Parco/Villa Comunale/Giardino Pubblico;ND;Nessuno;Patrimonio indisponibile;Utilizzato direttamente;Altro;;;;1;False
2675299;L219;335;;;2982.0;TERRENO;STRADA DELLA VERNA;SNC;45.0987049;7.7403905;Parco/Villa Comunale/Giardino Pubblico;ND;Nessuno;Patrimonio indisponibile;Utilizzato direttamente;Altro;;;;1;False
2675300;L219;336;;;2848.0;TERRENO;STRADA DELLA VERNA;SNC;45.0981527;7.7402203;Parco/Villa Comunale/Giardino Pubblico;ND;Nessuno;Patrimonio indisponibile;Utilizzato direttamente;Altro;;;;1;False
2675301;L219;351;;;2766.0;TERRENO;STRADA DELLA VERNA;SNC;45.0961486;7.7401664;Parco/Villa Comunale/Giardino Pubblico;ND;Nessuno;Patrimonio indisponibile;Utilizzato direttamente;Altro;;;;1;False
2675302;L219;357;;;1176.0;TERRENO;STRADA DELLA VERNA;SNC;45.0972689;7.7423623;Parco/Villa Comunale/Giardino Pubblico;ND;Nessuno;Patrimonio indisponibile;Utilizzato direttamente;Altro;;;;1;False
2675303;L219;360;;;2075.0;TERRENO;STRADA DELLA VERNA;SNC;45.0969871;7.7429077;Parco/Villa Comunale/Giardino Pubblico;ND;Nessuno;Patrimonio indisponibile;Utilizzato direttamente;Altro;;;;1;False
2675304;L219;362;;;633.0;TERRENO;STRADA DELLA VERNA;SNC;45.0971338;7.7432846;Parco/Villa Comunale/Giardino Pubblico;ND;Nessuno;Patrimonio indisponibile;Utilizzato direttamente;Altro;;;;1;False
2675305;L219;394;;;12.0;TERRENO;STRADA DELLA VERNA;SNC;45.097479;7.7431642;Parco/Villa Comunale/Giardino Pubblico;ND;Nessuno;Patrimonio indisponibile;Utilizzato direttamente;Altro;;;;1;False
2675306;L219;402;;;19.0;TERRENO;STRADA DELLA VERNA;SNC;45.0971061;7.7425465;Parco/Villa Comunale/Giardino Pubblico;ND;Nessuno;Patrimonio indisponibile;Utilizzato direttamente;Altro;;;;1;False
2675308;L219;403;;;24.0;TERRENO;STRADA DELLA VERNA;SNC;45.0971041;7.7425175;Parco/Villa Comunale/Giardino Pubblico;ND;Nessuno;Patrimonio indisponibile;Utilizzato direttamente;Altro;;;;1;False
2675309;L219;404;;;55.0;TERRENO;STRADA DELLA VERNA;SNC;45.0969493;7.7423179;Parco/Villa Comunale/Giardino Pubblico;ND;Nessuno;Patrimonio indisponibile;Utilizzato direttamente;Altro;;;;1;False
2675310;L219;405;;;54.0;TERRENO;STRADA DELLA VERNA;SNC;45.0969309;7.7423372;Parco/Villa Comunale/Giardino Pubblico;ND;Nessuno;Patrimonio indisponibile;Utilizzato direttamente;Altro;;;;1;False
2675311;L219;421;;;51.0;TERRENO;STRADA DELLA VERNA;SNC;45.0990027;7.7379237;Parco/Villa Comunale/Giardino Pubblico;ND;Nessuno;Patrimonio indisponibile;Utilizzato direttamente;Altro;;;;1;False
2675312;L219;423;;;146.0;TERRENO;STRADA DELLA VERNA;SNC;45.0988897;7.737844;Parco/Villa Comunale/Giardino Pubblico;ND;Nessuno;Patrimonio indisponibile;Utilizzato direttamente;Altro;;;;1;False
2714495;L219;187;;;270.0;TERRENO;LUNGO DORA COLLETTA PIETRO;SNC;45.0748536;7.7113171;Terreno agricolo;ND;Nessuno;Patrimonio indisponibile;Utilizzato direttamente;Altro;;;;1;False
2714496;L219;189;;;30.0;TERRENO;LUNGO DORA COLLETTA PIETRO;SNC;45.0746648;7.7119447;Terreno agricolo;ND;Nessuno;Patrimonio indisponibile;Utilizzato direttamente;Altro;;;;1;False
2714497;L219;190;;;24.0;TERRENO;LUNGO DORA COLLETTA PIETRO;SNC;45.0745543;7.712167;Terreno agricolo;ND;Nessuno;Patrimonio indisponibile;Utilizzato direttamente;Altro;;;;1;False
2714498;L219;588;;;2358.0;TERRENO;STRADA DELLA VERNA;SNC;45.0996994;7.7386891;Terreno agricolo;ND;Nessuno;Patrimonio indisponibile;Utilizzato direttamente;Altro;;;;1;False
2714499;L219;589;;;442.0;TERRENO;STRADA DELLA VERNA;SNC;45.0992104;7.7381538;Terreno agricolo;ND;Nessuno;Patrimonio indisponibile;Utilizzato direttamente;Altro;;;;1;False
2714500;L219;444;;;47.0;TERRENO;STRADA DELLA VERNA;SNC;45.097323;7.7374089;Terreno urbano;ND;Nessuno;Patrimonio indisponibile;Utilizzato direttamente;Altro;;;;1;False
2714501;L219;446;;;51.0;TERRENO;STRADA DELLA VERNA;SNC;45.097053;7.7384128;Terreno urbano;ND;Nessuno;Patrimonio indisponibile;Utilizzato direttamente;Altro;;;;1;False
2714502;L219;448;;;57.0;TERRENO;STRADA DELLA VERNA;SNC;45.0965734;7.7392572;Terreno urbano;ND;Nessuno;Patrimonio indisponibile;Utilizzato direttamente;Altro;;;;1;False
2714503;L219;449;;;2178.0;TERRENO;STRADA DELLA VERNA;SNC;45.0966263;7.7381361;Terreno urbano;ND;Nessuno;Patrimonio indisponibile;Utilizzato direttamente;Altro;;;;1;False
2714504;L219;36;;;1524.0;TERRENO;LUNGO STURA LAZIO;SNC;45.0991288;7.7219413;Parco/Villa Comunale/Giardino Pubblico;ND;Nessuno;Patrimonio indisponibile;Utilizzato direttamente;Altro;;;;1;False
2714505;L219;37;;;372.0;TERRENO;LUNGO STURA LAZIO;SNC;45.099202;7.7222331;Terreno urbano;ND;Nessuno;Patrimonio indisponibile;Utilizzato direttamente;Altro;;;;1;False
2714506;L219;38;;;79.0;TERRENO;LUNGO STURA LAZIO;SNC;45.0991665;7.7223547;Terreno urbano;ND;Nessuno;Patrimonio indisponibile;Utilizzato direttamente;Altro;;;;1;False
2714507;L219;451;;;227.0;TERRENO;STRADA DELLA VERNA;SNC;45.0968422;7.7393532;Terreno agricolo;ND;Nessuno;Patrimonio indisponibile;Utilizzato direttamente;Altro;;;;1;False
2714508;L219;453;;;5555.0;TERRENO;STRADA DELLA VERNA;SNC;45.0976915;7.7389801;Terreno agricolo;ND;Nessuno;Patrimonio indisponibile;Utilizzato direttamente;Altro;;;;1;False
2714509;L219;452;;;39.0;TERRENO;STRADA DELLA VERNA;SNC;45.0968269;7.7393018;Terreno agricolo;ND;Nessuno;Patrimonio indisponibile;Utilizzato direttamente;Altro;;;;1;False
2714510;L219;454;;;444.0;TERRENO;STRADA DELLA VERNA;SNC;45.0976049;7.7395647;Terreno agricolo;ND;Nessuno;Patrimonio indisponibile;Utilizzato direttamente;Altro;;;;1;False
2714511;L219;455;;;1935.0;TERRENO;STRADA DELLA VERNA;SNC;45.0969478;7.7388437;Terreno agricolo;ND;Nessuno;Patrimonio indisponibile;Utilizzato direttamente;Altro;;;;1;False
2714512;L219;456;;;302.0;TERRENO;STRADA DELLA VERNA;SNC;45.0970895;7.7388755;Terreno agricolo;ND;Nessuno;Patrimonio indisponibile;Utilizzato direttamente;Altro;;;;1;False
2714513;L219;457;;;1190.0;TERRENO;STRADA DELLA VERNA;SNC;45.0967491;7.7388186;Terreno agricolo;ND;Nessuno;Patrimonio indisponibile;Utilizzato direttamente;Altro;;;;1;False
2714514;L219;458;;;588.0;TERRENO;STRADA DELLA VERNA;SNC;45.096968;7.7379184;Terreno agricolo;ND;Nessuno;Patrimonio indisponibile;Utilizzato direttamente;Altro;;;;1;False
2714515;L219;459;;;361.0;TERRENO;STRADA DELLA VERNA;SNC;45.097015;7.7379981;Terreno agricolo;ND;Nessuno;Patrimonio indisponibile;Utilizzato direttamente;Altro;;;;1;False
2714516;L219;460;;;129.0;TERRENO;STRADA DELLA VERNA;SNC;45.0969568;7.7377596;Terreno agricolo;ND;Nessuno;Patrimonio indisponibile;Utilizzato direttamente;Altro;;;;1;False
2714517;L219;461;;;145.0;TERRENO;STRADA DELLA VERNA;SNC;45.0966194;7.739313;Terreno agricolo;ND;Nessuno;Patrimonio indisponibile;Utilizzato direttamente;Altro;;;;1;False
2714518;L219;462;;;392.0;TERRENO;STRADA DELLA VERNA;SNC;45.0966635;7.7386577;Terreno agricolo;ND;Nessuno;Patrimonio indisponibile;Utilizzato direttamente;Altro;;;;1;False
2714519;L219;463;;;300.0;TERRENO;STRADA DELLA VERNA;SNC;45.0967322;7.7383067;Terreno agricolo;ND;Nessuno;Patrimonio indisponibile;Utilizzato direttamente;Altro;;;;1;False
2714520;L219;464;;;2010.0;TERRENO;STRADA DELLA VERNA;SNC;45.097256;7.7389303;Terreno agricolo;ND;Nessuno;Patrimonio indisponibile;Utilizzato direttamente;Altro;;;;1;False
2714521;L219;465;;;400.0;TERRENO;STRADA DELLA VERNA;SNC;45.0971001;7.7393735;Terreno agricolo;ND;Nessuno;Patrimonio indisponibile;Utilizzato direttamente;Altro;;;;1;False
2714522;L219;513;;;508.0;TERRENO;VIA NOLE;SNC;45.0912623;7.6536193;Terreno urbano;ND;Nessuno;Patrimonio disponibile;Utilizzato direttamente;Altro;;;;1;False
2714523;L219;514;;;52.0;TERRENO;VIA NOLE;SNC;45.0913782;7.6537091;Terreno urbano;ND;Nessuno;Patrimonio disponibile;Utilizzato direttamente;Altro;;;;1;False
2714524;L219;322;;;106.0;TERRENO;VIA SANT'ELIA ANTONIO;SNC;45.1241711;7.7136853;Terreno agricolo;ND;Nessuno;Patrimonio indisponibile;Utilizzato direttamente;Altro;;;;1;False
2714525;L219;323;;;75.0;TERRENO;VIA SANT'ELIA ANTONIO;SNC;45.1241047;7.7132623;Terreno agricolo;ND;Nessuno;Patrimonio indisponibile;Utilizzato direttamente;Altro;;;;1;False
2714526;L219;333;;;936.0;TERRENO;VIA SANT'ELIA ANTONIO;SNC;45.1228356;7.7131583;Terreno agricolo;ND;Nessuno;Patrimonio indisponibile;Utilizzato direttamente;Altro;;;;1;False
2714527;L219;334;;;95.0;TERRENO;VIA SANT'ELIA ANTONIO;SNC;45.1222743;7.7129532;Terreno agricolo;ND;Nessuno;Patrimonio indisponibile;Utilizzato direttamente;Altro;;;;1;False
2714528;L219;335;;;13.0;TERRENO;VIA SANT'ELIA ANTONIO;SNC;45.123324;7.7133624;Terreno agricolo;ND;Nessuno;Patrimonio indisponibile;Utilizzato direttamente;Altro;;;;1;False
2719265;L219;1417;31;1;132.0;FABBRICATO;VIALE XXV APRILE;SNC;45.03423128;7.6854454;Abitazione;Prima del 1919;Nessuno;Patrimonio indisponibile;Non utilizzato;Non Dichiarato;;;;1;False
2719284;L219;1356;35;2;100.0;FABBRICATO;VIA ALBY;15;45.0527093;7.6969989;Abitazione;Dal 1961 al 1970;Nessuno;Patrimonio indisponibile;Non utilizzato;Non Dichiarato;;;;1;False
2724429;L219;86;;;274.0;TERRENO;Strada San Vincenzo;n.a.;45.0523566;7.7183875;Terreno agricolo;ND;Nessuno;Patrimonio indisponibile;Utilizzato direttamente;Attività agricola;;;;1;False
2724433;L219;87;;;285.0;TERRENO;Strada Comunale di Pecetto;n.a.;45.0523691;7.7188223;Terreno agricolo;ND;Nessuno;Patrimonio indisponibile;Utilizzato direttamente;Attività agricola;;;;1;False
2732799;L219;1065;32;2;177.0;FABBRICATO;TRAVES (VIA);15;45.1110678;7.6270079;Area urbana;ND;Nessuno;Patrimonio indisponibile;Utilizzato direttamente;Altro;;;;1;False
2732800;L219;1078;472;;1560.0;FABBRICATO;MASSARI GIUSEPPE (VIA);114;45.10718953;7.68102326;Area urbana;ND;Nessuno;Patrimonio indisponibile;Utilizzato direttamente;Altro;;;;1;False
2732804;L219;1104;398;;964.0;FABBRICATO;TRONZANO (VIA);20;45.0993327;7.6962033;Area urbana;ND;Nessuno;Patrimonio indisponibile;Utilizzato direttamente;Altro;;;;1;False
2732805;L219;1108;230;2;2275.0;FABBRICATO;ASSISI (VIA);27 A;45.0967179;7.6680446;Area urbana;ND;Nessuno;Patrimonio indisponibile;Utilizzato direttamente;Altro;;;;1;False
2732806;L219;1108;352;1;3883.0;FABBRICATO;ASSISI (VIA);45;45.095979;7.6679436;Area urbana;ND;Dichiarazione di interesse culturale;Demanio;Utilizzato direttamente;Altro;;;;1;False
2732807;L219;1108;352;2;50.0;FABBRICATO;ASSISI (VIA);45;45.095979;7.6679436;Area urbana;ND;Dichiarazione di interesse culturale;Demanio;Utilizzato direttamente;Altro;;;;1;False
2732808;L219;1108;352;3;1096.0;FABBRICATO;ASSISI (VIA);45;45.095979;7.6679436;Area urbana;ND;Dichiarazione di interesse culturale;Demanio;Utilizzato direttamente;Altro;;;;1;False
2732809;L219;1109;637;3;25.0;FABBRICATO;CARDINALE MASSAIA GUGLIELMO (VIA);SNC;45.1018132;7.6683983;Area urbana;ND;Dichiarazione di interesse culturale;Demanio;Utilizzato direttamente;Altro;;;;1;False
2732810;L219;1109;643;;2657.0;FABBRICATO;CARDINALE MASSAIA GUGLIELMO (VIA);SNC;45.10149605;7.66858553;Area urbana;ND;Dichiarazione di interesse culturale;Demanio;Utilizzato direttamente;Altro;;;;1;False
2732811;L219;1113;102;;22.0;FABBRICATO;COSSA PIETRO (VIA);301;45.0962567;7.633329;Area urbana;ND;Nessuno;Patrimonio indisponibile;Utilizzato direttamente;Altro;;;;1;False
2732812;L219;1125;90;2;3566.0;FABBRICATO;VENEZIA (CORSO);11;45.0929198;7.6789981;Area urbana;ND;Nessuno;Patrimonio indisponibile;Utilizzato direttamente;Altro;;;;1;False
2732813;L219;1150;64;26;1550.0;FABBRICATO;CIGNA FRANCESCO (VIA);102;45.09091829;7.68568229;Area urbana;ND;Dichiarazione di interesse culturale;Demanio;Utilizzato direttamente;Altro;;;;1;False
2732814;L219;1150;64;30;878.0;FABBRICATO;CIGNA FRANCESCO (VIA);102 A;45.09091829;7.68568229;Area urbana;ND;Nessuno;Patrimonio indisponibile;Utilizzato direttamente;Altro;;;;1;False
2732815;L219;1153;130;365;7.0;FABBRICATO;LIVORNO (VIA);SNC;45.0879597;7.6684117;Area urbana;ND;Nessuno;Patrimonio indisponibile;Utilizzato direttamente;Altro;;;;1;False
2732816;L219;1153;130;366;11.0;FABBRICATO;LIVORNO (VIA);SNC;45.0879597;7.6684117;Area urbana;ND;Nessuno;Patrimonio indisponibile;Utilizzato direttamente;Altro;;;;1;False
2732817;L219;1153;130;367;45.0;FABBRICATO;LIVORNO (VIA);SNC;45.0879597;7.6684117;Area urbana;ND;Nessuno;Patrimonio indisponibile;Utilizzato direttamente;Altro;;;;1;False
2732818;L219;1153;131;1085;16.0;FABBRICATO;LIVORNO (VIA);SNC;45.0883774;7.666813;Area urbana;ND;Nessuno;Patrimonio indisponibile;Utilizzato direttamente;Altro;;;;1;False
2732819;L219;1153;131;1086;32.0;FABBRICATO;LIVORNO (VIA);SNC;45.0883774;7.666813;Area urbana;ND;Nessuno;Patrimonio indisponibile;Utilizzato direttamente;Altro;;;;1;False
2732820;L219;1153;132;1230;191.0;FABBRICATO;LIVORNO (VIA);SNC;45.0875149;7.6666417;Area urbana;ND;Nessuno;Patrimonio indisponibile;Utilizzato direttamente;Altro;;;;1;False
2732821;L219;1153;132;1231;97.0;FABBRICATO;LIVORNO (VIA);SNC;45.0875149;7.6666417;Area urbana;ND;Nessuno;Patrimonio indisponibile;Utilizzato direttamente;Altro;;;;1;False
2732822;L219;1153;140;135;1636.0;FABBRICATO;LIVORNO (VIA);SNC;45.088192;7.666068;Area urbana;ND;Nessuno;Patrimonio indisponibile;Utilizzato direttamente;Altro;;;;1;False
2732825;L219;1169;54;4;695.0;FABBRICATO;COSSA PIETRO (VIA);115 21;45.0823902;7.6227387;Area urbana;ND;Nessuno;Patrimonio indisponibile;Utilizzato direttamente;Altro;;;;1;False
2732827;L219;1180;235;7;3259.0;FABBRICATO;SANTA CHIARA (VIA);58;45.07914;7.6715759;Area urbana;ND;Nessuno;Patrimonio indisponibile;Utilizzato direttamente;Altro;;;;1;False
2732832;L219;1183;229;;1864.0;FABBRICATO;CECCHI ANTONIO (VIA);17;45.0858492;7.6816147;Area urbana;ND;Nessuno;Patrimonio indisponibile;Utilizzato direttamente;Altro;;;;1;False
2732833;L219;1215;134;;44.0;FABBRICATO;BORGO DORA (VIA);49;45.0816879;7.6815432;Area urbana;ND;Dichiarazione di interesse culturale;Demanio;Utilizzato direttamente;Altro;;;;1;False
2732834;L219;1215;136;64;160.0;FABBRICATO;BORGO DORA (VIA);49;45.0817319;7.6829121;Area urbana;ND;Dichiarazione di interesse culturale;Demanio;Utilizzato direttamente;Altro;;;;1;False
2732836;L219;1236;536;2;1843.0;FABBRICATO;SERRANO (VIA);24 A;45.0660908;7.6394768;Area urbana;ND;Nessuno;Patrimonio indisponibile;Utilizzato direttamente;Altro;;;;1;False
2732837;L219;1239;261;;2982.0;FABBRICATO;CASTELFIDARDO (CORSO);30 A;45.0637018;7.6590401;Area urbana;ND;Nessuno;Patrimonio indisponibile;Utilizzato direttamente;Altro;;;;1;False
2732838;L219;1249;352;1;534.0;FABBRICATO;MODENA (VIA);30 B;45.0776948;7.6944863;Area urbana;ND;Nessuno;Patrimonio indisponibile;Utilizzato direttamente;Altro;;;;1;False
2732839;L219;1251;859;;130.0;FABBRICATO;RICASOLI BETTINO (VIA);30;45.0722185;7.7054224;Area urbana;ND;Dichiarazione di interesse culturale;Demanio;Utilizzato direttamente;Altro;;;;1;False
2732840;L219;1296;376;;907.0;FABBRICATO;ROBILANT CARLO DI (PIAZZA);16;45.0586885;7.6431233;Area urbana;ND;Nessuno;Patrimonio indisponibile;Utilizzato direttamente;Altro;;;;1;False
2732841;L219;1307;4;6;486.0;FABBRICATO;PRINCIPE AMEDEO (VIA);54;45.0653492;7.6930014;Area urbana;ND;Nessuno;Patrimonio indisponibile;Utilizzato direttamente;Altro;;;;1;False
2732842;L219;1307;10;;130.0;FABBRICATO;PLANA GIOVANNI (VIA);2;45.0650967;7.6931392;Area urbana;ND;Dichiarazione di interesse culturale;Demanio;Utilizzato direttamente;Altro;;;;1;False
2732843;L219;1311;226;;66.0;FABBRICATO;CASALE (CORSO);56;45.0657357;7.7079947;Area urbana;ND;Nessuno;Patrimonio indisponibile;Utilizzato direttamente;Altro;;;;1;False
2732844;L219;1311;229;;31.0;FABBRICATO;CASALE (CORSO);56;45.0652161;7.706707;Area urbana;ND;Nessuno;Patrimonio indisponibile;Utilizzato direttamente;Altro;;;;1;False
2732845;L219;1344;289;2;5121.0;FABBRICATO;OSOPPO (VIA);3;45.0533096;7.6405444;Area urbana;ND;Nessuno;Patrimonio indisponibile;Utilizzato direttamente;Altro;;;;1;False
2732846;L219;1373;5;10;63.0;FABBRICATO;MONCALIERI (CORSO);18;45.0441555;7.6852007;Area urbana;ND;Nessuno;Patrimonio indisponibile;Utilizzato direttamente;Altro;;;;1;False
2732847;L219;1373;5;17;30.0;FABBRICATO;MONCALIERI (CORSO);178;45.0441555;7.6852007;Area urbana;ND;Nessuno;Patrimonio indisponibile;Utilizzato direttamente;Altro;;;;1;False
2732848;L219;1379;131;1;6010.0;FABBRICATO;GIORDANO BRUNO (VIA);11;45.0441228;7.6644399;Area urbana;ND;Nessuno;Patrimonio indisponibile;Utilizzato direttamente;Altro;;;;1;False
2732849;L219;1379;132;;25.0;FABBRICATO;GIORDANO BRUNO (VIA);11;45.0431001;7.6633868;Area urbana;ND;Nessuno;Patrimonio indisponibile;Utilizzato direttamente;Altro;;;;1;False
2732851;L219;1397;91;;3500.0;FABBRICATO;S. MARINO (VIA);30;45.0368848;7.6480173;Area urbana;ND;Nessuno;Patrimonio indisponibile;Utilizzato direttamente;Altro;;;;1;False
2732852;L219;1397;99;;605.0;FABBRICATO;UNIONE SOVIETICA (CORSO);220;45.0357513;7.6493084;Area urbana;ND;Dichiarazione di interesse culturale;Demanio;Utilizzato direttamente;Altro;;;;1;False
2732853;L219;1397;104;;475.0;FABBRICATO;UNIONE SOVIETICA (CORSO);220;45.0366319;7.6490395;Area urbana;ND;Dichiarazione di interesse culturale;Demanio;Utilizzato direttamente;Altro;;;;1;False
2732854;L219;1397;105;;1103.0;FABBRICATO;UNIONE SOVIETICA (CORSO);220;45.0360266;7.6495505;Area urbana;ND;Dichiarazione di interesse culturale;Demanio;Utilizzato direttamente;Altro;;;;1;False
2732855;L219;1398;80;;4500.0;FABBRICATO;FILADELFIA (VIA);82;45.0413869;7.6484797;Area urbana;ND;Dichiarazione di interesse culturale;Demanio;Utilizzato direttamente;Altro;;;;1;False
2732856;L219;1401;317;;270.0;FABBRICATO;ZINI ZINO GIACOMO (VIA);139;45.0345556;7.6600608;Area urbana;ND;Nessuno;Patrimonio indisponibile;Utilizzato direttamente;Altro;;;;1;False
2732857;L219;1405;230;;39.0;FABBRICATO;MONCALIERI (CORSO);270;45.0358726;7.6793781;Area urbana;ND;Nessuno;Patrimonio indisponibile;Utilizzato direttamente;Altro;;;;1;False
2732858;L219;1405;232;;75.0;FABBRICATO;MONCALIERI (CORSO);270;45.0353274;7.6792023;Area urbana;ND;Nessuno;Patrimonio indisponibile;Utilizzato direttamente;Altro;;;;1;False
2732859;L219;1422;198;;7.0;FABBRICATO;GIORDANO BRUNO (VIA);181;45.0337951;7.6576171;Area urbana;ND;Nessuno;Patrimonio indisponibile;Utilizzato direttamente;Altro;;;;1;False
2732860;L219;1422;199;;20.0;FABBRICATO;GIORDANO BRUNO (VIA);181;45.0338343;7.6574178;Area urbana;ND;Nessuno;Patrimonio indisponibile;Utilizzato direttamente;Altro;;;;1;False
2732861;L219;1422;200;2;5.0;FABBRICATO;GIORDANO BRUNO (VIA);181;45.0342205;7.6584156;Area urbana;ND;Nessuno;Patrimonio indisponibile;Utilizzato direttamente;Altro;;;;1;False
2732862;L219;1422;201;2;8.0;FABBRICATO;GIORDANO BRUNO (VIA);181;45.034205;7.6577318;Area urbana;ND;Nessuno;Patrimonio indisponibile;Utilizzato direttamente;Altro;;;;1;False
2732864;L219;1422;201;3;22.0;FABBRICATO;GIORDANO BRUNO (VIA);181;45.034205;7.6577318;Area urbana;ND;Nessuno;Patrimonio indisponibile;Utilizzato direttamente;Altro;;;;1;False
2732865;L219;1436;4;21;321.0;FABBRICATO;ORBASSANO (CORSO);455;45.0305681;7.6108275;Area urbana;ND;Nessuno;Patrimonio indisponibile;Utilizzato direttamente;Altro;;;;1;False
2732867;L219;1481;321;7;6350.0;FABBRICATO;FARINELLI ARTURO (VIA);40 A;45.014537;7.6340713;Area urbana;ND;Nessuno;Patrimonio indisponibile;Utilizzato direttamente;Altro;;;;1;False
2781821;L219;687;;;38.0;TERRENO;Strada al Traforo di Pino;n.a.;45.07912551;7.73805918;Terreno agricolo;ND;Nessuno;Patrimonio disponibile;Non utilizzato;Non Dichiarato;;;;1;False
2782172;L219;688;;;1422.0;TERRENO;Strada al Traforo di Pino;n.a.;45.07933315;7.7378327;Terreno agricolo;ND;Nessuno;Patrimonio disponibile;Utilizzato direttamente;Attività agricola;;;;1;False
2785314;L219;1289;56;305;1242.86;FABBRICATO;Via Cumiana;15;45.0658762;7.6443978;Ufficio strutturato ed assimilabili;Dal 1919 al 1945;Dichiarazione di interesse culturale;Patrimonio disponibile;Non utilizzato;Non Dichiarato;;;;1;False
2786156;L219;1306;192;143;63.0;FABBRICATO;Via Giuseppe Mazzini;44;45.0609741;7.6882336;Ufficio strutturato ed assimilabili;Prima del 1919;Nessuno;Patrimonio indisponibile;;Non Dichiarato;in concessione a titolo oneroso;1406.0;14/02/2020;1;False
2786157;L219;1306;192;144;14.0;FABBRICATO;Via Giuseppe Mazzini;44;45.0609741;7.6882336;Locale commerciale, negozio;Prima del 1919;Nessuno;Patrimonio indisponibile;Utilizzato direttamente;Attività commerciale e di ristorazione;;;;1;False
2787445;L219;1429;98;102;76.0;FABBRICATO;VIA ORBASSANO;380;45.0343493;7.620652;Abitazione;Dal 1946 al 1960;Nessuno;Patrimonio indisponibile;Non utilizzato;Non Dichiarato;;;;1;False
2787446;L219;1429;98;108;91.0;FABBRICATO;VIA ORBASSANO;380;45.0343493;7.620652;Abitazione;Dal 1946 al 1960;Nessuno;Patrimonio indisponibile;Non utilizzato;Non Dichiarato;;;;1;False
2787447;L219;46;;;225.0;TERRENO;VIA SANT'ELIA ANTONIO;SNC;45.1251603;7.7153708;Terreno agricolo;ND;Nessuno;Patrimonio indisponibile;Utilizzato direttamente;Attività agricola;;;;1;False
2787448;L219;92;;;373.0;TERRENO;VIA SANT'ELIA ANTONIO;SNC;45.1269705;7.7143888;Terreno agricolo;ND;Nessuno;Patrimonio indisponibile;Utilizzato direttamente;Attività agricola;;;;1;False
2787449;L219;104;;;6025.0;TERRENO;VIA SANT'ELIA ANTONIO;SNC;45.1258256;7.7153199;Terreno agricolo;ND;Nessuno;Patrimonio indisponibile;Utilizzato direttamente;Attività agricola;;;;1;False
2787450;L219;106;;;19.0;TERRENO;VIA SANT'ELIA ANTONIO;SNC;45.1262362;7.7166694;Pascolo;ND;Nessuno;Patrimonio indisponibile;Utilizzato direttamente;Attività agricola;;;;1;False
2787451;L219;107;;;193.0;TERRENO;VIA SANT'ELIA ANTONIO;SNC;45.1265003;7.7162249;Pascolo;ND;Nessuno;Patrimonio indisponibile;Utilizzato direttamente;Attività agricola;;;;1;False
2787452;L219;108;;;376.0;TERRENO;VIA SANT'ELIA ANTONIO;SNC;45.1264103;7.71626;Terreno boscato o con vegetazione di vario tipo;ND;Nessuno;Patrimonio indisponibile;Utilizzato direttamente;Attività agricola;;;;1;False
2787453;L219;109;;;39.0;TERRENO;VIA SANT'ELIA ANTONIO;SNC;45.1261922;7.7166131;Terreno boscato o con vegetazione di vario tipo;ND;Nessuno;Patrimonio indisponibile;Utilizzato direttamente;Attività agricola;;;;1;False
2787454;L219;110;;;2606.0;TERRENO;VIA SANT'ELIA ANTONIO;SNC;45.1261843;7.7161535;Terreno agricolo;ND;Nessuno;Patrimonio indisponibile;Utilizzato direttamente;Attività agricola;;;;1;False
2787455;L219;111;;;754.0;TERRENO;VIA SANT'ELIA ANTONIO;SNC;45.1258288;7.7160564;Terreno agricolo;ND;Nessuno;Patrimonio indisponibile;Utilizzato direttamente;Attività agricola;;;;1;False
2787456;L219;114;;;5548.0;TERRENO;VIA SANT'ELIA ANTONIO;SNC;45.1268641;7.7145066;Terreno agricolo;ND;Nessuno;Patrimonio indisponibile;Utilizzato direttamente;Attività agricola;;;;1;False
2787457;L219;116;;;541.0;TERRENO;VIA SANT'ELIA ANTONIO;SNC;45.1263978;7.7144309;Terreno agricolo;ND;Nessuno;Patrimonio indisponibile;Utilizzato direttamente;Attività agricola;;;;1;False
2787458;L219;117;;;95.0;TERRENO;VIA SANT'ELIA ANTONIO;SNC;45.1264844;7.7162829;Pascolo;ND;Nessuno;Patrimonio indisponibile;Utilizzato direttamente;Attività agricola;;;;1;False
2787459;L219;118;;;53.0;TERRENO;VIA SANT'ELIA ANTONIO;SNC;45.1266823;7.7159678;Pascolo;ND;Nessuno;Patrimonio indisponibile;Utilizzato direttamente;Attività agricola;;;;1;False
2787460;L219;202;;;45.0;TERRENO;VIA SANT'ELIA ANTONIO;SNC;45.124779;7.714941;Terreno agricolo;ND;Nessuno;Patrimonio indisponibile;Utilizzato direttamente;Attività agricola;;;;1;False
2787461;L219;316;;;1777.0;TERRENO;VIA SANT'ELIA ANTONIO;SNC;45.1250063;7.7146412;Terreno agricolo;ND;Nessuno;Patrimonio indisponibile;Utilizzato direttamente;Attività agricola;;;;1;False
2787462;L219;325;;;299.0;TERRENO;VIA SANT'ELIA ANTONIO;SNC;45.1240913;7.7136216;Terreno agricolo;ND;Nessuno;Patrimonio indisponibile;Utilizzato direttamente;Attività agricola;;;;1;False
2787463;L219;326;;;4062.0;TERRENO;VIA SANT'ELIA ANTONIO;SNC;45.1239355;7.7139835;Terreno agricolo;ND;Nessuno;Patrimonio indisponibile;Utilizzato direttamente;Attività agricola;;;;1;False
2787464;L219;328;;;72.0;TERRENO;VIA SANT'ELIA ANTONIO;SNC;45.1223044;7.713056;Terreno agricolo;ND;Nessuno;Patrimonio indisponibile;Utilizzato direttamente;Attività agricola;;;;1;False
2787465;L219;329;;;833.0;TERRENO;VIA SANT'ELIA ANTONIO;SNC;45.1240512;7.7143194;Terreno agricolo;ND;Nessuno;Patrimonio indisponibile;Utilizzato direttamente;Attività agricola;;;;1;False
2787466;L219;336;;;11398.0;TERRENO;VIA SANT'ELIA ANTONIO;SNC;45.1245438;7.7135712;Terreno agricolo;ND;Nessuno;Patrimonio indisponibile;Utilizzato direttamente;Attività agricola;;;;1;False
2787467;L219;1016;39;2;281.0;FABBRICATO;VIA DEGLI ULIVI;49E;45.129511;7.7168342;Locale commerciale, negozio;Dopo il 2010;Nessuno;Patrimonio indisponibile;Utilizzato direttamente;Altro;;;;1;False
2787468;L219;1016;39;3;21.0;FABBRICATO;VIA DEGLI ULIVI;49E;45.129511;7.7168342;Magazzino e locali di deposito;Dopo il 2010;Nessuno;Patrimonio indisponibile;Utilizzato direttamente;Altro;;;;1;False
2787469;L219;1016;41;;57.0;FABBRICATO;VIA DEGLI ULIVI;SNC;45.1330369;7.7170149;Impianto sportivo;Dopo il 2010;Nessuno;Patrimonio indisponibile;Utilizzato direttamente;Altro;;;;1;False
2787470;L219;1016;44;;54.0;FABBRICATO;VIA DEGLI ULIVI;SNC;45.1323796;7.7162286;Impianto sportivo;Dopo il 2010;Nessuno;Patrimonio indisponibile;Utilizzato direttamente;Altro;;;;1;False
2789816;L219;1482;61;;77.0;FABBRICATO;Strada Castello di Mirafiori;38 15;45.0099751;7.6279136;Magazzino e locali di deposito;Dal 1919 al 1945;Nessuno;Patrimonio indisponibile;Non utilizzato;Non Dichiarato;;;;1;False
2790193;L219;1074;83;6;1015.0;FABBRICATO;Via Fiesole;19;45.1045328;7.6494675;Impianto sportivo;Dal 1971 al 1980;Nessuno;Patrimonio indisponibile;;Non Dichiarato;in concessione a titolo oneroso;1364.0;01/03/2017;1;False
2790212;L219;70;;;108717.0;TERRENO;Strada del Drosso;n.a.;45.0180024;7.5966247;Terreno agricolo;ND;Nessuno;Patrimonio indisponibile;Utilizzato direttamente;Attività agricola;;;;1;False
2790319;L219;109;;;49.0;TERRENO;Viale Luigi Hugues;n.a.;45.0587366;7.6337408;Parco/Villa Comunale/Giardino Pubblico;ND;Nessuno;Patrimonio indisponibile;Utilizzato direttamente;Altro;;;;1;False
2790322;L219;135;;;3238.0;TERRENO;Viale Luigi Hugues;n.a.;45.0617358;7.6340122;Parco/Villa Comunale/Giardino Pubblico;ND;Nessuno;Patrimonio indisponibile;Utilizzato direttamente;Altro;;;;1;False
2790324;L219;141;;;27470.0;TERRENO;Viale Luigi Hugues;n.a.;45.061044;7.6336787;Parco/Villa Comunale/Giardino Pubblico;ND;Nessuno;Patrimonio indisponibile;Utilizzato direttamente;Altro;;;;1;False
2790333;L219;1183;227;2;544.0;FABBRICATO;Via Antonio Cecchi;21;45.0861655;7.6816421;Magazzino e locali di deposito;Dal 1919 al 1945;Nessuno;Patrimonio indisponibile;Utilizzato direttamente;Altro;;;;1;False
2790338;L219;1183;227;3;338.0;FABBRICATO;Via Antonio Cecchi;21;45.0861655;7.6816421;Magazzino e locali di deposito;Dal 1919 al 1945;Nessuno;Patrimonio indisponibile;Utilizzato direttamente;Altro;;;;1;False
2790359;L219;1289;841;7;10.0;FABBRICATO;Piazza Carlo di Robilant;5;45.0608648;7.6463214;Cantina, soffitta, rimessa, box, garage, posto auto aperto/scoperto,;Prima del 1919;Nessuno;Patrimonio indisponibile;Utilizzato direttamente;Attività didattica;;;;1;False
2790360;L219;1289;841;6;9.0;FABBRICATO;Piazza Carlo di Robilant;5;45.0608648;7.6463214;Cantina, soffitta, rimessa, box, garage, posto auto aperto/scoperto,;Prima del 1919;Nessuno;Patrimonio indisponibile;Utilizzato direttamente;Attività didattica;;;;1;False
2814329;L219;1180;251;2;11026.0;FABBRICATO;Corso Regina Margherita;153;45.0798385;7.6726279;Ufficio strutturato ed assimilabili;Prima del 1919;Nessuno;Patrimonio indisponibile;;Non Dichiarato;in concessione a titolo oneroso;320561.0;01/01/2017;1;False
2814333;L219;1180;235;10;542.0;FABBRICATO;Corso Principe Eugenio;26;45.0792311;7.6718853;Ufficio strutturato ed assimilabili;Prima del 1919;Nessuno;Patrimonio indisponibile;Non utilizzato;Non Dichiarato;;;;1;False
2814338;L219;1180;448;1;228.2;FABBRICATO;Corso Principe Eugenio;26;45.0786543;7.6727587;Struttura residenziale collettiva (es.: collegi e convitti, educandati, ricoveri, orfanotrofi, ospizi, conventi, seminari);Prima del 1919;Nessuno;Patrimonio indisponibile;Non utilizzato;Non Dichiarato;;;;1;False
2814348;L219;542;;;29883.0;TERRENO;Via Osasco;n.a.;45.0610033;7.6521435;Parco/Villa Comunale/Giardino Pubblico;ND;Nessuno;Patrimonio indisponibile;Utilizzato direttamente;Altro;;;;1;False
2830245;L219;261;;;714.0;TERRENO;Via Orbetello;113 A;45.10614642;7.66975981;Terreno agricolo;ND;Nessuno;Patrimonio disponibile;Utilizzato direttamente;Altro;;;;1;False
2840041;L219;91;;;10220.0;TERRENO;VIA REYCEND ENRICO;SNC;45.1073302;7.6712273;Terreno agricolo;ND;Nessuno;Patrimonio disponibile;Utilizzato direttamente;Attività agricola;;;;1;False
2842581;L219;1176;195;2;402.0;FABBRICATO;Via Le Chiuse;66;45.0804968;7.6614763;Ufficio strutturato ed assimilabili;Dal 1946 al 1960;Nessuno;Patrimonio indisponibile;Utilizzato direttamente;Attività amministrativa/uffici pubblici;;;;1;False
2842586;L219;1183;197;3;91.0;FABBRICATO;Via Carmagnola;23;45.0850757;7.6849339;Abitazione;Dal 1981 al 1990;Nessuno;Patrimonio indisponibile;Utilizzato direttamente;Alloggio di servizio, foresterie;;;;1;False
2842590;L219;1217;46;77;26.0;FABBRICATO;Via Clemente Damiano Priocca;3;45.0772002;7.6852639;Abitazione;Prima del 1919;Nessuno;Patrimonio indisponibile;Non utilizzato;Non Dichiarato;;;;1;False
2842591;L219;1217;46;76;42.0;FABBRICATO;Via Clemente Damiano Priocca;3;45.0772002;7.6852639;Ufficio strutturato ed assimilabili;Prima del 1919;Nessuno;Patrimonio indisponibile;Non utilizzato;Non Dichiarato;;;;1;False
2842601;L219;1153;161;4;1849.6;FABBRICATO;Corso Umbria;90;45.0901633;7.663838;Biblioteca, pinacoteca, museo, gallerie;Dal 1946 al 1960;Nessuno;Patrimonio indisponibile;Utilizzato direttamente;Attività artistica e culturale;;;;1;False
2842904;L219;189;;;2390.0;TERRENO;VIA PEZZANA GIACINTA;SNC;45.0844025;7.704119;Terreno agricolo;ND;Nessuno;Patrimonio indisponibile;Utilizzato direttamente;Attività agricola;;;;1;False
2842905;L219;458;;;161.0;TERRENO;STRADA DELLA PRONDA;SNC;45.0647023;7.615571;Terreno agricolo;ND;Nessuno;Patrimonio indisponibile;Utilizzato direttamente;Attività agricola;;;;1;False
2842906;L219;460;;;244.0;TERRENO;STRADA DELLA PRONDA;SNC;45.0648171;7.6155776;Terreno agricolo;ND;Nessuno;Patrimonio indisponibile;Utilizzato direttamente;Attività agricola;;;;1;False
2842907;L219;464;;;362.0;TERRENO;STRADA DELLA PRONDA;SNC;45.0644644;7.6155552;Terreno agricolo;ND;Nessuno;Patrimonio indisponibile;Utilizzato direttamente;Attività agricola;;;;1;False
2842909;L219;193;;;546.0;TERRENO;CORSO GIULIO CESARE;SNC;45.1038777;7.705835;Terreno agricolo;ND;Nessuno;Patrimonio indisponibile;Utilizzato direttamente;Attività agricola;;;;1;False
2842911;L219;717;;;6.0;TERRENO;CORSO VENEZIA;SNC;45.0998448;7.6861511;Terreno agricolo;ND;Nessuno;Patrimonio indisponibile;Utilizzato direttamente;Attività agricola;;;;1;False
2842912;L219;718;;;1.0;TERRENO;CORSO VENEZIA;SNC;45.09982;7.6860195;Terreno agricolo;ND;Nessuno;Patrimonio indisponibile;Utilizzato direttamente;Attività agricola;;;;1;False
2842913;L219;719;;;1.0;TERRENO;CORSO VENEZIA;SNC;45.0998158;7.686012;Terreno agricolo;ND;Nessuno;Patrimonio indisponibile;Utilizzato direttamente;Attività agricola;;;;1;False
2842914;L219;720;;;40.0;TERRENO;CORSO VENEZIA;SNC;45.0997846;7.6857129;Terreno agricolo;ND;Nessuno;Patrimonio indisponibile;Utilizzato direttamente;Attività agricola;;;;1;False
2842915;L219;721;;;18.0;TERRENO;CORSO VENEZIA;SNC;45.0997922;7.6857233;Terreno agricolo;ND;Nessuno;Patrimonio indisponibile;Utilizzato direttamente;Attività agricola;;;;1;False
2842916;L219;722;;;7.0;TERRENO;CORSO VENEZIA;SNC;45.0997531;7.6854221;Terreno agricolo;ND;Nessuno;Patrimonio indisponibile;Utilizzato direttamente;Attività agricola;;;;1;False
2842917;L219;723;;;4.0;TERRENO;CORSO VENEZIA;SNC;45.0997602;7.6854266;Terreno agricolo;ND;Nessuno;Patrimonio indisponibile;Utilizzato direttamente;Attività agricola;;;;1;False
2842918;L219;725;;;3861.0;TERRENO;CORSO VENEZIA;SNC;45.09674;7.68418;Terreno agricolo;ND;Nessuno;Patrimonio indisponibile;Utilizzato direttamente;Attività agricola;;;;1;False
2842919;L219;726;;;296.0;TERRENO;CORSO VENEZIA;SNC;45.09674;7.68418;Terreno agricolo;ND;Nessuno;Patrimonio indisponibile;Utilizzato direttamente;Attività agricola;;;;1;False
2842920;L219;727;;;530.0;TERRENO;CORSO VENEZIA;SNC;45.0995866;7.6852599;Terreno agricolo;ND;Nessuno;Patrimonio indisponibile;Utilizzato direttamente;Altro;;;;1;False
2842921;L219;728;;;30.0;TERRENO;CORSO VENEZIA;SNC;45.0997657;7.6852174;Terreno agricolo;ND;Nessuno;Patrimonio indisponibile;Utilizzato direttamente;Altro;;;;1;False
2842922;L219;729;;;561.0;TERRENO;CORSO VENEZIA;SNC;45.09953;7.6854641;Terreno agricolo;ND;Nessuno;Patrimonio indisponibile;Utilizzato direttamente;Attività agricola;;;;1;False
2842923;L219;730;;;50.0;TERRENO;CORSO VENEZIA;SNC;45.0997804;7.6854021;Terreno agricolo;ND;Nessuno;Patrimonio indisponibile;Utilizzato direttamente;Attività agricola;;;;1;False
2842924;L219;145;;;228.0;TERRENO;VIA DELLE PERVINCHE;SNC;45.1031307;7.6364388;Terreno agricolo;ND;Nessuno;Patrimonio indisponibile;Utilizzato direttamente;Altro;;;;1;False
2842925;L219;195;;;1551.0;TERRENO;VIA BOTTICELLI SANDRO;SNC;45.1043218;7.7075068;Terreno agricolo;ND;Nessuno;Patrimonio indisponibile;Utilizzato direttamente;Attività agricola;;;;1;False
2842926;L219;196;;;1889.0;TERRENO;VIA BOTTICELLI SANDRO;SNC;45.1038047;7.7072597;Terreno urbano;ND;Nessuno;Patrimonio indisponibile;Utilizzato direttamente;Altro;;;;1;False
2844392;L219;36;;;2574.0;TERRENO;STRADA DEL PANSA;SNC;45.1041387;7.6149544;Terreno agricolo;ND;Nessuno;Patrimonio indisponibile;Utilizzato direttamente;Altro;;;;1;False
2844393;L219;66;;;143.0;TERRENO;STRADA DEL PANSA;SNC;45.1017418;7.615645;Terreno agricolo;ND;Nessuno;Patrimonio indisponibile;Utilizzato direttamente;Altro;;;;1;False
2848334;L219;1336;19;1;234.0;FABBRICATO;VIALE VIRGILIO;53;45.0542869;7.687518;Locale commerciale, negozio;Dal 1919 al 1945;Nessuno;Patrimonio indisponibile;Utilizzato direttamente;Attività commerciale e di ristorazione;;;;1;False
2848335;L219;80;;;2018.0;TERRENO;VIA PLAVA;SNC;45.030163;7.6093593;Terreno agricolo;ND;Nessuno;Patrimonio indisponibile;Utilizzato direttamente;Altro;;;;1;False
2848336;L219;67;;;99.0;TERRENO;STRADA DEL PANSA;SNC;45.1017205;7.6154802;Terreno agricolo;ND;Nessuno;Patrimonio indisponibile;Utilizzato direttamente;Altro;;;;1;False
2849041;L219;1349;47;417;500.0;FABBRICATO;VIA CHISONE;18;45.05272;7.67034;Ufficio strutturato ed assimilabili;Dal 1946 al 1960;Nessuno;Patrimonio indisponibile;Utilizzato direttamente;Attività amministrativa/uffici pubblici;;;;1;False
2849042;L219;354;;;307.0;TERRENO;VIA CHIESA DAMIANO;SNC;45.1023333;7.7299804;Terreno agricolo;ND;Nessuno;Patrimonio indisponibile;Utilizzato direttamente;Altro;;;;1;False
2849043;L219;1336;19;2;38.0;FABBRICATO;VIALE VIRGILIO;53;45.0542869;7.687518;Locale commerciale, negozio;Dal 1919 al 1945;Nessuno;Patrimonio indisponibile;Utilizzato direttamente;Attività commerciale e di ristorazione;;;;1;False
2849048;L219;62;;;1380.0;TERRENO;STRADA DELLA CEBROSA;SNC;45.1218871;7.7303882;Terreno agricolo;ND;Nessuno;Patrimonio indisponibile;Utilizzato direttamente;Attività agricola;;;;1;False
2849050;L219;56;;;3300.0;TERRENO;STRADA DEL PANSA;SNC;45.1015471;7.616228;Terreno urbano;ND;Nessuno;Patrimonio indisponibile;Utilizzato direttamente;Parcheggio;;;;1;False
2849051;L219;61;;;443.0;TERRENO;STRADA DEL PANSA;SNC;45.1020361;7.6154367;Terreno agricolo;ND;Nessuno;Patrimonio indisponibile;Utilizzato direttamente;Altro;;;;1;False
2849052;L219;64;;;963.0;TERRENO;STRADA DEL PANSA;SNC;45.1011444;7.615627;Terreno agricolo;ND;Nessuno;Patrimonio indisponibile;Utilizzato direttamente;Altro;;;;1;False
2851699;L219;1402;252;2;81.0;FABBRICATO;Via Lavagna;8;45.03327029;7.66916128;Abitazione;Dal 1946 al 1960;Nessuno;Patrimonio indisponibile;Non utilizzato;Non Dichiarato;;;;1;False
2852153;L219;1247;195;2;89.0;FABBRICATO;Via Giuseppe Genè;14;45.076207;7.6900753;Abitazione;Dal 1961 al 1970;Nessuno;Patrimonio indisponibile;Non utilizzato;Non Dichiarato;;;;1;False
2852154;L219;1247;195;3;36.0;FABBRICATO;Via Giuseppe Genè;14;45.076207;7.6900753;Magazzino e locali di deposito;Dal 1961 al 1970;Nessuno;Patrimonio indisponibile;Non utilizzato;Non Dichiarato;;;;1;False
2852467;L219;173;;;294.0;TERRENO;VIA SANT'ELIA ANTONIO;SNC;45.1241573;7.7126711;Pascolo;ND;Nessuno;Patrimonio indisponibile;Utilizzato direttamente;Altro;;;;1;False
2852468;L219;431;;;881.0;TERRENO;CORSO MORTARA;SNC;45.0911152;7.6724837;Terreno agricolo;ND;Nessuno;Patrimonio indisponibile;Utilizzato direttamente;Altro;;;;1;False
2852469;L219;432;;;541.0;TERRENO;VIA TESSO;SNC;45.0913247;7.6745769;Terreno agricolo;ND;Nessuno;Patrimonio indisponibile;Utilizzato direttamente;Altro;;;;1;False
2852470;L219;463;;;22.0;TERRENO;CORSO MORTARA;SNC;45.0907128;7.672549;Terreno agricolo;ND;Nessuno;Patrimonio indisponibile;Utilizzato direttamente;Altro;;;;1;False
2852471;L219;464;;;25.0;TERRENO;CORSO MORTARA;SNC;45.0907804;7.6724582;Terreno agricolo;ND;Nessuno;Patrimonio indisponibile;Utilizzato direttamente;Altro;;;;1;False
2852472;L219;465;;;41.0;TERRENO;CORSO MORTARA;SNC;45.0906948;7.6725351;Terreno agricolo;ND;Nessuno;Patrimonio indisponibile;Utilizzato direttamente;Altro;;;;1;False
2852473;L219;466;;;558.0;TERRENO;VIA GIACHINO ERRICO;SNC;45.0907163;7.6765019;Terreno agricolo;ND;Nessuno;Patrimonio indisponibile;Utilizzato direttamente;Altro;;;;1;False
2852474;L219;467;;;21.0;TERRENO;VIA GIACHINO ERRICO;SNC;45.0909631;7.6763452;Terreno agricolo;ND;Nessuno;Patrimonio indisponibile;Utilizzato direttamente;Altro;;;;1;False
2852475;L219;468;;;141.0;TERRENO;CORSO MORTARA;SNC;45.0906498;7.6725056;Terreno agricolo;ND;Nessuno;Patrimonio indisponibile;Utilizzato direttamente;Altro;;;;1;False
2852476;L219;470;;;5.0;TERRENO;VIA TESSO;SNC;45.0910915;7.6761564;Terreno agricolo;ND;Nessuno;Patrimonio indisponibile;Utilizzato direttamente;Altro;;;;1;False
2852477;L219;505;;;69.0;TERRENO;CORSO MORTARA;SNC;45.0911085;7.6725453;Terreno agricolo;ND;Nessuno;Patrimonio indisponibile;Utilizzato direttamente;Altro;;;;1;False
2852478;L219;462;;;31.0;TERRENO;STRADA DELLA PRONDA;SNC;45.0647925;7.6159845;Terreno agricolo;ND;Nessuno;Patrimonio indisponibile;Utilizzato direttamente;Altro;;;;1;False
2852481;L219;156;;;259.0;TERRENO;CORSO GIULIO CESARE;SNC;45.1211213;7.7182554;Terreno agricolo;ND;Nessuno;Patrimonio indisponibile;Utilizzato direttamente;Altro;;;;1;False
2852482;L219;29;;;33.0;TERRENO;CORSO ROMANIA;SNC;45.121945;7.7156956;Pascolo;ND;Nessuno;Patrimonio indisponibile;Utilizzato direttamente;Altro;;;;1;False
2852483;L219;65;;;416.0;TERRENO;CORSO ROMANIA;SNC;45.1217513;7.715794;Terreno agricolo;ND;Nessuno;Patrimonio indisponibile;Utilizzato direttamente;Altro;;;;1;False
2852484;L219;67;;;191.0;TERRENO;CORSO ROMANIA;SNC;45.1213862;7.7158308;Terreno agricolo;ND;Nessuno;Patrimonio indisponibile;Utilizzato direttamente;Altro;;;;1;False
2852485;L219;70;;;1295.0;TERRENO;CORSO ROMANIA;SNC;45.121611;7.7157972;Terreno boscato o con vegetazione di vario tipo;ND;Nessuno;Patrimonio indisponibile;Utilizzato direttamente;Altro;;;;1;False
2852486;L219;242;;;1010.0;TERRENO;CORSO ROMANIA;SNC;45.1215974;7.7156218;Pascolo;ND;Nessuno;Patrimonio indisponibile;Utilizzato direttamente;Altro;;;;1;False
2852487;L219;341;;;953.0;TERRENO;CORSO ROMANIA;SNC;45.1208746;7.7155839;Terreno agricolo;ND;Nessuno;Patrimonio indisponibile;Utilizzato direttamente;Altro;;;;1;False
2852622;L219;1222;20;24;756.0;FABBRICATO;VIA CASALIS GOFFREDO;54;45.0753266;7.6574814;Edificio scolastico (es.: scuola di ogni ordine e grado, università, scuola di formazione);Dal 1961 al 1970;Nessuno;Patrimonio indisponibile;Utilizzato direttamente;Attività didattica;;;;1;False
2852631;L219;1109;187;1;63.0;FABBRICATO;VIA DELLA BRUSA';24;45.1013571;7.6647617;Abitazione;Dal 1981 al 1990;Nessuno;Patrimonio indisponibile;Utilizzato direttamente;Altro;;;;1;False
2852632;L219;1109;187;3;60.0;FABBRICATO;VIA DELLA BRUSA';24;45.1013571;7.6647617;Abitazione;Dal 1981 al 1990;Nessuno;Patrimonio indisponibile;Utilizzato direttamente;Altro;;;;1;False
2852653;L219;190;;;1460.0;TERRENO;Via Bologna;n.a.;45.0846666;7.7042335;Terreno agricolo;ND;Nessuno;Patrimonio indisponibile;Non utilizzato;Non Dichiarato;;;;1;False
2852654;L219;72;;;872.0;TERRENO;Via Bologna;n.a.;45.0848928;7.7041207;Terreno urbano;ND;Nessuno;Patrimonio indisponibile;Non utilizzato;Non Dichiarato;;;;1;False
2854662;L219;1301;135;27;10.0;FABBRICATO;Via Valeggio;23;45.0589645;7.6687327;Cantina, soffitta, rimessa, box, garage, posto auto aperto/scoperto,;Dal 1919 al 1945;Nessuno;Patrimonio disponibile;Utilizzato direttamente;Altro;;;;1;False
2854663;L219;1301;135;26;92.0;FABBRICATO;Via Valeggio;23;45.0589645;7.6687327;Abitazione;Dal 1919 al 1945;Nessuno;Patrimonio disponibile;Utilizzato direttamente;Altro;;;;1;False
2854870;L219;1307;269;11;59.0;FABBRICATO;Via Murazzi del Po;55;45.0607896;7.693161;Magazzino e locali di deposito;Prima del 1919;Dichiarazione di interesse culturale;Demanio;Utilizzato direttamente;Attività commerciale e di ristorazione;;;;1;False
2854871;L219;1307;269;12;98.0;FABBRICATO;Via Murazzi del Po;55;45.0607896;7.693161;Magazzino e locali di deposito;Prima del 1919;Dichiarazione di interesse culturale;Demanio;Utilizzato direttamente;Attività commerciale e di ristorazione;;;;1;False
2854885;L219;1111;86;19;15.0;FABBRICATO;Corso Lombardia;123;45.09856798;7.64830169;Cantina, soffitta, rimessa, box, garage, posto auto aperto/scoperto,;Dal 1946 al 1960;Nessuno;Patrimonio indisponibile;;Non Dichiarato;in locazione;778.0;01/12/2022;1;False
2854886;L219;1111;86;20;15.0;FABBRICATO;Corso Lombardia;123;45.09856798;7.64830169;Cantina, soffitta, rimessa, box, garage, posto auto aperto/scoperto,;Dal 1946 al 1960;Nessuno;Patrimonio indisponibile;Utilizzato direttamente;Altro;;;;1;False
2854887;L219;1111;86;21;15.0;FABBRICATO;Corso Lombardia;123;45.09856798;7.64830169;Cantina, soffitta, rimessa, box, garage, posto auto aperto/scoperto,;Dal 1946 al 1960;Nessuno;Patrimonio indisponibile;Utilizzato direttamente;Altro;;;;1;False
2855206;L219;1352;2;19;278.0;FABBRICATO;Corso Massimo d'Azeglio;17;45.0486474;7.6821064;Ufficio strutturato ed assimilabili;Prima del 1919;Nessuno;Patrimonio indisponibile;Utilizzato direttamente;Attività didattica;;;;1;False
2855207;L219;1352;2;18;82.0;FABBRICATO;Corso Massimo d'Azeglio;17;45.0486474;7.6821064;Magazzino e locali di deposito;Prima del 1919;Nessuno;Patrimonio indisponibile;Utilizzato direttamente;Attività amministrativa/uffici pubblici;;;;1;False
2855214;L219;1352;2;20;6290.25;FABBRICATO;Corso Massimo d'Azeglio;17;45.0486474;7.6821064;Edificio scolastico (es.: scuola di ogni ordine e grado, università, scuola di formazione);Prima del 1919;Nessuno;Patrimonio indisponibile;Utilizzato direttamente;Attività didattica;;;;1;False
2855220;L219;1352;2;23;1916.57;FABBRICATO;Corso Massimo d'Azeglio;17;45.0486474;7.6821064;Ufficio strutturato ed assimilabili;Prima del 1919;Nessuno;Patrimonio indisponibile;Utilizzato direttamente;Attività amministrativa/uffici pubblici;;;;1;False
2855376;L219;1307;275;16;53.0;FABBRICATO;Via Murazzi del Po;31;45.0619849;7.6942521;Magazzino e locali di deposito;Prima del 1919;Dichiarazione di interesse culturale;Demanio;Utilizzato direttamente;Attività commerciale e di ristorazione;;;;1;False
2855377;L219;1307;275;15;103.0;FABBRICATO;Via Murazzi del Po;31;45.0619849;7.6942521;Locale commerciale, negozio;Prima del 1919;Dichiarazione di interesse culturale;Demanio;Utilizzato direttamente;Attività commerciale e di ristorazione;;;;1;False
2856957;L219;1144;1;4;4272.75;FABBRICATO;Via Giovenale Ancina;15;45.09394214;7.70909549;Edificio scolastico (es.: scuola di ogni ordine e grado, università, scuola di formazione);Dal 1961 al 1970;Nessuno;Patrimonio indisponibile;Utilizzato direttamente;Attività didattica;;;;1;False
2856958;L219;1144;1;5;122.0;FABBRICATO;Via Giovenale Ancina;15;45.09394214;7.70909549;Abitazione;Dal 1961 al 1970;Nessuno;Patrimonio indisponibile;Utilizzato direttamente;Alloggio di servizio, foresterie;;;;1;False
2857132;L219;1288;548;1;162.0;FABBRICATO;Via Osasco;19;45.0613907;7.6531295;Impianto sportivo;Dal 1991 al 2000;Nessuno;Patrimonio indisponibile;Utilizzato direttamente;Attività sportiva, ricreativa e di intrattenimento;;;;1;False
2857133;L219;1288;548;2;26.0;FABBRICATO;Via Osasco;19;45.0613907;7.6531295;Magazzino e locali di deposito;Dal 1991 al 2000;Nessuno;Patrimonio indisponibile;Utilizzato direttamente;Attività sportiva, ricreativa e di intrattenimento;;;;1;False
2857399;L219;1133;69;1;20.0;FABBRICATO;Corso Taranto;169;45.09497328;7.7142674;Locale commerciale, negozio;Dal 2001 al 2010;Nessuno;Demanio;Utilizzato direttamente;Attività commerciale e di ristorazione;;;;1;False
2857401;L219;1133;68;;39.0;FABBRICATO;Corso Taranto;69 S;45.09489361;7.7141923;Mercato coperto;Dal 2001 al 2010;Nessuno;Demanio;Utilizzato direttamente;Servizi accessori;;;;1;False
2857467;L219;1280;85;27;178.0;FABBRICATO;Via Po;18;45.0681388;7.6897004;Abitazione;Prima del 1919;Dichiarazione di interesse culturale;Demanio;Utilizzato direttamente;Altro;;;;1;False
2858387;L219;1235;115;;3725.0;FABBRICATO;Via Tofane;22;45.0667654;7.6345149;Area urbana;ND;Nessuno;Patrimonio indisponibile;Utilizzato direttamente;Altro;;;;1;False
2859478;L219;1229;325;5;823.75;FABBRICATO;VIA POSTUMIA;28;45.06869604;7.62058615;Edificio scolastico (es.: scuola di ogni ordine e grado, università, scuola di formazione);Dal 1971 al 1980;Nessuno;Patrimonio indisponibile;Utilizzato direttamente;Attività didattica;;;;1;False
2859479;L219;1229;325;6;75.0;FABBRICATO;VIA POSTUMIA;28;45.06869604;7.62058615;Abitazione;Dal 1971 al 1980;Nessuno;Patrimonio indisponibile;Utilizzato direttamente;Alloggio di servizio, foresterie;;;;1;False
2859480;L219;1229;325;7;19.0;FABBRICATO;VIA POSTUMIA;28;45.06869604;7.62058615;Magazzino e locali di deposito;Dal 1971 al 1980;Nessuno;Patrimonio indisponibile;Utilizzato direttamente;Attività didattica;;;;1;False
2859481;L219;1151;430;2;784.5;FABBRICATO;via beinasco;34;45.08802944;7.67843723;Edificio scolastico (es.: scuola di ogni ordine e grado, università, scuola di formazione);Dal 1971 al 1980;Nessuno;Patrimonio indisponibile;Utilizzato direttamente;Attività didattica;;;;1;False
2859482;L219;1151;430;3;107.0;FABBRICATO;via beinasco;34;45.08802944;7.67843723;Abitazione;Dal 1971 al 1980;Nessuno;Patrimonio indisponibile;Utilizzato direttamente;Alloggio di servizio, foresterie;;;;1;False
2859483;L219;1245;452;1;7256.0;FABBRICATO;PIAZZA PALAZZO DI CITTA';7;45.0733014;7.6817315;Ufficio strutturato ed assimilabili;Prima del 1919;Dichiarazione di interesse culturale;Demanio;Utilizzato direttamente;Attività amministrativa/uffici pubblici;;;;1;False
2859485;L219;1245;452;7;94.0;FABBRICATO;PIAZZA PALAZZO DI CITTA';7;45.0731829;7.6818183;Locale commerciale, negozio;Prima del 1919;Dichiarazione di interesse culturale;Demanio;Utilizzato direttamente;Attività commerciale e di ristorazione;;;;1;False
2859486;L219;1245;452;8;91.0;FABBRICATO;PIAZZA PALAZZO DI CITTA';7;45.0731829;7.6818183;Locale commerciale, negozio;Prima del 1919;Dichiarazione di interesse culturale;Demanio;Utilizzato direttamente;Attività commerciale e di ristorazione;;;;1;False
2859487;L219;1245;452;9;245.0;FABBRICATO;PIAZZA PALAZZO DI CITTA';8;45.0731829;7.6818183;Ufficio strutturato ed assimilabili;Prima del 1919;Dichiarazione di interesse culturale;Demanio;Utilizzato direttamente;Attività amministrativa/uffici pubblici;;;;1;False
2859488;L219;1245;452;10;141.0;FABBRICATO;VIA MILANO;2;45.0731829;7.6818183;Ufficio strutturato ed assimilabili;Prima del 1919;Dichiarazione di interesse culturale;Demanio;Utilizzato direttamente;Attività amministrativa/uffici pubblici;;;;1;False
2859489;L219;1245;452;11;33.0;FABBRICATO;VIA MILANO;2;45.0731829;7.6818183;Locale commerciale, negozio;Prima del 1919;Dichiarazione di interesse culturale;Demanio;Utilizzato direttamente;Attività commerciale e di ristorazione;;;;1;False
2859490;L219;1245;452;12;114.0;FABBRICATO;VIA MILANO;2;45.0731829;7.6818183;Locale commerciale, negozio;Prima del 1919;Dichiarazione di interesse culturale;Demanio;Utilizzato direttamente;Attività commerciale e di ristorazione;;;;1;False
2859491;L219;1245;452;13;8.0;FABBRICATO;VIA CONTE VERDE;5;45.0731829;7.6818183;Magazzino e locali di deposito;Prima del 1919;Dichiarazione di interesse culturale;Demanio;Utilizzato direttamente;Attività amministrativa/uffici pubblici;;;;1;False
2859492;L219;1245;452;14;12.0;FABBRICATO;VIA MILANO;2;45.0731829;7.6818183;Magazzino e locali di deposito;Prima del 1919;Dichiarazione di interesse culturale;Demanio;Utilizzato direttamente;Attività amministrativa/uffici pubblici;;;;1;False
2859493;L219;1245;452;15;44.0;FABBRICATO;VIA MILANO;2;45.0731829;7.6818183;Magazzino e locali di deposito;Prima del 1919;Dichiarazione di interesse culturale;Demanio;Utilizzato direttamente;Attività amministrativa/uffici pubblici;;;;1;False
2859494;L219;1245;452;16;28.0;FABBRICATO;VIA MILANO;2;45.0731829;7.6818183;Magazzino e locali di deposito;Prima del 1919;Dichiarazione di interesse culturale;Demanio;Utilizzato direttamente;Attività amministrativa/uffici pubblici;;;;1;False
2859495;L219;1245;452;17;25.0;FABBRICATO;VIA MILANO;2;45.0731829;7.6818183;Magazzino e locali di deposito;Prima del 1919;Dichiarazione di interesse culturale;Demanio;Utilizzato direttamente;Attività amministrativa/uffici pubblici;;;;1;False
2859496;L219;1245;452;18;71.0;FABBRICATO;VIA MILANO;2;45.0731829;7.6818183;Magazzino e locali di deposito;Prima del 1919;Dichiarazione di interesse culturale;Demanio;Utilizzato direttamente;Attività amministrativa/uffici pubblici;;;;1;False
2859497;L219;1245;452;19;31.0;FABBRICATO;VIA CONTE VERDE;5;45.0731829;7.6818183;Magazzino e locali di deposito;Prima del 1919;Dichiarazione di interesse culturale;Demanio;Utilizzato direttamente;Attività amministrativa/uffici pubblici;;;;1;False
2859498;L219;1245;452;20;27.0;FABBRICATO;VIA CONTE VERDE;5;45.0731829;7.6818183;Magazzino e locali di deposito;Prima del 1919;Dichiarazione di interesse culturale;Demanio;Utilizzato direttamente;Attività amministrativa/uffici pubblici;;;;1;False
2859499;L219;1245;452;21;10.0;FABBRICATO;VIA CONTE VERDE;5;45.0731829;7.6818183;Magazzino e locali di deposito;Prima del 1919;Dichiarazione di interesse culturale;Demanio;Utilizzato direttamente;Attività amministrativa/uffici pubblici;;;;1;False
2859500;L219;1245;452;22;86.0;FABBRICATO;VIA CONTE VERDE;5;45.0731829;7.6818183;Magazzino e locali di deposito;Prima del 1919;Dichiarazione di interesse culturale;Demanio;Utilizzato direttamente;Attività amministrativa/uffici pubblici;;;;1;False
2859501;L219;1065;24;7;85.0;FABBRICATO;CORSO FERRARA;50;45.1091131;7.624154;Abitazione;Dal 1961 al 1970;Nessuno;Patrimonio disponibile;Utilizzato direttamente;Altro;;;;1;False
2859502;L219;1065;24;8;10.0;FABBRICATO;CORSO FERRARA;50;45.1091131;7.624154;Cantina, soffitta, rimessa, box, garage, posto auto aperto/scoperto,;Dal 1961 al 1970;Nessuno;Patrimonio disponibile;Utilizzato direttamente;Altro;;;;1;False
2859503;L219;1065;24;9;87.0;FABBRICATO;CORSO FERRARA;50;45.1091131;7.624154;Abitazione;Dal 1961 al 1970;Nessuno;Patrimonio disponibile;Utilizzato direttamente;Altro;;;;1;False
2859504;L219;1065;24;10;10.0;FABBRICATO;CORSO FERRARA;50;45.1091131;7.624154;Cantina, soffitta, rimessa, box, garage, posto auto aperto/scoperto,;Dal 1961 al 1970;Nessuno;Patrimonio disponibile;Utilizzato direttamente;Altro;;;;1;False
2859505;L219;1065;24;11;89.0;FABBRICATO;CORSO FERRARA;50;45.1091131;7.624154;Abitazione;Dal 1961 al 1970;Nessuno;Patrimonio disponibile;Utilizzato direttamente;Altro;;;;1;False
2859506;L219;1065;24;12;8.0;FABBRICATO;CORSO FERRARA;50;45.1091131;7.624154;Cantina, soffitta, rimessa, box, garage, posto auto aperto/scoperto,;Dal 1961 al 1970;Nessuno;Patrimonio disponibile;Utilizzato direttamente;Altro;;;;1;False
2859507;L219;1065;24;13;85.0;FABBRICATO;CORSO FERRARA;50;45.1091131;7.624154;Abitazione;Dal 1961 al 1970;Nessuno;Patrimonio disponibile;Utilizzato direttamente;Altro;;;;1;False
2859508;L219;1065;24;14;87.0;FABBRICATO;CORSO FERRARA;50;45.1091131;7.624154;Abitazione;Dal 1961 al 1970;Nessuno;Patrimonio disponibile;Utilizzato direttamente;Altro;;;;1;False
2859510;L219;1111;362;2;96.0;FABBRICATO;corso lombardia;95;45.09606995;7.64616213;Abitazione;Dal 1981 al 1990;Nessuno;Patrimonio indisponibile;Utilizzato direttamente;Attività sportiva, ricreativa e di intrattenimento;;;;1;False
2859511;L219;1111;362;3;13.0;FABBRICATO;Corso Lombardia;95;45.09606995;7.64616213;Cantina, soffitta, rimessa, box, garage, posto auto aperto/scoperto,;Dal 1981 al 1990;Nessuno;Patrimonio indisponibile;Utilizzato direttamente;Attività sportiva, ricreativa e di intrattenimento;;;;1;False
2859512;L219;1111;362;4;13.0;FABBRICATO;corso lombardia;95;45.09606995;7.64616213;Cantina, soffitta, rimessa, box, garage, posto auto aperto/scoperto,;Dal 1981 al 1990;Nessuno;Patrimonio indisponibile;Utilizzato direttamente;Attività sportiva, ricreativa e di intrattenimento;;;;1;False
2859513;L219;1111;362;5;13.0;FABBRICATO;corso lombardia;95;45.09606995;7.64616213;Magazzino e locali di deposito;Dal 1981 al 1990;Nessuno;Patrimonio indisponibile;Utilizzato direttamente;Attività sportiva, ricreativa e di intrattenimento;;;;1;False
2859924;L219;39;;;7343.0;TERRENO;Strada Cuorgnè;n.a.;45.12660069;7.69845691;Terreno agricolo;ND;Nessuno;Patrimonio indisponibile;Utilizzato direttamente;Attività agricola;;;;1;False
2859987;L219;363;;;3267.0;TERRENO;Corso Lombardia;n.a.;45.09611192;7.64524223;Parco/Villa Comunale/Giardino Pubblico;ND;Nessuno;Patrimonio indisponibile;Utilizzato direttamente;Attività sportiva, ricreativa e di intrattenimento;;;;1;False
2859994;L219;359;;;1721.0;TERRENO;Corso Lombardia;n.a.;45.09664109;7.64654388;Parco/Villa Comunale/Giardino Pubblico;ND;Nessuno;Patrimonio indisponibile;Utilizzato direttamente;Attività sportiva, ricreativa e di intrattenimento;;;;1;False
2860000;L219;358;;;3.0;TERRENO;Corso Lombardia;n.a.;45.09638182;7.64572122;Parco/Villa Comunale/Giardino Pubblico;ND;Nessuno;Patrimonio indisponibile;Utilizzato direttamente;Attività sportiva, ricreativa e di intrattenimento;;;;1;False
2860004;L219;367;;;6.0;TERRENO;Corso Lombardia;n.a.;45.0964791;7.64704973;Parco/Villa Comunale/Giardino Pubblico;ND;Nessuno;Patrimonio indisponibile;Utilizzato direttamente;Attività sportiva, ricreativa e di intrattenimento;;;;1;False
2860057;L219;155;;;168.0;TERRENO;Corso Canonico Giuseppe Allamano;n.a.;45.0510445;7.6234322;Terreno agricolo;ND;Nessuno;Patrimonio indisponibile;Utilizzato direttamente;Attività agricola;;;;1;False
2861233;L219;77;;;112.0;TERRENO;Viale Virgilio;n.a.;45.05524508;7.68817848;Terreno agricolo;ND;Nessuno;Patrimonio indisponibile;Utilizzato direttamente;Attività agricola;;;;1;False
2861235;L219;78;;;211.0;TERRENO;Viale Virgilio;n.a.;45.05506106;7.68795462;Terreno agricolo;ND;Nessuno;Patrimonio indisponibile;Utilizzato direttamente;Attività agricola;;;;1;False
2863138;L219;233;;;4.0;TERRENO;CORSO LOMBARDIA;SNC;45.09686778;7.64551301;Parco/Villa Comunale/Giardino Pubblico;ND;Nessuno;Patrimonio indisponibile;Utilizzato direttamente;Altro;;;;1;False
2863139;L219;292;;;4.0;TERRENO;CORSO LOMBARDIA;SNC;45.09690541;7.64548892;Parco/Villa Comunale/Giardino Pubblico;ND;Nessuno;Patrimonio indisponibile;Utilizzato direttamente;Altro;;;;1;False
2863140;L219;287;;;24.0;TERRENO;CORSO LOMBARDIA;SNC;45.09636553;7.64496791;Parco/Villa Comunale/Giardino Pubblico;ND;Nessuno;Patrimonio indisponibile;Utilizzato direttamente;Altro;;;;1;False
2863141;L219;290;;;27.0;TERRENO;CORSO LOMBARDIA;SNC;45.0965437;7.64512274;Parco/Villa Comunale/Giardino Pubblico;ND;Nessuno;Patrimonio indisponibile;Utilizzato direttamente;Altro;;;;1;False
2863142;L219;309;;;2556.0;TERRENO;CORSO LOMBARDIA;SNC;45.09666681;7.64577158;Parco/Villa Comunale/Giardino Pubblico;ND;Nessuno;Patrimonio indisponibile;Utilizzato direttamente;Altro;;;;1;False
2863275;L219;366;;;5270.0;TERRENO;CHIAVES DESIDERATO PIAZZA;SNC;45.0712275;7.7194719;Parco/Villa Comunale/Giardino Pubblico;ND;Nessuno;Patrimonio indisponibile;Utilizzato direttamente;Altro;;;;1;False
2863520;L219;254;;;151.0;TERRENO;Via Borgo Dora;n.a.;45.078424;7.6839794;Terreno agricolo;ND;Nessuno;Demanio;Utilizzato direttamente;Attività agricola;;;;1;False
2863532;L219;20;;;840.0;TERRENO;Piazza Borgo Dora;n.a.;45.0817753;7.6851317;Terreno agricolo;ND;Nessuno;Patrimonio indisponibile;Utilizzato direttamente;Attività agricola;;;;1;False
2863533;L219;22;;;1890.0;TERRENO;Piazza Borgo Dora;n.a.;45.0812984;7.6858351;Terreno agricolo;ND;Nessuno;Patrimonio indisponibile;Utilizzato direttamente;Attività agricola;;;;1;False
2863588;L219;500;;;179.0;TERRENO;Strada del Bramafame;n.a.;45.116083;7.660499;Terreno agricolo;ND;Nessuno;Patrimonio indisponibile;Utilizzato direttamente;Attività agricola;;;;1;False
2863589;L219;501;;;105.0;TERRENO;Strada del Bramafame;n.a.;45.1159277;7.6604938;Terreno agricolo;ND;Nessuno;Patrimonio indisponibile;Utilizzato direttamente;Attività agricola;;;;1;False
2863601;L219;240;;;147.0;TERRENO;Corso Venezia;n.a.;45.09674;7.68418;Terreno agricolo;ND;Nessuno;Patrimonio indisponibile;Utilizzato direttamente;Servizi accessori;;;;1;False
2863642;L219;1429;98;200;92.0;FABBRICATO;Corso Orbassano;380;45.0343493;7.620652;Abitazione;Dal 1946 al 1960;Nessuno;Patrimonio indisponibile;Utilizzato direttamente;Altro;;;;1;False
2863643;L219;1429;98;198;4.0;FABBRICATO;Corso Orbassano;380;45.0343493;7.620652;Cantina, soffitta, rimessa, box, garage, posto auto aperto/scoperto,;Dal 1946 al 1960;Nessuno;Patrimonio indisponibile;Utilizzato direttamente;Altro;;;;1;False
2863676;L219;1291;142;1;108.0;FABBRICATO;Corso Trapani;194;45.059728;7.6343422;Impianto sportivo;Dal 1981 al 1990;Nessuno;Patrimonio indisponibile;Utilizzato direttamente;Attività sportiva, ricreativa e di intrattenimento;;;;1;False
2863684;L219;59;;;100.0;TERRENO;Strada del Drosso;n.a.;45.0154183;7.5994645;Terreno agricolo;ND;Nessuno;Patrimonio indisponibile;Utilizzato direttamente;Attività agricola;;;;1;False
2863690;L219;1423;236;319;131.0;FABBRICATO;Via Albenga;22;45.03112;7.65394;Abitazione;Dal 1971 al 1980;Nessuno;Patrimonio disponibile;Utilizzato direttamente;Altro;;;;1;False
2863698;L219;1173;490;22;129.0;FABBRICATO;Corso Lecce;25;45.079317;7.6455992;Abitazione;Prima del 1919;Nessuno;Patrimonio indisponibile;Utilizzato direttamente;Altro;;;;1;False
2863705;L219;1225;383;16;85.0;FABBRICATO;Via Bardonecchia;48;45.0727549;7.6429344;Abitazione;Dal 1961 al 1970;Nessuno;Patrimonio indisponibile;Utilizzato direttamente;Altro;;;;1;False
2864193;L219;1057;424;4;32.0;FABBRICATO;Strada Bra;22;45.1160617;7.6602276;Abitazione;Dal 1946 al 1960;Nessuno;Patrimonio indisponibile;Utilizzato direttamente;Altro;;;;1;False
2864194;L219;1057;424;5;161.0;FABBRICATO;Strada Bra;22;45.1160617;7.6602276;Abitazione;Dal 1946 al 1960;Nessuno;Patrimonio indisponibile;Utilizzato direttamente;Altro;;;;1;False
2864195;L219;1057;424;6;74.0;FABBRICATO;Strada Bra;22;45.1160617;7.6602276;Abitazione;Dal 1946 al 1960;Nessuno;Patrimonio indisponibile;Utilizzato direttamente;Altro;;;;1;False
2864196;L219;1057;424;7;90.0;FABBRICATO;Strada Bra;22;45.1160617;7.6602276;Abitazione;Dal 1946 al 1960;Nessuno;Patrimonio indisponibile;Utilizzato direttamente;Altro;;;;1;False
2864197;L219;1057;424;8;163.0;FABBRICATO;Strada Bra;22;45.1160617;7.6602276;Abitazione;Dal 1946 al 1960;Nessuno;Patrimonio indisponibile;Utilizzato direttamente;Altro;;;;1;False
2864198;L219;1057;424;9;32.0;FABBRICATO;Strada Bra;22;45.1160617;7.6602276;Abitazione;Dal 1946 al 1960;Nessuno;Patrimonio indisponibile;Utilizzato direttamente;Altro;;;;1;False
2864199;L219;1057;424;10;89.0;FABBRICATO;Strada Bra;22;45.1160617;7.6602276;Abitazione;Dal 1946 al 1960;Nessuno;Patrimonio indisponibile;Utilizzato direttamente;Altro;;;;1;False
2864200;L219;1057;424;11;163.0;FABBRICATO;Strada Bra;22;45.1160617;7.6602276;Abitazione;Dal 1946 al 1960;Nessuno;Patrimonio indisponibile;Utilizzato direttamente;Altro;;;;1;False
2864201;L219;1057;424;12;22.0;FABBRICATO;Strada Bra;22;45.1160617;7.6602276;Lastrico solare;Dal 1946 al 1960;Nessuno;Patrimonio indisponibile;Utilizzato direttamente;Altro;;;;1;False
2865016;L219;1071;124;2;100.0;FABBRICATO;Via delle Magnolie;15;45.1013602;7.6321274;Abitazione;Dal 1971 al 1980;Nessuno;Patrimonio indisponibile;Utilizzato direttamente;Alloggio di servizio, foresterie;;;;1;False
2870657;L219;16;;;1030.0;TERRENO;Strada Bellacomba;138;45.1246936;7.672;Terreno urbano;ND;Nessuno;Patrimonio indisponibile;Utilizzato direttamente;Attività agricola;;;;1;False
3043055;L219;1432;254;;450.0;FABBRICATO;Corso Orbassano;432;45.0321194;7.6160706;Area urbana;ND;Nessuno;Patrimonio indisponibile;;Non Dichiarato;in locazione;10558.0;01/01/2021;1;False
3043076;L219;1432;255;;700.0;FABBRICATO;Corso Orbassano;432;45.0321184;7.6164295;Area urbana;ND;Nessuno;Patrimonio indisponibile;Utilizzato direttamente;Servizi accessori;;;;1;False
3073190;L219;278;;;143.0;TERRENO;Strada del Portone;10;45.0323022;7.6155478;Terreno urbano;ND;Nessuno;Patrimonio indisponibile;Utilizzato direttamente;Utilizzo pubblico;;;;1;False
3073195;L219;279;;;57.0;TERRENO;Strada del Portone;10;45.0321565;7.6158445;Terreno urbano;ND;Nessuno;Patrimonio indisponibile;Utilizzato direttamente;Utilizzo pubblico;;;;1;False
3073203;L219;180;;;243.0;TERRENO;Via Poliziano;n.a.;45.0774115;7.7148267;Terreno urbano;ND;Nessuno;Patrimonio disponibile;Utilizzato direttamente;Utilizzo pubblico;;;;1;False
3107604;L219;233;;;1549.0;TERRENO;Via San Francesco di Paola;n.a.;45.0647989;7.686427;Terreno urbano;ND;Nessuno;Patrimonio indisponibile;Non utilizzato;Non Dichiarato;;;;1;False
3107609;L219;151;;;113.0;TERRENO;Piazza Vittorio Veneto;n.a.;45.0650651;7.6951012;Terreno urbano;ND;Nessuno;Patrimonio indisponibile;Non utilizzato;Non Dichiarato;;;;1;False
3107612;L219;152;;;113.0;TERRENO;Piazza Vittorio Veneto;n.a.;45.0645328;7.6957537;Terreno urbano;ND;Nessuno;Patrimonio indisponibile;Non utilizzato;Non Dichiarato;;;;1;False
3107618;L219;135;;;841.0;TERRENO;Corso Moncalieri;n.a.;45.0535639;7.6903435;Terreno urbano;ND;Nessuno;Patrimonio disponibile;Non utilizzato;Non Dichiarato;;;;1;False
3107619;L219;137;;;10.0;TERRENO;Corso Moncalieri;n.a.;45.053404;7.6903362;Terreno urbano;ND;Nessuno;Patrimonio disponibile;Non utilizzato;Non Dichiarato;;;;1;False
3107620;L219;136;;;1737.0;TERRENO;Corso Benedetto Croce;n.a.;45.0224441;7.6464692;Terreno urbano;ND;Nessuno;Patrimonio disponibile;Non utilizzato;Non Dichiarato;;;;1;False
3107621;L219;104;;;1390.0;TERRENO;Piazza Pietro Francesco Guala;n.a.;45.02247472;7.64098809;Terreno urbano;ND;Nessuno;Patrimonio indisponibile;Non utilizzato;Non Dichiarato;;;;1;False
2984694;L555;784;;;75.0;TERRENO;via Moschette;snc;45.1508602;7.4669371;Terreno agricolo;ND;Nessuno;Patrimonio disponibile;Utilizzato direttamente;Altro;;;;1;False
3107622;L219;1009;180;;3919.0;FABBRICATO;Strada Comunale del Villaretto;187;45.1306589;7.6848438;Abitazione;Dal 2001 al 2010;Nessuno;Patrimonio indisponibile;Utilizzato direttamente;Altro;;;;66;True
3107623;L219;1013;136;;5444.0;FABBRICATO;Via degli Abeti;13;45.1312655;7.7090528;Edificio scolastico (es.: scuola di ogni ordine e grado, università, scuola di formazione);Dal 1981 al 1990;Nessuno;Patrimonio indisponibile;Utilizzato direttamente;Attività didattica;;;;3;True
3107624;L219;1013;137;;720.0;FABBRICATO;Via delle Querce;23;45.1304989;7.7075375;Cantina, soffitta, rimessa, box, garage, posto auto aperto/scoperto,;Dal 1971 al 1980;Nessuno;Patrimonio indisponibile;Utilizzato direttamente;Altro;;;;5;True
3107625;L219;1013;35;;1355.25;FABBRICATO;Via degli Abeti;15;45.1310566;7.7099316;Abitazione;Dal 1971 al 1980;Nessuno;Patrimonio indisponibile;Utilizzato direttamente;Alloggio di servizio, foresterie;in concessione a titolo oneroso;5512.0;01/12/2013;2;True
3107626;L219;1016;39;;302.0;FABBRICATO;VIA DEGLI ULIVI;49E;45.129511;7.7168342;Locale commerciale, negozio;Dopo il 2010;Nessuno;Patrimonio indisponibile;Utilizzato direttamente;Altro;;;;2;True
3107627;L219;1024;56;;1009.4200000000001;FABBRICATO;PIAZZA ASTENGO GIOVANNI;10;45.1271572;7.7097132;Ufficio strutturato ed assimilabili;Dal 1971 al 1980;Nessuno;Patrimonio indisponibile;Utilizzato direttamente;Attività amministrativa/uffici pubblici;;;;2;True
3107628;L219;1024;65;;3851.0;FABBRICATO;Via dei Pioppi;43;45.1264153;7.7124527;Edificio scolastico (es.: scuola di ogni ordine e grado, università, scuola di formazione);Dal 1946 al 1960;Nessuno;Patrimonio indisponibile;Utilizzato direttamente;Attività artistica e culturale;;;;2;True
3107629;L219;1026;37;;2298.75;FABBRICATO;Strada Cuorgnè;109;45.1260897;7.7006839;Abitazione;Prima del 1919;Nessuno;Demanio;Utilizzato direttamente;Attività didattica;;;;6;True
3107630;L219;1027;143;;1328.2800000000002;FABBRICATO;Strada Cuorgnè;81;45.1234107;7.7033776;Ufficio strutturato ed assimilabili;Prima del 1919;Nessuno;Patrimonio indisponibile;Utilizzato direttamente;Altro;;;;2;True
3107631;L219;1033;14;;176.0;FABBRICATO;Strada Bellacomba;138;45.1247425;7.672253;Abitazione;Prima del 1919;Nessuno;Patrimonio indisponibile;Utilizzato direttamente;Attività amministrativa/uffici pubblici;;;;2;True
3107632;L219;1033;17;;176.0;FABBRICATO;Strada Bellacomba;138;45.1247425;7.672253;Abitazione;Prima del 1919;Nessuno;Patrimonio indisponibile;Utilizzato direttamente;Attività amministrativa/uffici pubblici;;;;2;True
3107633;L219;1033;20;;369.0;FABBRICATO;Strada Bellacomba;138;45.1245559;7.6715423;Fabbricato per attività produttiva (industriale, artigianale o agricola);Prima del 1919;Nessuno;Patrimonio indisponibile;Utilizzato direttamente;Attività amministrativa/uffici pubblici;;;;4;True
3107634;L219;1036;99;;4568.5;FABBRICATO;Via Giovanni de Stefanis;20;45.1175901;7.6534828;Abitazione;Dal 1971 al 1980;Nessuno;Patrimonio indisponibile;Utilizzato direttamente;Alloggio di servizio, foresterie;;;;2;True
3107635;L219;1037;132;;2104.0;FABBRICATO;STRADA PROV. DI LANZO;146;45.1177993;7.6586549;Abitazione;Dal 1971 al 1980;Nessuno;Patrimonio indisponibile;Utilizzato direttamente;Alloggio di servizio, foresterie;;;;2;True
3107636;L219;1043;10;;933.0;FABBRICATO;corso vercelli;491 13;45.1201654;7.7099907;Abitazione;Dal 1919 al 1945;Dichiarazione di interesse culturale;Demanio;Utilizzato direttamente;Altro;;;;13;True
3107637;L219;1043;12;;846.0;FABBRICATO;corso vercelli;483 9;45.119656;7.7092692;Abitazione;Dal 1919 al 1945;Dichiarazione di interesse culturale;Demanio;Utilizzato direttamente;Altro;;;;14;True
3107638;L219;1043;13;;926.0;FABBRICATO;corso vercelli;487 10;45.1197849;7.7097167;Abitazione;Dal 1919 al 1945;Dichiarazione di interesse culturale;Demanio;Utilizzato direttamente;Altro;;;;13;True
3107639;L219;1043;14;;927.0;FABBRICATO;corso vercelli;491 11;45.1199126;7.7101329;Abitazione;Dal 1919 al 1945;Dichiarazione di interesse culturale;Demanio;Utilizzato direttamente;Altro;;;;13;True
3107640;L219;1043;18;;924.0;FABBRICATO;corso vercelli;483 6;45.119419;7.7094427;Abitazione;Dal 1919 al 1945;Dichiarazione di interesse culturale;Demanio;Utilizzato direttamente;Altro;;;;13;True
3107641;L219;1043;19;;926.0;FABBRICATO;corso vercelli;487 7;45.1195375;7.7098654;Abitazione;Dal 1919 al 1945;Dichiarazione di interesse culturale;Demanio;Utilizzato direttamente;Altro;;;;12;True
3107642;L219;1043;20;;922.0;FABBRICATO;corso vercelli;491 8;45.1196739;7.7103112;Abitazione;Dal 1919 al 1945;Dichiarazione di interesse culturale;Demanio;Utilizzato direttamente;Altro;;;;13;True
3107643;L219;1043;221;;7105.25;FABBRICATO;Via Cavagnolo;35;45.1167094;7.7073511;Edificio scolastico (es.: scuola di ogni ordine e grado, università, scuola di formazione);Dal 1981 al 1990;Nessuno;Patrimonio indisponibile;Utilizzato direttamente;Attività didattica;;;;7;True
3107644;L219;1043;36;;926.0;FABBRICATO;corso vercelli;483 4;45.1191459;7.7095702;Abitazione;Dal 1919 al 1945;Dichiarazione di interesse culturale;Demanio;Utilizzato direttamente;Altro;;;;13;True
3107645;L219;1043;37;;929.0;FABBRICATO;corso vercelli;491 5;45.1194406;7.7104328;Abitazione;Dal 1919 al 1945;Dichiarazione di interesse culturale;Demanio;Utilizzato direttamente;Altro;;;;13;True
3107646;L219;1043;39;;938.0;FABBRICATO;corso vercelli;483 1;45.118914;7.7097266;Abitazione;Dal 1919 al 1945;Dichiarazione di interesse culturale;Demanio;Utilizzato direttamente;Altro;;;;9;True
3107647;L219;1043;40;;887.0;FABBRICATO;corso vercelli;487 2;45.1190395;7.7101843;Abitazione;Dal 1919 al 1945;Dichiarazione di interesse culturale;Demanio;Utilizzato direttamente;Altro;;;;14;True
3107648;L219;1043;41;;924.0;FABBRICATO;corso vercelli;491 3;45.1191776;7.7105979;Abitazione;Dal 1919 al 1945;Dichiarazione di interesse culturale;Demanio;Utilizzato direttamente;Altro;;;;13;True
3107649;L219;1043;5;;926.0;FABBRICATO;corso vercelli;483 14;45.1201632;7.7089964;Abitazione;Dal 1919 al 1945;Dichiarazione di interesse culturale;Demanio;Utilizzato direttamente;Altro;;;;15;True
3107650;L219;1043;6;;929.0;FABBRICATO;corso vercelli;487 15;45.1202979;7.7094372;Abitazione;Dal 1919 al 1945;Dichiarazione di interesse culturale;Demanio;Utilizzato direttamente;Altro;;;;13;True
3107651;L219;1043;68;;584.0;FABBRICATO;CORSO VERCELLI;SNC;45.118225;7.7096195;Abitazione;Prima del 1919;Nessuno;Patrimonio indisponibile;Non utilizzato;Non Dichiarato;;;;4;True
3107652;L219;1043;7;;931.0;FABBRICATO;corso vercelli;491 16;45.1204147;7.7098685;Abitazione;Dal 1919 al 1945;Dichiarazione di interesse culturale;Demanio;Utilizzato direttamente;Altro;;;;14;True
3107653;L219;1043;73;;2094.0;FABBRICATO;via tempia stefano;0;45.11743;7.7081348;Abitazione;Dal 1971 al 1980;Nessuno;Patrimonio indisponibile;Utilizzato direttamente;Altro;;;;36;True
3107654;L219;1043;74;;1226.0;FABBRICATO;via tempia stefano;9;45.1171163;7.708784;Cantina, soffitta, rimessa, box, garage, posto auto aperto/scoperto,;Dal 1971 al 1980;Nessuno;Patrimonio indisponibile;Utilizzato direttamente;Altro;;;;24;True
3107655;L219;1043;8;;932.0;FABBRICATO;corso vercelli;483 12;45.119915;7.7091353;Abitazione;Dal 1919 al 1945;Dichiarazione di interesse culturale;Demanio;Utilizzato direttamente;Altro;;;;13;True
3107656;L219;1049;209;;98.0;FABBRICATO;via ivrea;29 C;45.1155909;7.7052035;Abitazione;Dal 1971 al 1980;Nessuno;Patrimonio indisponibile;Utilizzato direttamente;Altro;;;;2;True
3107657;L219;1049;45;;349.0;FABBRICATO;Via Ivrea;49 B;45.1168175;7.7052032;Locale commerciale, negozio;Dal 1981 al 1990;Nessuno;Patrimonio disponibile;Utilizzato direttamente;Attività commerciale e di ristorazione;;;;3;True
3107658;L219;1057;389;;5247.5;FABBRICATO;STRADA PROV. DI LANZO;147 11;45.1155714;7.6563601;Abitazione;Dal 1971 al 1980;Nessuno;Patrimonio indisponibile;Utilizzato direttamente;Alloggio di servizio, foresterie;;;;2;True
3107659;L219;1057;424;;826.0;FABBRICATO;Strada Bra;22;45.1160617;7.6602276;Abitazione;Dal 1946 al 1960;Nessuno;Patrimonio indisponibile;Utilizzato direttamente;Altro;;;;9;True
3107660;L219;1059;2;;668.5;FABBRICATO;via venaria;82;45.11210976;7.65749785;Abitazione;Prima del 1919;Nessuno;Patrimonio indisponibile;Utilizzato direttamente;Alloggio di servizio, foresterie;;;;2;True
3107661;L219;1059;277;;387.0;FABBRICATO;via venaria;38;45.10833391;7.66100814;Abitazione;Dal 1919 al 1945;Nessuno;Patrimonio indisponibile;Utilizzato direttamente;Altro;;;;8;True
3107662;L219;1059;281;;416.0;FABBRICATO;Via Venarìa;36;45.10818734;7.66114061;Abitazione;Dal 1919 al 1945;Nessuno;Patrimonio indisponibile;Utilizzato direttamente;Altro;;;;6;True
3107663;L219;1059;483;;8480.25;FABBRICATO;Via Lanzo;25;45.11037159;7.66288434;Abitazione;Dal 1981 al 1990;Nessuno;Patrimonio indisponibile;Utilizzato direttamente;Alloggio di servizio, foresterie;;;;5;True
3107664;L219;1059;5;;484.5;FABBRICATO;Piazza Stampalia;87;45.11216912;7.65945722;Cantina, soffitta, rimessa, box, garage, posto auto aperto/scoperto,;Prima del 1919;Nessuno;Patrimonio indisponibile;Utilizzato direttamente;Altro;;;;5;True
3107665;L219;1059;83;;4485.75;FABBRICATO;Via Alfonso Badini Confalonieri;74;45.10972467;7.65746834;Abitazione;Dal 1961 al 1970;Nessuno;Patrimonio indisponibile;Utilizzato direttamente;Alloggio di servizio, foresterie;;;;2;True
3107666;L219;1061;538;;170.0;FABBRICATO;Strada Altessano;130;45.1105548;7.6470138;Cantina, soffitta, rimessa, box, garage, posto auto aperto/scoperto,;Dal 2001 al 2010;Nessuno;Patrimonio indisponibile;Utilizzato direttamente;Altro;;;;4;True
3107667;L219;1065;24;;569.0;FABBRICATO;CORSO FERRARA;50;45.1091131;7.624154;Abitazione;Dal 1961 al 1970;Nessuno;Patrimonio disponibile;Utilizzato direttamente;Altro;in locazione;5053.0;01/07/2022;9;True
3107668;L219;1065;25;;462.0;FABBRICATO;Corso Ferrara;50;45.1088208;7.6243678;Abitazione;Dal 1961 al 1970;Nessuno;Patrimonio disponibile;Utilizzato direttamente;Non Dichiarato;in locazione;839.0;01/02/2021;6;True
3107669;L219;1065;26;;1147.0;FABBRICATO;Corso Ferrara;50;45.1089546;7.6249603;Abitazione;Dal 1961 al 1970;Nessuno;Patrimonio disponibile;Utilizzato direttamente;Altro;;;;7;True
3107670;L219;1065;32;;283.0;FABBRICATO;via traves;15;45.1110678;7.6270079;Area urbana;Dal 1961 al 1970;Nessuno;Patrimonio indisponibile;Utilizzato direttamente;Attività produttiva (industriale, artigianale o agricola);;;;3;True
3107671;L219;1069;150;;821.0;FABBRICATO;Viale dei Mughetti;29;45.1035106;7.6262609;Abitazione;Dal 1946 al 1960;Nessuno;Patrimonio indisponibile;Utilizzato direttamente;Altro;;;;14;True
3107672;L219;1069;151;;1919.0;FABBRICATO;Via delle Primule;28;45.101346;7.6257195;Abitazione;Dal 1946 al 1960;Nessuno;Patrimonio indisponibile;Utilizzato direttamente;Altro;;;;20;True
3107673;L219;1069;152;;2504.0;FABBRICATO;Via delle Primule;28;45.1015754;7.6254584;Abitazione;Dal 1946 al 1960;Nessuno;Patrimonio indisponibile;Utilizzato direttamente;Altro;;;;24;True
3107674;L219;1069;51;;7083.0;FABBRICATO;Viale dei Mughetti;29;45.1027845;7.626643;Edificio scolastico (es.: scuola di ogni ordine e grado, università, scuola di formazione);Dal 1961 al 1970;Nessuno;Patrimonio indisponibile;Utilizzato direttamente;Attività didattica;;;;3;True
3107675;L219;1070;107;;5976.0;FABBRICATO;Viale dei Mughetti;18;45.10349;7.6294585;Cantina, soffitta, rimessa, box, garage, posto auto aperto/scoperto,;Dal 1961 al 1970;Nessuno;Patrimonio indisponibile;Utilizzato direttamente;Altro;;;;124;True
3107676;L219;1070;21;;4816.0;FABBRICATO;Via delle Verbene;6;45.1045183;7.6339075;Abitazione;Dal 1961 al 1970;Nessuno;Patrimonio indisponibile;Utilizzato direttamente;Alloggio di servizio, foresterie;;;;2;True
3107677;L219;1070;34;;1022.0;FABBRICATO;Piazza Montale Eugenio;14;45.1039316;7.6304668;Ufficio strutturato ed assimilabili;Dal 1961 al 1970;Nessuno;Patrimonio indisponibile;Utilizzato direttamente;Attività amministrativa/uffici pubblici;in concessione a titolo oneroso;4675.0;26/07/2012;6;True
3107678;L219;1070;67;;1073.75;FABBRICATO;Via delle Magnolie;22;45.1020481;7.631245;Abitazione;Dal 1961 al 1970;Nessuno;Patrimonio indisponibile;Utilizzato direttamente;Alloggio di servizio, foresterie;;;;2;True
3107679;L219;1071;70;;5264.75;FABBRICATO;Via delle Magnolie;5;45.101221;7.6339661;Abitazione;Dal 1971 al 1980;Nessuno;Patrimonio indisponibile;Utilizzato direttamente;Servizi ordine pubblico, sicurezza nazionale e militare;;;;2;True
3107680;L219;1071;74;;4825.5;FABBRICATO;Via delle Magnolie;9;45.1011868;7.6330653;Abitazione;Dal 1971 al 1980;Nessuno;Patrimonio indisponibile;Utilizzato direttamente;Alloggio di servizio, foresterie;;;;2;True
3107681;L219;1072;36;;1402.5;FABBRICATO;via sansovino andrea;111;45.1034426;7.6420466;Abitazione;Dal 1946 al 1960;Nessuno;Patrimonio indisponibile;Utilizzato direttamente;Alloggio di servizio, foresterie;;;;2;True
3107682;L219;1072;37;;5170.5;FABBRICATO;Via Luigi Ambrosini;1;45.1036729;7.6427263;Abitazione;Dal 1961 al 1970;Nessuno;Patrimonio indisponibile;Utilizzato direttamente;Alloggio di servizio, foresterie;;;;2;True
3107683;L219;1073;13;;700.0;FABBRICATO;via sansovino andrea;90 30;45.1016765;7.6424735;Abitazione;Dal 1946 al 1960;Nessuno;Patrimonio indisponibile;Utilizzato direttamente;Altro;;;;13;True
3107684;L219;1073;15;;112.0;FABBRICATO;Via Parenzo;95;45.1021485;7.6440672;Abitazione;Dal 1946 al 1960;Nessuno;Patrimonio indisponibile;Utilizzato direttamente;Altro;;;;2;True
3107685;L219;1073;16;;196.0;FABBRICATO;via parenzo;96 19;45.1018079;7.6443773;Abitazione;Dal 1946 al 1960;Nessuno;Patrimonio indisponibile;Utilizzato direttamente;Altro;;;;4;True
3107686;L219;1073;17;;223.0;FABBRICATO;via pirano;17 62;45.1018393;7.645051;Abitazione;Dal 1946 al 1960;Nessuno;Patrimonio indisponibile;Utilizzato direttamente;Altro;;;;3;True
3107687;L219;1073;18;;487.0;FABBRICATO;via parenzo;80 24;45.1012887;7.6441239;Abitazione;Dal 1946 al 1960;Nessuno;Patrimonio indisponibile;Utilizzato direttamente;Altro;;;;9;True
3107688;L219;1073;20;;96.0;FABBRICATO;corso cincinnato l. quinzio;173;45.1008092;7.6449622;Abitazione;Dal 1946 al 1960;Nessuno;Patrimonio indisponibile;Utilizzato direttamente;Altro;;;;2;True
3107689;L219;1073;21;;111.0;FABBRICATO;corso cincinnato l. quinzio;179;45.1010394;7.6454044;Abitazione;Dal 1946 al 1960;Nessuno;Patrimonio indisponibile;Utilizzato direttamente;Altro;;;;2;True
3107690;L219;1073;54;;573.0;FABBRICATO;via pirano;9 8;45.1014813;7.6452793;Abitazione;Dal 1946 al 1960;Nessuno;Patrimonio indisponibile;Utilizzato direttamente;Altro;;;;11;True
3107691;L219;1073;6;;468.0;FABBRICATO;via sansovino andrea;98 44;45.1024963;7.6425016;Abitazione;Dal 1946 al 1960;Nessuno;Patrimonio indisponibile;Utilizzato direttamente;Altro;;;;9;True
3107692;L219;1073;7;;662.0;FABBRICATO;via sansovino andrea;98 48;45.1022661;7.6431821;Abitazione;Dal 1946 al 1960;Nessuno;Patrimonio indisponibile;Utilizzato direttamente;Altro;;;;13;True
3107693;L219;1074;77;;7168.0;FABBRICATO;via luini bernardino;195;45.1022616;7.6501839;Abitazione;Dal 1971 al 1980;Nessuno;Patrimonio indisponibile;Utilizzato direttamente;Alloggio di servizio, foresterie;;;;2;True
3107694;L219;1074;80;;2565.0;FABBRICATO;Via Fiesole;15;45.1038635;7.6475726;Abitazione;Dal 1971 al 1980;Nessuno;Patrimonio indisponibile;Utilizzato direttamente;Alloggio di servizio, foresterie;;;;2;True
3107695;L219;1074;82;;1505.5;FABBRICATO;Via Fiesole;15;45.1043885;7.6491084;Abitazione;Dal 1971 al 1980;Nessuno;Patrimonio indisponibile;Utilizzato direttamente;Servizi assistenza socio-sanitaria (non residenziali);;;;2;True
3107696;L219;1075;36;;1034.5;FABBRICATO;Piazza Manno Giuseppe;22;45.1049589;7.65539;Abitazione;Dal 1961 al 1970;Nessuno;Patrimonio indisponibile;Utilizzato direttamente;Alloggio di servizio, foresterie;;;;2;True
3107697;L219;1075;379;;1089.0;FABBRICATO;Via Giovanni Segantini;44;45.1018584;7.6520858;Abitazione;Dopo il 2010;Nessuno;Patrimonio indisponibile;Utilizzato direttamente;Altro;;;;14;True
3107698;L219;1077;169;;2883.75;FABBRICATO;via sospello;64;45.1027197;7.67131784;Abitazione;Dal 1961 al 1970;Nessuno;Patrimonio indisponibile;Utilizzato direttamente;Alloggio di servizio, foresterie;;;;2;True
3107699;L219;1077;174;;99.0;FABBRICATO;Piazza Ruggero Bonghi;156;45.10197338;7.67115969;Abitazione;Dal 1971 al 1980;Nessuno;Patrimonio indisponibile;Utilizzato direttamente;Altro;;;;2;True
3107700;L219;1077;175;;1772.0;FABBRICATO;Via Michele Coppino;152;45.10206951;7.67177977;Abitazione;Dal 1961 al 1970;Nessuno;Patrimonio indisponibile;Utilizzato direttamente;Alloggio di servizio, foresterie;;;;2;True
3107701;L219;1077;209;;1701.25;FABBRICATO;Via Michele Coppino;147;45.10086752;7.6716842;Abitazione;Dal 1971 al 1980;Nessuno;Patrimonio indisponibile;Utilizzato direttamente;Alloggio di servizio, foresterie;;;;2;True
3107702;L219;1078;337;;6297.75;FABBRICATO;Via Leonardo Fea;2;45.10513902;7.67772177;Abitazione;Dal 1961 al 1970;Nessuno;Patrimonio indisponibile;Utilizzato direttamente;Alloggio di servizio, foresterie;;;;2;True
3107703;L219;1078;338;;152.0;FABBRICATO;via paolo della cella;3;45.10513776;7.67861554;Abitazione;Dal 1946 al 1960;Nessuno;Patrimonio indisponibile;;Non Dichiarato;in locazione;0.0;01/01/2019;2;True
3107704;L219;1079;156;;1564.0;FABBRICATO;via reiss romoli guglielmo;81;45.107576;7.6887712;Abitazione;Dal 1971 al 1980;Nessuno;Patrimonio indisponibile;Utilizzato direttamente;Altro;;;;31;True
3107705;L219;1079;157;;384.0;FABBRICATO;Via Antonio e Vittorio Scialoja;26;45.1062222;7.6910365;Abitazione;Dal 1971 al 1980;Nessuno;Patrimonio indisponibile;Utilizzato direttamente;Altro;;;;5;True
3107706;L219;1079;168;;9322.0;FABBRICATO;via reiss romoli guglielmo;45;45.1072299;7.6910618;Abitazione;Dal 1971 al 1980;Nessuno;Patrimonio indisponibile;Utilizzato direttamente;Alloggio di servizio, foresterie;;;;2;True
3107707;L219;1079;253;;468.0;FABBRICATO;via reiss romoli guglielmo;51;45.1073937;7.6906976;Mercato coperto;Prima del 1919;Nessuno;Patrimonio indisponibile;Non utilizzato;Non Dichiarato;;;;9;True
3107708;L219;1080;176;;1962.0;FABBRICATO;via borgo ticino;17;45.1060535;7.6951578;Abitazione;Dal 1981 al 1990;Nessuno;Patrimonio disponibile;Utilizzato direttamente;Altro;in locazione;611.0;01/07/2021;41;True
3107709;L219;1080;180;;264.0;FABBRICATO;via borgo ticino;7;45.1053697;7.6944626;Cantina, soffitta, rimessa, box, garage, posto auto aperto/scoperto,;Dal 1971 al 1980;Nessuno;Patrimonio indisponibile;Utilizzato direttamente;Altro;;;;15;True
3107710;L219;1080;217;;483.0;FABBRICATO;via veronese paolo;41;45.1048679;7.690042;Abitazione;Dal 2001 al 2010;Nessuno;Patrimonio indisponibile;Utilizzato direttamente;Altro;;;;8;True
3107711;L219;1080;218;;120.0;FABBRICATO;via veronese paolo;49 A;45.1054073;7.6893016;Abitazione;Dal 2001 al 2010;Nessuno;Patrimonio indisponibile;Utilizzato direttamente;Altro;;;;2;True
3107712;L219;1080;52;;203.0;FABBRICATO;via pertengo;19;45.1044658;7.6935381;Abitazione;Dal 1919 al 1945;Nessuno;Patrimonio disponibile;Utilizzato direttamente;Altro;;;;3;True
3107713;L219;1080;54;;148.0;FABBRICATO;via pertengo;17;45.1044517;7.6936618;Abitazione;Dal 1919 al 1945;Nessuno;Patrimonio disponibile;Utilizzato direttamente;Altro;;;;2;True
3107714;L219;1081;56;;3052.75;FABBRICATO;Via Campobasso;11;45.1088694;7.6983436;Abitazione;Dal 1961 al 1970;Nessuno;Patrimonio indisponibile;Utilizzato direttamente;Alloggio di servizio, foresterie;;;;2;True
3107715;L219;1082;266;;3733.5;FABBRICATO;via scotellaro rocco;7;45.1063616;7.7004232;Abitazione;Dal 1971 al 1980;Nessuno;Patrimonio indisponibile;Utilizzato direttamente;Alloggio di servizio, foresterie;;;;2;True
3107716;L219;1089;1;;99.0;FABBRICATO;Strada della Magra;11;45.105087;7.7285029;Abitazione;Dal 1971 al 1980;Nessuno;Patrimonio indisponibile;Utilizzato direttamente;Altro;;;;2;True
3107717;L219;1089;275;;1805.0;FABBRICATO;via vittime di bologna;21;45.1031816;7.7288041;Abitazione;Dal 1991 al 2000;Nessuno;Patrimonio indisponibile;Utilizzato direttamente;Altro;;;;40;True
3107718;L219;1089;276;;1225.0;FABBRICATO;via vittime di bologna;16;45.1024998;7.7295668;Abitazione;Dal 1991 al 2000;Nessuno;Patrimonio indisponibile;Utilizzato direttamente;Altro;;;;26;True
3107719;L219;1089;306;;7168.0;FABBRICATO;via vittime di bologna;11;45.1018356;7.7289107;Abitazione;Dal 1971 al 1980;Nessuno;Patrimonio indisponibile;Utilizzato direttamente;Altro;;;;154;True
3107720;L219;1089;320;;436.0;FABBRICATO;Via Martino Anglesio;23;45.1049848;7.7321939;Impianto sportivo;Dal 1981 al 1990;Nessuno;Patrimonio indisponibile;Utilizzato direttamente;Altro;;;;2;True
3107721;L219;1089;323;;379.0;FABBRICATO;Via Martino Anglesio;25;45.1049984;7.7327094;Locale commerciale, negozio;Dal 1981 al 1990;Nessuno;Patrimonio disponibile;Utilizzato direttamente;Altro;;;;5;True
3107722;L219;1089;325;;3834.25;FABBRICATO;Via Martino Anglesio;15;45.1049775;7.7304901;Abitazione;Dal 1981 al 1990;Nessuno;Patrimonio indisponibile;Utilizzato direttamente;Alloggio di servizio, foresterie;;;;2;True
3107723;L219;1089;326;;4356.0;FABBRICATO;via vittime di bologna;10;45.1017418;7.7299162;Abitazione;Dal 1971 al 1980;Nessuno;Patrimonio indisponibile;Utilizzato direttamente;Alloggio di servizio, foresterie;;;;2;True
3107724;L219;1089;337;;3732.0;FABBRICATO;strada scarafiotti;44;45.103231;7.7310744;Abitazione;Dal 1991 al 2000;Nessuno;Patrimonio indisponibile;Utilizzato direttamente;Altro;;;;74;True
3107725;L219;1089;361;;3212.0;FABBRICATO;strada scarafiotti;43;45.1028189;7.7301626;Abitazione;Dal 1981 al 1990;Nessuno;Patrimonio indisponibile;Utilizzato direttamente;Altro;;;;64;True
3107726;L219;1090;79;;2019.0;FABBRICATO;Strada del Cascinotto;59;45.1061567;7.7330934;Abitazione;Prima del 1919;Nessuno;Demanio;Utilizzato direttamente;Alloggio di servizio, foresterie;in concessione a titolo oneroso;8562.0;01/05/2009;4;True
3107727;L219;1094;140;;2403.5;FABBRICATO;Strada Comunale di Bertolla;50;45.0995577;7.7433851;Abitazione;Dal 1946 al 1960;Nessuno;Patrimonio indisponibile;Utilizzato direttamente;Alloggio di servizio, foresterie;;;;2;True
3107728;L219;1094;154;;209.0;FABBRICATO;Strada Comunale di Bertolla;111;45.1003183;7.746126;Abitazione;Prima del 1919;Nessuno;Patrimonio indisponibile;Utilizzato direttamente;Altro;;;;4;True
3107729;L219;1097;114;;3044.5;FABBRICATO;strada s. mauro;24;45.0991129;7.7259321;Abitazione;Dal 1961 al 1970;Nessuno;Patrimonio indisponibile;Utilizzato direttamente;Alloggio di servizio, foresterie;;;;2;True
3107730;L219;1097;51;;5932.75;FABBRICATO;Strada di San Mauro;38;45.0994466;7.7267948;Abitazione;Dal 1919 al 1945;Dichiarazione di interesse culturale;Demanio;Utilizzato direttamente;Alloggio di servizio, foresterie;;;;3;True
3107731;L219;1098;107;;336.0;FABBRICATO;Via Vittorio Avondo;20;45.0952354;7.7192466;Abitazione;Dal 1919 al 1945;Nessuno;Patrimonio indisponibile;Utilizzato direttamente;Altro;;;;3;True
3107732;L219;1102;49;;1075.0;FABBRICATO;via mercadante saverio;129;45.09813509;7.70275865;Abitazione;Dal 1971 al 1980;Nessuno;Patrimonio indisponibile;Utilizzato direttamente;Alloggio di servizio, foresterie;;;;2;True
3107733;L219;1102;66;;98.0;FABBRICATO;via mercadante saverio;133;45.09868237;7.70233933;Abitazione;Dal 1971 al 1980;Nessuno;Patrimonio indisponibile;Utilizzato direttamente;Alloggio di servizio, foresterie;;;;2;True
3107734;L219;1102;76;;7234.75;FABBRICATO;Via Monte Rosa;163;45.10039214;7.70107459;Abitazione;Dal 1971 al 1980;Nessuno;Patrimonio indisponibile;Utilizzato direttamente;Alloggio di servizio, foresterie;;;;2;True
3107735;L219;1103;16;;5891.0;FABBRICATO;via porta carlo;6;45.1044741;7.7010147;Abitazione;Dal 1971 al 1980;Nessuno;Patrimonio indisponibile;Utilizzato direttamente;Alloggio di servizio, foresterie;;;;2;True
3107736;L219;1103;304;;5237.7;FABBRICATO;Via Carlo Porta;23;45.1043913;7.6988761;Edificio scolastico (es.: scuola di ogni ordine e grado, università, scuola di formazione);Dal 1981 al 1990;Nessuno;Patrimonio indisponibile;Utilizzato direttamente;Attività didattica;;;;2;True
3107737;L219;1104;327;;2915.0;FABBRICATO;Via Tronzano;22;45.0994632;7.6958842;Abitazione;Dal 1971 al 1980;Nessuno;Patrimonio indisponibile;Utilizzato direttamente;Alloggio di servizio, foresterie;;;;2;True
3107738;L219;1104;337;;1892.25;FABBRICATO;Via Luigi Boccherini;43;45.1014715;7.6925148;Abitazione;Dal 1971 al 1980;Nessuno;Patrimonio indisponibile;Utilizzato direttamente;Alloggio di servizio, foresterie;;;;2;True
3107739;L219;1104;347;;161.0;FABBRICATO;via gottardo;10;45.1002713;7.690682;Abitazione;Dal 1961 al 1970;Nessuno;Patrimonio indisponibile;Utilizzato direttamente;Attività sportiva, ricreativa e di intrattenimento;;;;3;True
3107740;L219;1104;368;;5143.0;FABBRICATO;corso vercelli;157;45.0989048;7.6924783;Abitazione;Dal 1961 al 1970;Nessuno;Patrimonio indisponibile;Utilizzato direttamente;Alloggio di servizio, foresterie;;;;2;True
3107741;L219;1105;223;;4571.0;FABBRICATO;via randaccio giovanni;60;45.099937;7.6839015;Abitazione;Dal 1971 al 1980;Nessuno;Patrimonio indisponibile;Utilizzato direttamente;Alloggio di servizio, foresterie;;;;2;True
3107742;L219;1105;231;;810.0;FABBRICATO;Via Ala di Stura;23;45.1034687;7.683706;Abitazione;Dal 1971 al 1980;Nessuno;Patrimonio indisponibile;Utilizzato direttamente;Alloggio di servizio, foresterie;;;;2;True
3107743;L219;1107;102;;2775.0;FABBRICATO;via mosca gaetano;11;45.10244252;7.67728053;Abitazione;Dal 1961 al 1970;Nessuno;Patrimonio indisponibile;Utilizzato direttamente;Alloggio di servizio, foresterie;;;;2;True
3107744;L219;1107;150;;11018.0;FABBRICATO;Via Casteldelfino;24;45.10042844;7.67336645;Abitazione;Dal 1971 al 1980;Nessuno;Patrimonio indisponibile;Utilizzato direttamente;Alloggio di servizio, foresterie;;;;4;True
3107745;L219;1107;258;;4152.5;FABBRICATO;via lorenzini carlo;4;45.1001242;7.67757515;Cantina, soffitta, rimessa, box, garage, posto auto aperto/scoperto,;Dal 1961 al 1970;Nessuno;Patrimonio indisponibile;Utilizzato direttamente;Attività didattica;;;;9;True
3107746;L219;1107;50;;39.0;FABBRICATO;via sospello;118;45.1025426;7.6754088;Cantina, soffitta, rimessa, box, garage, posto auto aperto/scoperto,;Dal 1971 al 1980;Nessuno;Patrimonio indisponibile;Utilizzato direttamente;Attività sportiva, ricreativa e di intrattenimento;;;;3;True
3107747;L219;1108;245;;982.0;FABBRICATO;via verolengo;46;45.0955827;7.6679907;Abitazione;Dal 1919 al 1945;Dichiarazione di interesse culturale;Demanio;Utilizzato direttamente;Alloggio di servizio, foresterie;;;;3;True
3107748;L219;1108;341;;67.0;FABBRICATO;via roccavione conte di;11;45.09686;7.6745228;Abitazione;Dal 1946 al 1960;Nessuno;Patrimonio indisponibile;Utilizzato direttamente;Attività commerciale e di ristorazione;;;;2;True
3107749;L219;1108;343;;9325.75;FABBRICATO;Via Michele Antonio Vibò;62;45.0964922;7.6739695;Abitazione;Prima del 1919;Dichiarazione di interesse culturale;Demanio;Utilizzato direttamente;Alloggio di servizio, foresterie;;;;2;True
3107750;L219;1108;352;;5029.0;FABBRICATO;ASSISI (VIA);45;45.095979;7.6679436;Area urbana;ND;Dichiarazione di interesse culturale;Demanio;Utilizzato direttamente;Altro;;;;3;True
3107751;L219;1109;119;;4481.0;FABBRICATO;Via Cardinal Massaia;113;45.1025828;7.6680988;Abitazione;Prima del 1919;Dichiarazione di interesse culturale;Demanio;Utilizzato direttamente;Alloggio di servizio, foresterie;;;;3;True
3107752;L219;1109;187;;123.0;FABBRICATO;VIA DELLA BRUSA';24;45.1013571;7.6647617;Abitazione;Dal 1981 al 1990;Nessuno;Patrimonio indisponibile;Utilizzato direttamente;Altro;;;;2;True
3107753;L219;1109;627;;4133.71;FABBRICATO;Via Stradella;192;45.100575;7.6686693;Ufficio strutturato ed assimilabili;Prima del 1919;Dichiarazione di interesse culturale;Demanio;Utilizzato direttamente;Attività amministrativa/uffici pubblici;;;;2;True
3107754;L219;1110;658;;6645.0;FABBRICATO;corso toscana;88;45.0982649;7.654498;Abitazione;Dal 1971 al 1980;Nessuno;Patrimonio indisponibile;Utilizzato direttamente;Alloggio di servizio, foresterie;;;;2;True
3107755;L219;1111;167;;2376.5;FABBRICATO;corso lombardia;114;45.09728226;7.6488099;Abitazione;Dal 1961 al 1970;Nessuno;Patrimonio indisponibile;Utilizzato direttamente;Altro;;;;2;True
3107756;L219;1111;211;;438.2;FABBRICATO;via pianezza;132;45.09693805;7.64400428;Abitazione;Prima del 1919;Nessuno;Patrimonio indisponibile;Utilizzato direttamente;Servizi assistenza socio-sanitaria (non residenziali);;;;2;True
3107757;L219;1111;239;;5749.5;FABBRICATO;Via Foglizzo;15;45.09682286;7.64857947;Abitazione;Dal 1971 al 1980;Nessuno;Patrimonio indisponibile;Utilizzato direttamente;Alloggio di servizio, foresterie;;;;2;True
3107758;L219;1111;240;;6734.25;FABBRICATO;corso lombardia;98;45.09567826;7.64741232;Edificio scolastico (es.: scuola di ogni ordine e grado, università, scuola di formazione);Dal 1919 al 1945;Dichiarazione di interesse culturale;Demanio;Utilizzato direttamente;Attività didattica;;;;2;True
3107759;L219;1111;299;;3048.0;FABBRICATO;via terraneo giovanni tommaso;1;45.09766737;7.64494121;Edificio scolastico (es.: scuola di ogni ordine e grado, università, scuola di formazione);Dal 1971 al 1980;Nessuno;Patrimonio indisponibile;Utilizzato direttamente;Attività didattica;;;;3;True
3107760;L219;1111;362;;135.0;FABBRICATO;corso lombardia;95;45.09606995;7.64616213;Cantina, soffitta, rimessa, box, garage, posto auto aperto/scoperto,;Dal 1981 al 1990;Nessuno;Patrimonio indisponibile;Utilizzato direttamente;Attività sportiva, ricreativa e di intrattenimento;;;;4;True
3107761;L219;1111;86;;329.0;FABBRICATO;corso lombardia;123;45.09856798;7.64830169;Cantina, soffitta, rimessa, box, garage, posto auto aperto/scoperto,;Dal 1946 al 1960;Nessuno;Patrimonio indisponibile;Utilizzato direttamente;Non Dichiarato;in locazione;778.0;01/10/2022;20;True
3107762;L219;1111;87;;5277.0;FABBRICATO;corso lombardia;123;45.09852565;7.64843227;Abitazione;Dal 1946 al 1960;Nessuno;Patrimonio indisponibile;Utilizzato direttamente;Non Dichiarato;in locazione;3366.0;01/10/2022;63;True
3107763;L219;1111;88;;126.0;FABBRICATO;corso lombardia;123;45.09835556;7.64831445;Cantina, soffitta, rimessa, box, garage, posto auto aperto/scoperto,;Dal 1946 al 1960;Nessuno;Patrimonio indisponibile;Utilizzato direttamente;Non Dichiarato;in locazione;752.0;01/03/2021;9;True
3107764;L219;1112;115;;8228.0;FABBRICATO;Via Andrea Sansovino;26;45.098497;7.6362104;Cantina, soffitta, rimessa, box, garage, posto auto aperto/scoperto,;Dal 1991 al 2000;Nessuno;Patrimonio indisponibile;Utilizzato direttamente;Altro;;;;147;True
3107765;L219;1112;136;;5063.32;FABBRICATO;Corso Lucio Quinzio Cincinnato;115;45.0982077;7.639026;Ufficio strutturato ed assimilabili;Dal 1971 al 1980;Nessuno;Patrimonio indisponibile;Utilizzato direttamente;Attività didattica;;;;4;True
3107766;L219;1112;149;;188.0;FABBRICATO;via pianezza;176 C;45.0971187;7.6424388;Abitazione;Dal 1971 al 1980;Nessuno;Patrimonio indisponibile;Utilizzato direttamente;Altro;;;;2;True
3107767;L219;1113;86;;190.0;FABBRICATO;corso regina margherita;440;45.0942902;7.6333982;Locale commerciale, negozio;Dal 2001 al 2010;Nessuno;Patrimonio indisponibile;Utilizzato direttamente;Altro;;;;2;True
3107768;L219;1117;52;;794.8000000000001;FABBRICATO;Strada della Pellerina;22;45.0881377;7.6239728;Cantina, soffitta, rimessa, box, garage, posto auto aperto/scoperto,;Prima del 1919;Nessuno;Patrimonio indisponibile;Non utilizzato;Non Dichiarato;in concessione a titolo oneroso;28920.0;01/12/2015;6;True
3107769;L219;1120;153;;2766.25;FABBRICATO;Corso Regina Margherita;371;45.0894381;7.6393126;Abitazione;Prima del 1919;Dichiarazione di interesse culturale;Demanio;Utilizzato direttamente;Alloggio di servizio, foresterie;;;;3;True
3107770;L219;1121;10;;150.0;FABBRICATO;via pianezza;94;45.0951955;7.6482767;Abitazione;Dal 1946 al 1960;Nessuno;Patrimonio indisponibile;;Non Dichiarato;in concessione a titolo oneroso;3813.0;01/10/2021;2;True
3107771;L219;1121;41;;8240.0;FABBRICATO;via pianezza;163;45.0952613;7.645336;Abitazione;Dal 1946 al 1960;Nessuno;Patrimonio indisponibile;Utilizzato direttamente;Non Dichiarato;in locazione;724.0;01/03/2021;197;True
3107772;L219;1122;732;;5557.5;FABBRICATO;Corso Potenza;108;45.0971339;7.6595818;Abitazione;Dal 1971 al 1980;Nessuno;Patrimonio indisponibile;Utilizzato direttamente;Alloggio di servizio, foresterie;;;;2;True
3107773;L219;1123;357;;5133.75;FABBRICATO;via lemie;48;45.0962436;7.6657083;Abitazione;Dal 1961 al 1970;Nessuno;Patrimonio indisponibile;Utilizzato direttamente;Alloggio di servizio, foresterie;;;;2;True
3107774;L219;1123;397;;17561.57;FABBRICATO;Via Ponderano;10;45.0965128;7.6647116;Abitazione;Dal 1971 al 1980;Nessuno;Patrimonio indisponibile;Utilizzato direttamente;Alloggio di servizio, foresterie;;;;3;True
3107775;L219;1124;81;;330.0;FABBRICATO;Via Bosconero;3;45.0944679;7.6728741;Abitazione;Prima del 1919;Nessuno;Patrimonio indisponibile;Utilizzato direttamente;Altro;;;;5;True
3107776;L219;1125;202;;1574.25;FABBRICATO;Via Cambiano;10;45.0923756;7.6755809;Abitazione;Prima del 1919;Dichiarazione di interesse culturale;Demanio;Utilizzato direttamente;Alloggio di servizio, foresterie;;;;2;True
3107777;L219;1125;210;;945.0;FABBRICATO;via giachino errico;30;45.0917968;7.6761135;Abitazione;Prima del 1919;Nessuno;Patrimonio disponibile;Utilizzato direttamente;Altro;;;;16;True
3107778;L219;1125;438;;8088.0;FABBRICATO;corso mortara;36 7;45.0911933;7.6721811;Abitazione;Dal 2001 al 2010;Nessuno;Patrimonio indisponibile;Utilizzato direttamente;Altro;;;;159;True
3107779;L219;1125;441;;2830.0;FABBRICATO;Corso Mortara;0;45.0909338;7.6711827;Abitazione;Dal 2001 al 2010;Nessuno;Patrimonio indisponibile;Utilizzato direttamente;Altro;;;;56;True
3107780;L219;1125;90;;6638.0;FABBRICATO;VENEZIA (CORSO);11;45.0929198;7.6789981;Area urbana;ND;Nessuno;Patrimonio indisponibile;Utilizzato direttamente;Alloggio di servizio, foresterie;;;;2;True
3107781;L219;1127;343;;178.0;FABBRICATO;via valprato;50;45.0928718;7.6848823;Abitazione;Dal 2001 al 2010;Nessuno;Patrimonio indisponibile;Utilizzato direttamente;Altro;;;;2;True
3107782;L219;1127;63;;136.0;FABBRICATO;via palestrina pier luigi;43;45.0942259;7.688735;Abitazione;Dal 1919 al 1945;Nessuno;Patrimonio indisponibile;Utilizzato direttamente;Altro;;;;2;True
3107783;L219;1128;127;;15328.86;FABBRICATO;corso vercelli;141;45.0977378;7.6911031;Abitazione;Prima del 1919;Nessuno;Patrimonio indisponibile;Utilizzato direttamente;Alloggio di servizio, foresterie;;;;4;True
3107784;L219;1128;423;;298.0;FABBRICATO;Via Fossata;68;45.0965595;7.6868094;Abitazione;Dal 1946 al 1960;Nessuno;Patrimonio indisponibile;Utilizzato direttamente;Altro;;;;4;True
3107785;L219;1129;689;;164.0;FABBRICATO;via leini';111;45.0959779;7.6922024;Abitazione;Dal 1919 al 1945;Nessuno;Patrimonio indisponibile;Utilizzato direttamente;Altro;;;;2;True
3107786;L219;1131;70;;1247.0;FABBRICATO;Via Francesco Cilea;2;45.0969763;7.7049601;Abitazione;Dal 1961 al 1970;Nessuno;Patrimonio indisponibile;Utilizzato direttamente;Altro;;;;16;True
3107787;L219;1131;72;;1790.0;FABBRICATO;Via Giuseppe Tartini;35;45.0966828;7.7056668;Abitazione;Dal 1961 al 1970;Nessuno;Patrimonio indisponibile;Utilizzato direttamente;Altro;;;;24;True
3107788;L219;1132;85;;2160.0;FABBRICATO;Via Arcangelo Corelli;39;45.0960948;7.7088124;Abitazione;Dal 1961 al 1970;Nessuno;Patrimonio indisponibile;Utilizzato direttamente;Altro;;;;26;True
3107789;L219;1132;86;;856.0;FABBRICATO;Via Giuseppe Tartini;30;45.0964395;7.7062348;Abitazione;Dal 1961 al 1970;Nessuno;Patrimonio indisponibile;Utilizzato direttamente;Altro;;;;12;True
3107790;L219;1132;88;;3580.0;FABBRICATO;via pergolesi giambattista;91 C;45.0961636;7.7069216;Abitazione;Dal 1961 al 1970;Nessuno;Patrimonio indisponibile;Utilizzato direttamente;Altro;;;;47;True
3107791;L219;1132;89;;1873.0;FABBRICATO;via pergolesi giambattista;93 B;45.0959163;7.7075185;Abitazione;Dal 1961 al 1970;Nessuno;Patrimonio indisponibile;Utilizzato direttamente;Altro;;;;25;True
3107792;L219;1132;91;;1310.0;FABBRICATO;via pergolesi giambattista;105;45.0956071;7.7082216;Abitazione;Dal 1961 al 1970;Nessuno;Patrimonio indisponibile;Utilizzato direttamente;Altro;;;;17;True
3107793;L219;1133;11;;472.0;FABBRICATO;Via Sandro Botticelli;152;45.0965341;7.7133715;Abitazione;Dal 1946 al 1960;Nessuno;Patrimonio indisponibile;Utilizzato direttamente;Altro;;;;8;True
3107794;L219;1133;12;;184.0;FABBRICATO;Via Giovenale Ancina;50;45.0962736;7.7129759;Abitazione;Dal 1946 al 1960;Nessuno;Patrimonio indisponibile;Utilizzato direttamente;Altro;;;;2;True
3107795;L219;1133;14;;1198.0;FABBRICATO;corso taranto;159 5;45.0961005;7.7136586;Abitazione;Dal 1961 al 1970;Nessuno;Patrimonio indisponibile;Utilizzato direttamente;Altro;;;;16;True
3107796;L219;1133;15;;640.0;FABBRICATO;Corso Taranto;153;45.0958274;7.7130146;Abitazione;Dal 1961 al 1970;Nessuno;Patrimonio indisponibile;Utilizzato direttamente;Altro;;;;7;True
3107797;L219;1133;17;;404.0;FABBRICATO;corso taranto;159 8;45.0959078;7.7139963;Abitazione;Dal 1961 al 1970;Nessuno;Patrimonio indisponibile;Utilizzato direttamente;Altro;;;;5;True
3107798;L219;1133;18;;487.0;FABBRICATO;Via Sandro Botticelli;166;45.0958711;7.7145205;Abitazione;Dal 1946 al 1960;Nessuno;Patrimonio indisponibile;Utilizzato direttamente;Altro;;;;7;True
3107799;L219;1133;32;;2887.5;FABBRICATO;corso taranto;160;45.0956066;7.7103601;Abitazione;Dal 1961 al 1970;Nessuno;Patrimonio indisponibile;Utilizzato direttamente;Altro;;;;2;True
3107800;L219;1133;33;;1846.75;FABBRICATO;corso taranto;166;45.0956692;7.7111314;Abitazione;Dal 1961 al 1970;Nessuno;Patrimonio indisponibile;Utilizzato direttamente;Alloggio di servizio, foresterie;;;;2;True
3107801;L219;1133;37;;1366.0;FABBRICATO;Via Giovenale Ancina;31;45.0948209;7.7106818;Abitazione;Dal 1961 al 1970;Nessuno;Patrimonio indisponibile;Utilizzato direttamente;Alloggio di servizio, foresterie;;;;2;True
3107802;L219;1133;39;;301.0;FABBRICATO;Via Giovenale Ancina;32;45.0949058;7.7120286;Abitazione;Dal 1946 al 1960;Nessuno;Patrimonio indisponibile;Utilizzato direttamente;Altro;;;;3;True
3107803;L219;1133;42;;359.0;FABBRICATO;Via Giovenale Ancina;22;45.0942204;7.7110818;Abitazione;Dal 1946 al 1960;Nessuno;Patrimonio indisponibile;Utilizzato direttamente;Altro;;;;3;True
3107804;L219;1133;65;;5220.18;FABBRICATO;via sandro botticelli;130;45.0973318;7.7115029;Cantina, soffitta, rimessa, box, garage, posto auto aperto/scoperto,;Dal 1991 al 2000;Nessuno;Patrimonio indisponibile;Non utilizzato;Non Dichiarato;;;;5;True
3107805;L219;1140;238;;1221.25;FABBRICATO;via beato cafasso giuseppe;73;45.0878799;7.7300305;Edificio scolastico (es.: scuola di ogni ordine e grado, università, scuola di formazione);Dal 1971 al 1980;Nessuno;Patrimonio indisponibile;Utilizzato direttamente;Attività didattica;;;;4;True
3107806;L219;1143;32;;4775.25;FABBRICATO;Piazza Giuseppe Cesare Abba;13;45.0908985;7.7141154;Abitazione;Prima del 1919;Dichiarazione di interesse culturale;Demanio;Utilizzato direttamente;Alloggio di servizio, foresterie;;;;3;True
3107807;L219;1144;1;;8885.25;FABBRICATO;Via Arcangelo Corelli;15;45.09394214;7.70909549;Abitazione;Dal 1961 al 1970;Nessuno;Patrimonio indisponibile;Utilizzato direttamente;Alloggio di servizio, foresterie;;;;4;True
3107808;L219;1144;107;;131.0;FABBRICATO;via bologna;256;45.09264936;7.7146091;Abitazione;Dal 1946 al 1960;Nessuno;Patrimonio indisponibile;Utilizzato direttamente;Altro;;;;2;True
3107809;L219;1144;13;;2207.0;FABBRICATO;Via Alessandro Cruto;24;45.09265523;7.70681697;Abitazione;Dal 1961 al 1970;Nessuno;Patrimonio indisponibile;Utilizzato direttamente;Altro;;;;27;True
3107810;L219;1144;14;;2019.0;FABBRICATO;Via Luigi Pietracqua;21;45.09218083;7.70719684;Abitazione;Dal 1961 al 1970;Nessuno;Patrimonio indisponibile;Utilizzato direttamente;Altro;;;;29;True
3107811;L219;1144;15;;1562.0;FABBRICATO;via pietracqua luigi;19;45.0917837;7.70757765;Abitazione;Dal 1961 al 1970;Nessuno;Patrimonio indisponibile;Utilizzato direttamente;Altro;;;;20;True
3107812;L219;1144;3;;590.0;FABBRICATO;Via Giovanni Cravero;18;45.09311401;7.70892349;Cantina, soffitta, rimessa, box, garage, posto auto aperto/scoperto,;Dal 1971 al 1980;Nessuno;Patrimonio indisponibile;Utilizzato direttamente;Altro;in locazione;3301.0;01/11/2021;15;True
3107813;L219;1144;83;;4315.0;FABBRICATO;via bologna;267 5;45.0935925;7.71428058;Abitazione;Dal 1961 al 1970;Nessuno;Patrimonio indisponibile;Utilizzato direttamente;Altro;;;;60;True
3107814;L219;1144;84;;4168.0;FABBRICATO;via bologna;267 10;45.09362811;7.71469846;Abitazione;Dal 1961 al 1970;Nessuno;Patrimonio indisponibile;Utilizzato direttamente;Altro;;;;60;True
3107815;L219;1144;86;;6152.0;FABBRICATO;via bologna;267 1;45.09309477;7.71399276;Abitazione;Dal 1961 al 1970;Nessuno;Patrimonio indisponibile;Utilizzato direttamente;Altro;;;;80;True
3107816;L219;1145;1;;1521.0;FABBRICATO;via gallina giacinto;3 17;45.0915272;7.7084461;Abitazione;Dal 1919 al 1945;Nessuno;Patrimonio indisponibile;Utilizzato direttamente;Altro;in locazione;2237.0;01/12/2005;24;True
3107817;L219;1145;2;;1818.0;FABBRICATO;via gallina giacinto;3 11;45.091958;7.7088881;Abitazione;Dal 1919 al 1945;Nessuno;Patrimonio indisponibile;Utilizzato direttamente;Altro;;;;37;True
3107818;L219;1145;39;;5589.0;FABBRICATO;via ghedini giorgio;21;45.0911078;7.709733;Abitazione;Dal 1919 al 1945;Nessuno;Patrimonio indisponibile;Utilizzato direttamente;Altro;;;;58;True
3107819;L219;1145;42;;2259.0;FABBRICATO;via maddalene;2;45.0904066;7.7059706;Abitazione;Dal 1961 al 1970;Nessuno;Patrimonio indisponibile;Utilizzato direttamente;Altro;;;;24;True
3107820;L219;1145;43;;4275.0;FABBRICATO;via maddalene;6;45.0904443;7.7065946;Abitazione;Dal 1961 al 1970;Nessuno;Patrimonio indisponibile;Utilizzato direttamente;Altro;;;;60;True
3107821;L219;1145;5;;2601.0;FABBRICATO;via gallina giacinto;3 3;45.091638;7.7092493;Abitazione;Dal 1919 al 1945;Nessuno;Patrimonio indisponibile;Utilizzato direttamente;Altro;;;;45;True
3107822;L219;1145;6;;1532.0;FABBRICATO;via gallina giacinto;3 10;45.0920674;7.7096364;Abitazione;Dal 1919 al 1945;Nessuno;Patrimonio indisponibile;Utilizzato direttamente;Altro;;;;28;True
3107823;L219;1145;74;;5263.0;FABBRICATO;via maddalene;10;45.0903236;7.70741;Abitazione;Dal 1961 al 1970;Nessuno;Patrimonio indisponibile;Utilizzato direttamente;Altro;;;;72;True
3107824;L219;1145;75;;3038.0;FABBRICATO;Via Maddalene;14;45.0904536;7.7080136;Abitazione;Dal 1961 al 1970;Nessuno;Patrimonio indisponibile;Utilizzato direttamente;Altro;;;;40;True
3107825;L219;1145;76;;1459.25;FABBRICATO;via ghedini giorgio;22;45.0908371;7.710038;Abitazione;Dal 1946 al 1960;Nessuno;Patrimonio indisponibile;Utilizzato direttamente;Alloggio di servizio, foresterie;;;;2;True
3107826;L219;1145;79;;5511.68;FABBRICATO;via moncrivello;0;45.0895195;7.7076647;Abitazione;Dal 1971 al 1980;Nessuno;Patrimonio indisponibile;Utilizzato direttamente;Altro;;;;42;True
3107827;L219;1146;12;;4243.0;FABBRICATO;via santhia';76;45.09431626;7.69978934;Abitazione;Dal 1961 al 1970;Nessuno;Patrimonio indisponibile;Utilizzato direttamente;Alloggio di servizio, foresterie;;;;2;True
3107828;L219;1146;291;;5342.75;FABBRICATO;Via Domenico Cimarosa;66;45.0932841;7.7018879;Abitazione;Dal 1971 al 1980;Nessuno;Patrimonio indisponibile;Utilizzato direttamente;Alloggio di servizio, foresterie;;;;2;True
3107829;L219;1147;169;;2622.5;FABBRICATO;via paisiello giovanni;1;45.0894873;7.6984523;Abitazione;Dal 1919 al 1945;Dichiarazione di interesse culturale;Demanio;Utilizzato direttamente;Alloggio di servizio, foresterie;;;;2;True
3107830;L219;1147;223;;3522.0;FABBRICATO;via leoncavallo ruggero;61;45.0887215;7.7025803;Abitazione;Dal 1971 al 1980;Nessuno;Patrimonio indisponibile;Utilizzato direttamente;Alloggio di servizio, foresterie;;;;2;True
3107831;L219;1148;212;;174.0;FABBRICATO;via leini';52;45.0929159;7.6920909;Abitazione;Dal 1919 al 1945;Nessuno;Patrimonio indisponibile;Utilizzato direttamente;Altro;;;;2;True
3107832;L219;1148;428;;11309.75;FABBRICATO;via monte rosa;54;45.0911371;7.6962232;Abitazione;Prima del 1919;Dichiarazione di interesse culturale;Demanio;Utilizzato direttamente;Alloggio di servizio, foresterie;;;;3;True
3107833;L219;1148;792;;11389.75;FABBRICATO;via monte rosa;54;45.0908697;7.6960468;Abitazione;Prima del 1919;Dichiarazione di interesse culturale;Demanio;Utilizzato direttamente;Alloggio di servizio, foresterie;;;;3;True
3107834;L219;1148;892;;1872.0;FABBRICATO;Via Brandizzo;34;45.0911589;7.6971903;Abitazione;Prima del 1919;Nessuno;Patrimonio indisponibile;Utilizzato direttamente;Altro;;;;42;True
3107835;L219;1148;939;;464.0;FABBRICATO;VIA PALESTRINA PIER LUIGI;9;45.0928939;7.6927457;Abitazione;Dal 1961 al 1970;Nessuno;Patrimonio indisponibile;Utilizzato direttamente;Altro;;;;7;True
3107836;L219;1149;171;;88.0;FABBRICATO;Via Jacopo Foroni;6;45.08940791;7.69610657;Abitazione;Prima del 1919;Nessuno;Patrimonio indisponibile;Utilizzato direttamente;Altro;;;;2;True
3107837;L219;1149;472;;1089.0;FABBRICATO;corso giulio cesare;83;45.0893293;7.69140979;Abitazione;Dal 1919 al 1945;Nessuno;Patrimonio indisponibile;Utilizzato direttamente;Altro;;;;15;True
3107838;L219;1149;655;;198.0;FABBRICATO;via monte rosa;11;45.08748262;7.69351139;Abitazione;Prima del 1919;Nessuno;Patrimonio indisponibile;Utilizzato direttamente;Altro;;;;2;True
3107839;L219;1149;815;;2082.0;FABBRICATO;Via Cuneo;6;45.08670294;7.68856735;Abitazione;Prima del 1919;Nessuno;Patrimonio indisponibile;Utilizzato direttamente;Altro;;;;27;True
3107840;L219;1149;833;;4278.0;FABBRICATO;Via Padre Francesco Denza;23;45.08670915;7.69155789;Abitazione;Dal 1946 al 1960;Nessuno;Patrimonio indisponibile;Utilizzato direttamente;Alloggio di servizio, foresterie;;;;2;True
3107841;L219;1150;316;;539.0;FABBRICATO;Via Cervino;43 8;45.0924488;7.6839553;Abitazione;Dal 2001 al 2010;Nessuno;Patrimonio indisponibile;Utilizzato direttamente;Altro;;;;6;True
3107842;L219;1150;333;;3337.6;FABBRICATO;VIA BANFO ANTONIO;SNC;45.0903857;7.6864074;Abitazione;Dopo il 2010;Nessuno;Patrimonio disponibile;Utilizzato direttamente;Servizi ordine pubblico, sicurezza nazionale e militare;in locazione;0.0;01/01/2019;8;True
3107843;L219;1150;346;;4870.0199999999995;FABBRICATO;Via Francesco Cigna;96;45.09073488;7.68591129;Ufficio strutturato ed assimilabili;Dal 1919 al 1945;Dichiarazione di interesse culturale;Patrimonio indisponibile;Utilizzato direttamente;Altro;;;;10;True
3107844;L219;1150;64;;3894.0;FABBRICATO;Via Francesco Cigna;102;45.09091829;7.68568229;Area urbana;Dal 1919 al 1945;Dichiarazione di interesse culturale;Patrimonio indisponibile;Utilizzato direttamente;Altro;;;;6;True
3107845;L219;1150;65;;11764.4;FABBRICATO;CORSO VIGEVANO;SNC;45.0898244;7.6854959;Cantina, soffitta, rimessa, box, garage, posto auto aperto/scoperto,;Dal 2001 al 2010;Nessuno;Patrimonio indisponibile;Utilizzato direttamente;Altro;in locazione;43937.0;01/12/2011;268;True
3107846;L219;1150;96;;6606.25;FABBRICATO;Via Antonio Banfo;32;45.091678;7.6874963;Abitazione;Prima del 1919;Dichiarazione di interesse culturale;Demanio;Utilizzato direttamente;Alloggio di servizio, foresterie;;;;2;True
3107847;L219;1151;236;;154.0;FABBRICATO;via piossasco;14;45.0873011;7.680145;Abitazione;Prima del 1919;Nessuno;Patrimonio indisponibile;Utilizzato direttamente;Altro;;;;4;True
3107848;L219;1151;315;;1206.0;FABBRICATO;Via Antonio Cecchi;63;45.0886382;7.6787802;Abitazione;Dal 2001 al 2010;Nessuno;Patrimonio indisponibile;Utilizzato direttamente;Altro;;;;13;True
3107849;L219;1151;430;;891.5;FABBRICATO;via beinasco;34;45.08802944;7.67843723;Abitazione;Dal 1971 al 1980;Nessuno;Patrimonio indisponibile;Utilizzato direttamente;Alloggio di servizio, foresterie;;;;2;True
3107850;L219;1153;130;;63.0;FABBRICATO;LIVORNO (VIA);SNC;45.0879597;7.6684117;Area urbana;ND;Nessuno;Patrimonio indisponibile;Utilizzato direttamente;Altro;;;;3;True
3107851;L219;1153;131;;70.0;FABBRICATO;LIVORNO (VIA);SNC;45.0883774;7.666813;Area urbana;Dal 2001 al 2010;Nessuno;Patrimonio indisponibile;Utilizzato direttamente;Altro;;;;4;True
3107852;L219;1153;132;;322.0;FABBRICATO;LIVORNO (VIA);SNC;45.0875149;7.6666417;Area urbana;Dal 2001 al 2010;Nessuno;Patrimonio indisponibile;Utilizzato direttamente;Altro;;;;4;True
3107853;L219;1157;142;;1352.25;FABBRICATO;Via Spoleto;0;45.0871558;7.6534277;Abitazione;Dal 1981 al 1990;Nessuno;Patrimonio indisponibile;Utilizzato direttamente;Alloggio di servizio, foresterie;;;;2;True
3107854;L219;1158;159;;19500.4;FABBRICATO;corso regina margherita;330;45.08927;7.6495706;Abitazione;Dal 1971 al 1980;Nessuno;Patrimonio disponibile;Utilizzato direttamente;Servizi ordine pubblico, sicurezza nazionale e militare;;;;6;True
3107855;L219;1158;171;;903.8;FABBRICATO;Corso Appio Claudio;80;45.0853808;7.6461232;Abitazione;Dal 1981 al 1990;Nessuno;Patrimonio disponibile;Utilizzato direttamente;Non Dichiarato;in locazione;70629.0;01/07/2011;5;True
3107856;L219;1159;117;;1248.75;FABBRICATO;via lessona michele;70;45.0837247;7.6423094;Abitazione;Dal 1971 al 1980;Nessuno;Patrimonio indisponibile;Utilizzato direttamente;Alloggio di servizio, foresterie;;;;2;True
3107857;L219;1160;35;;315.0;FABBRICATO;Corso Appio Claudio;176;45.0858188;7.6349071;Ufficio strutturato ed assimilabili;Prima del 1919;Nessuno;Patrimonio indisponibile;Utilizzato direttamente;Attività amministrativa/uffici pubblici;;;;3;True
3107858;L219;1161;166;;1071.5;FABBRICATO;via servais giovanni;62;45.0842325;7.6310376;Abitazione;Dal 1971 al 1980;Nessuno;Patrimonio indisponibile;Utilizzato direttamente;Alloggio di servizio, foresterie;;;;2;True
3107859;L219;1164;149;;99.0;FABBRICATO;via servais giovanni;200 3;45.0869859;7.6154154;Abitazione;Dal 1971 al 1980;Nessuno;Patrimonio indisponibile;Utilizzato direttamente;Alloggio di servizio, foresterie;;;;2;True
3107860;L219;1166;467;;10834.5;FABBRICATO;via passoni mario e pier luigi;13;45.08272706;7.61774122;Abitazione;Dal 1971 al 1980;Nessuno;Patrimonio indisponibile;Utilizzato direttamente;Alloggio di servizio, foresterie;;;;2;True
3107861;L219;1168;237;;7170.75;FABBRICATO;via pacchiotti giacinto;102;45.0786863;7.6249251;Edificio scolastico (es.: scuola di ogni ordine e grado, università, scuola di formazione);Dal 1961 al 1970;Nessuno;Patrimonio indisponibile;Utilizzato direttamente;Attività didattica;;;;3;True
3107862;L219;1168;263;;1366.0;FABBRICATO;Via Bellardi Ludovico;56;45.079064;7.6248961;Abitazione;Dal 1961 al 1970;Nessuno;Patrimonio indisponibile;Utilizzato direttamente;Alloggio di servizio, foresterie;;;;2;True
3107863;L219;1169;54;;1584.0;FABBRICATO;Via Pietro Cossa;115;45.0823902;7.6227387;Abitazione;Dal 1971 al 1980;Nessuno;Patrimonio indisponibile;Utilizzato direttamente;Alloggio di servizio, foresterie;;;;3;True
3107864;L219;1170;273;;1759.0;FABBRICATO;via valgioie;72;45.0772265;7.6279673;Abitazione;Dal 1971 al 1980;Nessuno;Patrimonio indisponibile;Utilizzato direttamente;Alloggio di servizio, foresterie;;;;2;True
3107865;L219;1170;31;;4413.0;FABBRICATO;Via Giacinto Pacchiotti;50;45.0784447;7.628124;Abitazione;Dal 1971 al 1980;Nessuno;Patrimonio indisponibile;Utilizzato direttamente;Alloggio di servizio, foresterie;;;;2;True
3107866;L219;1171;736;;3161.57;FABBRICATO;corso francia;186;45.0765455;7.6383281;Abitazione;Prima del 1919;Dichiarazione di interesse culturale;Demanio;Utilizzato direttamente;Attività artistica e culturale;;;;2;True
3107867;L219;1171;757;;2317.25;FABBRICATO;Via Asinari di Bernezzo Vittorio;23;45.0786066;7.6387089;Abitazione;Dal 1981 al 1990;Dichiarazione di interesse culturale;Demanio;Utilizzato direttamente;Alloggio di servizio, foresterie;;;;2;True
3107868;L219;1172;1043;;5757.5;FABBRICATO;via capelli carlo;64;45.0802112;7.6346738;Abitazione;Dal 1971 al 1980;Nessuno;Patrimonio indisponibile;Utilizzato direttamente;Alloggio di servizio, foresterie;;;;2;True
3107869;L219;1172;1047;;805.28;FABBRICATO;Via Salbertrand;57;45.0804511;7.634538;Ufficio strutturato ed assimilabili;Prima del 1919;Nessuno;Patrimonio indisponibile;Utilizzato direttamente;Attività amministrativa/uffici pubblici;;;;3;True
3107870;L219;1172;158;;5137.75;FABBRICATO;Via Giovanni Servais;5;45.0826246;7.6382219;Abitazione;Dal 1961 al 1970;Nessuno;Patrimonio indisponibile;Utilizzato direttamente;Alloggio di servizio, foresterie;;;;2;True
3107871;L219;1172;949;;9497.75;FABBRICATO;Via Capelli Carlo;51;45.0796358;7.6326732;Abitazione;Dal 1919 al 1945;Dichiarazione di interesse culturale;Demanio;Utilizzato direttamente;Alloggio di servizio, foresterie;;;;4;True
3107872;L219;1173;331;;1635.0;FABBRICATO;corso lecce;55;45.080698;7.6475243;Abitazione;Dal 1919 al 1945;Nessuno;Patrimonio disponibile;Utilizzato direttamente;Non Dichiarato;in locazione;4104.0;01/10/2021;24;True
3107873;L219;1173;529;;416.0;FABBRICATO;via pilo rosalino;50;45.0779791;7.6460453;Abitazione;Prima del 1919;Nessuno;Patrimonio indisponibile;Utilizzato direttamente;Servizi assistenza socio-sanitaria (non residenziali);;;;5;True
3107874;L219;1173;665;;7531.75;FABBRICATO;Via Domodossola;41;45.080271;7.6432956;Abitazione;Dal 1981 al 1990;Nessuno;Patrimonio indisponibile;Utilizzato direttamente;Alloggio di servizio, foresterie;;;;3;True
3107875;L219;1173;667;;215.0;FABBRICATO;via fabrizi nicola;55;45.0803877;7.6476397;Cantina, soffitta, rimessa, box, garage, posto auto aperto/scoperto,;Dal 1919 al 1945;Nessuno;Patrimonio disponibile;Utilizzato direttamente;Altro;;;;14;True
3107876;L219;1174;274;;242.0;FABBRICATO;Corso Svizzera;61;45.0818097;7.6505845;Locale commerciale, negozio;Dal 1946 al 1960;Nessuno;Patrimonio disponibile;Utilizzato direttamente;Altro;;;;6;True
3107877;L219;1174;599;;7485.0;FABBRICATO;corso svizzera;53;45.0810057;7.6498672;Abitazione;Prima del 1919;Dichiarazione di interesse culturale;Demanio;Utilizzato direttamente;Attività didattica;;;;3;True
3107878;L219;1175;450;;5199.5;FABBRICATO;via montano massimo;10;45.0777547;7.6550193;Abitazione;Dal 1961 al 1970;Nessuno;Patrimonio indisponibile;Utilizzato direttamente;Alloggio di servizio, foresterie;;;;3;True
3107879;L219;1175;721;;1102.75;FABBRICATO;via medici giacomo;12;45.0768656;7.6553383;Abitazione;Dal 1961 al 1970;Nessuno;Patrimonio indisponibile;Utilizzato direttamente;Alloggio di servizio, foresterie;;;;2;True
3107880;L219;1176;162;;4277.25;FABBRICATO;Via Jacopo Durandi;6;45.0811779;7.6598264;Abitazione;Prima del 1919;Dichiarazione di interesse culturale;Demanio;Utilizzato direttamente;Alloggio di servizio, foresterie;;;;2;True
3107881;L219;1176;172;;11216.25;FABBRICATO;via galvani luigi;7;45.0811779;7.6598264;Edificio scolastico (es.: scuola di ogni ordine e grado, università, scuola di formazione);Prima del 1919;Dichiarazione di interesse culturale;Demanio;Utilizzato direttamente;Attività didattica;;;;2;True
3107882;L219;1176;40;;566.86;FABBRICATO;Via Carlo Bossi;18;45.0828504;7.6607369;Abitazione;Dal 1919 al 1945;Nessuno;Patrimonio indisponibile;Utilizzato direttamente;Servizi assistenza socio-sanitaria (non residenziali);;;;3;True
3107883;L219;1176;747;;11293.25;FABBRICATO;via galvani luigi;7;45.0808453;7.6598264;Edificio scolastico (es.: scuola di ogni ordine e grado, università, scuola di formazione);Prima del 1919;Dichiarazione di interesse culturale;Demanio;Utilizzato direttamente;Attività didattica;;;;3;True
3107884;L219;1177;1251;;608.0;FABBRICATO;via avellino;22A;45.0856945;7.6634984;Abitazione;Dal 2001 al 2010;Nessuno;Patrimonio indisponibile;Utilizzato direttamente;Altro;;;;7;True
3107885;L219;1177;206;;2033.0;FABBRICATO;via avellino;5;45.0844946;7.6620029;Abitazione;Dal 1946 al 1960;Nessuno;Patrimonio indisponibile;Utilizzato direttamente;Altro;;;;41;True
3107886;L219;1177;474;;572.0;FABBRICATO;Via Avellino;25;45.0857529;7.6626989;Abitazione;Dal 1961 al 1970;Nessuno;Patrimonio indisponibile;Utilizzato direttamente;Altro;;;;7;True
3107887;L219;1178;144;;88.0;FABBRICATO;via pinelli pierdionigi;22;45.0806677;7.6675353;Locale commerciale, negozio;Dal 1946 al 1960;Nessuno;Patrimonio disponibile;Utilizzato direttamente;Attività commerciale e di ristorazione;;;;4;True
3107888;L219;1178;197;;152.0;FABBRICATO;via sobrero ascanio;19 A;45.0810418;7.6651916;Abitazione;Dal 1991 al 2000;Nessuno;Patrimonio indisponibile;Utilizzato direttamente;Altro;;;;2;True
3107889;L219;1178;254;;470.0;FABBRICATO;Via Antonio Pacinotti;29;45.0810133;7.6637449;Fabbricato per attività produttiva (industriale, artigianale o agricola);Prima del 1919;Nessuno;Patrimonio indisponibile;Utilizzato direttamente;Altro;;;;9;True
3107890;L219;1179;105;;3452.0;FABBRICATO;Via Aquila;30;45.0853455;7.6665769;Abitazione;Dal 1919 al 1945;Nessuno;Patrimonio indisponibile;Utilizzato direttamente;Altro;;;;47;True
3107891;L219;1179;259;;1337.25;FABBRICATO;Via Capua;7;45.0835992;7.6678697;Abitazione;Prima del 1919;Dichiarazione di interesse culturale;Demanio;Utilizzato direttamente;Non Dichiarato;in locazione;2848.0;01/04/2021;3;True
3107892;L219;1180;1;;878.0;FABBRICATO;via savigliano;7;45.0826547;7.6709471;Abitazione;Prima del 1919;Nessuno;Patrimonio indisponibile;Utilizzato direttamente;Alloggio di servizio, foresterie;;;;20;True
3107893;L219;1180;110;;10418.0;FABBRICATO;Via Maria Ausiliatrice;45;45.080952;7.6733892;Abitazione;Prima del 1919;Dichiarazione di interesse culturale;Demanio;Utilizzato direttamente;Alloggio di servizio, foresterie;;;;4;True
3107894;L219;1180;202;;398.0;FABBRICATO;Via Giambattista Balbis;19;45.0795804;7.6692918;Abitazione;Dal 1919 al 1945;Nessuno;Patrimonio indisponibile;Utilizzato direttamente;Altro;;;;10;True
3107895;L219;1180;229;;21026.0;FABBRICATO;Corso Principe Eugenio;153;45.0798385;7.6726279;Ufficio strutturato ed assimilabili;Prima del 1919;Dichiarazione di interesse culturale;Patrimonio indisponibile;;Non Dichiarato;in concessione a titolo oneroso;160281.0;01/01/2017;2;True
3107896;L219;1180;230;;18445.14;FABBRICATO;Corso Principe Eugenio;153;45.0797925;7.6722794;Ufficio strutturato ed assimilabili;Prima del 1919;Dichiarazione di interesse culturale;Patrimonio indisponibile;;Non Dichiarato;in concessione a titolo oneroso;160280.0;01/01/2017;2;True
3107897;L219;1180;231;;18445.14;FABBRICATO;Corso Principe Eugenio;153;45.0797925;7.6722794;Ufficio strutturato ed assimilabili;Prima del 1919;Dichiarazione di interesse culturale;Patrimonio indisponibile;;Non Dichiarato;in concessione a titolo oneroso;160280.0;01/01/2017;2;True
3107898;L219;1180;232;;10542.0;FABBRICATO;Corso Principe Eugenio;26;45.0792311;7.6718853;Ufficio strutturato ed assimilabili;Prima del 1919;Dichiarazione di interesse culturale;Patrimonio indisponibile;Non utilizzato;Non Dichiarato;in concessione a titolo oneroso;160281.0;01/01/2019;2;True
3107899;L219;1180;235;;13834.0;FABBRICATO;Corso Principe Eugenio;26;45.07914;7.6715759;Ufficio strutturato ed assimilabili;Prima del 1919;Nessuno;Patrimonio indisponibile;Utilizzato direttamente;Non Dichiarato;in concessione a titolo oneroso;160281.0;01/01/2019;4;True
3107900;L219;1180;244;;98.0;FABBRICATO;Via Santa Chiara;58;45.0786319;7.6716616;Cantina, soffitta, rimessa, box, garage, posto auto aperto/scoperto,;Prima del 1919;Nessuno;Patrimonio indisponibile;Utilizzato direttamente;Altro;;;;2;True
3107901;L219;1180;245;;86.0;FABBRICATO;via s. chiara;56;45.0788284;7.6719367;Parcheggio collettivo;Dal 1946 al 1960;Nessuno;Patrimonio indisponibile;Utilizzato direttamente;Altro;;;;2;True
3107902;L219;1180;247;;469.0;FABBRICATO;via s. chiara;56;45.0785509;7.6719761;Cantina, soffitta, rimessa, box, garage, posto auto aperto/scoperto,;Prima del 1919;Nessuno;Patrimonio indisponibile;Utilizzato direttamente;Altro;in locazione;3383.0;01/01/2017;7;True
3107903;L219;1180;250;;18445.14;FABBRICATO;Corso Principe Eugenio;153;45.0797925;7.6722794;Ufficio strutturato ed assimilabili;Prima del 1919;Dichiarazione di interesse culturale;Patrimonio indisponibile;;Non Dichiarato;in concessione a titolo oneroso;160280.0;01/01/2017;2;True
3107904;L219;1180;251;;18445.14;FABBRICATO;Corso Principe Eugenio;153;45.0797925;7.6722794;Ufficio strutturato ed assimilabili;Prima del 1919;Dichiarazione di interesse culturale;Patrimonio indisponibile;;Non Dichiarato;in concessione a titolo oneroso;160280.0;01/01/2017;2;True
3107905;L219;1180;403;;5612.25;FABBRICATO;Via del Carmine;23;45.0765962;7.6720666;Abitazione;Prima del 1919;Dichiarazione di interesse culturale;Demanio;Utilizzato direttamente;Alloggio di servizio, foresterie;;;;4;True
3107906;L219;1180;425;;1056.0;FABBRICATO;Via Giacinto Carena;6;45.0789241;7.6681201;Abitazione;Prima del 1919;Nessuno;Patrimonio indisponibile;Utilizzato direttamente;Altro;;;;16;True
3107907;L219;1180;448;;10228.2;FABBRICATO;Corso Principe Eugenio;26;45.0786543;7.6726279;Struttura residenziale collettiva (es.: collegi e convitti, educandati, ricoveri, orfanotrofi, ospizi, conventi, seminari);Prima del 1919;Dichiarazione di interesse culturale;Patrimonio indisponibile;Non utilizzato;Non Dichiarato;in concessione a titolo oneroso;160281.0;01/01/2019;2;True
3107908;L219;1180;59;;109.0;FABBRICATO;via macerata;4;45.0819826;7.6693394;Abitazione;Dal 1946 al 1960;Nessuno;Patrimonio indisponibile;Utilizzato direttamente;Altro;;;;2;True
3107909;L219;1181;270;;3518.25;FABBRICATO;Corso Ciriè;0;45.0846113;7.6747167;Edificio scolastico (es.: scuola di ogni ordine e grado, università, scuola di formazione);Dal 1971 al 1980;Nessuno;Patrimonio indisponibile;Utilizzato direttamente;Attività didattica;;;;3;True
3107910;L219;1181;76;;366.0;FABBRICATO;via sassari;5;45.0835106;7.67423;Abitazione;Prima del 1919;Nessuno;Patrimonio indisponibile;Utilizzato direttamente;Altro;;;;8;True
3107911;L219;1183;194;;3217.0;FABBRICATO;corso vercelli;15;45.0846234;7.6855438;Magazzino e locali di deposito;Dal 1981 al 1990;Nessuno;Patrimonio indisponibile;Utilizzato direttamente;Attività amministrativa/uffici pubblici;;;;8;True
3107912;L219;1183;202;;17356.75;FABBRICATO;Via Antonio Cecchi;2;45.085412;7.683531;Abitazione;Dal 1971 al 1980;Nessuno;Patrimonio indisponibile;Utilizzato direttamente;Alloggio di servizio, foresterie;;;;5;True
3107913;L219;1183;211;;753.0;FABBRICATO;Via Cuneo;29;45.0869544;7.6840532;Abitazione;Dal 2001 al 2010;Nessuno;Patrimonio indisponibile;Utilizzato direttamente;Altro;;;;16;True
3107914;L219;1183;220;;6314.0;FABBRICATO;Via Cuneo;29;45.0871327;7.6831132;Abitazione;Dal 2001 al 2010;Nessuno;Patrimonio indisponibile;Utilizzato direttamente;Altro;;;;149;True
3107915;L219;1183;227;;882.0;FABBRICATO;Via Antonio Cecchi;21;45.0861655;7.6816421;Magazzino e locali di deposito;Dal 1919 al 1945;Nessuno;Patrimonio indisponibile;Utilizzato direttamente;Altro;;;;2;True
3107916;L219;1183;41;;329.0;FABBRICATO;corso vercelli;19;45.0856734;7.6863277;Abitazione;Prima del 1919;Nessuno;Patrimonio indisponibile;Utilizzato direttamente;Altro;;;;2;True
3107917;L219;1183;71;;2043.0;FABBRICATO;Via Antonio Cecchi;11;45.0856123;7.6814519;Fabbricato per attività produttiva (industriale, artigianale o agricola);Dal 1919 al 1945;Nessuno;Patrimonio indisponibile;Utilizzato direttamente;Altro;;;;4;True
3107918;L219;1183;73;;160.0;FABBRICATO;Via Antonio Cecchi;11;45.0859078;7.6819044;Abitazione;Dal 1919 al 1945;Nessuno;Patrimonio indisponibile;;Non Dichiarato;in concessione a titolo oneroso;7566.0;01/11/2021;3;True
3107919;L219;1183;78;;1832.71;FABBRICATO;Via Antonio Cecchi;11;45.0855655;7.6820368;Abitazione;Dal 1919 al 1945;Nessuno;Patrimonio indisponibile;Utilizzato direttamente;Altro;;;;8;True
3107920;L219;1184;10;;559.0;FABBRICATO;Via Lodi;13;45.0844539;7.690713;Abitazione;Dal 1946 al 1960;Nessuno;Patrimonio indisponibile;Utilizzato direttamente;Altro;;;;8;True
3107921;L219;1184;144;;9363.75;FABBRICATO;Corso Brescia;1;45.0832885;7.6886563;Abitazione;Prima del 1919;Dichiarazione di interesse culturale;Demanio;Utilizzato direttamente;Alloggio di servizio, foresterie;;;;4;True
3107922;L219;1184;3;;1250.0;FABBRICATO;Via Aosta;37;45.0857137;7.6917508;Abitazione;Dal 1946 al 1960;Nessuno;Patrimonio indisponibile;Utilizzato direttamente;Altro;;;;25;True
3107923;L219;1184;5;;1951.0;FABBRICATO;Via Aosta;31;45.0852193;7.6912085;Abitazione;Dal 1946 al 1960;Nessuno;Patrimonio indisponibile;Utilizzato direttamente;Altro;;;;38;True
3107924;L219;1184;66;;1183.0;FABBRICATO;Via Carmagnola;16;45.0854207;7.6874908;Abitazione;Dal 2001 al 2010;Nessuno;Patrimonio indisponibile;Utilizzato direttamente;Altro;;;;18;True
3107925;L219;1184;8;;1604.0;FABBRICATO;Via Cardinale Gaetano Alimonda;2;45.0846546;7.6900988;Abitazione;Dal 1981 al 1990;Nessuno;Patrimonio indisponibile;Utilizzato direttamente;Alloggio di servizio, foresterie;;;;2;True
3107926;L219;1185;178;;1385.0;FABBRICATO;via pavia;17;45.0827481;7.6923895;Abitazione;Dal 1919 al 1945;Nessuno;Patrimonio disponibile;Utilizzato direttamente;Attività amministrativa/uffici pubblici;;;;4;True
3107927;L219;1185;247;;12649.43;FABBRICATO;via bologna;74;45.0822683;7.696271;Locale commerciale, negozio;Dal 1971 al 1980;Nessuno;Patrimonio indisponibile;Utilizzato direttamente;Attività commerciale e di ristorazione;;;;7;True
3107928;L219;1185;256;;11587.43;FABBRICATO;Via Bologna;47;45.0832735;7.6950233;Ufficio strutturato ed assimilabili;Prima del 1919;Dichiarazione di interesse culturale;Demanio;Utilizzato direttamente;Attività amministrativa/uffici pubblici;;;;2;True
3107929;L219;1185;97;;217.0;FABBRICATO;via novi;2;45.0848216;7.6937501;Abitazione;Dal 1971 al 1980;Nessuno;Patrimonio indisponibile;Utilizzato direttamente;Alloggio di servizio, foresterie;;;;2;True
3107930;L219;1186;151;;5233.0;FABBRICATO;VIA CLEMENTI MUZIO;SNC;45.08753959;7.69666841;Cantina, soffitta, rimessa, box, garage, posto auto aperto/scoperto,;Dal 1991 al 2000;Nessuno;Patrimonio indisponibile;Utilizzato direttamente;Altro;;;;112;True
3107931;L219;1186;155;;14623.97;FABBRICATO;Via Ruggero Leoncavallo;25;45.0865403;7.6980193;Struttura residenziale collettiva (es.: collegi e convitti, educandati, ricoveri, orfanotrofi, ospizi, conventi, seminari);Dal 1946 al 1960;Nessuno;Patrimonio indisponibile;Utilizzato direttamente;Attività amministrativa/uffici pubblici;;;;6;True
3107932;L219;1186;167;;13631.0;FABBRICATO;Via Bioglio;38;45.0872881;7.6974772;Cantina, soffitta, rimessa, box, garage, posto auto aperto/scoperto,;Prima del 1919;Nessuno;Patrimonio indisponibile;Utilizzato direttamente;Altro;;;;329;True
3107933;L219;1188;10;;1021.0;FABBRICATO;Via Borriana;11;45.0874199;7.7049243;Abitazione;Dal 1919 al 1945;Nessuno;Patrimonio indisponibile;Utilizzato direttamente;Altro;;;;15;True
3107934;L219;1188;11;;598.0;FABBRICATO;Via Bologna;139;45.0870608;7.7049867;Abitazione;Dal 1919 al 1945;Nessuno;Patrimonio indisponibile;Utilizzato direttamente;Altro;;;;9;True
3107935;L219;1188;4;;1183.0;FABBRICATO;Via Caresana;5;45.0876244;7.7054755;Abitazione;Dal 1919 al 1945;Nessuno;Patrimonio indisponibile;Utilizzato direttamente;Altro;;;;16;True
3107936;L219;1188;46;;203.0;FABBRICATO;Via Amilcare Ponchielli;68;45.0845722;7.7057968;Abitazione;Dal 1946 al 1960;Nessuno;Patrimonio indisponibile;Utilizzato direttamente;Alloggio di servizio, foresterie;;;;2;True
3107937;L219;1188;51;;8771.25;FABBRICATO;via tollegno;83;45.0886447;7.7054337;Abitazione;Dal 1971 al 1980;Nessuno;Patrimonio indisponibile;Utilizzato direttamente;Attività didattica;;;;3;True
3107938;L219;1188;59;;392.0;FABBRICATO;via petrella errico;40;45.0895169;7.7044804;Abitazione;Dal 1971 al 1980;Nessuno;Patrimonio indisponibile;Utilizzato direttamente;Alloggio di servizio, foresterie;;;;2;True
3107939;L219;1188;6;;1118.0;FABBRICATO;Via Borriana;6;45.0875386;7.705208;Abitazione;Dal 1919 al 1945;Nessuno;Patrimonio indisponibile;Utilizzato direttamente;Altro;;;;15;True
3107940;L219;1188;62;;1397.75;FABBRICATO;via bologna;153;45.088011;7.7062151;Edificio scolastico (es.: scuola di ogni ordine e grado, università, scuola di formazione);Dal 1971 al 1980;Nessuno;Patrimonio indisponibile;Utilizzato direttamente;Attività amministrativa/uffici pubblici;;;;3;True
3107941;L219;1188;7;;765.0;FABBRICATO;Via Bologna;147;45.0872472;7.7056482;Abitazione;Dal 1919 al 1945;Nessuno;Patrimonio indisponibile;Utilizzato direttamente;Altro;;;;12;True
3107942;L219;1188;8;;593.0;FABBRICATO;Via Niccolò Paganini;40;45.0872988;7.7046685;Abitazione;Dal 1919 al 1945;Nessuno;Patrimonio indisponibile;Utilizzato direttamente;Altro;;;;8;True
3107943;L219;1190;24;;621.0;FABBRICATO;Strada alla Manifattura Tabacchi;32;45.0873612;7.7183131;Abitazione;Dal 1971 al 1980;Nessuno;Patrimonio indisponibile;Utilizzato direttamente;Attività amministrativa/uffici pubblici;;;;3;True
3107944;L219;120;396;;4885.75;FABBRICATO;via nizza;395;45.017904;7.6622188;Abitazione;Dal 1919 al 1945;Nessuno;Patrimonio indisponibile;Utilizzato direttamente;Alloggio di servizio, foresterie;;;;2;True
3107945;L219;120;397;;4821.75;FABBRICATO;via nizza;395;45.017904;7.6622188;Abitazione;Dal 1919 al 1945;Nessuno;Patrimonio indisponibile;Utilizzato direttamente;Alloggio di servizio, foresterie;;;;2;True
3107946;L219;1204;98;;266.0;FABBRICATO;Strada Comunale di Mongreno;79;45.076558;7.7394235;Abitazione;Dal 1991 al 2000;Nessuno;Patrimonio disponibile;Utilizzato direttamente;Altro;;;;2;True
3107947;L219;1207;280;;3598.5;FABBRICATO;Strada Alta di Mongreno;53;45.078427;7.7380451;Edificio scolastico (es.: scuola di ogni ordine e grado, università, scuola di formazione);Dal 1919 al 1945;Dichiarazione di interesse culturale;Demanio;Utilizzato direttamente;Attività didattica;;;;3;True
3107948;L219;1207;438;;509.0;FABBRICATO;Strada Alta di Mongreno;72;45.0767279;7.7382279;Abitazione;Prima del 1919;Dichiarazione di interesse culturale;Demanio;Utilizzato direttamente;Alloggio di servizio, foresterie;;;;3;True
3107949;L219;1207;482;;4549.25;FABBRICATO;Via Alfredo Catalani;4;45.0764667;7.73004;Abitazione;Dal 1971 al 1980;Nessuno;Patrimonio indisponibile;Utilizzato direttamente;Alloggio di servizio, foresterie;;;;2;True
3107950;L219;1211;35;;4081.0;FABBRICATO;via ragazzoni ernesto;5;45.0791468;7.7175171;Abitazione;Dal 1971 al 1980;Nessuno;Patrimonio indisponibile;Utilizzato direttamente;Alloggio di servizio, foresterie;;;;2;True
3107951;L219;1212;102;;473.0;FABBRICATO;Via Carlo Michele Buscalioni;23;45.0761875;7.7016374;Abitazione;Prima del 1919;Nessuno;Patrimonio indisponibile;Utilizzato direttamente;Attività amministrativa/uffici pubblici;;;;3;True
3107952;L219;1212;127;;96.0;FABBRICATO;Via Alfonso Varano;1;45.0759155;7.7057357;Abitazione;Dal 1919 al 1945;Nessuno;Patrimonio indisponibile;Utilizzato direttamente;Attività amministrativa/uffici pubblici;;;;2;True
3107953;L219;1212;138;;217.0;FABBRICATO;CORSO NOVARA;SNC;45.0766816;7.7022872;Magazzino e locali di deposito;Prima del 1919;Nessuno;Patrimonio indisponibile;Utilizzato direttamente;Attività amministrativa/uffici pubblici;;;;2;True
3107954;L219;1212;53;;231.0;FABBRICATO;Via Carlo Michele Buscalioni;3;45.078287;7.699772;Abitazione;Prima del 1919;Nessuno;Patrimonio indisponibile;Utilizzato direttamente;Attività amministrativa/uffici pubblici;;;;2;True
3107955;L219;1212;90;;809.4;FABBRICATO;Via Carlo Michele Buscalioni;15;45.0774956;7.700681;Abitazione;Dal 1919 al 1945;Nessuno;Patrimonio indisponibile;;Non Dichiarato;in concessione a titolo oneroso;18745.0;01/01/2022;6;True
3107956;L219;1212;97;;1638.0;FABBRICATO;Via Buscalioni Carlo Michele;17;45.0769615;7.7010203;Abitazione;Dal 1919 al 1945;Nessuno;Patrimonio indisponibile;Utilizzato direttamente;Non Dichiarato;in locazione;843.0;01/01/2022;24;True
3107957;L219;1213;12;;590.0;FABBRICATO;Lungo Dora Firenze;51;45.07863;7.6908369;Abitazione;Prima del 1919;Dichiarazione di interesse culturale;Demanio;Utilizzato direttamente;Alloggio di servizio, foresterie;;;;3;True
3107958;L219;1213;9;;230.0;FABBRICATO;Via Ancona;0;45.0787518;7.6903747;Abitazione;Prima del 1919;Dichiarazione di interesse culturale;Demanio;Utilizzato direttamente;Alloggio di servizio, foresterie;;;;3;True
3107959;L219;1214;57;;301.0;FABBRICATO;corso giulio cesare;23 Bis;45.08247123;7.68654045;Abitazione;Dal 1946 al 1960;Nessuno;Patrimonio indisponibile;Utilizzato direttamente;Altro;;;;4;True
3107960;L219;1215;114;;852.25;FABBRICATO;via s. simone;5;45.0792997;7.6839347;Abitazione;Prima del 1919;Nessuno;Patrimonio indisponibile;Utilizzato direttamente;Alloggio di servizio, foresterie;;;;2;True
3107961;L219;1215;123;;914.6;FABBRICATO;via s. pietro in vincoli;28;45.082552;7.6819004;Abitazione;Prima del 1919;Dichiarazione di interesse culturale;Demanio;;Non Dichiarato;in concessione a titolo oneroso;13720.0;01/01/2022;2;True
3107962;L219;1215;136;;12340.65;FABBRICATO;Piazza Borgo Dora;61;45.0817319;7.6829121;Edificio scolastico (es.: scuola di ogni ordine e grado, università, scuola di formazione);Prima del 1919;Dichiarazione di interesse culturale;Demanio;Utilizzato direttamente;Altro;in concessione a titolo oneroso;142.0;01/03/1997;10;True
3107963;L219;1215;39;;4121.9;FABBRICATO;Via Vittorio Andreis;18;45.0811624;7.6822713;Edificio scolastico (es.: scuola di ogni ordine e grado, università, scuola di formazione);Prima del 1919;Dichiarazione di interesse culturale;Demanio;Utilizzato direttamente;Attività didattica;;;;5;True
3107964;L219;1216;141;;10139.0;FABBRICATO;Via Giovanni Antonio Bazzi;4;45.0770981;7.688346;Abitazione;Dal 1919 al 1945;Nessuno;Patrimonio indisponibile;Utilizzato direttamente;Attività amministrativa/uffici pubblici;;;;2;True
3107965;L219;1217;12;;1797.0;FABBRICATO;via lanino bernardino;3;45.0783314;7.6832519;Abitazione;Prima del 1919;Nessuno;Patrimonio indisponibile;Utilizzato direttamente;Altro;in concessione a titolo oneroso;903.0;03/05/2019;21;True
3107966;L219;1217;163;;1200.8600000000001;FABBRICATO;Piazza della Repubblica;27;45.0764764;7.6825208;Abitazione;Prima del 1919;Nessuno;Patrimonio indisponibile;Utilizzato direttamente;Attività amministrativa/uffici pubblici;;;;3;True
3107967;L219;1217;165;;498.0;FABBRICATO;Piazza della Repubblica;26;45.0759807;7.683993;Locale commerciale, negozio;Prima del 1919;Dichiarazione di interesse culturale;Patrimonio indisponibile;Utilizzato direttamente;Attività commerciale e di ristorazione;;;;6;True
3107968;L219;1217;166;;4596.0;FABBRICATO;Piazza della Repubblica;8;45.0756668;7.684525;Abitazione;Prima del 1919;Dichiarazione di interesse culturale;Patrimonio indisponibile;Utilizzato direttamente;Altro;in concessione a titolo oneroso;710.0;01/01/2022;51;True
3107969;L219;1217;17;;1312.0;FABBRICATO;Piazza della Repubblica;13;45.0780164;7.6829377;Abitazione;Prima del 1919;Nessuno;Patrimonio indisponibile;Non utilizzato;Non Dichiarato;;;;30;True
3107970;L219;1217;174;;263.0;FABBRICATO;Piazza della Repubblica;8;45.0754578;7.6845727;Magazzino e locali di deposito;Prima del 1919;Dichiarazione di interesse culturale;Patrimonio indisponibile;Utilizzato direttamente;Altro;;;;4;True
3107971;L219;1217;183;;2742.0;FABBRICATO;Via Franco Bonelli;12;45.0761307;7.6806403;Abitazione;Prima del 1919;Nessuno;Patrimonio indisponibile;Utilizzato direttamente;Altro;;;;22;True
3107972;L219;1217;204;;692.0;FABBRICATO;Via Franco Bonelli;4;45.0759132;7.6811059;Abitazione;Prima del 1919;Nessuno;Patrimonio indisponibile;Utilizzato direttamente;Altro;;;;5;True
3107973;L219;1217;207;;692.0;FABBRICATO;Via Franco Bonelli;4;45.0759132;7.6811059;Abitazione;Prima del 1919;Nessuno;Patrimonio indisponibile;Utilizzato direttamente;Altro;;;;5;True
3107974;L219;1217;208;;443.0;FABBRICATO;Piazza Emanuele Filiberto;3;45.076102;7.6814876;Abitazione;Prima del 1919;Nessuno;Patrimonio indisponibile;Utilizzato direttamente;Altro;;;;5;True
3107975;L219;1217;210;;1870.0;FABBRICATO;Piazza Emanuele Filiberto;1;45.0760111;7.6817108;Abitazione;Prima del 1919;Nessuno;Patrimonio indisponibile;Utilizzato direttamente;Altro;;;;20;True
3107976;L219;1217;211;;1165.0;FABBRICATO;Via Franco Bonelli;0;45.075871;7.6814519;Abitazione;Prima del 1919;Nessuno;Patrimonio indisponibile;Utilizzato direttamente;Altro;;;;13;True
3107977;L219;1217;212;;531.0;FABBRICATO;Via Gian Francesco Bellezia;35;45.0758239;7.6816937;Abitazione;Prima del 1919;Nessuno;Patrimonio indisponibile;Utilizzato direttamente;Altro;;;;4;True
3107978;L219;1217;41;;1185.0;FABBRICATO;Piazza Don Paolo Albera;11;45.0777899;7.6847703;Abitazione;Prima del 1919;Nessuno;Patrimonio indisponibile;Utilizzato direttamente;Altro;;;;12;True
3107979;L219;1217;42;;411.0;FABBRICATO;Piazza Albera Don Paolo;9;45.0775785;7.6846441;Abitazione;Dal 1961 al 1970;Nessuno;Patrimonio indisponibile;Utilizzato direttamente;Altro;;;;4;True
3107980;L219;1217;46;;1874.0;FABBRICATO;Via Clemente Damiano Priocca;3;45.0772002;7.6852639;Abitazione;Prima del 1919;Nessuno;Patrimonio indisponibile;Utilizzato direttamente;Altro;;;;32;True
3107981;L219;1217;6;;1881.0;FABBRICATO;via lanino bernardino;3;45.07846;7.6829134;Abitazione;Prima del 1919;Nessuno;Patrimonio indisponibile;Utilizzato direttamente;Altro;in concessione a titolo oneroso;2542.0;01/04/2021;18;True
3107982;L219;1217;9;;97.0;FABBRICATO;via lanino bernardino;3;45.0782903;7.6829779;Cantina, soffitta, rimessa, box, garage, posto auto aperto/scoperto,;Prima del 1919;Nessuno;Patrimonio indisponibile;Utilizzato direttamente;Altro;;;;3;True
3107983;L219;1218;124;;476.0;FABBRICATO;Via Bligny;19;45.0769325;7.6772792;Abitazione;Dal 1946 al 1960;Nessuno;Patrimonio indisponibile;Utilizzato direttamente;Attività amministrativa/uffici pubblici;;;;2;True
3107984;L219;1218;43;;2258.0;FABBRICATO;Via Sigismondo Gerdil;7;45.0797746;7.6778351;Abitazione;Prima del 1919;Nessuno;Patrimonio indisponibile;Utilizzato direttamente;Altro;;;;35;True
3107985;L219;1218;45;;407.0;FABBRICATO;Via San Giuseppe Benedetto Cottolengo;25;45.0797746;7.6778351;Abitazione;Prima del 1919;Nessuno;Patrimonio indisponibile;Utilizzato direttamente;Altro;;;;7;True
3107986;L219;1218;61;;3183.0;FABBRICATO;corso regina margherita;158;45.0790252;7.6781556;Abitazione;Prima del 1919;Nessuno;Patrimonio indisponibile;Utilizzato direttamente;Altro;;;;30;True
3107987;L219;1219;25;;10153.43;FABBRICATO;Via della Consolata;10;45.0757479;7.6782418;Ufficio strutturato ed assimilabili;Dal 1919 al 1945;Dichiarazione di interesse culturale;Demanio;Utilizzato direttamente;Attività amministrativa/uffici pubblici;;;;2;True
3107988;L219;1219;35;;377.0;FABBRICATO;via s. agostino;15;45.0752932;7.6798428;Abitazione;Prima del 1919;Nessuno;Patrimonio indisponibile;Utilizzato direttamente;Altro;;;;4;True
3107989;L219;1219;37;;674.0;FABBRICATO;via s. agostino;15;45.0751377;7.6801036;Abitazione;Prima del 1919;Nessuno;Patrimonio indisponibile;Utilizzato direttamente;Altro;;;;9;True
3107990;L219;1219;44;;612.0;FABBRICATO;Via San Domenico;16;45.0751722;7.6798657;Abitazione;Prima del 1919;Nessuno;Patrimonio indisponibile;Utilizzato direttamente;Altro;;;;8;True
3107991;L219;1219;57;;6143.71;FABBRICATO;Via del Carmine;12;45.0761227;7.6747337;Biblioteca, pinacoteca, museo, gallerie;Prima del 1919;Dichiarazione di interesse culturale;Patrimonio indisponibile;Utilizzato direttamente;Attività artistica e culturale;in concessione a titolo oneroso;151228.0;07/06/2017;2;True
3107992;L219;1219;70;;624.0;FABBRICATO;Via del Carmine;4;45.0756221;7.6759482;Abitazione;Prima del 1919;Dichiarazione di interesse culturale;Demanio;;Non Dichiarato;in concessione a titolo oneroso;7393.0;01/01/2022;3;True
3107993;L219;1219;89;;3123.0;FABBRICATO;Via del Carmine;13;45.0758147;7.6744918;Abitazione;Prima del 1919;Dichiarazione di interesse culturale;Patrimonio indisponibile;Utilizzato direttamente;Attività artistica e culturale;;;;2;True
3107994;L219;1220;198;;1522.0;FABBRICATO;via garibaldi giuseppe;55;45.075075;7.6736631;Abitazione;Prima del 1919;Nessuno;Patrimonio indisponibile;Utilizzato direttamente;Altro;;;;32;True
3107995;L219;1220;212;;682.0;FABBRICATO;Via Cernaia;30;45.0723838;7.6726557;Abitazione;Dal 1919 al 1945;Nessuno;Patrimonio indisponibile;Utilizzato direttamente;Altro;;;;4;True
3107996;L219;1220;50;;3072.0;FABBRICATO;Via Giovanni Ambrogio Bertrandi;10;45.0746245;7.6735442;Abitazione;Dal 1961 al 1970;Nessuno;Patrimonio indisponibile;Utilizzato direttamente;Attività artistica e culturale;;;;2;True
3107997;L219;1221;219;;2374.0;FABBRICATO;Via Duchessa Jolanda;20;45.0741357;7.6621646;Abitazione;Prima del 1919;Nessuno;Patrimonio indisponibile;Utilizzato direttamente;Altro;;;;28;True
3107998;L219;1222;338;;1936.0;FABBRICATO;Via Giacinto Collegno;65;45.0725685;7.6589902;Abitazione;Dal 1946 al 1960;Nessuno;Patrimonio indisponibile;Utilizzato direttamente;Alloggio di servizio, foresterie;;;;2;True
3107999;L219;1222;348;;5077.0;FABBRICATO;via palmieri pietro;56;45.072375;7.6595812;Abitazione;Prima del 1919;Dichiarazione di interesse culturale;Demanio;Utilizzato direttamente;Alloggio di servizio, foresterie;;;;3;True
3108000;L219;1222;473;;2250.1400000000003;FABBRICATO;Via Nino Bixio;56;45.0691238;7.6560616;Abitazione;Prima del 1919;Dichiarazione di interesse culturale;Demanio;Utilizzato direttamente;Attività amministrativa/uffici pubblici;;;;3;True
3108001;L219;1222;477;;1445.43;FABBRICATO;Via Nino Bixio;44;45.068847;7.6568281;Abitazione;Prima del 1919;Dichiarazione di interesse culturale;Demanio;Utilizzato direttamente;Alloggio di servizio, foresterie;;;;2;True
3108002;L219;1223;9;;6728.25;FABBRICATO;Via Bruino;14;45.0747652;7.6544966;Edificio scolastico (es.: scuola di ogni ordine e grado, università, scuola di formazione);Dal 1971 al 1980;Dichiarazione di interesse culturale;Demanio;Utilizzato direttamente;Altro;in concessione a titolo oneroso;20402.0;01/01/2012;2;True
3108003;L219;1224;287;;225.0;FABBRICATO;Via Revello;34;45.06810593;7.64839005;Cantina, soffitta, rimessa, box, garage, posto auto aperto/scoperto,;Dal 1946 al 1960;Nessuno;Patrimonio indisponibile;Non utilizzato;Non Dichiarato;;;;4;True
3108004;L219;1224;394;;7767.0;FABBRICATO;corso racconigi;29;45.07144708;7.6472494;Abitazione;Prima del 1919;Dichiarazione di interesse culturale;Demanio;Utilizzato direttamente;Alloggio di servizio, foresterie;;;;3;True
3108005;L219;1224;457;;650.0;FABBRICATO;corso racconigi;43;45.07019205;7.64694128;Magazzino e locali di deposito;Dal 1961 al 1970;Nessuno;Patrimonio disponibile;Utilizzato direttamente;Attività commerciale e di ristorazione;;;;3;True
3108006;L219;1224;514;;253.71;FABBRICATO;via vigone;80;45.06857107;7.64715144;Abitazione;Prima del 1919;Dichiarazione di interesse culturale;Demanio;Utilizzato direttamente;Attività amministrativa/uffici pubblici;;;;2;True
3108007;L219;1224;536;;2075.93;FABBRICATO;via moretta;18;45.06943207;7.64844938;Edificio scolastico (es.: scuola di ogni ordine e grado, università, scuola di formazione);Prima del 1919;Nessuno;Patrimonio indisponibile;Utilizzato direttamente;Attività amministrativa/uffici pubblici;;;;2;True
3108008;L219;1224;546;;4736.5;FABBRICATO;corso racconigi;51;45.06986552;7.64782467;Locale commerciale, negozio;Dal 1991 al 2000;Nessuno;Patrimonio disponibile;Utilizzato direttamente;Attività commerciale e di ristorazione;;;;32;True
3108009;L219;1225;966;;6991.0;FABBRICATO;Via Villar Focchiardo;16;45.0734471;7.6449315;Abitazione;Dal 1981 al 1990;Nessuno;Patrimonio indisponibile;Utilizzato direttamente;Alloggio di servizio, foresterie;;;;4;True
3108010;L219;1227;27;;6192.75;FABBRICATO;corso peschiera;370;45.0741161;7.6262041;Abitazione;Dal 1919 al 1945;Dichiarazione di interesse culturale;Demanio;Utilizzato direttamente;Alloggio di servizio, foresterie;;;;2;True
3108011;L219;1227;399;;1252.5;FABBRICATO;Via Giovanni Fattori;113;45.0712303;7.6268469;Abitazione;Dal 1971 al 1980;Nessuno;Patrimonio indisponibile;Utilizzato direttamente;Alloggio di servizio, foresterie;;;;2;True
3108012;L219;1227;464;;249.25;FABBRICATO;corso francia;285 A;45.0739498;7.6272094;Edificio scolastico (es.: scuola di ogni ordine e grado, università, scuola di formazione);Dal 1946 al 1960;Nessuno;Patrimonio indisponibile;Utilizzato direttamente;Altro;in concessione a titolo oneroso;2056.0;01/04/2019;2;True
3108013;L219;1227;466;;1123.6;FABBRICATO;via marsigli luigi ferdinando;12;45.0717388;7.6279282;Fabbricato per attività produttiva (industriale, artigianale o agricola);Dal 1981 al 1990;Nessuno;Patrimonio indisponibile;Utilizzato direttamente;Servizi assistenza socio-sanitaria (non residenziali);;;;5;True
3108014;L219;1228;117;;5187.25;FABBRICATO;Via Giovanni Fattori;25;45.0705123;7.628937;Abitazione;Dal 1971 al 1980;Nessuno;Patrimonio indisponibile;Utilizzato direttamente;Alloggio di servizio, foresterie;;;;2;True
3108015;L219;1228;158;;242.0;FABBRICATO;Via Vasile Alecsandri;29;45.0698584;7.6273772;Locale commerciale, negozio;Dal 1971 al 1980;Nessuno;Patrimonio indisponibile;Utilizzato direttamente;Attività commerciale e di ristorazione;;;;3;True
3108016;L219;1228;96;;3644.75;FABBRICATO;Via Onorato Castellino;10;45.0684792;7.6307726;Abitazione;Dal 1971 al 1980;Nessuno;Patrimonio indisponibile;Utilizzato direttamente;Alloggio di servizio, foresterie;;;;2;True
3108017;L219;1229;325;;5554.0;FABBRICATO;VIA POSTUMIA;28;45.06869604;7.62058615;Abitazione;Dal 1971 al 1980;Nessuno;Patrimonio indisponibile;Utilizzato direttamente;Attività didattica;;;;5;True
3108018;L219;123;395;;1566.0;FABBRICATO;via nuova;2;45.02966;7.68779;Abitazione;Prima del 1919;Nessuno;Patrimonio indisponibile;Utilizzato direttamente;Alloggio di servizio, foresterie;;;;2;True
3108019;L219;1230;1;;3322.25;FABBRICATO;via germonio anastasio;4;45.0736682;7.6105378;Abitazione;Dal 1961 al 1970;Nessuno;Patrimonio indisponibile;Utilizzato direttamente;Alloggio di servizio, foresterie;;;;2;True
3108020;L219;1230;2;;4760.0;FABBRICATO;via germonio anastasio;12;45.0729834;7.610595;Abitazione;Dal 1971 al 1980;Nessuno;Patrimonio indisponibile;Utilizzato direttamente;Alloggio di servizio, foresterie;;;;2;True
3108021;L219;1230;552;;1301.0;FABBRICATO;Via Anastasio Germonio;109;45.0710222;7.6118988;Abitazione;Dal 1971 al 1980;Nessuno;Patrimonio indisponibile;Utilizzato direttamente;Alloggio di servizio, foresterie;;;;2;True
3108022;L219;1231;202;;1929.75;FABBRICATO;corso francia;377;45.0735729;7.6096127;Abitazione;Dal 1946 al 1960;Nessuno;Patrimonio indisponibile;Utilizzato direttamente;Alloggio di servizio, foresterie;;;;2;True
3108023;L219;1233;206;;4359.43;FABBRICATO;via monte ortigara;95;45.068372;7.6262545;Abitazione;Dal 1981 al 1990;Nessuno;Patrimonio indisponibile;Utilizzato direttamente;Alloggio di servizio, foresterie;in concessione a titolo oneroso;1110.0;02/11/2021;3;True
3108024;L219;1234;4;;5069.25;FABBRICATO;via tofane;28;45.0664753;7.6339884;Abitazione;Dal 1971 al 1980;Nessuno;Patrimonio indisponibile;Utilizzato direttamente;Alloggio di servizio, foresterie;;;;2;True
3108025;L219;1235;102;;3474.5;FABBRICATO;Via Lorenzo Delleani;25;45.0671209;7.6341167;Abitazione;Dal 1971 al 1980;Nessuno;Patrimonio indisponibile;Utilizzato direttamente;Alloggio di servizio, foresterie;;;;2;True
3108026;L219;1235;38;;3879.25;FABBRICATO;via tofane;22;45.0661954;7.6348856;Abitazione;Dal 1971 al 1980;Nessuno;Patrimonio indisponibile;Utilizzato direttamente;Alloggio di servizio, foresterie;;;;2;True
3108027;L219;1236;259;;750.0;FABBRICATO;via issiglio;34;45.0646476;7.6398669;Abitazione;Dal 1961 al 1970;Nessuno;Patrimonio indisponibile;Utilizzato direttamente;Altro;;;;10;True
3108028;L219;1237;71;;6426.0;FABBRICATO;via luserna di rora' emanuele;12;45.0676232;7.6479667;Abitazione;Prima del 1919;Dichiarazione di interesse culturale;Demanio;Utilizzato direttamente;Alloggio di servizio, foresterie;;;;3;True
3108029;L219;1237;72;;511.4;FABBRICATO;Via Emanuele Luserna Di Rorà;8;45.0674105;7.6487585;Cantina, soffitta, rimessa, box, garage, posto auto aperto/scoperto,;Dal 1919 al 1945;Dichiarazione di interesse culturale;Demanio;Utilizzato direttamente;Attività commerciale e di ristorazione;;;;6;True
3108030;L219;1241;131;;2372.0;FABBRICATO;corso vittorio emanuele ii;119;45.0677162;7.6641177;Abitazione;Prima del 1919;Nessuno;Patrimonio indisponibile;Utilizzato direttamente;Altro;;;;30;True
3108031;L219;1242;91;;6191.25;FABBRICATO;via revel ottavio conte thaon di;8;45.0687671;7.6697917;Abitazione;Prima del 1919;Dichiarazione di interesse culturale;Demanio;Utilizzato direttamente;Alloggio di servizio, foresterie;;;;4;True
3108032;L219;1243;159;;4421.0;FABBRICATO;Via Stampatori;6 C;45.07242169;7.6779537;Abitazione;Prima del 1919;Dichiarazione di interesse culturale;Demanio;Utilizzato direttamente;Altro;in concessione a titolo oneroso;3225.0;01/05/2009;53;True
3108033;L219;1243;84;;1335.0;FABBRICATO;Via Giuseppe Barbaroux;31;45.0726799;7.6782398;Abitazione;Prima del 1919;Dichiarazione di interesse culturale;Demanio;Utilizzato direttamente;Altro;;;;16;True
3108034;L219;1243;85;;1220.0;FABBRICATO;via s. dalmazzo;11;45.0727152;7.6774138;Abitazione;Prima del 1919;Nessuno;Patrimonio indisponibile;Utilizzato direttamente;Altro;;;;21;True
3108035;L219;1243;90;;7401.0;FABBRICATO;VIA PERRONE ETTORE;12;45.0731809;7.6734232;Edificio scolastico (es.: scuola di ogni ordine e grado, università, scuola di formazione);Prima del 1919;Nessuno;Patrimonio indisponibile;Utilizzato direttamente;Attività didattica;;;;6;True
3108036;L219;1244;42;;12845.57;FABBRICATO;Via Antonio Meucci;10;45.0695279;7.6744748;Edificio scolastico (es.: scuola di ogni ordine e grado, università, scuola di formazione);Prima del 1919;Nessuno;Patrimonio indisponibile;Utilizzato direttamente;Attività amministrativa/uffici pubblici;;;;2;True
3108037;L219;1245;121;;5502.0;FABBRICATO;via garibaldi giuseppe;1;45.0733744;7.680619;Locale commerciale, negozio;Prima del 1919;Dichiarazione di interesse culturale;Demanio;Utilizzato direttamente;Attività amministrativa/uffici pubblici;in concessione a titolo oneroso;13152.0;01/02/2014;16;True
3108038;L219;1245;132;;4435.0;FABBRICATO;VIA CORTE D'APPELLO;SNC;45.0727848;7.6812472;Locale commerciale, negozio;Prima del 1919;Dichiarazione di interesse culturale;Demanio;Utilizzato direttamente;Attività amministrativa/uffici pubblici;in concessione a titolo oneroso;5198.0;01/01/2009;9;True
3108039;L219;1245;142;;1020.0;FABBRICATO;via porta palatina;4;45.0724502;7.6828883;Abitazione;Prima del 1919;Nessuno;Patrimonio indisponibile;Utilizzato direttamente;Altro;;;;29;True
3108040;L219;1245;143;;1113.0;FABBRICATO;via palazzo di citta';11;45.0723039;7.6831473;Cantina, soffitta, rimessa, box, garage, posto auto aperto/scoperto,;Prima del 1919;Nessuno;Patrimonio indisponibile;Utilizzato direttamente;Altro;;;;27;True
3108041;L219;1245;156;;6806.43;FABBRICATO;via garibaldi giuseppe;1;45.0729577;7.6790912;Locale commerciale, negozio;Prima del 1919;Dichiarazione di interesse culturale;Demanio;Utilizzato direttamente;Attività amministrativa/uffici pubblici;in concessione a titolo oneroso;15027.0;01/12/2012;12;True
3108042;L219;1245;211;;943.0;FABBRICATO;via stampatori;5;45.0725948;7.6785453;Abitazione;Prima del 1919;Nessuno;Demanio;Utilizzato direttamente;Altro;;;;14;True
3108043;L219;1245;212;;1408.4;FABBRICATO;Via Giuseppe Barbaroux;27;45.0724207;7.6788637;Abitazione;Prima del 1919;Nessuno;Patrimonio indisponibile;Utilizzato direttamente;Altro;;;;16;True
3108044;L219;1245;255;;2473.0;FABBRICATO;Via Monte di Pietà;23;45.0715462;7.6791253;Abitazione;Prima del 1919;Nessuno;Patrimonio indisponibile;Utilizzato direttamente;Altro;;;;33;True
3108045;L219;1245;277;;140.0;FABBRICATO;via venti settembre;57;45.0701747;7.6823665;Cantina, soffitta, rimessa, box, garage, posto auto aperto/scoperto,;Prima del 1919;Nessuno;Patrimonio indisponibile;Utilizzato direttamente;Altro;in locazione;2796.0;01/05/2022;7;True
3108046;L219;1245;278;;8590.25;FABBRICATO;Via San Tommaso;17;45.0701216;7.6818637;Abitazione;Prima del 1919;Nessuno;Patrimonio indisponibile;Utilizzato direttamente;Alloggio di servizio, foresterie;;;;4;True
3108047;L219;1245;318;;9179.14;FABBRICATO;Largo IV Marzo;19;45.0733014;7.6817315;Ufficio strutturato ed assimilabili;Prima del 1919;Dichiarazione di interesse culturale;Demanio;Utilizzato direttamente;Attività amministrativa/uffici pubblici;;;;2;True
3108048;L219;1245;446;;664.25;FABBRICATO;VIA S. DOMENICO;SNC;45.0750577;7.6810784;Cantina, soffitta, rimessa, box, garage, posto auto aperto/scoperto,;Dal 2001 al 2010;Nessuno;Patrimonio indisponibile;Utilizzato direttamente;Attività didattica;;;;13;True
3108049;L219;1245;45;;674.0;FABBRICATO;via tasso torquato;7;45.0740513;7.6829511;Abitazione;Prima del 1919;Nessuno;Patrimonio indisponibile;Utilizzato direttamente;Altro;;;;10;True
3108050;L219;1245;452;;10239.14;FABBRICATO;VIA MILANO;2;45.0731829;7.6818183;Magazzino e locali di deposito;Prima del 1919;Dichiarazione di interesse culturale;Demanio;Utilizzato direttamente;Attività amministrativa/uffici pubblici;;;;18;True
3108051;L219;1245;51;;790.0;FABBRICATO;via porta palatina;13;45.0737333;7.6833263;Abitazione;Prima del 1919;Dichiarazione di interesse culturale;Demanio;Utilizzato direttamente;Altro;;;;13;True
3108052;L219;1245;8;;882.0;FABBRICATO;Via Gian Francesco Bellezia;19;45.0749871;7.6810446;Abitazione;Prima del 1919;Dichiarazione di interesse culturale;Patrimonio indisponibile;Utilizzato direttamente;Altro;;;;8;True
3108053;L219;1245;84;;2283.0;FABBRICATO;via palazzo di citta';20;45.0728114;7.6824559;Abitazione;Prima del 1919;Dichiarazione di interesse culturale;Demanio;Utilizzato direttamente;Altro;in concessione a titolo oneroso;2525.0;01/06/2021;19;True
3108054;L219;1245;9;;564.0;FABBRICATO;via s. agostino;20;45.0751043;7.6803697;Abitazione;Prima del 1919;Nessuno;Patrimonio indisponibile;Utilizzato direttamente;Altro;;;;6;True
3108055;L219;1245;93;;1000.4;FABBRICATO;via porta palatina;6;45.0725961;7.6829981;Abitazione;Prima del 1919;Dichiarazione di interesse culturale;Patrimonio indisponibile;Utilizzato direttamente;Altro;;;;15;True
3108056;L219;1246;18;;10083.0;FABBRICATO;piazza s. giovanni;5;45.0737427;7.6842383;Locale commerciale, negozio;Dal 1946 al 1960;Nessuno;Patrimonio indisponibile;Utilizzato direttamente;Attività amministrativa/uffici pubblici;in concessione a titolo oneroso;9346.0;01/12/2012;2;True
3108057;L219;1246;68;;3111.0;FABBRICATO;PIAZZA CASTELLO;SNC;45.0709344;7.6859074;Biblioteca, pinacoteca, museo, gallerie;Prima del 1919;Dichiarazione di interesse culturale;Demanio;Utilizzato direttamente;Attività artistica e culturale;;;;2;True
3108058;L219;1247;127;;3009.25;FABBRICATO;Via Gianfrancesco Fiochetto;29;45.0758634;7.6894159;Abitazione;Dal 1961 al 1970;Nessuno;Patrimonio indisponibile;Utilizzato direttamente;Alloggio di servizio, foresterie;;;;2;True
3108059;L219;1247;195;;125.0;FABBRICATO;Via Giuseppe Genè;14;45.076207;7.6900753;Abitazione;Dal 1961 al 1970;Nessuno;Patrimonio indisponibile;Non utilizzato;Non Dichiarato;;;;2;True
3108060;L219;1248;218;;3156.0;FABBRICATO;Via Montebello;26;45.0699763;7.693655;Abitazione;Dal 1946 al 1960;Nessuno;Patrimonio indisponibile;Utilizzato direttamente;Altro;;;;38;True
3108061;L219;1248;219;;2582.0;FABBRICATO;corso s. maurizio;16;45.0698708;7.6939641;Abitazione;Dal 1946 al 1960;Nessuno;Patrimonio indisponibile;Utilizzato direttamente;Altro;;;;38;True
3108062;L219;1248;227;;3532.0;FABBRICATO;Corso San Maurizio;18;45.0696003;7.694224;Abitazione;Dal 1946 al 1960;Nessuno;Patrimonio indisponibile;Utilizzato direttamente;Altro;;;;47;True
3108063;L219;1248;228;;848.0;FABBRICATO;Via Gaudenzio Ferrari;7;45.0692742;7.6937646;Abitazione;Prima del 1919;Nessuno;Patrimonio indisponibile;Utilizzato direttamente;Altro;;;;8;True
3108064;L219;1248;56;;46.0;FABBRICATO;via montebello;40;45.0720719;7.6955015;Cantina, soffitta, rimessa, box, garage, posto auto aperto/scoperto,;Dal 1919 al 1945;Nessuno;Patrimonio indisponibile;Utilizzato direttamente;Altro;in concessione a titolo oneroso;283.0;01/11/2022;3;True
3108065;L219;1249;21;;7000.25;FABBRICATO;corso regio parco;19;45.077339;7.6945026;Abitazione;Prima del 1919;Dichiarazione di interesse culturale;Demanio;Utilizzato direttamente;Alloggio di servizio, foresterie;;;;2;True
3108066;L219;1249;22;;544.5;FABBRICATO;via modena;35;45.0777421;7.6952439;Abitazione;Dal 1961 al 1970;Nessuno;Patrimonio indisponibile;Utilizzato direttamente;Alloggio di servizio, foresterie;;;;2;True
3108067;L219;1249;346;;182.0;FABBRICATO;via parma;51;45.0763781;7.6951746;Abitazione;Dal 1991 al 2000;Nessuno;Patrimonio indisponibile;Utilizzato direttamente;Altro;;;;4;True
3108068;L219;1249;80;;3909.25;FABBRICATO;via parma;50;45.0761472;7.6948782;Abitazione;Prima del 1919;Nessuno;Patrimonio indisponibile;Utilizzato direttamente;Alloggio di servizio, foresterie;;;;2;True
3108069;L219;1250;124;;923.1400000000001;FABBRICATO;Via Manin Daniele;1;45.0716153;7.7031609;Ufficio strutturato ed assimilabili;Dal 1919 al 1945;Nessuno;Patrimonio indisponibile;Non utilizzato;Non Dichiarato;;;;2;True
3108070;L219;1250;206;;215.0;FABBRICATO;Corso Carlo Luigi Farini;20;45.0718908;7.7029915;Cantina, soffitta, rimessa, box, garage, posto auto aperto/scoperto,;Dal 1919 al 1945;Nessuno;Patrimonio indisponibile;Non utilizzato;Non Dichiarato;;;;4;True
3108071;L219;1251;100;;9957.25;FABBRICATO;Via Ricasoli Bettino;30;45.0722427;7.7058911;Abitazione;Prima del 1919;Dichiarazione di interesse culturale;Demanio;Utilizzato direttamente;Alloggio di servizio, foresterie;;;;4;True
3108072;L219;1251;294;;963.5;FABBRICATO;Piazza Antonio Fontanesi;6;45.0736074;7.7103231;Abitazione;Dal 1961 al 1970;Nessuno;Patrimonio indisponibile;Utilizzato direttamente;Alloggio di servizio, foresterie;;;;2;True
3108073;L219;1251;389;;182.0;FABBRICATO;Corso Belgio;38;45.07213;7.7100065;Locale commerciale, negozio;Prima del 1919;Nessuno;Patrimonio indisponibile;Utilizzato direttamente;Altro;;;;3;True
3108074;L219;1251;541;;1926.1999999999998;FABBRICATO;via mongrando;32;45.0732895;7.7082411;Abitazione;Prima del 1919;Nessuno;Patrimonio indisponibile;Utilizzato direttamente;Altro;;;;21;True
3108075;L219;1252;121;;254.0;FABBRICATO;Lungo Dora Pietro Colletta;39;45.0765043;7.7091425;Abitazione;Dal 1946 al 1960;Nessuno;Patrimonio indisponibile;Utilizzato direttamente;Alloggio di servizio, foresterie;;;;2;True
3108076;L219;1253;29;;963.0;FABBRICATO;Corso Belgio;105;45.0740686;7.7177593;Abitazione;Dal 1946 al 1960;Nessuno;Patrimonio indisponibile;Utilizzato direttamente;Altro;;;;14;True
3108077;L219;1254;14;;4042.25;FABBRICATO;corso cadore;20 8;45.075537;7.7217491;Abitazione;Dal 1971 al 1980;Nessuno;Patrimonio indisponibile;Utilizzato direttamente;Alloggio di servizio, foresterie;;;;2;True
3108078;L219;1254;275;;4584.0;FABBRICATO;via vezzolano;20;45.0720022;7.7214168;Abitazione;Dal 1961 al 1970;Nessuno;Patrimonio indisponibile;Utilizzato direttamente;Alloggio di servizio, foresterie;;;;2;True
3108079;L219;1254;486;;2929.25;FABBRICATO;Via Grazia Deledda;11;45.0752028;7.7206355;Edificio scolastico (es.: scuola di ogni ordine e grado, università, scuola di formazione);Dal 1971 al 1980;Nessuno;Patrimonio indisponibile;Utilizzato direttamente;Attività didattica;;;;3;True
3108080;L219;1255;27;;4943.0;FABBRICATO;Via Asigliano Vercellese;10;45.0762977;7.7245967;Abitazione;Dal 1961 al 1970;Nessuno;Patrimonio indisponibile;Utilizzato direttamente;Alloggio di servizio, foresterie;;;;2;True
3108081;L219;1257;134;;1249.0;FABBRICATO;via garelli federico;3;45.071515;7.7269415;Abitazione;Prima del 1919;Nessuno;Patrimonio indisponibile;Utilizzato direttamente;Altro;;;;16;True
3108082;L219;1275;13;;1590.0;FABBRICATO;Corso Casale;85;45.0678682;7.7108886;Abitazione;Prima del 1919;Nessuno;Patrimonio indisponibile;Utilizzato direttamente;Altro;;;;13;True
3108083;L219;1275;308;;1032.25;FABBRICATO;via montemagno;59;45.0674335;7.7169992;Edificio scolastico (es.: scuola di ogni ordine e grado, università, scuola di formazione);Prima del 1919;Nessuno;Patrimonio indisponibile;Utilizzato direttamente;Attività didattica;;;;2;True
3108084;L219;1275;422;;6168.5;FABBRICATO;via gassino;13;45.066545;7.7171542;Abitazione;Prima del 1919;Dichiarazione di interesse culturale;Demanio;Utilizzato direttamente;Alloggio di servizio, foresterie;;;;3;True
3108085;L219;1275;539;;6013.5;FABBRICATO;Via Bardassano;5;45.067156;7.7120078;Edificio scolastico (es.: scuola di ogni ordine e grado, università, scuola di formazione);Dal 1971 al 1980;Nessuno;Patrimonio indisponibile;Utilizzato direttamente;Attività didattica;;;;3;True
3108086;L219;1276;309;;1253.25;FABBRICATO;via varallo;33;45.0713321;7.7128461;Abitazione;Dal 1971 al 1980;Nessuno;Patrimonio indisponibile;Utilizzato direttamente;Alloggio di servizio, foresterie;;;;2;True
3108087;L219;1276;315;;4620.5;FABBRICATO;via ricasoli bettino;15;45.0703463;7.7059641;Abitazione;Dal 1971 al 1980;Nessuno;Patrimonio indisponibile;Utilizzato direttamente;Alloggio di servizio, foresterie;;;;2;True
3108088;L219;1277;71;;1708.0;FABBRICATO;via vanchiglia;38;45.069895;7.7014456;Abitazione;Prima del 1919;Nessuno;Patrimonio indisponibile;Utilizzato direttamente;Altro;;;;21;True
3108089;L219;1278;17;;5890.75;FABBRICATO;Via Michele Buniva;17;45.070521;7.6986599;Abitazione;Dal 1919 al 1945;Dichiarazione di interesse culturale;Demanio;Utilizzato direttamente;Alloggio di servizio, foresterie;;;;4;True
3108090;L219;1278;309;;336.0;FABBRICATO;Murazzi del Po Gipo Farassino;10;45.065446;7.6987344;Magazzino e locali di deposito;Prima del 1919;Dichiarazione di interesse culturale;Demanio;Utilizzato direttamente;Attività commerciale e di ristorazione;;;;3;True
3108091;L219;1279;163;;1734.2;FABBRICATO;Via Giulia di Barolo;6;45.0664562;7.6958334;Abitazione;Dal 1971 al 1980;Nessuno;Patrimonio disponibile;Utilizzato direttamente;Servizi ordine pubblico, sicurezza nazionale e militare;;;;3;True
3108092;L219;1279;170;;6114.79;FABBRICATO;via vanchiglia;3;45.0666005;7.6963094;Abitazione;Prima del 1919;Dichiarazione di interesse culturale;Demanio;Utilizzato direttamente;Altro;in concessione a titolo oneroso;1779.0;01/04/2017;16;True
3108093;L219;1279;207;;229.0;FABBRICATO;Murazzi del Po Gipo Farassino;22;45.0652143;7.6982979;Magazzino e locali di deposito;Prima del 1919;Dichiarazione di interesse culturale;Demanio;Utilizzato direttamente;Attività commerciale e di ristorazione;;;;3;True
3108094;L219;1280;19;;9627.5;FABBRICATO;Via Sant'Ottavio;7;45.0677133;7.6931356;Abitazione;Dal 1919 al 1945;Dichiarazione di interesse culturale;Demanio;Utilizzato direttamente;Alloggio di servizio, foresterie;;;;5;True
3108095;L219;1280;24;;159.0;FABBRICATO;via po;2;45.0697803;7.6872855;Abitazione;Prima del 1919;Nessuno;Patrimonio indisponibile;Utilizzato direttamente;Altro;;;;2;True
3108096;L219;1280;85;;710.0;FABBRICATO;via po;18;45.0681388;7.6897004;Locale commerciale, negozio;Prima del 1919;Dichiarazione di interesse culturale;Patrimonio disponibile;Utilizzato direttamente;Attività commerciale e di ristorazione;;;;6;True
3108097;L219;1281;140;;1191.0;FABBRICATO;PIAZZALE FUSI VALDO;SNC;45.0646244;7.686777;Locale commerciale, negozio;Dal 2001 al 2010;Nessuno;Patrimonio indisponibile;Utilizzato direttamente;Attività commerciale e di ristorazione;in concessione a titolo oneroso;8970.0;01/06/2007;5;True
3108098;L219;1281;145;;5849.0;FABBRICATO;Via San Massimo;31;45.0640769;7.6893523;Abitazione;Prima del 1919;Nessuno;Patrimonio indisponibile;Utilizzato direttamente;Altro;in concessione a titolo oneroso;2606.0;01/06/2022;91;True
3108099;L219;1281;149;;7118.0;FABBRICATO;Via Cavour;12;45.0639128;7.6901187;Abitazione;Prima del 1919;Dichiarazione di interesse culturale;Demanio;Utilizzato direttamente;Alloggio di servizio, foresterie;;;;20;True
3108100;L219;1281;D;;288.0;FABBRICATO;Via Cavour;12;45.0638876;7.6901187;Ufficio strutturato ed assimilabili;Prima del 1919;Dichiarazione di interesse culturale;Demanio;Utilizzato direttamente;Attività amministrativa/uffici pubblici;;;;2;True
3108101;L219;1282;171;;5401.0;FABBRICATO;via roma;247;45.0666084;7.681704;Cantina, soffitta, rimessa, box, garage, posto auto aperto/scoperto,;Dal 1919 al 1945;Nessuno;Patrimonio indisponibile;Utilizzato direttamente;Attività commerciale e di ristorazione;in concessione a titolo oneroso;22921.0;01/03/1993;345;True
3108102;L219;1282;55;;61.0;FABBRICATO;via roma;247;45.0666246;7.6824582;Cantina, soffitta, rimessa, box, garage, posto auto aperto/scoperto,;Dal 1919 al 1945;Nessuno;Patrimonio indisponibile;Utilizzato direttamente;Attività commerciale e di ristorazione;;;;6;True
3108103;L219;1282;7;;214.0;FABBRICATO;via roma;101;45.0687297;7.6835742;Magazzino e locali di deposito;Dal 1919 al 1945;Nessuno;Patrimonio indisponibile;Non utilizzato;Non Dichiarato;;;;3;True
3108104;L219;1283;17;;4448.25;FABBRICATO;Corso Giacomo Matteotti;6;45.0658338;7.6771151;Abitazione;Prima del 1919;Nessuno;Patrimonio indisponibile;Utilizzato direttamente;Alloggio di servizio, foresterie;;;;2;True
3108105;L219;1283;178;;465.0;FABBRICATO;via massena andrea;11;45.06252;7.6740903;Locale commerciale, negozio;Dal 1919 al 1945;Nessuno;Patrimonio disponibile;Utilizzato direttamente;Attività commerciale e di ristorazione;in locazione;5596.0;01/07/2011;8;True
3108106;L219;1283;26;;2837.5;FABBRICATO;corso matteotti giacomo;9;45.0654997;7.676708;Abitazione;Prima del 1919;Dichiarazione di interesse culturale;Demanio;Utilizzato direttamente;Alloggio di servizio, foresterie;;;;2;True
3108107;L219;1284;137;;3097.0;FABBRICATO;via magenta;31;45.0648789;7.6695571;Abitazione;Dal 1946 al 1960;Dichiarazione di interesse culturale;Demanio;Utilizzato direttamente;Alloggio di servizio, foresterie;;;;2;True
3108108;L219;1288;310;;11449.5;FABBRICATO;Via Paolo Braccini;70;45.0610521;7.6477574;Abitazione;Prima del 1919;Dichiarazione di interesse culturale;Demanio;Utilizzato direttamente;Alloggio di servizio, foresterie;;;;3;True
3108109;L219;1288;455;;7700.71;FABBRICATO;Corso Francesco Ferrucci;122;45.0599797;7.6556188;Abitazione;Dal 1981 al 1990;Nessuno;Patrimonio indisponibile;Utilizzato direttamente;Attività amministrativa/uffici pubblici;;;;2;True
3108110;L219;1288;548;;188.0;FABBRICATO;Via Osasco;19;45.0613907;7.6531295;Impianto sportivo;Dal 1991 al 2000;Nessuno;Patrimonio indisponibile;Utilizzato direttamente;Attività sportiva, ricreativa e di intrattenimento;;;;2;True
3108111;L219;1289;56;;12130.000000000002;FABBRICATO;Via Cumiana;15;45.0658762;7.6443978;Ufficio strutturato ed assimilabili;Dal 1919 al 1945;Dichiarazione di interesse culturale;Demanio;Utilizzato direttamente;Attività amministrativa/uffici pubblici;in concessione a titolo oneroso;63331.0;01/01/2022;7;True
3108112;L219;1289;841;;19.0;FABBRICATO;Piazza Carlo di Robilant;5;45.0608648;7.6463214;Cantina, soffitta, rimessa, box, garage, posto auto aperto/scoperto,;Prima del 1919;Nessuno;Patrimonio indisponibile;Utilizzato direttamente;Attività didattica;;;;2;True
3108113;L219;1290;63;;108.0;FABBRICATO;via isonzo;100 A;45.0599258;7.639071;Abitazione;Dal 2001 al 2010;Nessuno;Patrimonio indisponibile;Utilizzato direttamente;Altro;;;;2;True
3108114;L219;1291;47;;194.0;FABBRICATO;Viale Luigi Hugues;10;45.0608616;7.6332554;Abitazione;Dal 1946 al 1960;Nessuno;Patrimonio indisponibile;Utilizzato direttamente;Alloggio di servizio, foresterie;;;;2;True
3108115;L219;1292;19;;4094.5;FABBRICATO;Corso Luigi Maria d'Albertis;22;45.0612113;7.6302753;Edificio scolastico (es.: scuola di ogni ordine e grado, università, scuola di formazione);Dal 1961 al 1970;Nessuno;Patrimonio indisponibile;Utilizzato direttamente;Attività didattica;;;;5;True
3108116;L219;1293;432;;4652.0;FABBRICATO;via lancia vincenzo;140;45.0634164;7.6285427;Abitazione;Dal 1981 al 1990;Nessuno;Patrimonio indisponibile;Utilizzato direttamente;Alloggio di servizio, foresterie;;;;2;True
3108117;L219;1294;113;;80.0;FABBRICATO;via ozieri;11;45.0638379;7.6194546;Abitazione;Dal 1991 al 2000;Nessuno;Patrimonio indisponibile;Utilizzato direttamente;Alloggio di servizio, foresterie;;;;2;True
3108118;L219;1294;145;;4220.0;FABBRICATO;Via Brissogne;32;45.0633183;7.6181797;Edificio scolastico (es.: scuola di ogni ordine e grado, università, scuola di formazione);Dal 1981 al 1990;Nessuno;Patrimonio indisponibile;Utilizzato direttamente;Attività didattica;;;;2;True
3108119;L219;1294;163;;1366.5;FABBRICATO;Via Brissogne;39;45.0628534;7.6184949;Abitazione;Dal 1971 al 1980;Nessuno;Patrimonio indisponibile;Utilizzato direttamente;Alloggio di servizio, foresterie;;;;2;True
3108120;L219;1296;205;;5794.25;FABBRICATO;via tolmino;40;45.0571839;7.6439982;Abitazione;Dal 1971 al 1980;Nessuno;Patrimonio indisponibile;Utilizzato direttamente;Alloggio di servizio, foresterie;;;;2;True
3108121;L219;1296;333;;1381.0;FABBRICATO;Via Tolmino;30;45.057764;7.6444953;Abitazione;Dal 1971 al 1980;Nessuno;Patrimonio indisponibile;Utilizzato direttamente;Alloggio di servizio, foresterie;;;;2;True
3108122;L219;1297;470;;4982.0;FABBRICATO;Via Lussimpiccolo;30;45.0562325;7.6455471;Abitazione;Dal 1971 al 1980;Nessuno;Patrimonio indisponibile;Utilizzato direttamente;Alloggio di servizio, foresterie;;;;2;True
3108123;L219;1297;471;;3557.75;FABBRICATO;via millio francesco;42;45.0593567;7.648756;Abitazione;Dal 1961 al 1970;Nessuno;Patrimonio indisponibile;Non utilizzato;Non Dichiarato;;;;2;True
3108124;L219;1297;59;;5410.5;FABBRICATO;Via Paolo Braccini;63;45.0599118;7.6488737;Edificio scolastico (es.: scuola di ogni ordine e grado, università, scuola di formazione);Dal 1971 al 1980;Nessuno;Patrimonio indisponibile;Utilizzato direttamente;Attività didattica;;;;3;True
3108125;L219;1298;281;;7118.0;FABBRICATO;VIA MILLIO FRANCESCO;SNC;45.0574727;7.6539157;Cantina, soffitta, rimessa, box, garage, posto auto aperto/scoperto,;Dal 1981 al 1990;Nessuno;Patrimonio indisponibile;Utilizzato direttamente;Altro;;;;166;True
3108126;L219;1298;72;;567.0;FABBRICATO;via rio de janeiro;17;45.05859052;7.65111804;Abitazione;Dal 1946 al 1960;Nessuno;Patrimonio indisponibile;Utilizzato direttamente;Attività amministrativa/uffici pubblici;;;;3;True
3108127;L219;1298;76;;1942.3400000000001;FABBRICATO;via millio francesco;20;45.0581401;7.6523283;Struttura residenziale collettiva (es.: collegi e convitti, educandati, ricoveri, orfanotrofi, ospizi, conventi, seminari);Prima del 1919;Nessuno;Patrimonio indisponibile;Utilizzato direttamente;Attività artistica e culturale;;;;2;True
3108128;L219;1300;137;;799.29;FABBRICATO;Via Dego;13;45.0594272;7.6583945;Abitazione;Prima del 1919;Dichiarazione di interesse culturale;Demanio;Utilizzato direttamente;Attività amministrativa/uffici pubblici;;;;2;True
3108129;L219;1300;170;;2293.0;FABBRICATO;Corso Duca degli Abruzzi;52;45.0586544;7.6595314;Abitazione;Prima del 1919;Dichiarazione di interesse culturale;Demanio;Utilizzato direttamente;Alloggio di servizio, foresterie;;;;4;True
3108130;L219;1301;135;;218.0;FABBRICATO;via valeggio;23;45.0589645;7.6687327;Cantina, soffitta, rimessa, box, garage, posto auto aperto/scoperto,;Dal 1919 al 1945;Nessuno;Patrimonio disponibile;Utilizzato direttamente;Altro;in locazione;3642.0;01/02/2022;5;True
3108131;L219;1301;349;;9445.25;FABBRICATO;Via Cristoforo Colombo;36;45.05831817;7.66058969;Abitazione;Prima del 1919;Dichiarazione di interesse culturale;Demanio;Utilizzato direttamente;Alloggio di servizio, foresterie;;;;2;True
3108132;L219;1302;15;;758.0;FABBRICATO;via massena andrea;28;45.0613276;7.6727091;Abitazione;Prima del 1919;Nessuno;Patrimonio indisponibile;Utilizzato direttamente;Altro;;;;11;True
3108133;L219;1302;305;;429.0;FABBRICATO;via s. secondo;43;45.0569757;7.6723545;Abitazione;Prima del 1919;Nessuno;Patrimonio indisponibile;Utilizzato direttamente;Attività giudiziaria;;;;2;True
3108134;L219;1302;417;;3829.25;FABBRICATO;via massena andrea;39;45.059343;7.6720979;Abitazione;Prima del 1919;Dichiarazione di interesse culturale;Demanio;Utilizzato direttamente;Alloggio di servizio, foresterie;;;;2;True
3108135;L219;1302;94;;1298.0;FABBRICATO;via gioberti vincenzo;33;45.0598129;7.6733561;Abitazione;Dal 1971 al 1980;Nessuno;Patrimonio indisponibile;Utilizzato direttamente;Alloggio di servizio, foresterie;;;;2;True
3108136;L219;1304;121;;2220.14;FABBRICATO;via saluzzo;24;45.0592608;7.6788749;Abitazione;Prima del 1919;Nessuno;Patrimonio indisponibile;Utilizzato direttamente;Attività amministrativa/uffici pubblici;;;;2;True
3108137;L219;1304;71;;2982.0;FABBRICATO;via nizza;17;45.0601276;7.6788011;Abitazione;Prima del 1919;Nessuno;Patrimonio indisponibile;Utilizzato direttamente;Altro;;;;51;True
3108138;L219;1305;333;;2727.26;FABBRICATO;Via Cesare Lombroso;16;45.056018;7.6825795;Biblioteca, pinacoteca, museo, gallerie;Prima del 1919;Nessuno;Patrimonio indisponibile;Utilizzato direttamente;Altro;;;;2;True
3108139;L219;1305;92;;78.0;FABBRICATO;VIA MADAMA CRISTINA;SNC;45.0586766;7.6837353;Locale commerciale, negozio;Dal 2001 al 2010;Nessuno;Demanio;Utilizzato direttamente;Attività commerciale e di ristorazione;;;;2;True
3108140;L219;1306;192;;3153.83;FABBRICATO;via mazzini giuseppe;44;45.0609741;7.6882336;Abitazione;Prima del 1919;Nessuno;Patrimonio indisponibile;Utilizzato direttamente;Altro;in concessione a titolo oneroso;1406.0;14/02/2020;40;True
3108141;L219;1306;299;;879.0;FABBRICATO;Via dei Mille;28;45.0618301;7.6877992;Abitazione;Prima del 1919;Dichiarazione di interesse culturale;Demanio;Utilizzato direttamente;Attività di culto o assimilabili;;;;3;True
3108142;L219;1307;269;;823.0;FABBRICATO;Murazzi del Po Gipo Farassino;22;45.0607896;7.693161;Magazzino e locali di deposito;Prima del 1919;Dichiarazione di interesse culturale;Demanio;Utilizzato direttamente;Attività commerciale e di ristorazione;in concessione a titolo oneroso;10435.0;01/12/2022;10;True
3108143;L219;1307;275;;1049.0;FABBRICATO;Murazzi del Po Gipo Farassino;22;45.0619849;7.6942521;Magazzino e locali di deposito;Prima del 1919;Dichiarazione di interesse culturale;Demanio;Utilizzato direttamente;Attività commerciale e di ristorazione;in concessione a titolo oneroso;13661.0;01/07/2018;11;True
3108144;L219;1307;46;;1497.0;FABBRICATO;Via della Rocca;7;45.0637825;7.6938129;Abitazione;Prima del 1919;Dichiarazione di interesse culturale;Demanio;Utilizzato direttamente;Alloggio di servizio, foresterie;;;;15;True
3108145;L219;1308;2;;136.0;FABBRICATO;corso moncalieri;18;45.0598444;7.6950952;Cantina, soffitta, rimessa, box, garage, posto auto aperto/scoperto,;Prima del 1919;Nessuno;Patrimonio indisponibile;Utilizzato direttamente;Attività amministrativa/uffici pubblici;;;;2;True
3108146;L219;1308;3;;2905.0;FABBRICATO;corso moncalieri;18;45.0595659;7.6943566;Abitazione;Prima del 1919;Nessuno;Patrimonio indisponibile;Utilizzato direttamente;Altro;;;;2;True
3108147;L219;1309;396;;4596.2;FABBRICATO;via giardino gaetano;48;45.059755;7.6968102;Biblioteca, pinacoteca, museo, gallerie;Prima del 1919;Dichiarazione di interesse culturale;Demanio;Utilizzato direttamente;Alloggio di servizio, foresterie;in concessione a titolo oneroso;14196.0;21/12/2017;5;True
3108148;L219;1309;65;;708.0;FABBRICATO;piazza gran madre di dio;4;45.0620205;7.698772;Abitazione;Prima del 1919;Dichiarazione di interesse culturale;Demanio;Utilizzato direttamente;Altro;in concessione a titolo oneroso;53.0;01/04/2016;3;True
3108149;L219;1310;14;;291.0;FABBRICATO;Corso Casale;38;45.0646202;7.7027894;Abitazione;Dal 1946 al 1960;Nessuno;Patrimonio disponibile;Utilizzato direttamente;Non Dichiarato;in locazione;668.0;01/12/2020;5;True
3108150;L219;1310;293;;766.6;FABBRICATO;Via Lodovica;2;45.063045;7.7017044;Abitazione;Prima del 1919;Dichiarazione di interesse culturale;Demanio;Utilizzato direttamente;Alloggio di servizio, foresterie;;;;2;True
3108151;L219;1310;294;;4218.25;FABBRICATO;Via Umberto Cosmo;12;45.0627629;7.7015867;Abitazione;Prima del 1919;Dichiarazione di interesse culturale;Demanio;Utilizzato direttamente;Alloggio di servizio, foresterie;;;;3;True
3108152;L219;1311;13;;767.0;FABBRICATO;Corso Casale;5;45.066056;7.7040152;Abitazione;Dal 1946 al 1960;Nessuno;Patrimonio indisponibile;Utilizzato direttamente;Attività artistica e culturale;;;;2;True
3108153;L219;1313;95;;415.0;FABBRICATO;Strada Comunale Santa Margherita;139;45.05662067;7.71190581;Abitazione;Prima del 1919;Dichiarazione di interesse culturale;Demanio;Utilizzato direttamente;Attività amministrativa/uffici pubblici;;;;5;True
3108154;L219;1319;82;;817.5;FABBRICATO;Corso Chieri;136;45.0601345;7.740662;Abitazione;Prima del 1919;Dichiarazione di interesse culturale;Demanio;Utilizzato direttamente;Alloggio di servizio, foresterie;;;;4;True
3108155;L219;1329;176;;1732.75;FABBRICATO;STRADA COM. DI PECETTO;12;45.0516981;7.7191776;Abitazione;Prima del 1919;Dichiarazione di interesse culturale;Patrimonio indisponibile;Utilizzato direttamente;Alloggio di servizio, foresterie;;;;2;True
3108156;L219;1330;239;;411.0;FABBRICATO;strada del nobile;36;45.0527135;7.711586;Magazzino e locali di deposito;Dal 1919 al 1945;Nessuno;Patrimonio indisponibile;Utilizzato direttamente;Attività amministrativa/uffici pubblici;;;;2;True
3108157;L219;1331;30;;1903.25;FABBRICATO;Strada Comunale Santa Margherita;77;45.0561044;7.7093509;Cantina, soffitta, rimessa, box, garage, posto auto aperto/scoperto,;Prima del 1919;Dichiarazione di interesse culturale;Demanio;Utilizzato direttamente;Attività didattica;;;;6;True
3108158;L219;1334;104;;555.0;FABBRICATO;corso moncalieri;61;45.0535467;7.6908862;Abitazione;Prima del 1919;Nessuno;Patrimonio indisponibile;Utilizzato direttamente;Altro;in concessione a titolo oneroso;411.0;01/08/2021;6;True
3108159;L219;1334;109;;237.0;FABBRICATO;corso moncalieri;64;45.0537649;7.689781;Abitazione;Dal 1919 al 1945;Nessuno;Patrimonio indisponibile;Utilizzato direttamente;Alloggio di servizio, foresterie;;;;2;True
3108160;L219;1334;16;;1329.0;FABBRICATO;via manara luciano;10;45.0561299;7.6938316;Abitazione;Prima del 1919;Dichiarazione di interesse culturale;Demanio;Utilizzato direttamente;Alloggio di servizio, foresterie;;;;2;True
3108161;L219;1334;21;;89.0;FABBRICATO;Via Mentana;14;45.0558633;7.6928851;Cantina, soffitta, rimessa, box, garage, posto auto aperto/scoperto,;Dal 1971 al 1980;Nessuno;Patrimonio indisponibile;Utilizzato direttamente;Attività didattica;;;;3;True
3108162;L219;1336;19;;272.0;FABBRICATO;VIALE VIRGILIO;53;45.0542869;7.687518;Locale commerciale, negozio;Dal 1919 al 1945;Nessuno;Patrimonio indisponibile;Utilizzato direttamente;Attività commerciale e di ristorazione;;;;2;True
3108163;L219;1336;36;;2503.0;FABBRICATO;Viale Carlo Ceppi;5;45.0525921;7.6848724;Impianto sportivo;Prima del 1919;Nessuno;Patrimonio indisponibile;Utilizzato direttamente;Attività sportiva, ricreativa e di intrattenimento;;;;4;True
3108164;L219;1337;158;;2172.58;FABBRICATO;Via Ormea;45;45.05378624;7.68205435;Ufficio strutturato ed assimilabili;Prima del 1919;Nessuno;Patrimonio indisponibile;Utilizzato direttamente;Attività amministrativa/uffici pubblici;;;;3;True
3108165;L219;1337;18;;15206.75;FABBRICATO;corso marconi guglielmo;28;45.05516022;7.68174818;Abitazione;Prima del 1919;Dichiarazione di interesse culturale;Demanio;Utilizzato direttamente;Alloggio di servizio, foresterie;;;;10;True
3108166;L219;1337;329;;11091.0;FABBRICATO;Via Belfiore;46;45.05321819;7.67728328;Abitazione;Prima del 1919;Nessuno;Patrimonio indisponibile;Utilizzato direttamente;Alloggio di servizio, foresterie;;;;2;True
3108167;L219;1337;380;;1361.77;FABBRICATO;Via Ormea;47;45.05362793;7.68213638;Parcheggio collettivo;Prima del 1919;Nessuno;Patrimonio indisponibile;Utilizzato direttamente;Attività amministrativa/uffici pubblici;in locazione;19754.0;01/01/2022;3;True
3108168;L219;134;782;;212.0;FABBRICATO;Via Aquileia;13;45.0415879;7.682662;Abitazione;Dal 1919 al 1945;Dichiarazione di interesse culturale;Demanio;Utilizzato direttamente;Alloggio di servizio, foresterie;;;;2;True
3108169;L219;1342;167;;1093.25;FABBRICATO;via reni guido;53;45.0515873;7.6310427;Abitazione;Dal 1971 al 1980;Nessuno;Patrimonio indisponibile;Utilizzato direttamente;Alloggio di servizio, foresterie;;;;3;True
3108170;L219;1343;302;;7627.04;FABBRICATO;corso sebastopoli;258;45.0488517;7.6368971;Abitazione;Dal 1971 al 1980;Nessuno;Patrimonio indisponibile;Utilizzato direttamente;Alloggio di servizio, foresterie;;;;3;True
3108171;L219;1343;367;;4488.5;FABBRICATO;Via Barletta;109;45.0494112;7.6366937;Abitazione;Dal 1981 al 1990;Nessuno;Patrimonio indisponibile;Utilizzato direttamente;Alloggio di servizio, foresterie;;;;2;True
3108172;L219;1344;106;;7017.25;FABBRICATO;Via Ada Negri;21;45.0521082;7.6396716;Abitazione;Dal 1971 al 1980;Nessuno;Patrimonio indisponibile;Utilizzato direttamente;Alloggio di servizio, foresterie;;;;4;True
3108173;L219;1345;333;;1726.0;FABBRICATO;via gessi romolo;4;45.0506139;7.6533392;Abitazione;Dal 1946 al 1960;Nessuno;Patrimonio indisponibile;Utilizzato direttamente;Altro;;;;31;True
3108174;L219;1346;104;;600.0;FABBRICATO;corso monte lungo;51;45.0484196;7.6558198;Abitazione;Dal 1971 al 1980;Nessuno;Patrimonio disponibile;Utilizzato direttamente;Servizi ordine pubblico, sicurezza nazionale e militare;in locazione;26778.0;01/01/2019;6;True
3108175;L219;1347;1;;10707.25;FABBRICATO;via piazzi giuseppe;55;45.0518941;7.6589197;Abitazione;Dal 1946 al 1960;Nessuno;Patrimonio indisponibile;Utilizzato direttamente;Alloggio di servizio, foresterie;;;;2;True
3108176;L219;1349;159;;492.0;FABBRICATO;Via Orazio Antinori;3;45.05341868;7.66670546;Abitazione;Dal 1919 al 1945;Nessuno;Patrimonio indisponibile;Utilizzato direttamente;Non Dichiarato;in locazione;998.0;01/06/2021;7;True
3108177;L219;1351;295;;84.0;FABBRICATO;via michelangelo buonarroti;30;45.0500451;7.6794094;Abitazione;Dal 1946 al 1960;Nessuno;Patrimonio disponibile;Utilizzato direttamente;Attività amministrativa/uffici pubblici;in locazione;3926.0;01/03/2010;2;True
3108178;L219;1352;2;;8948.07;FABBRICATO;Corso Massimo d'Azeglio;17;45.0486474;7.6821064;Edificio scolastico (es.: scuola di ogni ordine e grado, università, scuola di formazione);Prima del 1919;Nessuno;Patrimonio indisponibile;Utilizzato direttamente;Attività amministrativa/uffici pubblici;;;;6;True
3108179;L219;1352;377;;299.0;FABBRICATO;Via Pietro Giuria;56;45.0460512;7.6768958;Cantina, soffitta, rimessa, box, garage, posto auto aperto/scoperto,;Dal 1946 al 1960;Nessuno;Patrimonio indisponibile;Utilizzato direttamente;Attività sportiva, ricreativa e di intrattenimento;;;;3;True
3108180;L219;1353;11;;417.0;FABBRICATO;Viale Virgilio;107;45.0488163;7.6852257;Abitazione;Prima del 1919;Dichiarazione di interesse culturale;Demanio;Utilizzato direttamente;Attività commerciale e di ristorazione;;;;6;True
3108181;L219;1353;3;;843.86;FABBRICATO;Viale Virgilio;107;45.0492555;7.6851396;Locale commerciale, negozio;Prima del 1919;Dichiarazione di interesse culturale;Demanio;Utilizzato direttamente;Attività commerciale e di ristorazione;in locazione;20098.0;01/10/2007;9;True
3108182;L219;1353;4;;271.0;FABBRICATO;Viale Virgilio;107;45.0492631;7.6853665;Magazzino e locali di deposito;Prima del 1919;Dichiarazione di interesse culturale;Demanio;Utilizzato direttamente;Attività artistica e culturale;;;;8;True
3108183;L219;1354;10;;818.0;FABBRICATO;corso moncalieri;88;45.0517821;7.688122;Abitazione;Prima del 1919;Nessuno;Patrimonio indisponibile;Utilizzato direttamente;Alloggio di servizio, foresterie;;;;2;True
3108184;L219;1355;75;;721.0;FABBRICATO;Strada Comunale da San Vito a Revigliasco;65;45.0485998;7.6908539;Abitazione;Prima del 1919;Nessuno;Patrimonio indisponibile;Utilizzato direttamente;Attività amministrativa/uffici pubblici;;;;2;True
3108185;L219;1369;70;;249.0;FABBRICATO;Strada Antica di Revigliasco;77;45.0429508;7.7036509;Abitazione;Prima del 1919;Nessuno;Patrimonio indisponibile;Utilizzato direttamente;Alloggio di servizio, foresterie;in concessione a titolo oneroso;33885.0;01/03/2021;3;True
3108186;L219;1372;11;;83.0;FABBRICATO;corso moncalieri;147;45.0450558;7.6886604;Magazzino e locali di deposito;Prima del 1919;Nessuno;Patrimonio indisponibile;Utilizzato direttamente;Attività amministrativa/uffici pubblici;;;;2;True
3108187;L219;1373;5;;557.0;FABBRICATO;corso moncalieri;178;45.0441555;7.6852007;Abitazione;Dal 1919 al 1945;Nessuno;Patrimonio indisponibile;Utilizzato direttamente;Altro;;;;8;True
3108188;L219;1373;50;;2074.0;FABBRICATO;corso sicilia;12;45.0427844;7.6826563;Abitazione;Dal 1961 al 1970;Nessuno;Patrimonio indisponibile;Utilizzato direttamente;Attività amministrativa/uffici pubblici;in concessione a titolo oneroso;5605.0;01/03/2022;2;True
3108189;L219;1373;60;;232.0;FABBRICATO;Corso Sicilia;23;45.0419937;7.6830466;Abitazione;Prima del 1919;Nessuno;Patrimonio disponibile;Non utilizzato;Non Dichiarato;;;;2;True
3108190;L219;1375;367;;2384.25;FABBRICATO;Via Ernesto Lugaro;6;45.04835642;7.67194327;Abitazione;Dal 1971 al 1980;Nessuno;Patrimonio indisponibile;Utilizzato direttamente;Alloggio di servizio, foresterie;;;;2;True
3108191;L219;1376;82;;1449.25;FABBRICATO;via leonardo da vinci;8;45.0437905;7.6685152;Abitazione;Prima del 1919;Nessuno;Patrimonio indisponibile;Utilizzato direttamente;Alloggio di servizio, foresterie;;;;2;True
3108192;L219;1377;322;;1489.2;FABBRICATO;via nizza;219;45.03704528;7.66938525;Abitazione;Prima del 1919;Nessuno;Patrimonio disponibile;;Non Dichiarato;in locazione;38425.0;01/07/2003;2;True
3108193;L219;1380;10;;1938.0;FABBRICATO;Via Pasquale Galluppi;12;45.0438326;7.6615874;Abitazione;Dal 1946 al 1960;Nessuno;Patrimonio indisponibile;Utilizzato direttamente;Altro;;;;32;True
3108194;L219;1380;11;;1956.0;FABBRICATO;Via Pasquale Galluppi;12;45.0434455;7.6611704;Abitazione;Dal 1946 al 1960;Nessuno;Patrimonio indisponibile;Utilizzato direttamente;Altro;;;;32;True
3108195;L219;1380;13;;1189.0;FABBRICATO;Via Pasquale Galluppi;12;45.0436812;7.661851;Abitazione;Dal 1946 al 1960;Nessuno;Patrimonio indisponibile;Utilizzato direttamente;Altro;;;;21;True
3108196;L219;1380;138;;195.0;FABBRICATO;via spaventa bertrando;16;45.0407681;7.6593902;Cantina, soffitta, rimessa, box, garage, posto auto aperto/scoperto,;Dal 1946 al 1960;Nessuno;Patrimonio indisponibile;Utilizzato direttamente;Altro;;;;15;True
3108197;L219;1380;14;;1165.0;FABBRICATO;Via Pasquale Galluppi;12;45.0433464;7.6615317;Abitazione;Dal 1946 al 1960;Nessuno;Patrimonio indisponibile;Utilizzato direttamente;Altro;;;;20;True
3108198;L219;1380;15;;1192.0;FABBRICATO;Via Pasquale Galluppi;12;45.0435495;7.6621075;Abitazione;Dal 1946 al 1960;Nessuno;Patrimonio indisponibile;Utilizzato direttamente;Altro;in concessione a titolo oneroso;363.0;01/01/2022;21;True
3108199;L219;1380;152;;3225.0;FABBRICATO;via spaventa bertrando;14;45.0409751;7.6595393;Abitazione;Dal 1946 al 1960;Nessuno;Patrimonio indisponibile;Utilizzato direttamente;Altro;;;;39;True
3108200;L219;1380;16;;1043.0;FABBRICATO;Via Pasquale Galluppi;12;45.0432271;7.6617684;Abitazione;Dal 1946 al 1960;Nessuno;Patrimonio indisponibile;Utilizzato direttamente;Altro;;;;18;True
3108201;L219;1380;18;;128.0;FABBRICATO;Via Giordano Bruno;52;45.0433;7.6627024;Abitazione;Dal 1946 al 1960;Nessuno;Patrimonio indisponibile;Utilizzato direttamente;Altro;;;;2;True
3108202;L219;1380;3;;1369.0;FABBRICATO;Via Tunisi;3;45.0443611;7.6607233;Abitazione;Dal 1946 al 1960;Nessuno;Patrimonio indisponibile;Utilizzato direttamente;Altro;;;;19;True
3108203;L219;1380;4;;1188.0;FABBRICATO;Via Pasquale Galluppi;12;45.0441291;7.6610968;Abitazione;Dal 1946 al 1960;Nessuno;Patrimonio indisponibile;Utilizzato direttamente;Altro;;;;21;True
3108204;L219;1380;5;;614.0;FABBRICATO;Via Tunisi;13;45.0438911;7.6602667;Abitazione;Dal 1946 al 1960;Nessuno;Patrimonio indisponibile;Utilizzato direttamente;Altro;;;;8;True
3108205;L219;1380;6;;1201.0;FABBRICATO;Via Pasquale Galluppi;12;45.0437173;7.6606792;Abitazione;Dal 1946 al 1960;Nessuno;Patrimonio indisponibile;Utilizzato direttamente;Altro;;;;21;True
3108206;L219;1380;7;;101.0;FABBRICATO;Via Pasquale Galluppi;12;45.0442055;7.6613466;Abitazione;Dal 1946 al 1960;Nessuno;Patrimonio indisponibile;Utilizzato direttamente;Altro;;;;2;True
3108207;L219;1380;8;;1189.0;FABBRICATO;Via Pasquale Galluppi;12;45.0440044;7.6613257;Abitazione;Dal 1946 al 1960;Nessuno;Patrimonio indisponibile;Utilizzato direttamente;Altro;;;;21;True
3108208;L219;1380;9;;1008.0;FABBRICATO;Via Pasquale Galluppi;12;45.0436054;7.6609314;Abitazione;Dal 1946 al 1960;Nessuno;Patrimonio indisponibile;Utilizzato direttamente;Altro;;;;18;True
3108209;L219;1383;58;;611.0;FABBRICATO;corso orbassano;122;45.0479814;7.6479748;Abitazione;Dal 1961 al 1970;Nessuno;Patrimonio indisponibile;Utilizzato direttamente;Alloggio di servizio, foresterie;;;;2;True
3108210;L219;1384;388;;5643.75;FABBRICATO;via tripoli;78;45.0459959;7.6458711;Abitazione;Prima del 1919;Dichiarazione di interesse culturale;Demanio;Utilizzato direttamente;Alloggio di servizio, foresterie;;;;4;True
3108211;L219;1385;408;;2997.0;FABBRICATO;Via Baltimora;74;45.0454104;7.6413454;Abitazione;Dal 1961 al 1970;Nessuno;Patrimonio indisponibile;Utilizzato direttamente;Alloggio di servizio, foresterie;;;;2;True
3108212;L219;1385;409;;1282.0;FABBRICATO;Via Baltimora;64;45.0450108;7.6418495;Abitazione;Dal 1961 al 1970;Nessuno;Patrimonio indisponibile;Utilizzato direttamente;Alloggio di servizio, foresterie;;;;2;True
3108213;L219;1386;124;;6916.5;FABBRICATO;Via Baltimora;110;45.0466108;7.6382384;Abitazione;Dal 1971 al 1980;Nessuno;Patrimonio indisponibile;Utilizzato direttamente;Alloggio di servizio, foresterie;;;;2;True
3108214;L219;1386;71;;6951.0;FABBRICATO;Via Filadelfia;205;45.0439696;7.6378994;Abitazione;Prima del 1919;Dichiarazione di interesse culturale;Demanio;Utilizzato direttamente;Alloggio di servizio, foresterie;;;;2;True
3108215;L219;1387;12;;6312.5;FABBRICATO;Via Baltimora;171;45.0476182;7.6314767;Edificio scolastico (es.: scuola di ogni ordine e grado, università, scuola di formazione);Dal 1961 al 1970;Nessuno;Patrimonio indisponibile;Utilizzato direttamente;Attività didattica;;;;3;True
3108216;L219;1387;127;;3105.43;FABBRICATO;Via Filadelfia;242;45.0468503;7.6333844;Impianto sportivo;Dal 1971 al 1980;Nessuno;Patrimonio indisponibile;Utilizzato direttamente;Altro;;;;3;True
3108217;L219;1387;35;;1043.5;FABBRICATO;via castelgomberto;75;45.0457616;7.6323173;Abitazione;Dal 1971 al 1980;Nessuno;Patrimonio indisponibile;Utilizzato direttamente;Attività amministrativa/uffici pubblici;in locazione;2626.0;01/04/2019;2;True
3108218;L219;1388;277;;80.0;FABBRICATO;via reni guido;114;45.048336;7.6281736;Abitazione;Prima del 1919;Nessuno;Patrimonio indisponibile;Utilizzato direttamente;Attività amministrativa/uffici pubblici;;;;2;True
3108219;L219;1388;283;;292.0;FABBRICATO;via reni guido;180;45.0484786;7.6288336;Abitazione;Prima del 1919;Nessuno;Patrimonio indisponibile;Utilizzato direttamente;Attività amministrativa/uffici pubblici;;;;5;True
3108220;L219;1388;378;;1198.0;FABBRICATO;Via Giacomo Balla;19;45.047983;7.6261775;Abitazione;Dal 1971 al 1980;Nessuno;Patrimonio indisponibile;Utilizzato direttamente;Alloggio di servizio, foresterie;;;;4;True
3108221;L219;1389;156;;2464.0;FABBRICATO;Corso Canonico Giuseppe Allamano;60;45.0512727;7.6236367;Abitazione;Dal 1981 al 1990;Nessuno;Patrimonio indisponibile;Utilizzato direttamente;Altro;;;;25;True
3108222;L219;1391;126;;5381.0;FABBRICATO;corso salvemini gaetano;25;45.0437055;7.6257931;Abitazione;Dal 1961 al 1970;Nessuno;Patrimonio indisponibile;Utilizzato direttamente;Altro;;;;80;True
3108223;L219;1391;174;;18892.0;FABBRICATO;Via Ignazio Collino;12;45.0397013;7.6235235;Abitazione;Dal 1971 al 1980;Nessuno;Patrimonio indisponibile;Utilizzato direttamente;Alloggio di servizio, foresterie;;;;4;True
3108224;L219;1391;2;;5282.0;FABBRICATO;corso salvemini gaetano;25;45.0438492;7.6251996;Abitazione;Dal 1961 al 1970;Nessuno;Patrimonio indisponibile;Utilizzato direttamente;Altro;;;;80;True
3108225;L219;1391;23;;1073.0;FABBRICATO;Via Paolo Gaidano;22;45.0402892;7.6267167;Abitazione;Dal 1961 al 1970;Nessuno;Patrimonio indisponibile;Utilizzato direttamente;Altro;;;;12;True
3108226;L219;1391;3;;3593.0;FABBRICATO;corso salvemini gaetano;25;45.0433189;7.6252755;Abitazione;Dal 1961 al 1970;Nessuno;Patrimonio indisponibile;Utilizzato direttamente;Altro;;;;40;True
3108227;L219;1391;4;;5434.0;FABBRICATO;corso salvemini gaetano;25;45.0428205;7.6250922;Abitazione;Dal 1961 al 1970;Nessuno;Patrimonio indisponibile;Utilizzato direttamente;Altro;;;;80;True
3108228;L219;1391;5;;3459.0;FABBRICATO;corso salvemini gaetano;25;45.04277;7.6256613;Abitazione;Dal 1961 al 1970;Nessuno;Patrimonio indisponibile;Utilizzato direttamente;Altro;;;;40;True
3108229;L219;1392;388;;3476.75;FABBRICATO;via monte novegno;31;45.0400869;7.6306142;Abitazione;Dal 1971 al 1980;Nessuno;Patrimonio indisponibile;Utilizzato direttamente;Alloggio di servizio, foresterie;;;;2;True
3108230;L219;1393;1;;1288.75;FABBRICATO;corso orbassano;224 26;45.0423535;7.6349878;Abitazione;Dal 1971 al 1980;Nessuno;Patrimonio indisponibile;Utilizzato direttamente;Alloggio di servizio, foresterie;;;;2;True
3108231;L219;1393;213;;4136.75;FABBRICATO;via s. marino;107;45.0398166;7.6378494;Abitazione;Dal 1961 al 1970;Nessuno;Patrimonio indisponibile;Utilizzato direttamente;Alloggio di servizio, foresterie;;;;2;True
3108232;L219;1394;338;;1552.25;FABBRICATO;via boston;33;45.0397652;7.6416732;Impianto sportivo;Dal 1971 al 1980;Nessuno;Patrimonio indisponibile;Utilizzato direttamente;Attività sportiva, ricreativa e di intrattenimento;;;;4;True
3108233;L219;1394;343;;6755.75;FABBRICATO;Via Boston;20;45.0410253;7.6416285;Abitazione;Dal 1971 al 1980;Nessuno;Patrimonio indisponibile;Utilizzato direttamente;Alloggio di servizio, foresterie;;;;2;True
3108234;L219;1395;7;;4571.0;FABBRICATO;Via Filadelfia;123;45.0417323;7.6445984;Abitazione;Dal 1971 al 1980;Nessuno;Patrimonio indisponibile;Utilizzato direttamente;Alloggio di servizio, foresterie;;;;2;True
3108235;L219;1397;83;;6160.2;FABBRICATO;Via San Marino;10;45.037298;7.6499811;Struttura residenziale collettiva (es.: collegi e convitti, educandati, ricoveri, orfanotrofi, ospizi, conventi, seminari);Prima del 1919;Dichiarazione di interesse culturale;Demanio;Utilizzato direttamente;Servizi assistenza socio-sanitaria (residenziali);;;;2;True
3108236;L219;1398;24;;360.0;FABBRICATO;corso sebastopoli;81;45.0418859;7.6538793;Abitazione;Dal 1919 al 1945;Dichiarazione di interesse culturale;Demanio;Utilizzato direttamente;Alloggio di servizio, foresterie;;;;5;True
3108237;L219;1399;207;;8636.25;FABBRICATO;Via Tunisi;102;45.0370577;7.6545663;Abitazione;Dal 1961 al 1970;Nessuno;Patrimonio indisponibile;Utilizzato direttamente;Alloggio di servizio, foresterie;;;;3;True
3108238;L219;1399;210;;8677.5;FABBRICATO;via montevideo;17;45.0366602;7.6543006;Abitazione;Dal 1919 al 1945;Dichiarazione di interesse culturale;Demanio;Utilizzato direttamente;Alloggio di servizio, foresterie;;;;2;True
3108239;L219;1399;6;;1218.7;FABBRICATO;corso unione sovietica;170;45.0412854;7.6552376;Abitazione;Prima del 1919;Nessuno;Patrimonio indisponibile;Utilizzato direttamente;Alloggio di servizio, foresterie;in concessione a titolo oneroso;18920.0;01/10/2020;5;True
3108240;L219;1402;253;;8424.5;FABBRICATO;Via Finalmarina;7;45.03286742;7.66898614;Abitazione;Prima del 1919;Dichiarazione di interesse culturale;Demanio;Utilizzato direttamente;Alloggio di servizio, foresterie;;;;3;True
3108241;L219;1402;381;;404.0;FABBRICATO;via pettinati luigi;10;45.03249046;7.67264988;Magazzino e locali di deposito;Dopo il 2010;Nessuno;Patrimonio indisponibile;Non utilizzato;Non Dichiarato;;;;6;True
3108242;L219;1405;192;;393.0;FABBRICATO;Via Villa Glori;21;45.0370914;7.6787283;Abitazione;Dal 1946 al 1960;Nessuno;Patrimonio indisponibile;Utilizzato direttamente;Alloggio di servizio, foresterie;;;;2;True
3108243;L219;1405;5;;6138.75;FABBRICATO;corso sicilia;40;45.0409629;7.6808798;Abitazione;Dal 1971 al 1980;Nessuno;Patrimonio indisponibile;Utilizzato direttamente;Alloggio di servizio, foresterie;;;;2;True
3108244;L219;1408;1;;215.75;FABBRICATO;Strada Antica di San Vito;126;45.0430681;7.6969299;Abitazione;Prima del 1919;Nessuno;Patrimonio indisponibile;Utilizzato direttamente;Altro;in concessione a titolo oneroso;1534.0;01/01/2004;3;True
3108245;L219;1416;240;;522.5;FABBRICATO;Strada dei Ronchi;27;45.0295131;7.6903205;Abitazione;Prima del 1919;Nessuno;Patrimonio indisponibile;Utilizzato direttamente;Alloggio di servizio, foresterie;;;;2;True
3108246;L219;1418;16;;138.0;FABBRICATO;via s. rocco;62;45.0301401;7.6865462;Abitazione;Dal 1919 al 1945;Nessuno;Patrimonio indisponibile;Utilizzato direttamente;Altro;;;;3;True
3108247;L219;1419;66;;801.25;FABBRICATO;corso moncalieri;348;45.0252761;7.6758065;Abitazione;Dal 1919 al 1945;Nessuno;Patrimonio indisponibile;Utilizzato direttamente;Alloggio di servizio, foresterie;;;;2;True
3108248;L219;1420;20;;4775.5;FABBRICATO;corso unita' d'italia;86;45.0268099;7.6710944;Abitazione;Dal 1946 al 1960;Nessuno;Patrimonio disponibile;;Non Dichiarato;in concessione a titolo oneroso;0.0;01/01/2019;3;True
3108249;L219;1421;155;;2538.0;FABBRICATO;Corso Caduti sul Lavoro;5;45.0272124;7.6668622;Abitazione;Dal 1971 al 1980;Nessuno;Patrimonio indisponibile;Utilizzato direttamente;Alloggio di servizio, foresterie;;;;2;True
3108250;L219;1421;166;;1927.5;FABBRICATO;via ventimiglia;112;45.026674;7.6686492;Abitazione;Dal 1961 al 1970;Nessuno;Patrimonio indisponibile;Utilizzato direttamente;Alloggio di servizio, foresterie;;;;2;True
3108251;L219;1421;188;;4377.25;FABBRICATO;via valenza;71;45.0255208;7.6680948;Abitazione;Dal 1981 al 1990;Nessuno;Patrimonio indisponibile;Utilizzato direttamente;Alloggio di servizio, foresterie;;;;3;True
3108252;L219;1421;298;;4100.0;FABBRICATO;via ventimiglia;128;45.0253376;7.6672611;Abitazione;Dal 1971 al 1980;Nessuno;Patrimonio indisponibile;Utilizzato direttamente;Alloggio di servizio, foresterie;;;;2;True
3108253;L219;1422;182;;3605.0;FABBRICATO;via montevideo;41;45.035401;7.6571811;Impianto sportivo;Prima del 1919;Dichiarazione di interesse culturale;Demanio;Utilizzato direttamente;Altro;in concessione a titolo oneroso;4026.0;01/01/2014;5;True
3108254;L219;1422;185;;1380.0;FABBRICATO;Via Giordano Bruno;189;45.0306089;7.6562613;Cantina, soffitta, rimessa, box, garage, posto auto aperto/scoperto,;Dal 2001 al 2010;Nessuno;Patrimonio indisponibile;Utilizzato direttamente;Alloggio di servizio, foresterie;;;;15;True
3108255;L219;1422;201;;30.0;FABBRICATO;GIORDANO BRUNO (VIA);181;45.034205;7.6577318;Area urbana;ND;Nessuno;Patrimonio indisponibile;Utilizzato direttamente;Altro;;;;2;True
3108256;L219;1423;236;;202.0;FABBRICATO;Via Albenga;22;45.03112;7.6534291;Abitazione;Dal 1971 al 1980;Nessuno;Patrimonio disponibile;Utilizzato direttamente;Altro;;;;2;True
3108257;L219;1423;65;;917.75;FABBRICATO;VIA POIRINO;9;45.0338287;7.6497272;Abitazione;Dal 1971 al 1980;Nessuno;Patrimonio indisponibile;Utilizzato direttamente;Attività didattica;;;;3;True
3108258;L219;1425;80;;458.0;FABBRICATO;Corso Giovanni Agnelli;105;45.0357243;7.6443245;Abitazione;Dal 1919 al 1945;Nessuno;Patrimonio disponibile;;Non Dichiarato;in locazione;1479.0;01/07/2021;8;True
3108259;L219;1426;252;;1286.0;FABBRICATO;Corso Giovanni Agnelli;156;45.0320342;7.6395428;Abitazione;Dal 1919 al 1945;Nessuno;Patrimonio indisponibile;Utilizzato direttamente;Altro;;;;18;True
3108260;L219;1426;257;;2225.0;FABBRICATO;Corso Giovanni Agnelli;156;45.0316563;7.6392762;Abitazione;Dal 1919 al 1945;Nessuno;Patrimonio indisponibile;Utilizzato direttamente;Altro;;;;25;True
3108261;L219;1426;259;;1737.0;FABBRICATO;Corso Giovanni Agnelli;156;45.0312674;7.6389913;Abitazione;Dal 1919 al 1945;Nessuno;Patrimonio indisponibile;Utilizzato direttamente;Altro;;;;19;True
3108262;L219;1426;261;;2110.0;FABBRICATO;Corso Giovanni Agnelli;156;45.0310421;7.6393359;Abitazione;Dal 1919 al 1945;Nessuno;Patrimonio indisponibile;Utilizzato direttamente;Altro;;;;21;True
3108263;L219;1426;262;;5517.0;FABBRICATO;Corso Giovanni Agnelli;156;45.031393;7.6401097;Abitazione;Dal 1919 al 1945;Nessuno;Patrimonio indisponibile;Utilizzato direttamente;Altro;;;;69;True
3108264;L219;1426;357;;2430.0;FABBRICATO;Via Bernardo de Canal;37;45.0343396;7.6401723;Abitazione;Dal 1961 al 1970;Nessuno;Patrimonio disponibile;Utilizzato direttamente;Non Dichiarato;in locazione;504.0;01/01/2022;34;True
3108265;L219;1426;358;;520.0;FABBRICATO;Via Bernardo de Canal;27;45.033875;7.6411595;Abitazione;Dal 1961 al 1970;Nessuno;Patrimonio indisponibile;Utilizzato direttamente;Altro;;;;10;True
3108266;L219;1426;364;;1678.0;FABBRICATO;Corso Giovanni Agnelli;156;45.0319885;7.6400676;Abitazione;Dal 1919 al 1945;Nessuno;Patrimonio indisponibile;Utilizzato direttamente;Altro;;;;23;True
3108267;L219;1426;395;;139.0;FABBRICATO;Via Paolo Sarpi;132;45.0305985;7.6418194;Abitazione;Dopo il 2010;Nessuno;Patrimonio indisponibile;Utilizzato direttamente;Altro;;;;2;True
3108268;L219;1426;96;;932.75;FABBRICATO;Via Eleonora d'Arborea 9;9;45.034763;7.6404952;Abitazione;Dal 1971 al 1980;Nessuno;Patrimonio indisponibile;Utilizzato direttamente;Alloggio di servizio, foresterie;;;;2;True
3108269;L219;1427;73;;3385.8;FABBRICATO;Via Lamberto de Bernardi;2;45.0323495;7.6389004;Abitazione;Dal 1919 al 1945;Nessuno;Patrimonio indisponibile;Utilizzato direttamente;Altro;;;;18;True
3108270;L219;1427;75;;1002.0;FABBRICATO;Via Lamberto de Bernardi;2;45.032401;7.6384052;Abitazione;Dal 1919 al 1945;Nessuno;Patrimonio indisponibile;Utilizzato direttamente;Altro;;;;19;True
3108271;L219;1427;77;;1449.0;FABBRICATO;Via Lamberto de Bernardi;2;45.0320387;7.6381606;Abitazione;Dal 1919 al 1945;Nessuno;Patrimonio indisponibile;Utilizzato direttamente;Altro;;;;27;True
3108272;L219;1427;78;;1033.0;FABBRICATO;Via Lamberto de Bernardi;2;45.0316332;7.6378617;Abitazione;Dal 1919 al 1945;Nessuno;Patrimonio indisponibile;Utilizzato direttamente;Altro;;;;18;True
3108273;L219;1427;80;;6614.0;FABBRICATO;Via Lamberto de Bernardi;2;45.0314137;7.6382279;Abitazione;Dal 1919 al 1945;Nessuno;Patrimonio indisponibile;Utilizzato direttamente;Altro;;;;21;True
3108274;L219;1427;81;;9211.0;FABBRICATO;Via Lamberto de Bernardi;2;45.0317071;7.6389513;Abitazione;Dal 1919 al 1945;Nessuno;Patrimonio indisponibile;Utilizzato direttamente;Altro;;;;68;True
3108275;L219;1428;110;;1567.0;FABBRICATO;via poma carlo;2;45.0352839;7.630877;Abitazione;Dal 1961 al 1970;Nessuno;Patrimonio indisponibile;Utilizzato direttamente;Alloggio di servizio, foresterie;;;;2;True
3108276;L219;1428;85;;11429.0;FABBRICATO;via scarsellini angelo;12 D;45.0354907;7.6300452;Abitazione;Dal 1946 al 1960;Nessuno;Patrimonio indisponibile;Utilizzato direttamente;Altro;in concessione a titolo oneroso;22496.0;01/11/2004;196;True
3108277;L219;1428;90;;1315.5;FABBRICATO;via poma carlo;14;45.0350849;7.630729;Abitazione;Dal 1961 al 1970;Nessuno;Patrimonio indisponibile;Utilizzato direttamente;Alloggio di servizio, foresterie;;;;2;True
3108278;L219;1428;95;;11976.0;FABBRICATO;via poma carlo;11;45.0349164;7.6316046;Abitazione;Dal 1946 al 1960;Nessuno;Patrimonio indisponibile;Utilizzato direttamente;Altro;;;;207;True
3108279;L219;1429;41;;3607.57;FABBRICATO;Via Carlo Pinchia;11;45.0370978;7.6249117;Abitazione;Dal 1961 al 1970;Nessuno;Patrimonio indisponibile;Utilizzato direttamente;Attività amministrativa/uffici pubblici;;;;2;True
3108280;L219;1429;98;;1450.0;FABBRICATO;VIA ORBASSANO;380;45.0343493;7.620652;Abitazione;Dal 1946 al 1960;Nessuno;Patrimonio indisponibile;Utilizzato direttamente;Altro;;;;16;True
3108281;L219;1430;111;;772.5;FABBRICATO;Via Domenico Guidobono;2;45.0383816;7.6182928;Abitazione;Dal 1961 al 1970;Nessuno;Patrimonio indisponibile;Utilizzato direttamente;Alloggio di servizio, foresterie;;;;2;True
3108282;L219;1430;79;;297.0;FABBRICATO;Via Amedeo Modigliani;21;45.0411882;7.6195586;Impianto sportivo;Dal 1971 al 1980;Nessuno;Patrimonio indisponibile;Utilizzato direttamente;Attività sportiva, ricreativa e di intrattenimento;;;;3;True
3108283;L219;1430;80;;1528.75;FABBRICATO;via gaidano paolo;103 31;45.0396274;7.6212592;Abitazione;Dal 1971 al 1980;Nessuno;Patrimonio indisponibile;Utilizzato direttamente;Alloggio di servizio, foresterie;in concessione a titolo oneroso;4086.0;08/02/2022;3;True
3108284;L219;1430;85;;2948.4;FABBRICATO;Via Cimabue;2;45.03929;7.61909;Struttura residenziale collettiva (es.: collegi e convitti, educandati, ricoveri, orfanotrofi, ospizi, conventi, seminari);Dal 1946 al 1960;Nessuno;Patrimonio indisponibile;Utilizzato direttamente;Non Dichiarato;in concessione a titolo oneroso;71.0;01/04/2006;3;True
3108285;L219;1432;137;;475.0;FABBRICATO;Strada del Portone;29;45.0324946;7.6129842;Abitazione;Dal 2001 al 2010;Nessuno;Patrimonio indisponibile;Utilizzato direttamente;Altro;;;;6;True
3108286;L219;1432;138;;348.0;FABBRICATO;strada del portone;23;45.0321773;7.6137438;Abitazione;Dal 2001 al 2010;Nessuno;Patrimonio indisponibile;Utilizzato direttamente;Altro;;;;4;True
3108287;L219;1432;158;;499.0;FABBRICATO;Strada del Portone;35;45.0327451;7.6123635;Abitazione;Dal 2001 al 2010;Nessuno;Patrimonio indisponibile;Utilizzato direttamente;Altro;;;;12;True
3108288;L219;1432;161;;716.0;FABBRICATO;Strada del Portone;35;45.0323372;7.6119899;Abitazione;Dal 2001 al 2010;Nessuno;Patrimonio indisponibile;Utilizzato direttamente;Altro;;;;10;True
3108289;L219;1432;162;;90.0;FABBRICATO;strada del portone;35 14A;45.0321131;7.6117305;Cantina, soffitta, rimessa, box, garage, posto auto aperto/scoperto,;Dal 2001 al 2010;Nessuno;Patrimonio indisponibile;Utilizzato direttamente;Altro;;;;6;True
3108290;L219;1432;164;;84.0;FABBRICATO;strada del portone;21 A;45.0326932;7.6131333;Cantina, soffitta, rimessa, box, garage, posto auto aperto/scoperto,;Dal 2001 al 2010;Nessuno;Patrimonio indisponibile;Utilizzato direttamente;Altro;;;;6;True
3108291;L219;1432;165;;56.0;FABBRICATO;strada del portone;21 A;45.0323986;7.6139505;Cantina, soffitta, rimessa, box, garage, posto auto aperto/scoperto,;Dal 2001 al 2010;Nessuno;Patrimonio indisponibile;Utilizzato direttamente;Altro;;;;4;True
3108292;L219;1432;81;;38.0;FABBRICATO;Corso Orbassano;440;45.0317869;7.6151052;Cantina, soffitta, rimessa, box, garage, posto auto aperto/scoperto,;Dal 1961 al 1970;Nessuno;Patrimonio indisponibile;Non utilizzato;Non Dichiarato;;;;2;True
3108293;L219;1433;53;;304.0;FABBRICATO;Via Agostino Bertani;109;45.0309968;7.6028227;Locale commerciale, negozio;Dal 1971 al 1980;Nessuno;Patrimonio indisponibile;Utilizzato direttamente;Attività commerciale e di ristorazione;in locazione;9718.0;01/03/2013;5;True
3108294;L219;1436;4;;859.0;FABBRICATO;corso orbassano;455;45.0305681;7.6108275;Abitazione;Dal 1919 al 1945;Nessuno;Patrimonio disponibile;Utilizzato direttamente;Altro;in locazione;732.0;01/03/2022;11;True
3108295;L219;1439;176;;4105.0;FABBRICATO;Via Podgora;28;45.0262726;7.6442934;Magazzino e locali di deposito;Dal 1971 al 1980;Nessuno;Patrimonio indisponibile;Utilizzato direttamente;Attività didattica;;;;4;True
3108296;L219;1439;94;;176.0;FABBRICATO;Via Monte Pasubio;21;45.0267603;7.6429183;Abitazione;Dal 1961 al 1970;Nessuno;Patrimonio disponibile;Non utilizzato;Non Dichiarato;;;;3;True
3108297;L219;1440;50;;2962.03;FABBRICATO;Corso Corsica;55;45.0278086;7.6508088;Abitazione;Dal 1981 al 1990;Nessuno;Patrimonio indisponibile;Utilizzato direttamente;Alloggio di servizio, foresterie;;;;3;True
3108298;L219;1441;102;;448.57;FABBRICATO;Viale Augusto Monti;21;45.02478234;7.64877568;Cantina, soffitta, rimessa, box, garage, posto auto aperto/scoperto,;Dal 1971 al 1980;Nessuno;Patrimonio indisponibile;Utilizzato direttamente;Altro;;;;3;True
3108299;L219;1441;88;;9806.0;FABBRICATO;Via Giuditta Sidoli;38;45.02488047;7.64474249;Abitazione;Dal 1991 al 2000;Nessuno;Patrimonio indisponibile;Utilizzato direttamente;Altro;;;;192;True
3108300;L219;1442;65;;522.0;FABBRICATO;via passo buole;96;45.0259173;7.6504058;Abitazione;Dal 1961 al 1970;Nessuno;Patrimonio indisponibile;Utilizzato direttamente;Alloggio di servizio, foresterie;;;;2;True
3108301;L219;1442;72;;1445.5;FABBRICATO;via monte corno;21;45.0253806;7.6546412;Abitazione;Dal 1971 al 1980;Nessuno;Patrimonio indisponibile;Utilizzato direttamente;Alloggio di servizio, foresterie;;;;2;True
3108302;L219;1442;74;;21962.2;FABBRICATO;via pio vii;19 A;45.0281138;7.6548255;Abitazione;Dal 2001 al 2010;Nessuno;Patrimonio indisponibile;Utilizzato direttamente;Altro;in concessione a titolo oneroso;2680.0;01/05/2015;401;True
3108303;L219;1443;237;;832.25;FABBRICATO;via invernizio carolina;21;45.0230764;7.6552716;Abitazione;Dal 1971 al 1980;Nessuno;Patrimonio indisponibile;Utilizzato direttamente;Alloggio di servizio, foresterie;;;;2;True
3108304;L219;1443;646;;3661.0;FABBRICATO;corso traiano;143 A;45.0214049;7.6536208;Abitazione;Dal 2001 al 2010;Nessuno;Patrimonio indisponibile;Utilizzato direttamente;Altro;;;;74;True
3108305;L219;1443;647;;167.0;FABBRICATO;corso traiano;143 A;45.0214049;7.6536208;Abitazione;Dal 2001 al 2010;Nessuno;Patrimonio indisponibile;Utilizzato direttamente;Altro;;;;2;True
3108306;L219;1445;85;;1667.0;FABBRICATO;via ventimiglia;199;45.0206633;7.6672635;Abitazione;Dal 1981 al 1990;Nessuno;Patrimonio indisponibile;Utilizzato direttamente;Alloggio di servizio, foresterie;;;;2;True
3108307;L219;145;259;;125.0;FABBRICATO;corso moncalieri;61;45.0536053;7.6911288;Abitazione;Prima del 1919;Nessuno;Patrimonio indisponibile;Utilizzato direttamente;Altro;;;;2;True
3108308;L219;1455;246;;1170.2;FABBRICATO;Via Corrado Corradino;5;45.017612;7.6629424;Abitazione;Dal 1919 al 1945;Nessuno;Patrimonio disponibile;Utilizzato direttamente;Servizi ordine pubblico, sicurezza nazionale e militare;;;;4;True
3108309;L219;1455;334;;336.0;FABBRICATO;via nizza;410;45.0172405;7.6609971;Abitazione;Prima del 1919;Dichiarazione di interesse culturale;Demanio;Utilizzato direttamente;Altro;;;;4;True
3108310;L219;1456;406;;73.0;FABBRICATO;Via Candiolo;6;45.0142913;7.6575555;Abitazione;Dal 1946 al 1960;Nessuno;Patrimonio indisponibile;Utilizzato direttamente;Altro;;;;2;True
3108311;L219;1456;441;;21157.5;FABBRICATO;via torrazza piemonte;10;45.0160315;7.6563265;Edificio scolastico (es.: scuola di ogni ordine e grado, università, scuola di formazione);Dal 1971 al 1980;Nessuno;Patrimonio indisponibile;Utilizzato direttamente;Attività didattica;;;;8;True
3108312;L219;1458;129;;1967.75;FABBRICATO;corso croce benedetto;21;45.0205103;7.6458188;Abitazione;Dal 1971 al 1980;Nessuno;Patrimonio indisponibile;Utilizzato direttamente;Alloggio di servizio, foresterie;;;;2;True
3108313;L219;1458;28;;9270.25;FABBRICATO;Corso Benedetto Croce;17;45.0207767;7.6467002;Abitazione;Dal 1971 al 1980;Nessuno;Patrimonio indisponibile;Utilizzato direttamente;Alloggio di servizio, foresterie;;;;4;True
3108314;L219;1459;49;;4417.25;FABBRICATO;corso croce benedetto;26;45.02074573;7.64416338;Abitazione;Dal 1961 al 1970;Nessuno;Patrimonio indisponibile;Utilizzato direttamente;Alloggio di servizio, foresterie;;;;2;True
3108315;L219;1461;111;;1379.0;FABBRICATO;piazza guala pietro francesco;140;45.0231824;7.6408099;Abitazione;Dal 1961 al 1970;Nessuno;Patrimonio indisponibile;Utilizzato direttamente;Attività didattica;;;;3;True
3108316;L219;1461;45;;2635.5;FABBRICATO;via nichelino;7;45.0237373;7.6392259;Abitazione;Dal 1961 al 1970;Nessuno;Patrimonio indisponibile;Utilizzato direttamente;Alloggio di servizio, foresterie;;;;2;True
3108317;L219;1462;136;;1834.75;FABBRICATO;Strada delle Cacce;36;45.0187092;7.6388598;Abitazione;Dal 1971 al 1980;Nessuno;Patrimonio indisponibile;Utilizzato direttamente;Alloggio di servizio, foresterie;;;;2;True
3108318;L219;1464;146;;119.0;FABBRICATO;via monte cengio;29;45.0190136;7.6223338;Abitazione;Dal 1991 al 2000;Nessuno;Patrimonio indisponibile;Utilizzato direttamente;Altro;;;;2;True
3108319;L219;1464;208;;271.0;FABBRICATO;Via Monte Sei Busi;28;45.0173603;7.6210949;Abitazione;Dal 1961 al 1970;Nessuno;Patrimonio indisponibile;Utilizzato direttamente;Altro;;;;4;True
3108320;L219;1464;262;;5026.0;FABBRICATO;via plava;75;45.0180523;7.6199728;Cantina, soffitta, rimessa, box, garage, posto auto aperto/scoperto,;Dal 1991 al 2000;Nessuno;Patrimonio indisponibile;Non utilizzato;Non Dichiarato;;;;2;True
3108321;L219;1465;101;;3821.25;FABBRICATO;Piazzetta Luciano Jona;4bis;45.0202921;7.6132884;Abitazione;Dal 1971 al 1980;Nessuno;Patrimonio indisponibile;Utilizzato direttamente;Alloggio di servizio, foresterie;;;;2;True
3108322;L219;1465;102;;1394.5;FABBRICATO;Piazzetta Luciano Jona;6;45.0199442;7.6131789;Abitazione;Dal 1971 al 1980;Nessuno;Patrimonio indisponibile;Utilizzato direttamente;Alloggio di servizio, foresterie;;;;2;True
3108323;L219;1465;5;;206.0;FABBRICATO;Via Plava;66;45.0197625;7.6205986;Impianto sportivo;Dal 1961 al 1970;Nessuno;Patrimonio indisponibile;Utilizzato direttamente;Attività sportiva, ricreativa e di intrattenimento;;;;3;True
3108324;L219;1465;92;;5426.25;FABBRICATO;Piazzetta Luciano Jona;5;45.0193315;7.6159034;Abitazione;Dal 1971 al 1980;Nessuno;Patrimonio indisponibile;Utilizzato direttamente;Alloggio di servizio, foresterie;;;;2;True
3108325;L219;1467;1;;1156.75;FABBRICATO;via roveda giovanni;34;45.0217804;7.6065778;Abitazione;Dal 1961 al 1970;Nessuno;Patrimonio indisponibile;Utilizzato direttamente;Alloggio di servizio, foresterie;;;;3;True
3108326;L219;1467;20;;1243.25;FABBRICATO;Via Plava;177;45.022935;7.6071695;Abitazione;Dal 1961 al 1970;Nessuno;Patrimonio indisponibile;Utilizzato direttamente;Alloggio di servizio, foresterie;;;;2;True
3108327;L219;1467;27;;1613.4;FABBRICATO;via negarville celeste;8;45.0213595;7.6111914;Locale commerciale, negozio;Dal 1971 al 1980;Nessuno;Patrimonio disponibile;Utilizzato direttamente;Attività commerciale e di ristorazione;in locazione;13742.0;01/01/2016;11;True
3108328;L219;1473;21;;1671.0;FABBRICATO;Via Giovanni Roveda;31;45.0200749;7.6067594;Abitazione;Dal 1961 al 1970;Nessuno;Patrimonio indisponibile;Utilizzato direttamente;Alloggio di servizio, foresterie;;;;2;True
3108329;L219;1473;22;;1371.0;FABBRICATO;Via Celeste Negarville;30;45.019683;7.6077314;Abitazione;Dal 1961 al 1970;Nessuno;Patrimonio indisponibile;Utilizzato direttamente;Alloggio di servizio, foresterie;;;;2;True
3108330;L219;1473;23;;3315.0;FABBRICATO;via negarville celeste;30 4;45.0191344;7.6085107;Abitazione;Dal 1961 al 1970;Nessuno;Patrimonio indisponibile;Utilizzato direttamente;Alloggio di servizio, foresterie;;;;2;True
3108331;L219;1480;149;;373.0;FABBRICATO;Strada delle Cacce;72;45.0163006;7.6378313;Abitazione;Dal 1981 al 1990;Nessuno;Patrimonio indisponibile;Utilizzato direttamente;Altro;;;;7;True
3108332;L219;1480;273;;3512.75;FABBRICATO;via isler ignazio;15;45.0167754;7.6362999;Abitazione;Dal 1971 al 1980;Nessuno;Patrimonio indisponibile;Utilizzato direttamente;Alloggio di servizio, foresterie;;;;2;True
3108333;L219;1480;417;;164.0;FABBRICATO;Via Alessandro Fleming;19;45.0163341;7.6351752;Abitazione;Dal 1961 al 1970;Nessuno;Patrimonio indisponibile;Utilizzato direttamente;Altro;;;;2;True
3108334;L219;1481;256;;1617.4299999999998;FABBRICATO;via morandi rodolfo;10;45.0136726;7.6326514;Cantina, soffitta, rimessa, box, garage, posto auto aperto/scoperto,;Dal 1971 al 1980;Nessuno;Patrimonio indisponibile;Utilizzato direttamente;Attività amministrativa/uffici pubblici;;;;9;True
3108335;L219;1481;257;;18297.0;FABBRICATO;Strada Castello di Mirafiori;45;45.0126617;7.63015;Abitazione;Dal 1971 al 1980;Nessuno;Patrimonio indisponibile;Utilizzato direttamente;Alloggio di servizio, foresterie;;;;4;True
3108336;L219;1481;258;;2969.0;FABBRICATO;Strada Comunale di Mirafiori;7;45.0149171;7.627488;Abitazione;Dal 1971 al 1980;Nessuno;Patrimonio indisponibile;Utilizzato direttamente;Attività amministrativa/uffici pubblici;;;;2;True
3108337;L219;1486;9;;140.0;FABBRICATO;Strada Castello di Mirafiori;285;45.0093099;7.6452111;Abitazione;Dal 1961 al 1970;Nessuno;Patrimonio indisponibile;Utilizzato direttamente;Alloggio di servizio, foresterie;;;;2;True
3108338;L219;1487;9;;493.29;FABBRICATO;via panetti modesto;1;45.0136613;7.6483198;Locale commerciale, negozio;Dal 2001 al 2010;Nessuno;Patrimonio indisponibile;Utilizzato direttamente;Altro;;;;2;True
3108339;L219;1488;14;;5750.0;FABBRICATO;Via E. Artom;55;45.013079;7.64939;Abitazione;Dal 1961 al 1970;Nessuno;Patrimonio indisponibile;Utilizzato direttamente;Altro;;;;80;True
3108340;L219;1488;2;;2430.75;FABBRICATO;via pisacane carlo;67;45.0137068;7.6501106;Abitazione;Dal 1961 al 1970;Nessuno;Patrimonio indisponibile;Utilizzato direttamente;Alloggio di servizio, foresterie;;;;2;True
3108341;L219;1488;72;;5739.0;FABBRICATO;Via Fratelli Garrone;74;45.0128388;7.6500409;Abitazione;Dal 1961 al 1970;Nessuno;Patrimonio indisponibile;Utilizzato direttamente;Altro;;;;80;True
3108342;L219;1488;75;;5594.0;FABBRICATO;Via Fratelli Garrone;67;45.0119429;7.6506028;Abitazione;Dal 1961 al 1970;Nessuno;Patrimonio indisponibile;Utilizzato direttamente;Altro;;;;80;True
3108343;L219;1488;76;;8392.0;FABBRICATO;Via Fratelli Garrone;63;45.0117341;7.6511606;Abitazione;Dal 1961 al 1970;Nessuno;Patrimonio indisponibile;Utilizzato direttamente;Altro;;;;120;True
3108344;L219;1488;77;;7117.0;FABBRICATO;Via E. Artom;81;45.0112325;7.6498055;Abitazione;Dal 1961 al 1970;Nessuno;Patrimonio indisponibile;Utilizzato direttamente;Altro;;;;100;True
3108345;L219;1488;78;;8765.0;FABBRICATO;Via Fratelli Garrone;61;45.0109034;7.650705;Abitazione;Dal 1961 al 1970;Nessuno;Patrimonio indisponibile;Utilizzato direttamente;Altro;;;;120;True
3108346;L219;1488;95;;2102.75;FABBRICATO;via garrone fratelli;61 80;45.0101954;7.6509241;Abitazione;Dal 1961 al 1970;Nessuno;Patrimonio indisponibile;Utilizzato direttamente;Alloggio di servizio, foresterie;;;;4;True
3108347;L219;1489;150;;707.0;FABBRICATO;via pisacane carlo;31 16;45.0127606;7.6540846;Abitazione;Dal 1961 al 1970;Nessuno;Patrimonio indisponibile;Utilizzato direttamente;Altro;;;;9;True
3108348;L219;1489;587;;126.0;FABBRICATO;via somalia;104 B;45.0093596;7.6553813;Abitazione;Dal 2001 al 2010;Nessuno;Patrimonio indisponibile;Utilizzato direttamente;Altro;;;;2;True
3108349;L219;209;105;;757.0;FABBRICATO;Via Franco Bonelli;1;45.0756391;7.6813996;Abitazione;Prima del 1919;Nessuno;Patrimonio indisponibile;Utilizzato direttamente;Altro;;;;19;True
3108350;L219;209;106;;572.0;FABBRICATO;Via Gian Francesco Bellezia;33;45.0756391;7.6813996;Abitazione;Prima del 1919;Nessuno;Patrimonio indisponibile;Utilizzato direttamente;Altro;;;;16;True
3108351;L219;209;113;;494.0;FABBRICATO;Via Gian Francesco Bellezia;29;45.0756391;7.6813996;Abitazione;Prima del 1919;Nessuno;Patrimonio indisponibile;Utilizzato direttamente;Altro;;;;10;True
3108352;L219;209;118;;682.0;FABBRICATO;via s. chiara;10;45.0756391;7.6813996;Cantina, soffitta, rimessa, box, garage, posto auto aperto/scoperto,;Prima del 1919;Nessuno;Patrimonio indisponibile;Utilizzato direttamente;Altro;;;;23;True
3108353;L219;209;128;;5255.25;FABBRICATO;via s. chiara;26;45.0756391;7.6813996;Abitazione;Prima del 1919;Nessuno;Patrimonio indisponibile;Utilizzato direttamente;Altro;;;;68;True
3108354;L219;209;54;;633.0;FABBRICATO;Via Gian Francesco Bellezia;27;45.0756391;7.6813996;Abitazione;Prima del 1919;Nessuno;Patrimonio indisponibile;Utilizzato direttamente;Altro;;;;9;True
3108355;L219;41;203;;2174.5;FABBRICATO;Via alla Chiesa;5;45.0899784;7.7138434;Abitazione;Dal 1919 al 1945;Dichiarazione di interesse culturale;Demanio;Utilizzato direttamente;Alloggio di servizio, foresterie;in concessione a titolo oneroso;4318.0;01/01/2010;2;True
3108356;L219;52;6;;19059.0;FABBRICATO;via orvieto;1 21B;45.0934097;7.6689561;Cantina, soffitta, rimessa, box, garage, posto auto aperto/scoperto,;Dal 2001 al 2010;Nessuno;Patrimonio indisponibile;Utilizzato direttamente;Altro;;;;440;True
3108357;L219;69;306;;2291.4300000000003;FABBRICATO;Via Vittorio Asinari di Bernezzo;98;45.0797181;7.6286034;Abitazione;Prima del 1919;Nessuno;Patrimonio indisponibile;Utilizzato direttamente;Attività amministrativa/uffici pubblici;;;;3;True
3108358;L219;82;18;;158.0;FABBRICATO;Corso Filippo Brunelleschi;183;45.059813;7.6304563;Abitazione;Dal 1961 al 1970;Nessuno;Patrimonio indisponibile;Utilizzato direttamente;Attività amministrativa/uffici pubblici;;;;2;True
3108359;L219;97;127;;661.0;FABBRICATO;Via Ignazio Collino;23;45.03897;7.62383;Abitazione;Dal 1946 al 1960;Nessuno;Patrimonio indisponibile;Utilizzato direttamente;Altro;;;;6;True
